 	cell	area	x	y	circ	BFI_lev_b1	BFI_lev_b2	BFI_lev_b3	BFI_lev_b4	BFI_lev_b5	BFO_lev_b1	BFO_lev_b2	BFO_lev_b3	BFO_lev_b4	BFO_lev_b5	RFP_int_bg	RFP_int_mean	RFP_int_b0	RFP_int_b1	RFP_int_b2	RFP_int_b3	RFP_int_b4	RFP_int_b5	RFP_int_b6	RFP_int_b7	RFP_int_b8	RFP_int_b9	RFP_int_b10	GFP_int_bg	GFP_int_mean	GFP_int_b0	GFP_int_b1	GFP_int_b2	GFP_int_b3	GFP_int_b4	GFP_int_b5	GFP_int_b6	GFP_int_b7	GFP_int_b8	GFP_int_b9	GFP_int_b10	inRFPnfoci	f1_inRFParea	f1_inRFPx	f1_inRFPy	f2_inRFParea	f2_inRFPx	f2_inRFPy	f1_inRFP_toRFPmed	f1_inRFP_toRFPmean	f2_inRFP_toRFPmed	f2_inRFP_toRFPmean	f1_inRFP_toGFPmed	f1_inRFP_toGFPmean	f2_inRFP_toGFPmed	f2_inRFP_toGFPmean	inGFPnfoci	f1_inGFParea	f1_inGFPx	f1_inGFPy	f2_inGFParea	f2_inGFPx	f2_inGFPy	f1_inGFP_toRFPmed	f1_inGFP_toRFPmean	f2_inGFP_toRFPmed	f2_inGFP_toRFPmean	f1_inGFP_toGFPmed	f1_inGFP_toGFPmean	f2_inGFP_toGFPmed	f2_inGFP_toGFPmean
1	1	1787	1423.605	38.108	0.884	40	193	691	731	90	40	193	691	731	90	104.701	145.457	584	155	149	144	139	135	133	131	128	124	114	101.788	532.213	1161	728	694	638	578	520	465	425	386	337	243	1	64	1418.770	54.076	0	0	0	351	355.406	0	0	785	732.922	0	0	0	0	0.000	0.000	0	0	0	0	0.000	0	0	0	0.000	0	0
2	2	1064	1377.217	32.973	0.912	22	258	596	158	10	22	258	596	158	10	105.053	133.109	151	144	141	138	136	133	131	129	125	122	112	102.374	457.965	672	606	567	530	498	468	436	399	345	290	231	0	0	0.000	0.000	0	0	0	0	0.000	0	0	0	0.000	0	0	0	0	0.000	0.000	0	0	0	0	0.000	0	0	0	0.000	0	0
3	3	1327	1503.655	41.989	0.878	50	42	535	617	56	50	42	535	617	56	105.539	145.691	162	155	152	150	148	146	144	142	139	135	127	102.405	802.952	1145	1045	985	925	881	837	770	687	604	519	352	0	0	0.000	0.000	0	0	0	0	0.000	0	0	0	0.000	0	0	0	0	0.000	0.000	0	0	0	0	0.000	0	0	0	0.000	0	0
4	4	2032	491.415	46.201	0.872	47	601	1137	205	17	47	601	1137	205	17	106.116	230.781	1429	252	228	219	211	204	195	185	173	159	145	102.000	1118.193	1798	1541	1439	1347	1262	1187	1091	946	741	553	403	1	79	499.990	46.206	0	0	0	794	802.873	0	0	1314	1327.152	0	0	0	0	0.000	0.000	0	0	0	0	0.000	0	0	0	0.000	0	0
5	5	483	447.536	42.065	0.919	40	125	238	50	21	40	125	238	50	21	105.364	142.271	163	157	154	150	146	143	139	136	132	127	120	102.000	848.445	1202	1155	1094	1019	943	862	787	711	622	506	354	0	0	0.000	0.000	0	0	0	0	0.000	0	0	0	0.000	0	0	0	0	0.000	0.000	0	0	0	0	0.000	0	0	0	0.000	0	0
6	6	1659	1575.745	80.213	0.884	163	1372	86	11	3	163	1372	86	11	3	106.000	141.807	257	156	151	148	146	143	140	135	128	122	110	102.284	888.643	1425	1284	1128	1025	935	866	805	739	664	565	302	0	0	0.000	0.000	0	0	0	0	0.000	0	0	0	0.000	0	0	0	0	0.000	0.000	0	0	0	0	0.000	0	0	0	0.000	0	0
7	7	2097	528.583	85.377	0.849	49	493	1317	182	9	49	493	1317	182	9	106.897	218.515	1621	238	217	207	198	191	185	178	170	161	133	102.029	1032.991	2185	1532	1346	1232	1170	1077	952	802	661	509	180	1	68	536.115	77.006	0	0	0	793	852.074	0	0	1625	1654.632	0	0	0	0	0.000	0.000	0	0	0	0	0.000	0	0	0	0.000	0	0
8	8	1908	1494.935	100.500	0.834	555	1254	27	13	5	555	1254	27	13	5	106.970	132.562	170	142	138	137	135	133	131	129	126	121	112	102.158	641.148	1015	876	808	754	695	632	570	525	482	429	252	0	0	0.000	0.000	0	0	0	0	0.000	0	0	0	0.000	0	0	0	0	0.000	0.000	0	0	0	0	0.000	0	0	0	0.000	0	0
9	9	1865	1446.227	113.681	0.890	25	374	1229	167	33	25	374	1229	167	33	107.028	144.838	167	156	153	150	147	145	143	140	138	133	120	102.841	1007.472	1632	1439	1319	1172	1070	983	891	807	724	625	379	0	0	0.000	0.000	0	0	0	0	0.000	0	0	0	0.000	0	0	0	0	0.000	0.000	0	0	0	0	0.000	0	0	0	0.000	0	0
10	10	882	1051.103	122.704	0.926	415	238	104	75	35	415	238	104	75	35	107.567	134.867	144	140	139	138	137	136	135	133	131	127	121	104.531	299.907	424	370	346	331	318	305	289	271	250	221	182	0	0	0.000	0.000	0	0	0	0	0.000	0	0	0	0.000	0	0	0	0	0.000	0.000	0	0	0	0	0.000	0	0	0	0.000	0	0
11	11	652	500.788	119.417	0.910	18	149	341	115	19	18	149	341	115	19	107.000	178.077	213	202	196	193	189	183	175	166	156	147	132	102.000	1004.660	1369	1276	1201	1140	1075	1027	978	929	822	685	408	0	0	0.000	0.000	0	0	0	0	0.000	0	0	0	0.000	0	0	0	0	0.000	0.000	0	0	0	0	0.000	0	0	0	0.000	0	0
12	12	1349	111.952	130.725	0.918	165	741	353	66	4	165	741	353	66	4	105.000	159.877	179	171	168	166	164	162	159	156	152	145	129	102.000	1587.655	2080	1969	1907	1834	1751	1665	1560	1423	1257	1080	661	0	0	0.000	0.000	0	0	0	0	0.000	0	0	0	0.000	0	0	0	0	0.000	0.000	0	0	0	0	0.000	0	0	0	0.000	0	0
13	13	2106	57.784	135.461	0.889	18	171	952	852	68	18	171	952	852	68	104.114	152.601	489	165	159	155	151	147	144	140	136	129	116	101.387	1190.764	2681	1779	1608	1462	1294	1125	981	868	772	681	488	1	50	50.629	151.169	0	0	0	324	329.340	0	0	2072	2068.320	0	0	0	0	0.000	0.000	0	0	0	0	0.000	0	0	0	0.000	0	0
14	14	1348	2001.327	142.659	0.922	678	348	108	115	81	678	348	108	115	81	104.698	129.130	147	139	137	135	133	131	128	124	121	117	107	104.274	441.782	623	575	548	514	486	454	417	379	340	294	197	0	0	0.000	0.000	0	0	0	0	0.000	0	0	0	0.000	0	0	0	0	0.000	0.000	0	0	0	0	0.000	0	0	0	0.000	0	0
15	15	944	1464.489	157.690	0.928	31	219	454	192	24	31	219	454	192	24	107.474	139.075	159	152	148	145	142	139	137	134	131	125	116	102.946	919.515	1305	1190	1123	1060	995	934	871	806	730	633	403	0	0	0.000	0.000	0	0	0	0	0.000	0	0	0	0.000	0	0	0	0	0.000	0.000	0	0	0	0	0.000	0	0	0	0.000	0	0
16	16	1862	1062.669	167.331	0.894	879	693	155	91	27	879	693	155	91	27	108.522	134.950	153	145	142	140	138	135	133	131	128	124	113	105.416	367.766	565	497	463	432	400	371	343	312	269	222	185	0	0	0.000	0.000	0	0	0	0	0.000	0	0	0	0.000	0	0	0	0	0.000	0.000	0	0	0	0	0.000	0	0	0	0.000	0	0
17	17	1956	1957.347	170.864	0.851	882	543	232	170	98	882	543	232	170	98	106.066	145.645	610	154	146	142	139	135	132	130	126	121	116	104.814	437.696	859	600	553	517	473	432	394	368	326	255	199	1	75	1952.154	182.475	0	0	0	340	354.427	0	0	615	624.960	0	0	0	0	0.000	0.000	0	0	0	0	0.000	0	0	0	0.000	0	0
18	18	391	1024.523	164.774	0.729	354	21	8	3	1	354	21	8	3	1	108.980	126.570	136	131	130	128	127	126	125	124	123	122	120	106.026	1366.102	1778	1707	1636	1543	1464	1393	1320	1241	1106	971	774	0	0	0.000	0.000	0	0	0	0	0.000	0	0	0	0.000	0	0	0	0	0.000	0.000	0	0	0	0	0.000	0	0	0	0.000	0	0
19	19	2243	44.422	183.740	0.859	29	89	857	1126	107	29	89	857	1126	107	103.494	144.423	616	155	144	140	137	134	132	128	122	118	111	100.911	1013.999	3744	1595	1407	1225	1106	987	826	667	556	443	301	1	88	41.797	196.377	0	0	0	349	363.284	0	0	2259	2327.239	0	0	1	17	40.942	195.621	0	0	0	455	466.294	0	0	3143	3076.941	0	0
20	20	1691	911.132	202.411	0.864	48	364	880	353	29	48	364	880	353	29	108.000	115.628	125	119	118	117	116	116	115	114	113	112	109	105.009	796.155	1213	1052	982	915	859	801	745	683	609	516	378	0	0	0.000	0.000	0	0	0	0	0.000	0	0	0	0.000	0	0	0	0	0.000	0.000	0	0	0	0	0.000	0	0	0	0.000	0	0
21	21	486	1099.013	188.975	0.864	6	32	206	206	29	6	32	206	206	29	108.000	121.272	129	126	125	124	123	122	121	119	117	116	114	104.403	291.000	375	361	345	328	310	299	284	261	234	210	183	0	0	0.000	0.000	0	0	0	0	0.000	0	0	0	0.000	0	0	0	0	0.000	0.000	0	0	0	0	0.000	0	0	0	0.000	0	0
22	22	1507	1491.788	199.488	0.898	49	203	1012	199	16	49	203	1012	199	16	107.619	135.545	152	148	146	143	140	136	132	128	125	122	115	102.786	798.658	1259	1131	1049	969	921	863	746	620	503	412	275	0	0	0.000	0.000	0	0	0	0	0.000	0	0	0	0.000	0	0	0	0	0.000	0.000	0	0	0	0	0.000	0	0	0	0.000	0	0
23	23	2449	1919.158	219.855	0.880	1063	1142	118	61	17	1063	1142	118	61	17	107.147	778.375	15704	1186	210	164	159	154	151	146	142	138	125	104.939	533.363	3267	679	560	494	453	417	378	343	310	271	227	1	183	1921.484	230.551	0	0	0	6641	7323.350	0	0	1838	1899.344	0	0	1	158	1921.656	230.319	0	0	0	7715	7946.633	0	0	2058	2049.671	0	0
24	24	1735	1858.241	215.148	0.909	17	558	1031	84	19	17	558	1031	84	19	106.939	158.669	186	176	170	165	162	159	156	153	149	141	122	103.338	510.493	731	675	620	570	530	507	480	453	420	363	212	0	0	0.000	0.000	0	0	0	0	0.000	0	0	0	0.000	0	0	0	0	0.000	0.000	0	0	0	0	0.000	0	0	0	0.000	0	0
25	25	2081	99.893	222.961	0.848	137	850	864	176	11	137	850	864	176	11	105.000	140.786	157	151	149	147	145	143	140	137	132	126	116	101.782	1202.768	1846	1640	1536	1437	1328	1220	1127	1035	933	740	188	0	0	0.000	0.000	0	0	0	0	0.000	0	0	0	0.000	0	0	0	0	0.000	0.000	0	0	0	0	0.000	0	0	0	0.000	0	0
26	26	1591	997.915	219.011	0.908	847	449	208	46	14	847	449	208	46	14	108.867	151.872	479	165	159	156	152	148	143	138	134	129	115	106.248	428.722	1118	606	563	509	466	426	384	334	289	253	192	1	40	1008.903	211.550	0	0	0	315	317.100	0	0	564	552.725	0	0	0	0	0.000	0.000	0	0	0	0	0.000	0	0	0	0.000	0	0
27	27	1792	1532.296	234.235	0.880	144	1285	290	20	10	144	1285	290	20	10	108.000	137.996	161	149	146	144	141	139	136	133	130	125	115	102.888	799.420	1324	1180	1060	960	869	791	708	623	538	445	338	0	0	0.000	0.000	0	0	0	0	0.000	0	0	0	0.000	0	0	0	0	0.000	0.000	0	0	0	0	0.000	0	0	0	0.000	0	0
28	28	1806	1963.087	251.191	0.893	92	248	938	448	45	92	248	938	448	45	107.131	170.564	355	248	201	172	155	147	144	141	137	134	126	106.101	604.213	809	745	706	674	646	616	581	547	500	444	312	1	205	1973.387	250.718	0	0	0	282	285.351	0	0	694	691.649	0	0	0	0	0.000	0.000	0	0	0	0	0.000	0	0	0	0.000	0	0
29	29	1260	1487.754	248.146	0.891	8	33	736	386	80	8	33	736	386	80	107.719	144.939	163	157	154	151	148	145	143	140	136	132	124	102.810	832.762	1233	1108	1044	985	913	849	777	706	616	530	341	0	0	0.000	0.000	0	0	0	0	0.000	0	0	0	0.000	0	0	0	0	0.000	0.000	0	0	0	0	0.000	0	0	0	0.000	0	0
30	30	1266	936.486	256.097	0.884	50	93	501	535	62	50	93	501	535	62	108.000	115.009	122	118	117	116	115	115	114	114	113	112	110	103.896	704.223	1160	997	929	858	768	695	623	550	482	429	284	0	0	0.000	0.000	0	0	0	0	0.000	0	0	0	0.000	0	0	0	0	0.000	0.000	0	0	0	0	0.000	0	0	0	0.000	0	0
31	31	1317	978.544	267.219	0.920	70	182	381	556	103	70	182	381	556	103	108.000	140.114	157	152	150	148	145	140	136	133	130	127	120	104.491	433.527	627	576	541	508	479	449	406	367	319	274	220	0	0	0.000	0.000	0	0	0	0	0.000	0	0	0	0.000	0	0	0	0	0.000	0.000	0	0	0	0	0.000	0	0	0	0.000	0	0
32	32	1767	33.186	293.926	0.881	53	541	921	183	25	53	541	921	183	25	103.872	158.094	192	175	169	164	160	157	155	152	148	142	124	102.000	1329.907	2360	1922	1695	1575	1439	1295	1153	1025	923	831	551	0	0	0.000	0.000	0	0	0	0	0.000	0	0	0	0.000	0	0	0	0	0.000	0.000	0	0	0	0	0.000	0	0	0	0.000	0	0
33	33	1212	1936.531	292.105	0.880	58	288	799	36	7	58	288	799	36	7	107.729	133.780	146	142	140	138	137	135	133	131	128	123	113	106.611	593.974	882	787	733	683	642	608	573	525	469	387	196	0	0	0.000	0.000	0	0	0	0	0.000	0	0	0	0.000	0	0	0	0	0.000	0.000	0	0	0	0	0.000	0	0	0	0.000	0	0
34	34	1941	1853.585	316.130	0.895	82	419	1193	187	24	82	419	1193	187	24	107.997	154.194	281	168	164	161	158	156	152	147	138	128	114	103.772	794.028	1264	1074	991	912	851	800	732	664	593	524	302	0	0	0.000	0.000	0	0	0	0	0.000	0	0	0	0.000	0	0	0	0	0.000	0.000	0	0	0	0	0.000	0	0	0	0.000	0	0
35	35	1887	1545.570	317.882	0.880	325	1049	358	84	41	325	1049	358	84	41	107.057	112.309	118	114	114	113	113	112	112	111	111	110	107	102.515	151.908	188	169	165	162	158	155	149	144	137	131	120	0	0	0.000	0.000	0	0	0	0	0.000	0	0	0	0.000	0	0	0	0	0.000	0.000	0	0	0	0	0.000	0	0	0	0.000	0	0
36	36	1497	1990.751	328.894	0.885	330	458	521	137	27	330	458	521	137	27	106.614	180.440	1857	184	134	132	131	129	128	127	124	121	116	108.367	571.415	2387	688	628	595	574	547	511	471	430	389	266	1	89	1980.681	336.681	0	0	0	799	867.809	0	0	1166	1274.124	0	0	1	29	1980.357	336.149	0	0	0	1301	1257.724	0	0	1761	1754.448	0	0
37	37	1887	1906.244	335.363	0.907	37	346	1017	402	44	37	346	1017	402	44	108.000	149.467	175	167	163	160	156	152	147	139	134	129	116	106.954	846.098	1307	1199	1136	1056	961	876	780	652	544	449	287	0	0	0.000	0.000	0	0	0	0	0.000	0	0	0	0.000	0	0	0	0	0.000	0.000	0	0	0	0	0.000	0	0	0	0.000	0	0
38	38	1198	1593.228	335.914	0.889	366	432	206	129	40	366	432	206	129	40	107.348	113.255	122	116	115	114	113	113	112	112	111	111	109	102.852	164.512	196	184	179	175	171	168	164	158	149	139	123	0	0	0.000	0.000	0	0	0	0	0.000	0	0	0	0.000	0	0	0	0	0.000	0.000	0	0	0	0	0.000	0	0	0	0.000	0	0
39	39	1973	1220.371	350.821	0.859	49	290	1146	436	19	49	290	1146	436	19	108.451	120.139	138	130	124	121	120	119	117	116	115	114	110	102.628	217.206	277	255	243	235	228	220	212	203	191	174	136	0	0	0.000	0.000	0	0	0	0	0.000	0	0	0	0.000	0	0	0	0	0.000	0.000	0	0	0	0	0.000	0	0	0	0.000	0	0
40	40	618	2012.407	365.604	0.921	128	234	155	73	17	128	234	155	73	17	106.759	115.984	123	118	117	117	116	116	115	115	115	114	112	109.765	286.516	399	355	339	327	313	292	270	247	227	208	178	0	0	0.000	0.000	0	0	0	0	0.000	0	0	0	0.000	0	0	0	0	0.000	0.000	0	0	0	0	0.000	0	0	0	0.000	0	0
41	41	1784	1578.993	382.316	0.895	208	354	1104	89	6	208	354	1104	89	6	108.000	115.470	129	120	118	116	115	115	114	114	113	112	108	103.000	161.533	196	181	177	173	169	166	161	156	151	132	106	0	0	0.000	0.000	0	0	0	0	0.000	0	0	0	0.000	0	0	0	0	0.000	0.000	0	0	0	0	0.000	0	0	0	0.000	0	0
42	42	1847	1221.830	418.533	0.885	27	199	1131	406	38	27	199	1131	406	38	108.286	120.888	137	129	125	123	121	120	119	118	117	115	112	103.000	205.212	264	241	229	217	211	205	199	192	183	173	136	0	0	0.000	0.000	0	0	0	0	0.000	0	0	0	0.000	0	0	0	0	0.000	0.000	0	0	0	0	0.000	0	0	0	0.000	0	0
43	43	531	1604.826	416.452	0.931	9	36	183	233	61	9	36	183	233	61	108.000	113.328	118	116	115	114	114	113	113	112	112	111	108	102.416	125.750	148	143	141	135	132	127	121	116	110	108	105	0	0	0.000	0.000	0	0	0	0	0.000	0	0	0	0.000	0	0	0	0	0.000	0.000	0	0	0	0	0.000	0	0	0	0.000	0	0
44	44	505	1247.478	453.638	0.910	9	56	171	187	65	9	56	171	187	65	108.000	115.929	121	119	118	117	116	116	115	114	114	113	112	102.913	177.240	210	195	190	186	183	178	174	170	164	158	146	0	0	0.000	0.000	0	0	0	0	0.000	0	0	0	0.000	0	0	0	0	0.000	0.000	0	0	0	0	0.000	0	0	0	0.000	0	0
45	45	1390	263.852	464.439	0.905	42	655	566	89	11	42	655	566	89	11	106.158	157.828	665	192	146	143	141	138	135	132	129	124	115	102.000	258.036	382	331	305	284	267	254	241	227	211	193	162	1	94	267.185	461.253	0	0	0	379	384.511	0	0	220	225.043	0	0	0	0	0.000	0.000	0	0	0	0	0.000	0	0	0	0.000	0	0
46	46	2217	1898.559	510.448	0.832	32	119	1072	897	54	32	119	1072	897	54	108.527	187.604	2620	160	145	142	140	137	134	130	127	123	115	106.450	634.696	2275	840	790	735	687	628	569	507	440	347	247	1	94	1904.284	489.913	0	0	0	1063	1157.628	0	0	1318	1365.638	0	0	1	21	1904.047	489.596	0	0	0	1955	1879.381	0	0	1903	1880.524	0	0
47	47	1243	1841.095	499.125	0.906	76	608	477	48	8	76	608	477	48	8	108.808	119.111	128	123	122	121	120	119	118	117	116	115	112	104.595	1495.735	2473	2092	1840	1697	1608	1491	1359	1242	1128	962	532	0	0	0.000	0.000	0	0	0	0	0.000	0	0	0	0.000	0	0	0	0	0.000	0.000	0	0	0	0	0.000	0	0	0	0.000	0	0
48	48	406	279.232	493.999	0.881	55	108	89	122	24	55	108	89	122	24	106.246	115.461	122	119	117	116	116	115	115	114	114	112	110	102.172	159.776	192	184	180	175	169	163	156	147	139	130	119	0	0	0.000	0.000	0	0	0	0	0.000	0	0	0	0.000	0	0	0	0	0.000	0.000	0	0	0	0	0.000	0	0	0	0.000	0	0
49	49	1379	1424.420	513.044	0.878	30	151	596	556	23	30	151	596	556	23	108.621	113.824	118	116	115	115	114	114	113	113	113	112	109	102.977	378.989	614	538	467	433	394	362	335	310	284	255	198	0	0	0.000	0.000	0	0	0	0	0.000	0	0	0	0.000	0	0	0	0	0.000	0.000	0	0	0	0	0.000	0	0	0	0.000	0	0
50	50	777	340.894	517.256	0.903	12	77	234	361	75	12	77	234	361	75	107.144	129.644	144	139	136	135	132	130	128	125	123	120	116	102.179	758.856	976	926	895	870	839	796	744	693	621	516	343	0	0	0.000	0.000	0	0	0	0	0.000	0	0	0	0.000	0	0	0	0	0.000	0.000	0	0	0	0	0.000	0	0	0	0.000	0	0
51	51	1041	1393.340	525.455	0.872	116	454	349	89	10	116	454	349	89	10	108.936	115.248	124	118	117	116	116	115	114	114	113	113	111	103.000	342.592	489	438	407	387	370	349	326	297	269	243	200	0	0	0.000	0.000	0	0	0	0	0.000	0	0	0	0.000	0	0	0	0	0.000	0.000	0	0	0	0	0.000	0	0	0	0.000	0	0
52	52	1378	1665.192	541.083	0.794	33	606	500	159	46	33	606	500	159	46	109.087	131.275	246	166	137	124	122	121	120	119	118	117	113	104.000	152.333	185	169	163	160	157	153	149	145	140	135	125	1	240	1648.242	539.797	0	0	0	181	185.496	0	0	145	144.842	0	0	0	0	0.000	0.000	0	0	0	0	0.000	0	0	0	0.000	0	0
53	53	1771	338.401	562.913	0.866	25	107	562	891	153	25	107	562	891	153	107.211	147.287	581	156	146	143	140	136	133	129	125	121	113	102.899	765.307	2271	1077	1003	944	864	786	705	604	460	329	229	1	83	343.637	553.559	0	0	0	325	347.855	0	0	1451	1417.964	0	0	0	0	0.000	0.000	0	0	0	0	0.000	0	0	0	0.000	0	0
54	54	459	1446.617	546.955	0.886	8	67	243	101	27	8	67	243	101	27	109.000	115.094	121	117	117	116	115	115	115	114	114	113	111	103.000	412.475	530	500	483	459	439	410	391	370	353	325	252	0	0	0.000	0.000	0	0	0	0	0.000	0	0	0	0.000	0	0	0	0	0.000	0.000	0	0	0	0	0.000	0	0	0	0.000	0	0
55	55	1512	424.192	559.241	0.915	95	1063	305	22	5	95	1063	305	22	5	108.571	126.423	328	133	126	123	121	120	119	118	117	116	111	102.448	128.063	155	134	132	131	130	129	127	126	124	121	108	1	72	411.235	559.118	0	0	0	214	217.514	0	0	139	139.667	0	0	0	0	0.000	0.000	0	0	0	0	0.000	0	0	0	0.000	0	0
56	56	2092	1418.104	573.807	0.875	591	1266	183	10	4	591	1266	183	10	4	109.000	117.194	129	123	121	118	117	116	115	115	114	113	110	102.927	368.460	653	487	453	427	399	363	337	314	291	238	145	0	0	0.000	0.000	0	0	0	0	0.000	0	0	0	0.000	0	0	0	0	0.000	0.000	0	0	0	0	0.000	0	0	0	0.000	0	0
57	57	1097	1671.346	591.405	0.867	64	293	588	99	31	64	293	588	99	31	110.537	138.469	173	158	152	147	140	136	132	129	126	122	117	105.000	166.469	191	180	177	174	171	168	165	161	156	150	135	0	0	0.000	0.000	0	0	0	0	0.000	0	0	0	0.000	0	0	0	0	0.000	0.000	0	0	0	0	0.000	0	0	0	0.000	0	0
58	58	709	371.697	600.260	0.944	18	125	351	186	13	18	125	351	186	13	108.214	117.456	124	120	119	119	118	118	117	116	115	114	112	103.000	117.742	128	123	122	121	119	118	117	115	113	111	107	0	0	0.000	0.000	0	0	0	0	0.000	0	0	0	0.000	0	0	0	0	0.000	0.000	0	0	0	0	0.000	0	0	0	0.000	0	0
59	59	1560	408.966	611.461	0.895	62	402	819	211	33	62	402	819	211	33	109.000	269.099	3182	453	146	127	124	123	121	120	119	117	112	103.000	124.346	166	132	129	127	125	124	122	121	119	115	105	1	145	409.599	598.074	0	0	0	1359	1515.731	0	0	140	141.966	0	0	0	0	0.000	0.000	0	0	0	0	0.000	0	0	0	0.000	0	0
60	60	1409	463.447	632.792	0.925	22	100	483	689	79	22	100	483	689	79	109.000	136.493	150	146	145	143	141	139	135	132	128	123	114	103.297	551.267	732	687	661	636	612	584	546	500	438	356	228	0	0	0.000	0.000	0	0	0	0	0.000	0	0	0	0.000	0	0	0	0	0.000	0.000	0	0	0	0	0.000	0	0	0	0.000	0	0
61	61	1945	1825.759	642.796	0.879	309	1187	374	33	10	309	1187	374	33	10	109.534	140.311	472	150	144	139	136	133	132	129	127	123	118	103.922	211.296	322	265	251	236	221	209	199	189	174	154	134	1	60	1821.192	661.729	0	0	0	284	286.933	0	0	267	256.483	0	0	0	0	0.000	0.000	0	0	0	0	0.000	0	0	0	0.000	0	0
62	62	1686	808.859	637.600	0.900	61	643	872	53	17	61	643	872	53	17	108.884	182.474	544	240	198	178	170	165	161	154	145	136	123	102.616	118.308	139	125	122	121	120	118	117	115	114	112	108	1	87	821.183	640.076	0	0	0	384	395.747	0	0	125	125.356	0	0	0	0	0.000	0.000	0	0	0	0	0.000	0	0	0	0.000	0	0
63	63	1149	1679.075	634.564	0.911	161	252	367	285	62	161	252	367	285	62	111.239	148.906	171	162	160	157	154	151	148	145	138	129	122	105.822	396.863	583	529	504	474	447	414	373	334	293	237	156	0	0	0.000	0.000	0	0	0	0	0.000	0	0	0	0.000	0	0	0	0	0.000	0.000	0	0	0	0	0.000	0	0	0	0.000	0	0
64	64	1347	435.291	671.646	0.892	302	671	265	67	12	302	671	265	67	12	108.266	238.421	2451	381	159	135	132	130	129	128	127	125	120	103.559	436.196	1921	572	483	442	413	383	349	308	279	258	222	1	118	442.733	674.801	0	0	0	1053	1161.169	0	0	1057	1078.042	0	0	1	66	442.938	674.813	0	0	0	1453	1522.167	0	0	1336	1331.970	0	0
65	65	2696	1698.250	693.689	0.886	844	1086	538	151	21	844	1086	538	151	21	110.756	210.259	4114	178	170	165	160	155	150	144	138	131	122	105.253	414.401	1512	604	550	505	459	409	361	309	258	201	136	1	79	1706.690	673.535	0	0	0	1562	1739.519	0	0	815	850.177	0	0	1	21	1707.712	673.490	0	0	0	2794	2791.667	0	0	1203	1197.952	0	0
66	66	1354	1857.636	681.912	0.896	43	475	711	90	10	43	475	711	90	10	109.000	134.336	151	143	140	138	137	135	133	131	128	126	115	103.243	207.266	272	247	236	228	220	211	200	188	175	163	140	0	0	0.000	0.000	0	0	0	0	0.000	0	0	0	0.000	0	0	0	0	0.000	0.000	0	0	0	0	0.000	0	0	0	0.000	0	0
67	67	1930	1814.694	735.555	0.890	363	946	509	63	22	363	946	509	63	22	109.000	353.659	2928	583	319	278	250	233	218	196	173	152	126	102.894	123.731	170	139	132	128	125	122	119	116	114	112	106	1	156	1813.085	745.274	0	0	0	1437	1547.128	0	0	135	132.878	0	0	0	0	0.000	0.000	0	0	0	0	0.000	0	0	0	0.000	0	0
68	68	2619	190.503	794.086	0.859	94	1296	1000	156	15	94	1296	1000	156	15	106.878	116.909	153	126	120	118	116	115	114	113	113	112	109	102.934	792.069	1328	1139	1064	997	919	839	762	618	460	353	213	1	197	193.669	791.829	0	0	0	129	130.340	0	0	833	845.442	0	0	0	0	0.000	0.000	0	0	0	0	0.000	0	0	0	0.000	0	0
69	69	1662	259.336	830.481	0.891	190	1094	296	44	16	190	1094	296	44	16	107.560	176.229	850	205	173	161	156	152	149	145	139	135	121	101.771	133.239	189	141	137	136	134	133	131	130	128	125	112	1	92	261.611	824.740	0	0	0	469	488.239	0	0	137	137.283	0	0	0	0	0.000	0.000	0	0	0	0	0.000	0	0	0	0.000	0	0
70	70	2179	149.289	840.671	0.903	306	1322	436	55	16	306	1322	436	55	16	106.950	115.936	133	121	117	117	116	115	115	114	114	113	109	102.445	1103.228	1508	1357	1284	1224	1177	1129	1081	1029	958	815	351	0	0	0.000	0.000	0	0	0	0	0.000	0	0	0	0.000	0	0	0	0	0.000	0.000	0	0	0	0	0.000	0	0	0	0.000	0	0
71	71	698	714.619	867.645	0.882	54	196	294	98	47	54	196	294	98	47	109.623	149.920	200	178	164	158	153	146	141	138	134	129	121	103.722	127.070	160	145	136	132	129	126	123	120	117	113	106	0	0	0.000	0.000	0	0	0	0	0.000	0	0	0	0.000	0	0	0	0	0.000	0.000	0	0	0	0	0.000	0	0	0	0.000	0	0
72	72	1149	822.163	900.835	0.923	41	120	613	325	26	41	120	613	325	26	110.341	216.437	264	251	243	236	226	216	205	199	193	184	158	104.127	409.855	562	529	500	470	435	396	370	353	337	309	233	0	0	0.000	0.000	0	0	0	0	0.000	0	0	0	0.000	0	0	0	0	0.000	0.000	0	0	0	0	0.000	0	0	0	0.000	0	0
73	73	2168	628.244	907.526	0.895	20	193	1054	798	70	20	193	1054	798	70	109.230	116.345	129	120	118	117	116	116	115	115	114	113	111	104.334	501.247	810	729	666	605	549	500	449	391	331	281	230	0	0	0.000	0.000	0	0	0	0	0.000	0	0	0	0.000	0	0	0	0	0.000	0.000	0	0	0	0	0.000	0	0	0	0.000	0	0
74	74	1618	511.707	907.692	0.870	841	672	46	12	6	841	672	46	12	6	109.182	115.669	124	119	118	117	116	115	115	114	114	113	109	105.576	565.936	879	781	715	666	616	571	518	465	405	363	187	0	0	0.000	0.000	0	0	0	0	0.000	0	0	0	0.000	0	0	0	0	0.000	0.000	0	0	0	0	0.000	0	0	0	0.000	0	0
75	75	1822	463.324	941.903	0.871	404	1014	220	85	69	404	1014	220	85	69	109.826	140.325	851	134	130	129	128	127	125	123	121	119	114	105.205	146.462	188	163	155	151	149	146	143	140	136	132	112	1	72	458.536	925.226	0	0	0	413	431.347	0	0	154	155.639	0	0	0	0	0.000	0.000	0	0	0	0	0.000	0	0	0	0.000	0	0
76	76	2216	408.143	950.172	0.897	866	1034	195	66	15	866	1034	195	66	15	109.237	258.069	2499	484	166	137	133	131	129	127	124	121	116	104.590	150.267	278	165	153	151	149	147	144	141	135	131	116	1	227	416.480	944.123	0	0	0	1124	1229.683	0	0	202	205.079	0	0	0	0	0.000	0.000	0	0	0	0	0.000	0	0	0	0.000	0	0
77	77	417	1525.214	942.061	0.873	132	166	73	30	9	132	166	73	30	9	111.000	382.309	624	566	503	456	427	389	342	295	250	212	165	103.000	190.540	265	239	221	210	203	195	184	171	159	140	113	0	0	0.000	0.000	0	0	0	0	0.000	0	0	0	0.000	0	0	0	0	0.000	0.000	0	0	0	0	0.000	0	0	0	0.000	0	0
78	78	1277	532.752	952.036	0.916	654	270	192	99	45	654	270	192	99	45	109.962	142.345	164	155	153	151	149	146	142	137	130	123	115	106.348	936.106	1660	1435	1323	1239	1122	963	800	643	517	389	242	0	0	0.000	0.000	0	0	0	0	0.000	0	0	0	0.000	0	0	0	0	0.000	0.000	0	0	0	0	0.000	0	0	0	0.000	0	0
79	79	801	605.299	949.854	0.910	9	170	423	178	14	9	170	423	178	14	109.986	116.479	122	119	118	117	117	116	116	115	115	114	112	105.371	493.084	611	581	564	539	511	493	476	455	434	403	313	0	0	0.000	0.000	0	0	0	0	0.000	0	0	0	0.000	0	0	0	0	0.000	0.000	0	0	0	0	0.000	0	0	0	0.000	0	0
80	80	1451	1228.249	956.719	0.878	82	156	781	356	50	82	156	781	356	50	110.000	141.202	214	157	153	147	142	138	135	132	129	127	122	101.955	511.549	831	729	673	623	562	502	448	398	352	305	248	0	0	0.000	0.000	0	0	0	0	0.000	0	0	0	0.000	0	0	0	0	0.000	0.000	0	0	0	0	0.000	0	0	0	0.000	0	0
81	81	1203	738.396	957.100	0.746	727	274	99	58	28	727	274	99	58	28	111.855	335.362	412	390	379	370	357	346	335	325	307	259	153	106.820	1263.380	1725	1536	1477	1419	1361	1307	1248	1195	1112	965	308	0	0	0.000	0.000	0	0	0	0	0.000	0	0	0	0.000	0	0	0	0	0.000	0.000	0	0	0	0	0.000	0	0	0	0.000	0	0
82	82	994	764.854	981.403	0.811	514	133	159	133	38	514	133	159	133	38	112.859	337.318	428	398	391	385	373	360	343	317	278	230	153	107.028	1191.630	1693	1593	1539	1498	1428	1322	1179	982	771	588	313	0	0	0.000	0.000	0	0	0	0	0.000	0	0	0	0.000	0	0	0	0	0.000	0.000	0	0	0	0	0.000	0	0	0	0.000	0	0
83	83	2477	807.019	997.790	0.888	1147	892	298	94	15	1147	892	298	94	15	112.605	1759.464	21595	4306	533	378	359	340	316	293	263	226	153	106.734	1173.809	3194	1479	1353	1284	1212	1137	1049	951	818	627	273	1	335	800.513	994.607	0	0	0	9717	10546.015	0	0	2030	2106.931	0	0	0	0	0.000	0.000	0	0	0	0	0.000	0	0	0	0.000	0	0
84	84	2783	442.538	1007.806	0.907	156	2156	362	33	22	156	2156	362	33	22	109.642	147.882	867	153	147	144	142	140	137	133	129	125	118	104.753	792.269	1822	1202	1070	963	864	783	697	615	505	381	228	1	65	433.986	985.835	0	0	0	417	444.369	0	0	1378	1386.585	0	0	0	0	0.000	0.000	0	0	0	0	0.000	0	0	0	0.000	0	0
85	85	613	1599.381	990.910	0.932	52	58	201	242	44	52	58	201	242	44	110.000	128.285	139	135	133	131	129	128	127	125	124	121	117	102.886	560.855	829	734	680	639	594	556	529	489	437	386	315	0	0	0.000	0.000	0	0	0	0	0.000	0	0	0	0.000	0	0	0	0	0.000	0.000	0	0	0	0	0.000	0	0	0	0.000	0	0
86	86	2022	2009.950	1026.118	0.889	111	615	916	308	32	111	615	916	308	32	107.895	383.828	5818	591	224	189	179	173	166	160	153	145	128	100.964	118.115	142	124	122	120	119	118	117	116	114	111	105	1	145	1995.541	1041.183	0	0	0	2430	2662.255	0	0	125	124.690	0	0	0	0	0.000	0.000	0	0	0	0	0.000	0	0	0	0.000	0	0
87	87	1615	1569.948	1026.921	0.902	40	46	510	869	126	40	46	510	869	126	110.195	149.329	628	155	151	147	143	140	137	133	131	128	121	102.949	816.625	1684	1168	1048	943	865	789	713	645	585	521	397	1	57	1562.891	1016.661	0	0	0	339	357.281	0	0	1127	1148.105	0	0	0	0	0.000	0.000	0	0	0	0	0.000	0	0	0	0.000	0	0
88	88	1803	70.791	1040.925	0.874	58	522	1011	163	13	58	522	1011	163	13	106.073	258.667	3767	342	167	148	144	142	140	138	136	132	122	101.631	116.574	142	122	120	118	117	116	115	114	113	112	106	1	112	59.739	1042.990	0	0	0	1490	1658.286	0	0	123	123.446	0	0	0	0	0.000	0.000	0	0	0	0	0.000	0	0	0	0.000	0	0
89	89	998	1960.232	1037.649	0.793	222	553	177	23	7	222	553	177	23	7	109.000	134.914	195	160	145	136	132	130	127	125	123	120	116	101.745	111.443	125	117	114	113	112	111	110	109	108	107	103	1	40	1970.201	1040.745	0	0	0	182	182.050	0	0	114	113.825	0	0	0	0	0.000	0.000	0	0	0	0	0.000	0	0	0	0.000	0	0
90	90	2053	781.980	1054.724	0.861	821	740	253	173	45	821	740	253	173	45	112.280	325.268	426	390	378	368	357	343	323	296	265	230	194	106.778	597.412	834	780	744	717	692	646	588	511	418	334	266	0	0	0.000	0.000	0	0	0	0	0.000	0	0	0	0.000	0	0	0	0	0.000	0.000	0	0	0	0	0.000	0	0	0	0.000	0	0
91	91	1845	869.989	1078.866	0.875	11	167	665	888	79	11	167	665	888	79	112.000	149.479	184	163	159	157	154	151	147	142	138	134	127	104.073	1407.627	2308	1979	1857	1738	1594	1456	1267	1097	954	737	541	0	0	0.000	0.000	0	0	0	0	0.000	0	0	0	0.000	0	0	0	0	0.000	0.000	0	0	0	0	0.000	0	0	0	0.000	0	0
92	92	1417	41.010	1081.584	0.901	120	858	348	51	14	120	858	348	51	14	105.049	112.643	118	115	114	114	113	113	112	112	111	110	107	102.000	478.577	841	651	591	546	512	475	431	393	366	313	220	0	0	0.000	0.000	0	0	0	0	0.000	0	0	0	0.000	0	0	0	0	0.000	0.000	0	0	0	0	0.000	0	0	0	0.000	0	0
93	93	803	1526.789	1080.873	0.908	12	86	259	394	41	12	86	259	394	41	110.966	121.943	129	126	125	124	123	122	121	120	119	117	114	103.006	1014.839	1594	1373	1276	1230	1160	1080	989	864	711	540	253	0	0	0.000	0.000	0	0	0	0	0.000	0	0	0	0.000	0	0	0	0	0.000	0.000	0	0	0	0	0.000	0	0	0	0.000	0	0
94	94	2071	801.195	1112.517	0.878	67	584	925	404	31	67	584	925	404	31	111.334	329.721	420	394	373	361	347	330	314	301	286	268	202	104.691	630.880	880	803	757	724	681	634	590	547	502	450	329	0	0	0.000	0.000	0	0	0	0	0.000	0	0	0	0.000	0	0	0	0	0.000	0.000	0	0	0	0	0.000	0	0	0	0.000	0	0
95	95	2939	1673.655	1121.023	0.811	128	923	1478	337	18	128	923	1478	337	18	111.392	130.689	144	138	136	134	133	131	129	127	125	123	117	104.178	1391.219	2424	2111	1949	1780	1602	1424	1239	1059	803	597	381	0	0	0.000	0.000	0	0	0	0	0.000	0	0	0	0.000	0	0	0	0	0.000	0.000	0	0	0	0	0.000	0	0	0	0.000	0	0
96	96	2019	1607.016	1117.863	0.858	117	554	1175	121	12	117	554	1175	121	12	111.912	119.599	127	122	121	121	120	119	119	118	118	117	115	104.406	665.974	1289	988	896	816	725	646	576	500	429	356	227	0	0	0.000	0.000	0	0	0	0	0.000	0	0	0	0.000	0	0	0	0	0.000	0.000	0	0	0	0	0.000	0	0	0	0.000	0	0
97	97	1877	892.250	1127.449	0.890	29	299	1055	445	10	29	299	1055	445	10	111.018	150.412	170	161	158	156	155	152	149	146	142	137	122	102.911	1441.718	2246	1849	1725	1631	1542	1460	1373	1275	1155	1002	439	0	0	0.000	0.000	0	0	0	0	0.000	0	0	0	0.000	0	0	0	0	0.000	0.000	0	0	0	0	0.000	0	0	0	0.000	0	0
98	98	1274	1754.900	1149.101	0.920	53	322	475	334	56	53	322	475	334	56	110.956	216.592	662	348	249	208	185	174	170	164	159	151	136	103.728	123.998	141	131	128	126	125	124	123	121	120	117	110	1	134	1757.590	1156.765	0	0	0	449	459.082	0	0	126	125.754	0	0	0	0	0.000	0.000	0	0	0	0	0.000	0	0	0	0.000	0	0
99	99	1848	408.422	1162.698	0.888	409	1167	200	25	10	409	1167	200	25	10	108.793	339.176	3136	656	378	266	218	200	188	180	169	155	131	102.000	115.483	130	121	119	118	117	116	115	114	112	110	104	2	113	410.761	1182.551	17	419.342	1151.576	1463	1551.690	436	433.941	119	119.212	117	117.588	0	0	0.000	0.000	0	0	0	0	0.000	0	0	0	0.000	0	0
100	100	224	128.136	1143.840	0.822	26	60	75	43	10	26	60	75	43	10	107.308	114.446	119	117	116	115	115	115	114	114	113	112	110	103.000	539.174	742	687	637	593	546	518	501	481	461	433	369	0	0	0.000	0.000	0	0	0	0	0.000	0	0	0	0.000	0	0	0	0	0.000	0.000	0	0	0	0	0.000	0	0	0	0.000	0	0
101	101	1518	41.233	1165.746	0.883	415	468	426	164	16	415	468	426	164	16	106.286	262.903	311	300	293	286	275	264	256	248	236	218	188	104.877	883.890	1129	1063	1029	995	950	909	862	807	750	649	479	0	0	0.000	0.000	0	0	0	0	0.000	0	0	0	0.000	0	0	0	0	0.000	0.000	0	0	0	0	0.000	0	0	0	0.000	0	0
102	102	327	916.175	1152.032	0.938	30	73	91	83	46	30	73	91	83	46	110.000	138.407	145	144	142	141	141	140	138	137	134	132	126	102.150	942.789	1355	1190	1097	1052	1015	978	926	850	766	662	463	0	0	0.000	0.000	0	0	0	0	0.000	0	0	0	0.000	0	0	0	0	0.000	0.000	0	0	0	0	0.000	0	0	0	0.000	0	0
103	103	1003	1586.755	1165.067	0.836	62	364	405	131	18	62	364	405	131	18	111.233	119.275	124	122	121	120	120	119	119	118	118	117	113	104.902	805.683	1061	982	927	883	859	824	781	740	679	603	474	0	0	0.000	0.000	0	0	0	0	0.000	0	0	0	0.000	0	0	0	0	0.000	0.000	0	0	0	0	0.000	0	0	0	0.000	0	0
104	104	1785	102.393	1177.393	0.882	57	612	877	174	17	57	612	877	174	17	107.961	174.918	1075	175	166	160	156	152	147	143	139	135	129	104.487	395.319	670	553	518	478	443	397	345	305	275	235	195	1	86	91.811	1189.607	0	0	0	544	568.140	0	0	541	534.140	0	0	0	0	0.000	0.000	0	0	0	0	0.000	0	0	0	0.000	0	0
105	105	1760	289.452	1180.980	0.835	6	135	910	613	60	6	135	910	613	60	107.795	130.232	149	142	138	135	133	130	128	125	121	119	114	102.000	513.378	930	758	679	615	562	493	435	385	351	312	218	0	0	0.000	0.000	0	0	0	0	0.000	0	0	0	0.000	0	0	0	0	0.000	0.000	0	0	0	0	0.000	0	0	0	0.000	0	0
106	106	1649	520.862	1195.099	0.873	11	36	356	1035	178	11	36	356	1035	178	109.097	137.121	150	145	142	141	140	138	136	133	131	129	122	102.113	264.136	369	328	312	298	280	265	249	236	215	197	157	0	0	0.000	0.000	0	0	0	0	0.000	0	0	0	0.000	0	0	0	0	0.000	0.000	0	0	0	0	0.000	0	0	0	0.000	0	0
107	107	1644	1745.812	1191.795	0.884	991	388	123	97	21	991	388	123	97	21	110.969	150.409	177	168	164	160	156	152	148	143	136	130	120	104.000	605.675	968	847	785	726	677	625	566	494	419	323	251	0	0	0.000	0.000	0	0	0	0	0.000	0	0	0	0.000	0	0	0	0	0.000	0.000	0	0	0	0	0.000	0	0	0	0.000	0	0
108	108	233	133.278	1180.112	0.964	10	45	102	65	7	10	45	102	65	7	108.000	111.485	119	114	113	112	112	111	111	111	110	109	108	103.300	112.193	158	126	115	111	110	109	107	107	106	106	105	0	0	0.000	0.000	0	0	0	0	0.000	0	0	0	0.000	0	0	0	0	0.000	0.000	0	0	0	0	0.000	0	0	0	0.000	0	0
109	109	370	565.603	1193.625	0.928	18	32	95	155	66	18	32	95	155	66	109.851	137.189	149	145	142	140	139	138	136	135	132	129	121	102.751	228.032	285	277	268	254	239	226	215	207	197	180	148	0	0	0.000	0.000	0	0	0	0	0.000	0	0	0	0.000	0	0	0	0	0.000	0.000	0	0	0	0	0.000	0	0	0	0.000	0	0
110	110	1855	147.075	1212.150	0.847	7	172	1032	549	56	7	172	1032	549	56	107.560	171.964	584	189	179	173	168	164	159	153	147	138	123	102.934	461.573	734	646	604	557	516	471	423	368	316	258	187	1	52	154.561	1218.697	0	0	0	402	403.635	0	0	594	560.096	0	0	0	0	0.000	0.000	0	0	0	0	0.000	0	0	0	0.000	0	0
111	111	1934	1039.793	1214.363	0.844	73	515	1095	198	11	73	515	1095	198	11	110.323	143.162	166	156	151	147	144	142	140	138	136	133	124	102.000	616.646	966	886	803	729	648	584	531	491	450	406	305	0	0	0.000	0.000	0	0	0	0	0.000	0	0	0	0.000	0	0	0	0	0.000	0.000	0	0	0	0	0.000	0	0	0	0.000	0	0
112	112	1402	35.014	1221.318	0.897	186	838	257	74	21	186	838	257	74	21	107.197	203.924	280	247	231	216	205	197	192	187	181	173	146	106.062	562.961	864	757	696	645	598	551	523	488	434	371	278	0	0	0.000	0.000	0	0	0	0	0.000	0	0	0	0.000	0	0	0	0	0.000	0.000	0	0	0	0	0.000	0	0	0	0.000	0	0
113	113	2355	1622.301	1228.254	0.903	680	1393	208	28	17	680	1393	208	28	17	112.000	176.351	592	292	172	151	148	145	142	139	136	133	125	106.542	483.507	820	709	646	580	530	483	430	370	316	270	217	0	0	0.000	0.000	0	0	0	0	0.000	0	0	0	0.000	0	0	0	0	0.000	0.000	0	0	0	0	0.000	0	0	0	0.000	0	0
114	114	676	1664.084	1209.701	0.900	234	187	160	66	18	234	187	160	66	18	112.000	148.629	157	155	153	151	150	149	148	146	145	143	137	106.129	722.507	950	863	829	800	764	743	710	677	619	544	429	0	0	0.000	0.000	0	0	0	0	0.000	0	0	0	0.000	0	0	0	0	0.000	0.000	0	0	0	0	0.000	0	0	0	0.000	0	0
115	115	1703	575.606	1229.189	0.814	63	799	765	31	8	63	799	765	31	8	109.094	137.395	160	151	146	143	141	138	135	131	128	124	115	102.682	270.321	390	357	333	313	298	279	256	229	202	173	141	0	0	0.000	0.000	0	0	0	0	0.000	0	0	0	0.000	0	0	0	0	0.000	0.000	0	0	0	0	0.000	0	0	0	0.000	0	0
116	116	1061	325.275	1224.784	0.919	68	86	537	327	31	68	86	537	327	31	107.931	134.067	152	146	143	141	138	135	132	129	125	120	112	101.877	644.548	906	851	814	766	716	671	616	555	487	392	214	0	0	0.000	0.000	0	0	0	0	0.000	0	0	0	0.000	0	0	0	0	0.000	0.000	0	0	0	0	0.000	0	0	0	0.000	0	0
117	117	1383	88.552	1229.384	0.893	50	50	637	567	51	50	50	637	567	51	108.000	167.141	188	184	179	175	172	169	165	160	156	149	131	105.096	542.061	722	672	634	605	579	557	527	490	451	393	278	0	0	0.000	0.000	0	0	0	0	0.000	0	0	0	0.000	0	0	0	0	0.000	0.000	0	0	0	0	0.000	0	0	0	0.000	0	0
118	118	1204	533.528	1242.379	0.925	27	52	334	651	119	27	52	334	651	119	108.984	132.586	145	140	138	137	135	133	132	129	127	124	116	102.270	244.736	321	288	273	263	252	243	236	228	218	205	157	0	0	0.000	0.000	0	0	0	0	0.000	0	0	0	0.000	0	0	0	0	0.000	0.000	0	0	0	0	0.000	0	0	0	0.000	0	0
119	119	999	968.073	1239.815	0.898	141	567	125	93	52	141	567	125	93	52	110.113	278.745	339	311	303	299	294	287	277	267	251	233	192	102.300	144.320	168	157	154	151	149	146	143	138	134	129	121	0	0	0.000	0.000	0	0	0	0	0.000	0	0	0	0.000	0	0	0	0	0.000	0.000	0	0	0	0	0.000	0	0	0	0.000	0	0
120	120	2089	1675.830	1259.310	0.903	767	1212	52	13	21	767	1212	52	13	21	111.357	188.355	269	209	203	199	195	190	184	177	169	161	142	106.593	1231.003	1850	1676	1577	1492	1418	1328	1188	1021	833	630	478	0	0	0.000	0.000	0	0	0	0	0.000	0	0	0	0.000	0	0	0	0	0.000	0.000	0	0	0	0	0.000	0	0	0	0.000	0	0
121	121	253	944.046	1257.075	0.939	27	26	97	67	33	27	26	97	67	33	110.130	237.502	257	254	250	247	243	239	237	233	227	216	198	103.000	137.917	155	146	143	141	139	138	136	134	133	131	125	0	0	0.000	0.000	0	0	0	0	0.000	0	0	0	0.000	0	0	0	0	0.000	0.000	0	0	0	0	0.000	0	0	0	0.000	0	0
122	122	1843	103.665	1278.595	0.902	212	341	1188	70	12	212	341	1188	70	12	107.289	214.986	273	251	242	234	226	217	207	198	190	174	152	103.409	468.242	666	614	588	558	530	486	439	388	356	291	208	0	0	0.000	0.000	0	0	0	0	0.000	0	0	0	0.000	0	0	0	0	0.000	0.000	0	0	0	0	0.000	0	0	0	0.000	0	0
123	123	1122	306.311	1269.590	0.898	16	81	449	453	93	16	81	449	453	93	107.814	114.208	123	117	116	115	115	114	113	113	112	111	109	101.409	488.229	685	623	587	559	533	497	463	429	394	339	211	0	0	0.000	0.000	0	0	0	0	0.000	0	0	0	0.000	0	0	0	0	0.000	0.000	0	0	0	0	0.000	0	0	0	0.000	0	0
124	124	2162	1631.166	1282.752	0.883	869	566	465	208	11	869	566	465	208	11	111.203	179.063	1299	197	156	152	149	147	144	141	136	130	122	106.554	767.868	1216	1053	969	910	858	790	727	654	562	434	288	1	120	1633.639	1288.637	0	0	0	603	655.075	0	0	1023	984.792	0	0	0	0	0.000	0.000	0	0	0	0	0.000	0	0	0	0.000	0	0
125	125	1656	965.281	1283.790	0.865	60	121	1012	407	18	60	121	1012	407	18	111.000	238.492	335	299	285	268	254	241	226	207	191	173	159	102.569	145.199	170	160	156	153	150	146	143	138	133	129	118	0	0	0.000	0.000	0	0	0	0	0.000	0	0	0	0.000	0	0	0	0	0.000	0.000	0	0	0	0	0.000	0	0	0	0.000	0	0
126	126	1636	1027.642	1284.244	0.913	36	148	1015	386	13	36	148	1015	386	13	110.834	139.333	160	152	148	145	142	140	138	134	130	125	119	102.000	501.388	800	714	652	604	563	525	472	400	331	264	199	0	0	0.000	0.000	0	0	0	0	0.000	0	0	0	0.000	0	0	0	0	0.000	0.000	0	0	0	0	0.000	0	0	0	0.000	0	0
127	127	470	1378.647	1281.810	0.940	125	158	135	37	9	125	158	135	37	9	110.000	233.296	324	300	279	259	246	231	218	201	189	173	152	102.000	144.872	170	159	156	154	151	148	144	138	132	125	111	0	0	0.000	0.000	0	0	0	0	0.000	0	0	0	0.000	0	0	0	0	0.000	0.000	0	0	0	0	0.000	0	0	0	0.000	0	0
128	128	1351	299.669	1319.885	0.875	62	200	756	296	11	62	200	756	296	11	107.000	113.387	121	116	115	114	113	113	113	112	112	111	109	101.853	502.192	732	647	608	575	549	517	482	438	394	324	277	0	0	0.000	0.000	0	0	0	0	0.000	0	0	0	0.000	0	0	0	0	0.000	0.000	0	0	0	0	0.000	0	0	0	0.000	0	0
129	129	603	1750.504	1322.985	0.900	18	81	242	197	54	18	81	242	197	54	110.071	137.305	153	143	141	139	138	137	136	135	133	131	127	104.403	1137.045	1802	1454	1340	1254	1200	1119	1060	990	922	838	680	0	0	0.000	0.000	0	0	0	0	0.000	0	0	0	0.000	0	0	0	0	0.000	0.000	0	0	0	0	0.000	0	0	0	0.000	0	0
130	130	1677	1188.679	1345.929	0.892	103	641	682	199	27	103	641	682	199	27	110.454	118.246	127	123	121	119	118	118	117	117	116	115	112	103.000	832.607	1409	1099	1024	957	892	831	771	714	648	552	329	0	0	0.000	0.000	0	0	0	0	0.000	0	0	0	0.000	0	0	0	0	0.000	0.000	0	0	0	0	0.000	0	0	0	0.000	0	0
131	131	1777	1775.504	1358.722	0.891	38	471	1023	198	12	38	471	1023	198	12	110.000	152.256	171	165	161	159	156	154	151	148	143	137	124	104.715	2048.396	2927	2623	2476	2333	2210	2102	2008	1835	1620	1413	648	0	0	0.000	0.000	0	0	0	0	0.000	0	0	0	0.000	0	0	0	0	0.000	0.000	0	0	0	0	0.000	0	0	0	0.000	0	0
132	132	1400	1831.393	1364.472	0.900	50	74	471	660	120	50	74	471	660	120	110.000	154.284	175	169	165	162	159	156	153	150	144	136	123	104.000	1911.799	2863	2585	2394	2215	2058	1916	1780	1621	1458	1256	704	0	0	0.000	0.000	0	0	0	0	0.000	0	0	0	0.000	0	0	0	0	0.000	0.000	0	0	0	0	0.000	0	0	0	0.000	0	0
133	133	319	1863.438	1361.752	0.946	62	31	76	87	53	62	31	76	87	53	109.248	143.254	159	157	154	151	149	145	141	137	132	128	120	103.320	1258.266	2022	1887	1749	1637	1469	1281	1108	934	749	599	398	0	0	0.000	0.000	0	0	0	0	0.000	0	0	0	0.000	0	0	0	0	0.000	0.000	0	0	0	0	0.000	0	0	0	0.000	0	0
134	134	1542	384.828	1376.496	0.873	38	216	789	435	29	38	216	789	435	29	107.655	157.520	176	169	167	165	162	160	157	154	148	141	126	102.804	1550.099	2163	2037	1927	1787	1662	1558	1466	1374	1238	1047	506	0	0	0.000	0.000	0	0	0	0	0.000	0	0	0	0.000	0	0	0	0	0.000	0.000	0	0	0	0	0.000	0	0	0	0.000	0	0
135	135	1231	1216.097	1383.651	0.899	31	96	372	642	74	31	96	372	642	74	110.087	137.437	151	145	144	142	140	139	136	134	131	127	120	101.976	618.116	843	776	739	704	668	635	602	555	496	431	267	0	0	0.000	0.000	0	0	0	0	0.000	0	0	0	0.000	0	0	0	0	0.000	0.000	0	0	0	0	0.000	0	0	0	0.000	0	0
136	136	2121	1185.791	1422.315	0.865	76	1075	839	60	14	76	1075	839	60	14	110.127	134.541	235	143	137	135	133	132	130	129	127	124	119	102.652	437.338	783	632	577	531	483	439	388	338	289	241	183	1	54	1191.563	1429.254	0	0	0	201	199.037	0	0	681	661.611	0	0	0	0	0.000	0.000	0	0	0	0	0.000	0	0	0	0.000	0	0
137	137	1778	361.491	1432.455	0.846	34	755	901	37	9	34	755	901	37	9	107.978	172.978	1113	189	164	157	152	148	143	138	132	127	116	103.000	1172.055	2233	1736	1606	1496	1340	1202	1042	882	687	528	290	1	89	360.622	1429.887	0	0	0	538	580.506	0	0	1705	1607.787	0	0	0	0	0.000	0.000	0	0	0	0	0.000	0	0	0	0.000	0	0
138	138	1078	1452.145	1450.601	0.916	315	507	190	33	5	315	507	190	33	5	110.000	116.358	122	119	118	117	117	116	116	115	115	114	112	103.000	122.955	139	130	128	126	124	123	122	120	118	115	107	0	0	0.000	0.000	0	0	0	0	0.000	0	0	0	0.000	0	0	0	0	0.000	0.000	0	0	0	0	0.000	0	0	0	0.000	0	0
139	139	1394	318.601	1458.726	0.900	352	926	50	25	11	352	926	50	25	11	108.000	150.632	241	169	154	151	149	148	145	143	140	135	123	102.994	1119.401	1635	1448	1334	1275	1220	1148	1069	997	899	749	471	0	0	0.000	0.000	0	0	0	0	0.000	0	0	0	0.000	0	0	0	0	0.000	0.000	0	0	0	0	0.000	0	0	0	0.000	0	0
140	140	1585	1134.692	1476.992	0.899	123	455	844	121	8	123	455	844	121	8	111.000	119.347	127	123	121	121	120	119	119	118	117	116	112	103.687	398.271	639	515	477	448	422	400	379	353	317	274	182	0	0	0.000	0.000	0	0	0	0	0.000	0	0	0	0.000	0	0	0	0	0.000	0.000	0	0	0	0	0.000	0	0	0	0.000	0	0
141	141	1820	111.682	1474.878	0.906	45	578	1056	73	28	45	578	1056	73	28	105.929	186.070	738	213	198	188	181	174	169	162	155	147	134	101.180	171.614	261	207	196	187	179	169	161	154	147	140	126	1	52	103.555	1480.341	0	0	0	446	467.442	0	0	222	217.769	0	0	0	0	0.000	0.000	0	0	0	0	0.000	0	0	0	0.000	0	0
142	142	1625	1182.214	1487.320	0.890	19	129	922	479	38	19	129	922	479	38	110.919	140.446	210	152	148	145	143	140	137	134	130	127	120	103.834	488.214	803	714	651	580	517	481	442	398	344	258	202	0	0	0.000	0.000	0	0	0	0	0.000	0	0	0	0.000	0	0	0	0	0.000	0.000	0	0	0	0	0.000	0	0	0	0.000	0	0
143	143	1497	1451.091	1497.137	0.852	19	394	840	198	15	19	394	840	198	15	111.000	115.359	120	117	117	116	116	115	115	115	114	113	111	103.279	122.814	136	129	127	125	124	123	122	120	119	117	109	0	0	0.000	0.000	0	0	0	0	0.000	0	0	0	0.000	0	0	0	0	0.000	0.000	0	0	0	0	0.000	0	0	0	0.000	0	0
144	144	1297	344.172	1502.588	0.881	30	238	837	159	8	30	238	837	159	8	107.567	151.754	341	164	159	156	152	149	145	141	137	133	124	103.000	1080.487	1692	1448	1355	1271	1190	1096	1027	926	817	650	428	1	22	355.328	1508.562	0	0	0	281	269.864	0	0	1394	1362.273	0	0	0	0	0.000	0.000	0	0	0	0	0.000	0	0	0	0.000	0	0
145	145	2061	152.088	1513.042	0.880	4	41	346	1305	325	4	41	346	1305	325	106.429	226.754	1370	260	210	198	190	184	178	173	167	155	134	102.000	176.503	232	206	199	190	182	176	170	164	157	147	129	1	128	162.238	1523.783	0	0	0	733	787.789	0	0	203	203.164	0	0	0	0	0.000	0.000	0	0	0	0	0.000	0	0	0	0.000	0	0
146	146	2280	1410.507	1533.327	0.864	27	507	1265	399	33	27	507	1265	399	33	111.000	144.341	163	154	152	150	148	146	143	140	137	131	124	104.000	519.225	824	699	646	595	557	520	485	445	393	326	244	0	0	0.000	0.000	0	0	0	0	0.000	0	0	0	0.000	0	0	0	0	0.000	0.000	0	0	0	0	0.000	0	0	0	0.000	0	0
147	147	2152	1346.957	1544.762	0.882	303	1132	603	54	8	303	1132	603	54	8	110.388	159.677	179	170	167	165	163	161	158	156	153	147	129	103.211	749.303	1008	908	876	849	818	780	734	678	614	536	355	0	0	0.000	0.000	0	0	0	0	0.000	0	0	0	0.000	0	0	0	0	0.000	0.000	0	0	0	0	0.000	0	0	0	0.000	0	0
148	148	284	1449.860	1551.012	0.869	34	105	95	40	7	34	105	95	40	7	111.000	138.282	160	151	146	144	141	138	135	132	129	126	121	104.000	421.525	648	564	521	491	471	441	400	357	311	258	191	0	0	0.000	0.000	0	0	0	0	0.000	0	0	0	0.000	0	0	0	0	0.000	0.000	0	0	0	0	0.000	0	0	0	0.000	0	0
149	149	2133	1466.296	1579.116	0.887	170	564	1287	62	8	170	564	1287	62	8	110.803	208.207	3578	185	174	167	160	153	147	140	134	126	119	103.989	544.352	975	823	740	681	628	564	480	400	327	254	182	1	77	1462.195	1578.148	0	0	0	1314	1463.636	0	0	751	763.364	0	0	0	0	0.000	0.000	0	0	0	0	0.000	0	0	0	0.000	0	0
150	150	1278	1567.787	1613.730	0.904	28	162	691	367	18	28	162	691	367	18	110.498	140.998	159	154	150	146	144	141	138	135	132	129	122	104.000	902.118	1459	1315	1210	1093	977	900	789	697	609	513	383	0	0	0.000	0.000	0	0	0	0	0.000	0	0	0	0.000	0	0	0	0	0.000	0.000	0	0	0	0	0.000	0	0	0	0.000	0	0
151	151	1523	1613.413	1615.324	0.887	132	491	211	502	157	132	491	211	502	157	109.406	134.454	357	141	136	134	132	130	129	127	124	120	114	103.992	590.072	894	766	714	668	630	594	562	520	478	405	226	1	51	1616.393	1623.115	0	0	0	230	240.647	0	0	623	629.000	0	0	0	0	0.000	0.000	0	0	0	0	0.000	0	0	0	0.000	0	0
152	152	1058	144.939	1726.899	0.895	905	111	14	10	8	905	111	14	10	8	106.000	134.869	182	157	145	140	138	135	130	125	120	116	111	100.000	108.529	119	113	111	110	109	108	107	106	105	104	102	0	0	0.000	0.000	0	0	0	0	0.000	0	0	0	0.000	0	0	0	0	0.000	0.000	0	0	0	0	0.000	0	0	0	0.000	0	0
153	153	300	578.166	1810.284	0.840	49	103	72	49	25	49	103	72	49	25	107.993	160.680	183	176	175	172	167	163	158	153	147	140	130	101.857	127.473	144	137	135	133	132	129	126	123	119	115	110	0	0	0.000	0.000	0	0	0	0	0.000	0	0	0	0.000	0	0	0	0	0.000	0.000	0	0	0	0	0.000	0	0	0	0.000	0	0
154	154	1525	1312.362	1849.449	0.900	73	120	589	655	62	73	120	589	655	62	110.000	146.984	161	155	153	151	150	149	147	145	141	135	123	101.805	170.870	202	191	187	183	177	171	166	160	156	150	126	0	0	0.000	0.000	0	0	0	0	0.000	0	0	0	0.000	0	0	0	0	0.000	0.000	0	0	0	0	0.000	0	0	0	0.000	0	0
155	155	1699	429.927	1863.377	0.837	56	254	823	482	51	56	254	823	482	51	107.000	113.334	122	116	115	114	114	113	112	112	111	111	108	101.000	482.209	790	710	652	596	538	472	410	353	312	278	223	0	0	0.000	0.000	0	0	0	0	0.000	0	0	0	0.000	0	0	0	0	0.000	0.000	0	0	0	0	0.000	0	0	0	0.000	0	0
156	156	1076	1073.815	1862.313	0.932	14	91	638	280	23	14	91	638	280	23	109.934	117.010	123	120	119	118	117	117	116	116	115	114	111	102.993	1328.377	2031	1766	1639	1508	1392	1303	1228	1156	1044	892	621	0	0	0.000	0.000	0	0	0	0	0.000	0	0	0	0.000	0	0	0	0	0.000	0.000	0	0	0	0	0.000	0	0	0	0.000	0	0
157	157	893	1195.411	1863.367	0.882	141	479	207	39	10	141	479	207	39	10	110.000	196.532	319	255	236	223	212	200	187	168	148	132	116	102.000	138.004	181	162	155	150	145	140	134	127	118	112	106	0	0	0.000	0.000	0	0	0	0	0.000	0	0	0	0.000	0	0	0	0	0.000	0.000	0	0	0	0	0.000	0	0	0	0.000	0	0
158	158	1849	989.738	1889.704	0.862	49	686	973	108	5	49	686	973	108	5	109.952	116.663	126	120	119	118	117	116	116	115	114	114	111	102.999	1413.272	2095	1885	1745	1647	1574	1479	1344	1214	1045	839	625	0	0	0.000	0.000	0	0	0	0	0.000	0	0	0	0.000	0	0	0	0	0.000	0.000	0	0	0	0	0.000	0	0	0	0.000	0	0
159	159	990	1355.977	1881.296	0.869	50	80	562	250	28	50	80	562	250	28	110.000	135.415	156	149	143	138	135	133	131	130	128	127	122	101.592	151.646	191	175	170	161	154	149	144	140	136	132	124	0	0	0.000	0.000	0	0	0	0	0.000	0	0	0	0.000	0	0	0	0	0.000	0.000	0	0	0	0	0.000	0	0	0	0.000	0	0
160	160	1798	1043.712	1900.093	0.889	39	621	876	205	26	39	621	876	205	26	109.676	116.370	122	119	118	117	117	116	116	115	115	114	111	102.997	1356.643	2397	2182	1910	1705	1549	1385	1193	979	760	547	328	0	0	0.000	0.000	0	0	0	0	0.000	0	0	0	0.000	0	0	0	0	0.000	0.000	0	0	0	0	0.000	0	0	0	0.000	0	0
161	161	1423	454.436	1913.229	0.900	21	115	673	537	53	21	115	673	537	53	106.994	112.662	117	115	114	114	113	113	112	112	111	111	108	101.000	508.817	760	688	648	598	554	514	474	423	372	320	232	0	0	0.000	0.000	0	0	0	0	0.000	0	0	0	0.000	0	0	0	0	0.000	0.000	0	0	0	0	0.000	0	0	0	0.000	0	0
162	162	1088	1464.648	1916.649	0.903	38	139	637	245	10	38	139	637	245	10	113.052	172.274	212	202	196	189	181	174	164	156	148	143	129	102.033	1117.258	1784	1582	1484	1391	1268	1145	1042	906	765	570	228	0	0	0.000	0.000	0	0	0	0	0.000	0	0	0	0.000	0	0	0	0	0.000	0.000	0	0	0	0	0.000	0	0	0	0.000	0	0
163	163	1917	1193.176	1982.387	0.860	33	200	1198	443	11	33	200	1198	443	11	109.109	130.169	143	137	135	133	132	131	129	127	125	122	116	101.944	207.240	301	260	242	227	215	203	193	183	171	160	138	0	0	0.000	0.000	0	0	0	0	0.000	0	0	0	0.000	0	0	0	0	0.000	0.000	0	0	0	0	0.000	0	0	0	0.000	0	0
