 	cell	area	x	y	circ	BFI_lev_b1	BFI_lev_b2	BFI_lev_b3	BFI_lev_b4	BFI_lev_b5	BFO_lev_b1	BFO_lev_b2	BFO_lev_b3	BFO_lev_b4	BFO_lev_b5	RFP_int_bg	RFP_int_mean	RFP_int_b0	RFP_int_b1	RFP_int_b2	RFP_int_b3	RFP_int_b4	RFP_int_b5	RFP_int_b6	RFP_int_b7	RFP_int_b8	RFP_int_b9	RFP_int_b10	GFP_int_bg	GFP_int_mean	GFP_int_b0	GFP_int_b1	GFP_int_b2	GFP_int_b3	GFP_int_b4	GFP_int_b5	GFP_int_b6	GFP_int_b7	GFP_int_b8	GFP_int_b9	GFP_int_b10	inRFPnfoci	f1_inRFParea	f1_inRFPx	f1_inRFPy	f2_inRFParea	f2_inRFPx	f2_inRFPy	f1_inRFP_toRFPmed	f1_inRFP_toRFPmean	f2_inRFP_toRFPmed	f2_inRFP_toRFPmean	f1_inRFP_toGFPmed	f1_inRFP_toGFPmean	f2_inRFP_toGFPmed	f2_inRFP_toGFPmean	inGFPnfoci	f1_inGFParea	f1_inGFPx	f1_inGFPy	f2_inGFParea	f2_inGFPx	f2_inGFPy	f1_inGFP_toRFPmed	f1_inGFP_toRFPmean	f2_inGFP_toRFPmed	f2_inGFP_toRFPmean	f1_inGFP_toGFPmed	f1_inGFP_toGFPmean	f2_inGFP_toGFPmed	f2_inGFP_toGFPmean
1	1	727	1117.430	20.884	0.914	83	321	244	58	9	83	321	244	58	9	103.000	112.597	123	118	116	114	113	112	111	110	110	108	106	101.000	120.241	132	125	124	123	122	121	120	119	117	114	106	0	0	0.000	0.000	0	0	0	0	0.000	0	0	0	0.000	0	0	0	0	0	0	0	0	0	0	0	0	0	0	0	0	0
2	2	1747	128.260	35.074	0.892	55	162	765	663	68	55	162	765	663	68	101.322	107.717	115	112	110	109	108	107	106	106	106	105	103	101.000	543.891	805	694	650	615	578	540	505	474	436	393	266	0	0	0.000	0.000	0	0	0	0	0.000	0	0	0	0.000	0	0	0	0	0	0	0	0	0	0	0	0	0	0	0	0	0
3	3	2245	904.028	37.023	0.897	38	368	1469	312	26	38	368	1469	312	26	103.669	289.278	2639	696	250	148	125	120	118	116	113	111	107	101.473	123.731	139	131	129	127	125	124	123	121	119	116	108	1	279	904.088	43.690	0	0	0	1140	1265.462	0	0	125	125.688	0	0	0	0	0	0	0	0	0	0	0	0	0	0	0	0	0
4	4	2730	1315.114	40.692	0.900	90	159	938	1320	162	90	159	938	1320	162	103.398	140.157	624	174	127	122	120	118	116	115	113	111	106	101.078	945.391	1480	1338	1238	1161	1069	973	870	766	655	498	289	1	215	1312.781	51.179	0	0	0	337	358.558	0	0	839	891.056	0	0	0	0	0	0	0	0	0	0	0	0	0	0	0	0	0
5	5	865	32.322	30.903	0.932	65	186	405	165	29	65	186	405	165	29	99.491	110.528	119	115	114	112	111	110	109	108	107	106	103	100.912	3933.482	6482	5969	5526	5021	4448	3890	3522	3046	2423	1794	842	0	0	0.000	0.000	0	0	0	0	0.000	0	0	0	0.000	0	0	0	0	0	0	0	0	0	0	0	0	0	0	0	0	0
6	6	2142	1151.810	50.465	0.872	94	795	1096	91	18	94	795	1096	91	18	102.874	111.996	125	119	114	112	112	111	110	110	109	108	104	101.006	123.921	142	132	129	127	126	124	122	121	119	116	105	0	0	0.000	0.000	0	0	0	0	0.000	0	0	0	0.000	0	0	0	0	0	0	0	0	0	0	0	0	0	0	0	0	0
7	7	2348	1248.866	62.304	0.887	71	237	1448	518	34	71	237	1448	518	34	103.609	119.281	278	123	121	120	118	118	117	115	114	112	105	102.000	971.073	1325	1228	1175	1122	1070	1014	956	872	748	634	355	1	48	1248.420	45.046	0	0	0	191	192.354	0	0	1204	1176.646	0	0	0	0	0	0	0	0	0	0	0	0	0	0	0	0	0
8	8	683	2006.435	64.341	0.930	89	186	176	156	60	89	186	176	156	60	102.905	121.278	130	127	125	124	123	122	120	119	117	115	109	127.647	853.567	1304	1110	1054	998	939	888	822	731	655	547	353	0	0	0.000	0.000	0	0	0	0	0.000	0	0	0	0.000	0	0	0	0	0	0	0	0	0	0	0	0	0	0	0	0	0
9	9	1998	935.731	88.699	0.879	19	159	1027	716	47	19	159	1027	716	47	104.000	114.402	120	117	117	116	116	115	114	113	112	111	105	102.000	123.699	139	130	128	127	125	124	123	122	120	117	106	0	0	0.000	0.000	0	0	0	0	0.000	0	0	0	0.000	0	0	0	0	0	0	0	0	0	0	0	0	0	0	0	0	0
10	10	1423	433.027	87.763	0.855	114	318	645	263	47	114	318	645	263	47	103.699	111.812	118	115	115	114	113	112	111	110	109	108	105	101.899	2780.552	4558	4040	3717	3375	3001	2718	2488	2266	2065	1499	580	0	0	0.000	0.000	0	0	0	0	0.000	0	0	0	0.000	0	0	0	0	0	0	0	0	0	0	0	0	0	0	0	0	0
11	11	612	370.687	90.833	0.875	32	283	251	24	8	32	283	251	24	8	103.248	110.724	119	115	114	112	110	110	109	109	108	107	106	101.000	115.619	127	121	119	118	117	116	114	113	112	111	104	0	0	0.000	0.000	0	0	0	0	0.000	0	0	0	0.000	0	0	0	0	0	0	0	0	0	0	0	0	0	0	0	0	0
12	12	263	1735.588	87.698	0.920	22	75	79	70	17	22	75	79	70	17	103.479	111.087	115	114	113	112	112	111	110	110	109	109	108	101.989	110.536	119	115	114	113	112	110	109	108	107	106	104	0	0	0.000	0.000	0	0	0	0	0.000	0	0	0	0.000	0	0	0	0	0	0	0	0	0	0	0	0	0	0	0	0	0
13	13	2077	2007.877	108.967	0.881	926	900	95	77	30	926	900	95	77	30	103.008	123.948	144	135	130	127	124	123	121	120	118	116	109	121.393	541.446	1032	839	689	614	566	520	468	416	365	310	254	0	0	0.000	0.000	0	0	0	0	0.000	0	0	0	0.000	0	0	0	0	0	0	0	0	0	0	0	0	0	0	0	0	0
14	14	1270	1500.462	127.094	0.887	17	185	755	244	48	17	185	755	244	48	104.718	153.577	176	167	163	161	158	155	152	149	144	138	128	102.336	121.397	131	127	126	125	124	122	121	120	118	114	106	0	0	0.000	0.000	0	0	0	0	0.000	0	0	0	0.000	0	0	0	0	0	0	0	0	0	0	0	0	0	0	0	0	0
15	15	1875	1536.506	151.974	0.883	46	101	641	937	109	46	101	641	937	109	104.990	152.241	232	174	169	164	159	152	145	139	133	127	113	102.759	128.878	145	137	135	133	132	130	128	125	123	120	107	0	0	0.000	0.000	0	0	0	0	0.000	0	0	0	0.000	0	0	0	0	0	0	0	0	0	0	0	0	0	0	0	0	0
16	16	1841	374.820	172.462	0.866	81	211	1102	398	15	81	211	1102	398	15	104.000	119.338	129	125	124	123	121	120	118	116	115	113	108	101.743	449.051	654	611	584	545	508	474	431	377	314	239	169	0	0	0.000	0.000	0	0	0	0	0.000	0	0	0	0.000	0	0	0	0	0	0	0	0	0	0	0	0	0	0	0	0	0
17	17	1590	1481.558	168.645	0.905	277	1219	41	14	9	277	1219	41	14	9	104.970	152.959	185	170	166	163	159	154	149	145	141	134	122	102.632	121.033	136	127	125	124	122	121	120	119	117	115	106	0	0	0.000	0.000	0	0	0	0	0.000	0	0	0	0.000	0	0	0	0	0	0	0	0	0	0	0	0	0	0	0	0	0
18	18	1878	799.246	174.313	0.881	58	379	917	451	32	58	379	917	451	32	104.309	123.223	151	132	128	126	124	123	122	120	118	115	107	103.300	1274.966	2212	1926	1778	1611	1429	1254	1098	961	791	613	386	0	0	0.000	0.000	0	0	0	0	0.000	0	0	0	0.000	0	0	0	0	0	0	0	0	0	0	0	0	0	0	0	0	0
19	19	1970	2013.508	180.975	0.893	98	627	854	323	31	98	627	854	323	31	103.026	316.844	2779	686	282	188	166	158	154	149	144	136	115	103.090	121.614	136	127	125	124	123	122	121	120	118	115	106	1	209	2002.019	174.108	0	0	0	1243	1375.660	0	0	126	126.866	0	0	0	0	0	0	0	0	0	0	0	0	0	0	0	0	0
20	20	493	1604.950	192.353	0.901	56	69	206	130	21	56	69	206	130	21	104.771	111.103	116	114	113	112	112	111	111	110	109	108	106	103.000	410.110	591	537	511	483	455	419	381	343	310	272	207	0	0	0.000	0.000	0	0	0	0	0.000	0	0	0	0.000	0	0	0	0	0	0	0	0	0	0	0	0	0	0	0	0	0
21	21	1426	1967.716	202.079	0.902	209	960	176	36	11	209	960	176	36	11	103.945	141.326	165	158	152	147	144	140	138	135	132	127	117	102.004	127.768	145	139	136	132	130	127	125	123	121	119	110	0	0	0.000	0.000	0	0	0	0	0.000	0	0	0	0.000	0	0	0	0	0	0	0	0	0	0	0	0	0	0	0	0	0
22	22	1763	1519.126	208.633	0.894	1575	129	28	13	8	1575	129	28	13	8	105.000	251.346	2662	331	170	164	160	154	149	143	137	131	115	102.799	124.885	155	134	131	129	127	125	123	121	118	116	107	1	141	1528.250	193.314	0	0	0	1117	1279.610	0	0	132	130.638	0	0	0	0	0	0	0	0	0	0	0	0	0	0	0	0	0
23	23	1829	1629.235	219.837	0.895	33	176	1200	348	30	33	176	1200	348	30	105.000	145.357	491	218	144	127	122	120	118	117	116	114	108	103.000	799.890	1323	1172	1080	1000	918	830	716	598	489	401	276	1	216	1631.022	234.849	0	0	0	286	300.722	0	0	1141	1075.657	0	0	0	0	0	0	0	0	0	0	0	0	0	0	0	0	0
24	24	1345	1583.103	227.263	0.901	827	432	17	14	11	827	432	17	14	11	105.000	136.068	496	141	138	135	131	128	126	125	122	120	113	103.000	769.471	1107	974	915	868	832	798	757	703	620	515	305	1	56	1599.712	231.599	0	0	0	291	298.875	0	0	652	625.875	0	0	0	0	0	0	0	0	0	0	0	0	0	0	0	0	0
25	25	2036	792.668	239.169	0.892	436	1399	86	59	33	436	1399	86	59	33	105.702	124.413	145	132	129	126	125	124	122	121	120	119	113	104.975	981.672	1921	1433	1275	1158	1041	940	844	764	680	560	411	0	0	0.000	0.000	0	0	0	0	0.000	0	0	0	0.000	0	0	0	0	0	0	0	0	0	0	0	0	0	0	0	0	0
26	26	1716	631.119	245.532	0.876	39	144	943	499	53	39	144	943	499	53	104.657	182.637	2479	177	130	127	124	122	121	119	117	114	110	102.900	1105.608	1829	1560	1426	1311	1189	1076	968	897	790	681	497	1	86	623.131	254.001	0	0	0	1047	1086.384	0	0	1659	1599.267	0	0	0	0	0	0	0	0	0	0	0	0	0	0	0	0	0
27	27	319	1688.647	232.925	0.925	64	84	115	46	4	64	84	115	46	4	105.000	113.229	119	116	115	114	114	113	113	112	111	110	109	103.000	374.125	533	503	465	428	398	370	342	319	292	260	205	0	0	0.000	0.000	0	0	0	0	0.000	0	0	0	0.000	0	0	0	0	0	0	0	0	0	0	0	0	0	0	0	0	0
28	28	1559	2000.349	243.989	0.922	68	1033	387	17	19	68	1033	387	17	19	103.641	144.031	168	157	153	150	147	144	141	138	135	131	120	103.003	131.189	150	140	138	135	133	131	129	127	125	123	113	0	0	0.000	0.000	0	0	0	0	0.000	0	0	0	0.000	0	0	0	0	0	0	0	0	0	0	0	0	0	0	0	0	0
29	29	1447	1723.178	248.022	0.934	28	111	797	448	22	28	111	797	448	22	104.767	155.101	181	173	168	163	158	155	151	147	144	139	127	103.000	1544.038	2412	2127	2002	1892	1758	1581	1409	1222	1069	871	649	0	0	0.000	0.000	0	0	0	0	0.000	0	0	0	0.000	0	0	0	0	0	0	0	0	0	0	0	0	0	0	0	0	0
30	30	1132	679.481	257.691	0.922	38	230	572	256	11	38	230	572	256	11	105.000	124.285	138	132	130	129	127	125	123	121	118	114	108	104.035	1531.202	2086	1990	1899	1793	1678	1571	1446	1339	1206	1005	649	0	0	0.000	0.000	0	0	0	0	0.000	0	0	0	0.000	0	0	0	0	0	0	0	0	0	0	0	0	0	0	0	0	0
31	31	1642	1669.881	262.951	0.890	58	110	921	489	26	58	110	921	489	26	105.000	153.487	183	173	167	163	158	154	150	146	139	131	119	103.718	1646.450	2651	2272	2047	1884	1749	1615	1479	1359	1246	1127	672	0	0	0.000	0.000	0	0	0	0	0.000	0	0	0	0.000	0	0	0	0	0	0	0	0	0	0	0	0	0	0	0	0	0
32	32	2051	752.081	273.538	0.914	186	440	419	763	205	186	440	419	763	205	105.896	558.692	7501	1459	339	146	133	129	126	124	121	116	109	105.629	1881.166	3092	2761	2594	2440	2280	2114	1868	1547	1038	566	252	1	224	761.435	285.157	0	0	0	3062	3475.129	0	0	2730	2533.915	0	0	0	0	0	0	0	0	0	0	0	0	0	0	0	0	0
33	33	2060	1850.261	285.701	0.890	96	683	907	300	33	96	683	907	300	33	104.843	158.427	448	201	158	151	149	146	142	139	133	126	116	103.750	123.704	138	129	127	126	125	124	123	122	120	118	110	1	132	1855.866	278.732	0	0	0	314	315.288	0	0	123	122.788	0	0	0	0	0	0	0	0	0	0	0	0	0	0	0	0	0
34	34	1655	648.893	294.515	0.897	44	407	895	273	11	44	407	895	273	11	105.000	136.041	557	140	136	133	130	127	125	123	120	117	110	103.456	1296.240	2164	1849	1673	1551	1421	1303	1182	1056	911	699	508	1	59	664.904	292.745	0	0	0	313	320.678	0	0	1976	1905.746	0	0	0	0	0	0	0	0	0	0	0	0	0	0	0	0	0
35	35	2447	798.569	302.743	0.896	858	1318	122	92	32	858	1318	122	92	32	105.724	145.654	801	150	133	131	129	128	126	124	122	119	110	105.008	2401.747	3437	3153	3030	2911	2765	2627	2421	2154	1753	1172	666	1	122	798.520	298.403	0	0	0	417	433.656	0	0	2645	2339.049	0	0	0	0	0	0	0	0	0	0	0	0	0	0	0	0	0
36	36	1922	1810.268	328.311	0.890	30	675	975	165	24	30	675	975	165	24	105.475	142.753	156	149	148	147	146	144	143	141	138	133	122	104.136	962.216	1273	1204	1170	1124	1075	1026	959	875	752	596	377	0	0	0.000	0.000	0	0	0	0	0.000	0	0	0	0.000	0	0	0	0	0	0	0	0	0	0	0	0	0	0	0	0	0
37	37	1743	314.295	328.862	0.893	78	171	1028	412	19	78	171	1028	412	19	104.000	121.958	136	130	128	126	124	122	120	118	116	114	107	102.000	523.949	813	719	666	621	584	539	494	444	375	295	219	0	0	0.000	0.000	0	0	0	0	0.000	0	0	0	0.000	0	0	0	0	0	0	0	0	0	0	0	0	0	0	0	0	0
38	38	2057	1981.254	327.085	0.866	152	448	1109	306	8	152	448	1109	306	8	103.565	111.881	121	116	114	113	112	111	111	110	110	109	106	105.359	1549.469	2511	2219	2032	1874	1752	1633	1465	1225	1008	802	464	0	0	0.000	0.000	0	0	0	0	0.000	0	0	0	0.000	0	0	0	0	0	0	0	0	0	0	0	0	0	0	0	0	0
39	39	1953	1881.696	342.705	0.864	45	293	1088	437	62	45	293	1088	437	62	105.300	142.219	613	166	125	123	121	121	120	119	117	116	110	104.963	359.048	519	461	441	423	403	376	346	310	278	223	158	1	167	1862.199	349.521	0	0	0	335	354.228	0	0	423	408.802	0	0	0	0	0	0	0	0	0	0	0	0	0	0	0	0	0
40	40	780	700.741	340.872	0.925	83	240	250	138	59	83	240	250	138	59	104.614	111.168	116	114	113	112	112	111	111	110	109	109	107	104.917	844.222	1564	1361	1262	1143	992	835	685	558	449	330	215	0	0	0.000	0.000	0	0	0	0	0.000	0	0	0	0.000	0	0	0	0	0	0	0	0	0	0	0	0	0	0	0	0	0
41	41	1479	1940.918	355.045	0.879	707	549	120	57	12	707	549	120	57	12	104.347	134.257	612	147	123	120	119	118	117	116	115	114	109	105.444	356.147	496	452	431	408	380	353	328	307	286	263	217	1	89	1935.849	365.503	0	0	0	321	337.798	0	0	412	402.910	0	0	0	0	0	0	0	0	0	0	0	0	0	0	0	0	0
42	42	2107	1668.314	361.058	0.917	65	132	805	984	87	65	132	805	984	87	105.055	223.620	293	267	255	246	238	228	218	205	190	171	136	105.000	2083.203	3273	2807	2622	2446	2279	2127	1964	1770	1522	1273	669	0	0	0.000	0.000	0	0	0	0	0.000	0	0	0	0.000	0	0	0	0	0	0	0	0	0	0	0	0	0	0	0	0	0
43	43	2230	1477.983	356.765	0.851	52	142	1019	933	34	52	142	1019	933	34	106.029	244.659	886	359	253	236	226	218	205	192	173	154	125	104.788	562.992	874	766	703	646	600	565	523	475	435	373	199	1	139	1483.027	366.114	0	0	0	624	636.993	0	0	504	501.022	0	0	0	0	0	0	0	0	0	0	0	0	0	0	0	0	0
44	44	2375	1838.367	382.242	0.886	83	272	1283	621	66	83	272	1283	621	66	105.787	288.884	1822	689	321	201	162	148	143	139	135	131	115	104.675	638.847	1225	964	863	777	697	623	545	471	398	335	234	1	354	1836.581	370.244	0	0	0	886	951.280	0	0	421	480.107	0	0	0	0	0	0	0	0	0	0	0	0	0	0	0	0	0
45	45	1614	710.273	378.249	0.904	42	140	702	659	46	42	140	702	659	46	104.065	111.800	121	116	114	113	112	111	111	110	110	109	107	104.446	1355.259	2180	1993	1839	1720	1616	1488	1281	1043	779	549	388	0	0	0.000	0.000	0	0	0	0	0.000	0	0	0	0.000	0	0	0	0	0	0	0	0	0	0	0	0	0	0	0	0	0
46	46	2222	1509.040	402.920	0.851	100	1224	545	255	57	100	1224	545	255	57	106.603	267.655	1508	308	283	270	256	245	236	228	218	205	171	105.722	731.153	1054	949	904	839	782	740	699	638	563	491	316	1	50	1504.721	383.285	0	0	0	899	882.080	0	0	873	858.180	0	0	0	0	0	0	0	0	0	0	0	0	0	0	0	0	0
47	47	381	1442.730	384.578	0.919	21	49	128	147	30	21	49	128	147	30	106.247	139.312	163	155	151	147	143	139	135	131	129	126	116	105.270	334.953	462	439	412	388	356	335	309	291	265	232	189	0	0	0.000	0.000	0	0	0	0	0.000	0	0	0	0.000	0	0	0	0	0	0	0	0	0	0	0	0	0	0	0	0	0
48	48	2146	1398.907	413.229	0.891	21	98	754	1125	114	21	98	754	1125	114	106.000	135.644	420	143	138	136	134	132	130	127	123	119	112	105.418	2687.710	4666	3923	3612	3293	2987	2681	2441	2213	1775	1235	832	1	56	1404.804	431.450	0	0	0	269	274.679	0	0	3845	3733.786	0	0	0	0	0	0	0	0	0	0	0	0	0	0	0	0	0
49	49	2452	1459.162	427.155	0.903	81	528	1590	170	20	81	528	1590	170	20	106.722	141.474	603	143	136	134	133	131	129	126	123	118	112	105.880	3906.618	6535	5602	5302	4961	4613	4166	3672	3097	2331	1611	1034	1	110	1443.720	412.562	0	0	0	343	355.064	0	0	5329	5125.509	0	0	0	0	0	0	0	0	0	0	0	0	0	0	0	0	0
50	50	2040	1321.947	422.688	0.890	40	102	544	1227	79	40	102	544	1227	79	105.034	133.036	185	145	143	141	139	135	130	125	121	117	109	105.000	3151.559	4931	4678	4488	4248	3977	3620	3052	2358	1575	925	229	0	0	0.000	0.000	0	0	0	0	0.000	0	0	0	0.000	0	0	0	0	0	0	0	0	0	0	0	0	0	0	0	0	0
51	51	1751	1976.579	432.107	0.915	696	895	97	19	27	696	895	97	19	27	104.957	122.911	139	130	128	126	124	122	121	119	118	116	111	107.000	1012.205	1837	1590	1397	1224	1087	967	854	753	643	535	395	0	0	0.000	0.000	0	0	0	0	0.000	0	0	0	0.000	0	0	0	0	0	0	0	0	0	0	0	0	0	0	0	0	0
52	52	1379	938.757	434.065	0.869	19	78	379	702	170	19	78	379	702	170	105.000	112.635	120	116	115	114	113	112	112	111	111	110	106	104.071	1674.240	2406	2124	1998	1881	1783	1685	1571	1466	1344	1210	910	0	0	0.000	0.000	0	0	0	0	0.000	0	0	0	0.000	0	0	0	0	0	0	0	0	0	0	0	0	0	0	0	0	0
53	53	1226	2023.894	437.574	0.910	282	469	392	54	8	282	469	392	54	8	103.735	134.221	157	149	145	141	139	136	132	128	122	117	108	108.573	1529.580	2219	2101	2011	1863	1675	1518	1368	1239	1131	978	491	0	0	0.000	0.000	0	0	0	0	0.000	0	0	0	0.000	0	0	0	0	0	0	0	0	0	0	0	0	0	0	0	0	0
54	54	1275	1695.844	435.047	0.894	28	114	517	528	61	28	114	517	528	61	105.000	111.592	116	114	113	112	112	112	111	111	110	110	107	105.000	1148.836	1739	1548	1440	1343	1243	1134	1047	960	879	767	467	0	0	0.000	0.000	0	0	0	0	0.000	0	0	0	0.000	0	0	0	0	0	0	0	0	0	0	0	0	0	0	0	0	0
55	55	505	147.485	439.113	0.934	81	167	175	58	15	81	167	175	58	15	103.279	162.582	260	215	177	166	159	154	148	143	139	135	126	104.844	262.543	387	337	316	299	281	261	241	223	209	192	163	0	0	0.000	0.000	0	0	0	0	0.000	0	0	0	0.000	0	0	0	0	0	0	0	0	0	0	0	0	0	0	0	0	0
56	56	305	1372.346	444.100	0.921	16	23	79	137	44	16	23	79	137	44	106.000	118.541	126	123	122	120	120	119	118	117	116	114	110	105.000	1652.138	2414	2172	2025	1877	1755	1662	1559	1461	1338	1136	684	0	0	0.000	0.000	0	0	0	0	0.000	0	0	0	0.000	0	0	0	0	0	0	0	0	0	0	0	0	0	0	0	0	0
57	57	1031	1946.043	459.562	0.914	394	379	143	61	39	394	379	143	61	39	105.000	115.725	124	120	118	117	117	116	115	114	113	112	108	106.197	589.057	882	755	690	659	620	590	562	523	479	426	296	0	0	0.000	0.000	0	0	0	0	0.000	0	0	0	0.000	0	0	0	0	0	0	0	0	0	0	0	0	0	0	0	0	0
58	58	1859	1654.338	471.655	0.882	72	220	1160	339	19	72	220	1160	339	19	105.000	112.943	118	116	115	114	114	113	112	112	111	110	106	104.286	1031.364	1731	1464	1337	1227	1120	1010	931	833	739	609	313	0	0	0.000	0.000	0	0	0	0	0.000	0	0	0	0.000	0	0	0	0	0	0	0	0	0	0	0	0	0	0	0	0	0
59	59	2121	1496.022	476.054	0.867	46	379	1109	523	20	46	379	1109	523	20	105.987	140.655	864	139	136	134	132	130	128	126	123	120	113	104.992	4276.789	6876	6313	5701	5303	4872	4461	3970	3365	2643	2073	1297	1	62	1482.839	458.877	0	0	0	449	452.419	0	0	5404	5216.000	0	0	0	0	0	0	0	0	0	0	0	0	0	0	0	0	0
60	60	2124	154.378	482.220	0.889	59	672	1110	206	33	59	672	1110	206	33	103.409	282.046	1386	369	272	257	247	237	227	217	205	188	124	105.598	412.226	576	516	487	458	439	422	402	377	345	285	182	1	125	160.216	488.804	0	0	0	875	899.576	0	0	512	498.672	0	0	0	0	0	0	0	0	0	0	0	0	0	0	0	0	0
61	61	1607	966.514	481.783	0.860	110	740	602	95	25	110	740	602	95	25	105.742	112.752	117	115	114	113	113	113	112	112	112	111	108	104.818	1435.504	2381	2135	2034	1915	1777	1571	1299	1000	773	524	347	0	0	0.000	0.000	0	0	0	0	0.000	0	0	0	0.000	0	0	0	0	0	0	0	0	0	0	0	0	0	0	0	0	0
62	62	1813	1710.031	477.751	0.872	92	347	1048	272	11	92	347	1048	272	11	105.000	111.372	118	114	113	112	112	111	111	110	110	109	107	104.073	422.402	674	581	541	513	488	447	393	342	281	227	185	0	0	0.000	0.000	0	0	0	0	0.000	0	0	0	0.000	0	0	0	0	0	0	0	0	0	0	0	0	0	0	0	0	0
63	63	2414	1999.414	487.582	0.872	450	768	1041	71	34	450	768	1041	71	34	104.324	298.304	4673	433	151	137	134	131	129	126	122	119	109	106.196	1177.273	2081	1690	1563	1447	1345	1219	1061	909	780	603	346	1	168	2003.175	496.595	0	0	0	2036	2144.887	0	0	1204	1197.524	0	0	0	0	0	0	0	0	0	0	0	0	0	0	0	0	0
64	64	1080	1762.169	478.571	0.884	37	74	235	658	61	37	74	235	658	61	105.000	109.750	115	112	111	110	110	110	109	109	109	108	106	103.576	409.808	614	549	517	477	443	407	374	342	311	270	209	0	0	0.000	0.000	0	0	0	0	0.000	0	0	0	0.000	0	0	0	0	0	0	0	0	0	0	0	0	0	0	0	0	0
65	65	1411	848.549	479.980	0.878	14	146	750	438	30	14	146	750	438	30	105.853	112.752	119	115	115	114	113	113	112	112	111	110	108	103.000	121.074	138	129	127	125	124	122	121	119	116	110	103	0	0	0.000	0.000	0	0	0	0	0.000	0	0	0	0.000	0	0	0	0	0	0	0	0	0	0	0	0	0	0	0	0	0
66	66	391	808.111	488.248	0.937	49	63	127	113	29	49	63	127	113	29	105.000	110.110	113	111	111	111	110	110	110	110	109	109	108	103.000	109.072	113	112	111	110	110	109	109	108	107	107	104	0	0	0.000	0.000	0	0	0	0	0.000	0	0	0	0.000	0	0	0	0	0	0	0	0	0	0	0	0	0	0	0	0	0
67	67	1607	1001.669	513.073	0.899	39	151	564	779	39	39	151	564	779	39	105.998	111.907	116	114	113	113	112	112	111	111	110	110	107	104.977	1002.503	1533	1367	1268	1160	1066	980	898	825	761	704	422	0	0	0.000	0.000	0	0	0	0	0.000	0	0	0	0.000	0	0	0	0	0	0	0	0	0	0	0	0	0	0	0	0	0
68	68	2248	1060.971	523.277	0.884	38	191	1134	792	54	38	191	1134	792	54	106.000	124.235	135	130	129	128	127	126	124	121	119	117	111	105.084	1487.540	2085	1970	1881	1780	1634	1502	1390	1262	1125	960	540	0	0	0.000	0.000	0	0	0	0	0.000	0	0	0	0.000	0	0	0	0	0	0	0	0	0	0	0	0	0	0	0	0	0
69	69	1045	1247.280	512.841	0.923	67	319	456	160	23	67	319	456	160	23	106.000	132.667	146	140	139	138	136	134	132	129	126	123	116	105.508	855.164	1196	1083	1043	987	949	903	841	767	659	537	345	0	0	0.000	0.000	0	0	0	0	0.000	0	0	0	0.000	0	0	0	0	0	0	0	0	0	0	0	0	0	0	0	0	0
70	70	1054	1168.385	515.540	0.934	445	239	208	133	19	445	239	208	133	19	106.143	118.660	125	123	122	121	120	120	118	117	115	114	110	107.000	1071.080	1830	1607	1467	1362	1249	1100	950	801	644	481	304	0	0	0.000	0.000	0	0	0	0	0.000	0	0	0	0.000	0	0	0	0	0	0	0	0	0	0	0	0	0	0	0	0	0
71	71	2175	197.504	525.547	0.811	51	198	1018	818	48	51	198	1018	818	48	104.474	212.403	702	340	237	201	185	176	169	161	151	139	122	105.710	712.662	1148	1021	930	835	770	728	668	586	486	400	223	1	206	191.816	526.252	0	0	0	475	488.626	0	0	927	933.898	0	0	0	0	0	0	0	0	0	0	0	0	0	0	0	0	0
72	72	1552	810.045	529.273	0.879	58	290	868	276	28	58	290	868	276	28	105.552	113.972	120	117	116	115	115	114	113	113	112	111	108	102.997	123.606	138	130	129	127	126	124	122	121	119	116	106	0	0	0.000	0.000	0	0	0	0	0.000	0	0	0	0.000	0	0	0	0	0	0	0	0	0	0	0	0	0	0	0	0	0
73	73	1895	955.125	531.182	0.889	49	221	1305	266	20	49	221	1305	266	20	105.099	112.208	118	115	114	113	113	112	112	111	111	110	106	104.549	807.319	1369	1231	1121	1031	920	797	692	588	479	387	290	0	0	0.000	0.000	0	0	0	0	0.000	0	0	0	0.000	0	0	0	0	0	0	0	0	0	0	0	0	0	0	0	0	0
74	74	597	243.656	526.357	0.913	16	211	174	116	65	16	211	174	116	65	105.000	191.134	223	213	209	206	201	194	188	180	173	164	146	104.137	631.645	871	821	782	750	709	654	599	540	474	403	283	0	0	0.000	0.000	0	0	0	0	0.000	0	0	0	0.000	0	0	0	0	0	0	0	0	0	0	0	0	0	0	0	0	0
75	75	2537	1206.640	543.316	0.906	636	1221	374	183	76	636	1221	374	183	76	106.000	163.470	924	194	148	145	143	140	137	136	132	127	114	106.578	969.963	1405	1301	1190	1098	1037	974	886	825	759	684	371	2	106	1194.658	543.266	56	1222.657	535.364	496	522.726	311	314.589	1091	1095.604	843	841.500	0	0	0	0	0	0	0	0	0	0	0	0	0	0	0
76	76	1520	1337.791	546.370	0.889	35	77	840	499	38	35	77	840	499	38	106.000	110.596	114	112	112	111	111	111	110	110	109	109	107	104.000	319.614	478	419	395	368	342	322	297	268	240	216	188	0	0	0.000	0.000	0	0	0	0	0.000	0	0	0	0.000	0	0	0	0	0	0	0	0	0	0	0	0	0	0	0	0	0
77	77	2121	68.659	549.323	0.908	1016	930	55	38	29	1016	930	55	38	29	102.978	121.978	161	141	132	125	120	117	115	114	113	111	107	110.231	2824.615	10125	5074	3495	3049	2712	2447	2204	1894	1588	1250	525	1	34	81.359	547.984	0	0	0	148	147.176	0	0	8873	8623.794	0	0	1	59	79.985	548.523	0	0	0	144	144.322	0	0	8379	8363.559	0	0
78	78	642	860.508	546.675	0.825	43	161	273	123	29	43	161	273	123	29	106.000	115.347	123	119	118	117	116	115	114	113	112	112	110	103.000	117.852	132	126	124	121	120	118	115	114	113	110	107	0	0	0.000	0.000	0	0	0	0	0.000	0	0	0	0.000	0	0	0	0	0	0	0	0	0	0	0	0	0	0	0	0	0
79	79	486	616.614	548.857	0.869	23	64	209	143	35	23	64	209	143	35	104.881	117.872	125	122	121	120	119	118	117	116	115	114	111	103.000	272.969	335	304	295	287	280	274	268	260	251	241	210	0	0	0.000	0.000	0	0	0	0	0.000	0	0	0	0.000	0	0	0	0	0	0	0	0	0	0	0	0	0	0	0	0	0
80	80	2537	1099.712	573.171	0.895	57	395	1675	353	11	57	395	1675	353	11	106.268	136.438	959	135	131	129	127	125	122	119	118	116	112	105.452	997.416	1842	1550	1362	1215	1070	952	851	758	647	501	327	1	75	1115.382	571.146	0	0	0	433	463.067	0	0	1606	1575.813	0	0	0	0	0	0	0	0	0	0	0	0	0	0	0	0	0
81	81	1407	1288.538	566.257	0.887	59	394	763	140	21	59	394	763	140	21	106.000	129.626	148	140	135	132	130	129	127	126	124	122	112	104.972	669.721	1168	974	887	793	726	661	591	520	449	386	321	0	0	0.000	0.000	0	0	0	0	0.000	0	0	0	0.000	0	0	0	0	0	0	0	0	0	0	0	0	0	0	0	0	0
82	82	2612	1612.427	576.676	0.879	96	1305	1040	117	7	96	1305	1040	117	7	106.000	156.046	1698	154	146	141	138	135	133	130	127	122	112	104.569	1349.038	1870	1706	1638	1584	1534	1467	1376	1253	1051	758	416	1	72	1606.296	577.260	0	0	0	737	757.667	0	0	1470	1466.153	0	0	0	0	0	0	0	0	0	0	0	0	0	0	0	0	0
83	83	1567	218.811	578.261	0.855	170	711	428	179	60	170	711	428	179	60	104.471	220.839	537	303	229	215	209	202	195	189	181	173	154	105.476	729.082	938	894	855	824	791	750	707	669	616	520	360	1	57	205.687	578.810	0	0	0	455	453.632	0	0	804	779.333	0	0	0	0	0	0	0	0	0	0	0	0	0	0	0	0	0
84	84	2475	1156.116	578.769	0.897	513	1769	113	27	21	513	1769	113	27	21	106.605	545.834	8068	1119	226	152	145	142	140	137	134	130	116	106.582	725.508	1132	995	927	856	796	730	671	608	546	437	262	1	235	1150.690	568.781	0	0	0	3574	3871.000	0	0	930	904.064	0	0	0	0	0	0	0	0	0	0	0	0	0	0	0	0	0
85	85	2055	1969.894	584.026	0.882	65	481	1267	175	22	65	481	1267	175	22	104.377	151.412	948	147	141	138	136	134	132	130	127	122	112	102.951	780.023	1190	1054	961	889	836	774	713	657	606	528	339	1	84	1964.910	566.856	0	0	0	497	500.690	0	0	822	796.512	0	0	0	0	0	0	0	0	0	0	0	0	0	0	0	0	0
86	86	2178	36.606	593.299	0.866	1036	991	74	26	6	1036	991	74	26	6	102.809	118.464	127	123	122	121	120	119	118	116	115	113	108	111.347	3063.770	4697	4149	3778	3534	3312	3092	2874	2635	2394	1969	1041	0	0	0.000	0.000	0	0	0	0	0.000	0	0	0	0.000	0	0	0	0	0	0	0	0	0	0	0	0	0	0	0	0	0
87	87	202	1651.595	575.097	0.959	10	31	73	67	20	10	31	73	67	20	105.782	122.035	134	130	128	126	124	122	120	119	116	114	111	103.525	699.084	1075	996	925	870	817	725	653	562	463	373	240	0	0	0.000	0.000	0	0	0	0	0.000	0	0	0	0.000	0	0	0	0	0	0	0	0	0	0	0	0	0	0	0	0	0
88	88	1590	605.440	594.081	0.846	44	40	390	969	118	44	40	390	969	118	105.000	149.740	1208	148	126	124	123	121	120	118	116	113	108	103.000	279.075	385	354	335	311	296	277	260	245	230	212	152	1	89	601.083	581.552	0	0	0	522	563.955	0	0	323	316.719	0	0	0	0	0	0	0	0	0	0	0	0	0	0	0	0	0
89	89	270	1929.899	581.891	0.934	25	32	72	95	41	25	32	72	95	41	105.000	111.107	115	113	112	112	111	111	111	110	110	109	108	102.600	234.011	291	276	265	255	245	235	226	216	204	190	169	0	0	0.000	0.000	0	0	0	0	0.000	0	0	0	0.000	0	0	0	0	0	0	0	0	0	0	0	0	0	0	0	0	0
90	90	1177	1320.936	603.073	0.885	6	42	274	711	121	6	42	274	711	121	106.000	111.060	117	114	113	112	111	111	110	110	110	109	106	104.927	306.833	437	387	366	347	328	309	288	268	249	223	178	0	0	0.000	0.000	0	0	0	0	0.000	0	0	0	0.000	0	0	0	0	0	0	0	0	0	0	0	0	0	0	0	0	0
91	91	358	1535.446	593.475	0.886	37	78	163	67	5	37	78	163	67	5	105.768	116.874	121	120	119	119	118	117	116	115	115	114	111	104.785	546.821	820	756	693	643	596	545	496	447	404	363	275	0	0	0.000	0.000	0	0	0	0	0.000	0	0	0	0.000	0	0	0	0	0	0	0	0	0	0	0	0	0	0	0	0	0
92	92	2227	96.349	613.541	0.910	807	792	435	94	64	807	792	435	94	64	103.592	119.477	128	125	124	123	122	121	119	117	115	112	106	109.669	3662.812	5255	4859	4621	4373	4135	3908	3667	3335	2808	1877	1050	0	0	0.000	0.000	0	0	0	0	0.000	0	0	0	0.000	0	0	0	0	0	0	0	0	0	0	0	0	0	0	0	0	0
93	93	2388	1568.930	618.487	0.888	44	591	1391	295	15	44	591	1391	295	15	106.000	700.905	9491	1730	244	148	136	131	126	123	121	118	111	105.000	963.392	1463	1290	1222	1160	1067	999	935	821	695	549	293	1	281	1576.318	620.816	0	0	0	4286	4596.509	0	0	1199	1156.409	0	0	0	0	0	0	0	0	0	0	0	0	0	0	0	0	0
94	94	1953	1269.877	620.144	0.879	80	446	1233	156	11	80	446	1233	156	11	106.000	135.573	172	149	144	140	138	135	132	129	126	122	112	104.793	690.439	1133	983	897	842	773	715	649	569	459	337	240	0	0	0.000	0.000	0	0	0	0	0.000	0	0	0	0.000	0	0	0	0	0	0	0	0	0	0	0	0	0	0	0	0	0
95	95	2131	1117.337	628.970	0.876	64	1172	749	93	9	64	1172	749	93	9	106.000	120.947	130	126	124	123	123	122	120	119	117	115	110	104.389	1077.006	1662	1514	1416	1334	1250	1134	1019	886	695	523	378	0	0	0.000	0.000	0	0	0	0	0.000	0	0	0	0.000	0	0	0	0	0	0	0	0	0	0	0	0	0	0	0	0	0
96	96	1505	637.485	624.816	0.863	26	200	902	337	9	26	200	902	337	9	105.000	132.773	794	131	124	121	120	118	117	115	114	111	107	103.000	258.512	354	324	309	297	281	268	255	243	223	158	110	1	73	637.331	630.082	0	0	0	349	376.740	0	0	259	262.836	0	0	0	0	0	0	0	0	0	0	0	0	0	0	0	0	0
97	97	855	1176.895	623.293	0.871	62	217	327	190	40	62	217	327	190	40	105.942	133.609	146	142	140	138	135	134	132	130	128	125	117	105.251	585.112	908	825	755	685	636	584	531	477	429	362	263	0	0	0.000	0.000	0	0	0	0	0.000	0	0	0	0.000	0	0	0	0	0	0	0	0	0	0	0	0	0	0	0	0	0
98	98	2855	32.436	655.774	0.871	66	955	1487	267	38	66	955	1487	267	38	102.561	144.946	174	166	160	155	149	143	138	135	132	127	114	109.275	2812.249	5272	4662	4174	3709	3170	2713	2341	1905	1485	1069	599	0	0	0.000	0.000	0	0	0	0	0.000	0	0	0	0.000	0	0	0	0	0	0	0	0	0	0	0	0	0	0	0	0	0
99	99	1488	1508.070	655.671	0.860	20	150	853	373	55	20	150	853	373	55	105.883	184.085	1078	334	135	119	117	115	114	114	113	112	110	104.713	528.063	766	687	641	591	554	529	503	472	427	368	284	1	184	1499.402	653.481	0	0	0	605	620.533	0	0	647	626.918	0	0	0	0	0	0	0	0	0	0	0	0	0	0	0	0	0
100	100	1136	1297.188	661.246	0.918	47	100	220	531	206	47	100	220	531	206	106.000	131.325	148	142	139	136	133	130	129	127	126	122	110	104.000	571.016	946	802	746	700	642	572	519	465	401	343	159	0	0	0.000	0.000	0	0	0	0	0.000	0	0	0	0.000	0	0	0	0	0	0	0	0	0	0	0	0	0	0	0	0	0
101	101	745	754.884	671.692	0.900	284	320	68	36	16	284	320	68	36	16	106.000	118.545	248	122	120	119	118	117	116	115	114	112	109	103.993	561.792	758	714	688	657	614	568	522	481	438	393	307	0	0	0.000	0.000	0	0	0	0	0.000	0	0	0	0.000	0	0	0	0	0	0	0	0	0	0	0	0	0	0	0	0	0
102	102	2051	1096.478	689.462	0.878	52	67	676	1115	104	52	67	676	1115	104	106.000	121.123	131	127	126	125	123	122	120	118	116	114	108	104.000	1200.647	1846	1673	1589	1505	1402	1310	1174	996	767	510	336	0	0	0.000	0.000	0	0	0	0	0.000	0	0	0	0.000	0	0	0	0	0	0	0	0	0	0	0	0	0	0	0	0	0
103	103	342	1541.330	670.630	0.909	27	79	82	108	36	27	79	82	108	36	106.000	110.140	112	111	111	111	110	110	110	110	109	109	108	105.000	210.652	292	267	248	236	219	204	194	184	175	162	144	0	0	0.000	0.000	0	0	0	0	0.000	0	0	0	0.000	0	0	0	0	0	0	0	0	0	0	0	0	0	0	0	0	0
104	104	381	1392.445	689.717	0.913	40	117	101	101	12	40	117	101	101	12	106.199	124.215	138	133	130	129	127	125	124	120	117	114	111	104.000	329.772	877	425	375	354	335	316	297	276	246	204	149	0	0	0.000	0.000	0	0	0	0	0.000	0	0	0	0.000	0	0	0	0	0	0	0	0	0	0	0	0	0	0	0	0	0
105	105	1632	729.424	704.146	0.894	32	130	351	962	132	32	130	351	962	132	106.000	232.228	2292	394	143	124	121	119	118	117	116	114	109	104.000	548.654	838	712	660	621	588	552	513	470	425	382	253	1	163	725.186	703.892	0	0	0	1033	1114.589	0	0	606	594.810	0	0	0	0	0	0	0	0	0	0	0	0	0	0	0	0	0
106	106	1971	1680.075	708.430	0.902	25	174	750	921	53	25	174	750	921	53	106.469	129.927	156	141	138	136	133	130	128	124	121	117	110	106.485	1999.544	2950	2706	2562	2432	2305	2166	1959	1708	1394	1003	593	0	0	0.000	0.000	0	0	0	0	0.000	0	0	0	0.000	0	0	0	0	0	0	0	0	0	0	0	0	0	0	0	0	0
107	107	1222	774.688	706.578	0.894	125	662	250	139	26	125	662	250	139	26	106.000	128.630	595	125	122	120	119	119	118	117	116	114	112	104.000	506.547	691	638	611	581	549	512	477	441	411	367	238	1	70	766.317	689.225	0	0	0	319	328.671	0	0	485	471.214	0	0	0	0	0	0	0	0	0	0	0	0	0	0	0	0	0
108	108	1443	62.316	710.153	0.902	70	243	815	274	22	70	243	815	274	22	102.061	109.512	131	114	111	110	109	108	108	107	107	106	103	105.297	754.726	1100	992	944	899	840	773	708	635	564	479	321	1	106	66.324	699.042	0	0	0	121	121.019	0	0	722	732.302	0	0	0	0	0	0	0	0	0	0	0	0	0	0	0	0	0
109	109	2036	1414.189	721.400	0.895	47	237	1516	207	12	47	237	1516	207	12	106.673	235.068	1630	267	238	222	210	200	189	177	165	153	126	104.108	897.269	1673	1434	1231	1094	990	891	796	684	550	411	137	1	88	1401.886	714.043	0	0	0	873	903.932	0	0	1056	1042.807	0	0	0	0	0	0	0	0	0	0	0	0	0	0	0	0	0
110	110	1638	1585.973	722.906	0.881	58	133	833	557	30	58	133	833	557	30	106.007	120.579	135	127	123	122	121	121	120	118	117	115	110	106.000	2168.985	2934	2778	2652	2531	2410	2275	2133	1971	1711	1319	782	0	0	0.000	0.000	0	0	0	0	0.000	0	0	0	0.000	0	0	0	0	0	0	0	0	0	0	0	0	0	0	0	0	0
111	111	1777	1358.256	728.407	0.891	57	161	1143	355	29	57	161	1143	355	29	106.000	197.671	253	236	224	215	208	201	193	183	169	155	133	104.035	954.479	1530	1377	1256	1122	998	937	864	796	698	550	384	0	0	0.000	0.000	0	0	0	0	0.000	0	0	0	0.000	0	0	0	0	0	0	0	0	0	0	0	0	0	0	0	0	0
112	112	1729	1642.637	735.457	0.893	25	962	660	29	7	25	962	660	29	7	106.999	146.069	459	221	152	131	125	121	119	117	116	114	109	106.877	1503.255	2730	2316	2128	1978	1769	1546	1288	1059	821	607	455	1	230	1640.848	742.394	0	0	0	265	278.548	0	0	2091	1948.465	0	0	0	0	0	0	0	0	0	0	0	0	0	0	0	0	0
113	113	1839	1522.943	746.063	0.866	44	140	886	666	64	44	140	886	666	64	106.252	132.616	177	143	136	135	133	132	130	128	126	123	113	106.377	185.709	236	214	203	197	191	185	179	173	168	161	134	0	0	0.000	0.000	0	0	0	0	0.000	0	0	0	0.000	0	0	0	0	0	0	0	0	0	0	0	0	0	0	0	0	0
114	114	1682	805.397	747.320	0.872	53	43	365	1096	98	53	43	365	1096	98	106.000	132.281	158	142	139	137	135	133	130	128	125	121	112	103.628	364.079	515	463	439	416	391	367	341	317	292	261	172	0	0	0.000	0.000	0	0	0	0	0.000	0	0	0	0.000	0	0	0	0	0	0	0	0	0	0	0	0	0	0	0	0	0
115	115	1875	853.537	749.361	0.891	16	283	1045	454	33	16	283	1045	454	33	106.000	133.800	172	141	139	137	136	134	133	131	129	124	115	103.378	364.915	508	458	428	402	380	359	343	327	306	280	229	0	0	0.000	0.000	0	0	0	0	0.000	0	0	0	0.000	0	0	0	0	0	0	0	0	0	0	0	0	0	0	0	0	0
116	116	1421	78.235	758.402	0.909	402	915	56	13	6	402	915	56	13	6	102.000	108.879	115	112	111	110	109	108	108	108	107	106	105	103.233	650.210	1052	929	857	803	741	679	601	510	413	340	219	0	0	0.000	0.000	0	0	0	0	0.000	0	0	0	0.000	0	0	0	0	0	0	0	0	0	0	0	0	0	0	0	0	0
117	117	2030	1690.714	763.995	0.892	278	352	544	730	91	278	352	544	730	91	106.967	183.290	1004	307	168	143	138	136	134	130	126	121	114	107.025	1929.821	2922	2623	2540	2437	2301	2111	1843	1531	1262	935	512	1	208	1688.650	755.748	0	0	0	501	529.697	0	0	1294	1263.861	0	0	0	0	0	0	0	0	0	0	0	0	0	0	0	0	0
118	118	641	1568.927	756.810	0.905	24	254	280	55	19	24	254	280	55	19	106.022	121.348	130	126	125	124	123	122	120	119	118	116	113	106.329	1309.850	1970	1875	1771	1648	1509	1350	1168	996	840	708	490	0	0	0.000	0.000	0	0	0	0	0.000	0	0	0	0.000	0	0	0	0	0	0	0	0	0	0	0	0	0	0	0	0	0
119	119	1366	629.671	770.889	0.897	136	386	713	91	15	136	386	713	91	15	104.910	120.030	133	128	125	123	121	119	118	117	115	114	110	103.000	1208.911	2128	1567	1388	1317	1278	1250	1189	1094	961	819	474	0	0	0.000	0.000	0	0	0	0	0.000	0	0	0	0.000	0	0	0	0	0	0	0	0	0	0	0	0	0	0	0	0	0
120	120	1606	1231.981	771.891	0.893	34	56	767	687	33	34	56	767	687	33	105.762	114.197	122	118	116	115	115	114	113	113	112	111	109	106.624	2316.679	4369	3509	3194	2941	2689	2440	2046	1639	1253	1022	763	0	0	0.000	0.000	0	0	0	0	0.000	0	0	0	0.000	0	0	0	0	0	0	0	0	0	0	0	0	0	0	0	0	0
121	121	1292	913.155	777.024	0.891	17	62	519	613	63	17	62	519	613	63	105.815	112.187	119	115	114	113	113	112	112	111	111	110	107	104.000	645.896	944	853	797	748	700	655	606	556	496	417	291	0	0	0.000	0.000	0	0	0	0	0.000	0	0	0	0.000	0	0	0	0	0	0	0	0	0	0	0	0	0	0	0	0	0
122	122	2054	1552.109	797.935	0.842	385	1484	125	25	5	385	1484	125	25	5	106.994	120.489	129	126	124	123	122	121	120	118	116	115	111	106.999	1580.923	2800	2449	2206	2020	1817	1636	1426	1190	921	610	313	0	0	0.000	0.000	0	0	0	0	0.000	0	0	0	0.000	0	0	0	0	0	0	0	0	0	0	0	0	0	0	0	0	0
123	123	1297	1457.329	788.491	0.895	19	311	817	108	12	19	311	817	108	12	106.142	126.546	141	136	133	130	129	127	124	122	120	118	113	106.015	586.914	878	803	751	696	638	580	523	475	430	393	257	0	0	0.000	0.000	0	0	0	0	0.000	0	0	0	0.000	0	0	0	0	0	0	0	0	0	0	0	0	0	0	0	0	0
124	124	1574	1181.105	790.919	0.920	63	104	931	421	23	63	104	931	421	23	105.890	119.212	143	127	123	120	119	118	117	116	115	113	109	106.334	4543.586	6245	5687	5431	5244	5030	4804	4514	4145	3649	2892	1471	0	0	0.000	0.000	0	0	0	0	0.000	0	0	0	0.000	0	0	0	0	0	0	0	0	0	0	0	0	0	0	0	0	0
125	125	345	837.425	783.611	0.919	32	84	113	103	9	32	84	113	103	9	106.000	114.901	121	118	117	116	116	115	114	114	113	112	109	104.000	197.928	250	237	228	219	210	200	189	179	169	156	138	0	0	0.000	0.000	0	0	0	0	0.000	0	0	0	0.000	0	0	0	0	0	0	0	0	0	0	0	0	0	0	0	0	0
126	126	1396	1518.639	801.524	0.876	124	1046	164	22	24	124	1046	164	22	24	106.958	131.625	156	141	137	135	134	132	130	128	125	122	113	107.000	229.156	1386	274	214	204	197	189	182	173	164	150	133	0	0	0.000	0.000	0	0	0	0	0.000	0	0	0	0.000	0	0	0	0	0	0	0	0	0	0	0	0	0	0	0	0	0
127	127	796	1720.061	794.058	0.783	551	171	34	19	8	551	171	34	19	8	106.109	122.112	135	128	126	125	124	122	121	119	118	116	112	107.361	1181.577	1879	1666	1518	1425	1327	1197	1048	952	833	704	417	0	0	0.000	0.000	0	0	0	0	0.000	0	0	0	0.000	0	0	0	0	0	0	0	0	0	0	0	0	0	0	0	0	0
128	128	294	1422.785	794.482	0.913	13	64	120	72	15	13	64	120	72	15	107.000	117.820	123	122	121	120	119	118	117	117	115	113	110	105.918	323.116	456	417	393	370	344	324	301	281	254	230	191	0	0	0.000	0.000	0	0	0	0	0.000	0	0	0	0.000	0	0	0	0	0	0	0	0	0	0	0	0	0	0	0	0	0
129	129	1399	999.367	811.700	0.911	36	327	821	177	13	36	327	821	177	13	106.000	112.560	119	115	114	113	113	112	112	111	111	110	108	103.345	695.704	988	909	879	838	785	723	659	586	504	421	314	0	0	0.000	0.000	0	0	0	0	0.000	0	0	0	0.000	0	0	0	0	0	0	0	0	0	0	0	0	0	0	0	0	0
130	130	1221	949.708	814.326	0.898	37	156	595	370	49	37	156	595	370	49	106.055	113.043	125	117	116	114	113	112	112	111	110	110	107	104.000	724.333	1079	977	917	871	806	723	660	599	537	467	290	2	34	941.327	813.000	53	953.588	804.040	120	119.676	120	120.189	833	812.735	690	705.057	0	0	0	0	0	0	0	0	0	0	0	0	0	0	0
131	131	2045	1277.729	824.433	0.896	6	90	897	923	96	6	90	897	923	96	106.944	469.097	5895	752	201	188	182	174	167	156	146	138	126	107.000	1693.383	2788	2417	2275	2120	1978	1823	1597	1313	1056	763	434	1	200	1262.058	814.578	0	0	0	2834	2993.515	0	0	2040	2028.780	0	0	0	0	0	0	0	0	0	0	0	0	0	0	0	0	0
132	132	1708	1588.162	824.170	0.866	102	1330	224	14	7	102	1330	224	14	7	106.823	125.672	137	132	130	129	127	126	125	123	121	118	113	106.537	1989.961	3194	2800	2548	2370	2216	2026	1821	1618	1418	1173	461	0	0	0.000	0.000	0	0	0	0	0.000	0	0	0	0.000	0	0	0	0	0	0	0	0	0	0	0	0	0	0	0	0	0
133	133	608	895.806	820.515	0.786	12	35	187	300	64	12	35	187	300	64	105.120	112.551	117	115	114	114	113	113	112	112	111	110	108	104.000	527.359	757	666	605	571	544	522	496	468	440	410	374	0	0	0.000	0.000	0	0	0	0	0.000	0	0	0	0.000	0	0	0	0	0	0	0	0	0	0	0	0	0	0	0	0	0
134	134	1061	1421.075	831.985	0.922	29	97	311	554	42	29	97	311	554	42	106.820	120.659	133	127	124	123	121	120	119	118	117	115	109	106.425	412.074	644	544	502	466	435	407	378	348	318	288	246	0	0	0.000	0.000	0	0	0	0	0.000	0	0	0	0.000	0	0	0	0	0	0	0	0	0	0	0	0	0	0	0	0	0
135	135	424	579.567	830.295	0.941	9	68	202	116	16	9	68	202	116	16	104.809	114.335	122	118	116	115	115	114	114	113	112	111	107	103.092	534.981	657	621	595	582	571	558	539	520	481	405	268	0	0	0.000	0.000	0	0	0	0	0.000	0	0	0	0.000	0	0	0	0	0	0	0	0	0	0	0	0	0	0	0	0	0
136	136	1808	1231.663	844.699	0.848	19	172	910	617	42	19	172	910	617	42	106.209	183.592	1134	184	164	160	157	154	150	146	140	135	120	107.000	2160.316	3242	2937	2794	2611	2467	2293	2095	1813	1473	1159	530	1	110	1224.573	860.115	0	0	0	601	621.873	0	0	2667	2494.982	0	0	0	0	0	0	0	0	0	0	0	0	0	0	0	0	0
137	137	1631	617.230	844.443	0.904	44	72	708	714	58	44	72	708	714	58	105.000	117.215	130	122	120	119	118	117	116	115	114	113	109	104.000	623.519	907	785	712	677	651	625	596	565	521	474	326	0	0	0.000	0.000	0	0	0	0	0.000	0	0	0	0.000	0	0	0	0	0	0	0	0	0	0	0	0	0	0	0	0	0
138	138	2099	1331.027	851.250	0.875	66	971	961	52	5	66	971	961	52	5	107.000	161.366	442	204	165	160	154	150	146	141	134	126	116	107.000	2645.581	4009	3556	3368	3213	3020	2786	2521	2231	1880	1502	635	1	118	1331.562	849.128	0	0	0	315	320.068	0	0	1850	2014.585	0	0	0	0	0	0	0	0	0	0	0	0	0	0	0	0	0
139	139	1208	1174.468	853.732	0.888	24	94	747	286	33	24	94	747	286	33	106.000	161.557	203	171	167	166	164	162	160	157	154	149	134	106.276	2313.262	2918	2730	2638	2583	2522	2444	2332	2179	1956	1678	1098	0	0	0.000	0.000	0	0	0	0	0.000	0	0	0	0.000	0	0	0	0	0	0	0	0	0	0	0	0	0	0	0	0	0
140	140	2397	1385.718	876.406	0.908	1479	778	15	10	10	1479	778	15	10	10	107.000	162.190	327	177	175	172	169	165	160	153	146	137	126	106.200	3279.496	4681	4409	4245	4055	3818	3545	3187	2724	2197	1660	1140	0	0	0.000	0.000	0	0	0	0	0.000	0	0	0	0.000	0	0	0	0	0	0	0	0	0	0	0	0	0	0	0	0	0
141	141	1882	1276.842	872.522	0.917	6	123	904	776	29	6	123	904	776	29	106.728	168.649	198	191	187	183	179	173	166	157	148	140	126	106.511	1900.513	2760	2546	2439	2354	2231	2092	1865	1578	1282	969	488	0	0	0.000	0.000	0	0	0	0	0.000	0	0	0	0.000	0	0	0	0	0	0	0	0	0	0	0	0	0	0	0	0	0
142	142	1470	664.313	874.300	0.911	21	107	483	735	95	21	107	483	735	95	105.036	117.444	133	124	121	118	117	116	116	115	114	113	109	103.979	592.848	806	736	698	666	639	607	572	535	488	441	273	0	0	0.000	0.000	0	0	0	0	0.000	0	0	0	0.000	0	0	0	0	0	0	0	0	0	0	0	0	0	0	0	0	0
143	143	1910	1473.542	886.099	0.909	23	239	1110	450	53	23	239	1110	450	53	107.000	116.780	139	125	122	118	116	115	114	113	113	112	110	106.856	1461.726	1976	1814	1771	1728	1672	1597	1493	1341	1116	871	503	0	0	0.000	0.000	0	0	0	0	0.000	0	0	0	0.000	0	0	0	0	0	0	0	0	0	0	0	0	0	0	0	0	0
144	144	1213	1219.265	896.840	0.912	77	314	625	137	32	77	314	625	137	32	106.025	185.161	245	217	209	202	194	188	180	172	160	147	129	105.757	2291.469	4176	3059	2766	2600	2447	2315	2167	1963	1748	1494	856	0	0	0.000	0.000	0	0	0	0	0.000	0	0	0	0.000	0	0	0	0	0	0	0	0	0	0	0	0	0	0	0	0	0
145	145	1969	1510.278	923.505	0.880	60	110	990	725	45	60	110	990	725	45	106.987	115.979	131	123	119	117	116	115	114	113	112	111	109	106.892	1363.596	1835	1704	1638	1567	1508	1445	1373	1283	1133	853	395	0	0	0.000	0.000	0	0	0	0	0.000	0	0	0	0.000	0	0	0	0	0	0	0	0	0	0	0	0	0	0	0	0	0
146	146	1996	1653.083	931.911	0.899	833	481	361	223	67	833	481	361	223	67	110.000	162.637	892	163	159	157	156	155	153	151	149	146	139	108.372	1512.158	2008	1877	1814	1732	1644	1564	1470	1360	1238	1093	521	1	52	1644.833	950.575	0	0	0	493	490.288	0	0	1802	1750.385	0	0	0	0	0	0	0	0	0	0	0	0	0	0	0	0	0
147	147	1766	1458.761	962.055	0.895	43	537	972	160	8	43	537	972	160	8	107.000	144.012	166	159	156	154	149	146	140	135	131	127	121	106.686	1203.727	1828	1679	1618	1561	1460	1333	1180	955	717	488	286	0	0	0.000	0.000	0	0	0	0	0.000	0	0	0	0.000	0	0	0	0	0	0	0	0	0	0	0	0	0	0	0	0	0
148	148	498	799.300	971.467	0.921	32	186	153	96	26	32	186	153	96	26	105.000	138.014	159	151	145	141	139	137	135	133	131	129	124	103.000	116.225	127	121	120	118	117	116	115	114	113	112	109	0	0	0.000	0.000	0	0	0	0	0.000	0	0	0	0.000	0	0	0	0	0	0	0	0	0	0	0	0	0	0	0	0	0
149	149	1312	1668.328	981.124	0.882	615	248	207	184	43	615	248	207	184	43	110.000	163.382	183	175	173	170	167	163	161	159	155	150	139	108.698	1300.627	1772	1643	1553	1461	1402	1340	1260	1155	1033	912	730	0	0	0.000	0.000	0	0	0	0	0.000	0	0	0	0.000	0	0	0	0	0	0	0	0	0	0	0	0	0	0	0	0	0
150	150	1812	1355.921	1001.740	0.909	76	368	1104	198	26	76	368	1104	198	26	106.986	154.107	860	193	131	125	123	122	121	120	119	117	112	106.247	1234.054	1974	1750	1635	1487	1325	1193	1090	983	880	766	471	1	144	1348.497	994.322	0	0	0	446	462.708	0	0	1442	1394.111	0	0	0	0	0	0	0	0	0	0	0	0	0	0	0	0	0
151	151	1564	1584.161	1006.236	0.917	835	503	149	37	6	835	503	149	37	6	109.341	166.341	901	177	157	153	150	148	146	143	138	131	122	108.350	170.944	467	210	185	171	165	160	155	151	146	136	126	1	74	1591.234	1006.052	0	0	0	462	486.351	0	0	195	189.257	0	0	0	0	0	0	0	0	0	0	0	0	0	0	0	0	0
152	152	1118	1985.743	998.783	0.788	19	45	479	498	54	19	45	479	498	54	104.362	115.949	123	120	119	118	117	116	115	114	113	111	108	103.836	1591.942	2498	2288	2152	2026	1865	1669	1457	1236	986	755	518	0	0	0.000	0.000	0	0	0	0	0.000	0	0	0	0.000	0	0	0	0	0	0	0	0	0	0	0	0	0	0	0	0	0
153	153	2108	619.366	1005.985	0.905	120	849	947	121	15	120	849	947	121	15	106.000	2544.423	31078	9132	1769	459	239	185	171	163	155	144	124	102.857	121.342	158	132	124	123	121	120	118	117	115	113	105	0	0	0.000	0.000	0	0	0	0	0.000	0	0	0	0.000	0	0	0	0	0	0	0	0	0	0	0	0	0	0	0	0	0
154	154	2712	1475.953	1021.103	0.865	34	867	1477	250	16	34	867	1477	250	16	107.758	146.394	166	158	154	152	150	147	145	142	139	134	117	108.005	1251.916	1854	1681	1602	1494	1370	1251	1157	1055	928	788	392	0	0	0.000	0.000	0	0	0	0	0.000	0	0	0	0.000	0	0	0	0	0	0	0	0	0	0	0	0	0	0	0	0	0
155	155	889	1536.729	1027.522	0.906	197	477	131	47	14	197	477	131	47	14	109.000	126.007	136	133	132	130	129	127	125	122	119	117	113	108.000	1101.863	1575	1488	1425	1355	1278	1180	1065	908	761	586	376	0	0	0.000	0.000	0	0	0	0	0.000	0	0	0	0.000	0	0	0	0	0	0	0	0	0	0	0	0	0	0	0	0	0
156	156	1868	1320.983	1046.156	0.895	967	715	63	59	13	967	715	63	59	13	107.000	122.753	178	130	126	124	122	121	120	118	117	115	112	106.256	1267.021	2146	1811	1640	1506	1395	1273	1147	1051	911	694	370	1	46	1324.337	1048.601	0	0	0	162	160.783	0	0	916	934.478	0	0	0	0	0	0	0	0	0	0	0	0	0	0	0	0	0
157	157	429	1783.546	1033.512	0.958	101	115	119	47	40	101	115	119	47	40	107.009	133.387	162	154	148	138	134	132	129	125	121	116	112	105.000	175.429	229	212	200	190	183	176	167	159	151	140	126	0	0	0.000	0.000	0	0	0	0	0.000	0	0	0	0.000	0	0	0	0	0	0	0	0	0	0	0	0	0	0	0	0	0
158	158	573	1371.498	1043.169	0.941	34	53	182	235	55	34	53	182	235	55	107.000	116.267	121	119	118	117	117	116	116	115	114	114	111	107.433	823.176	1111	1009	947	901	865	825	793	754	703	638	485	0	0	0.000	0.000	0	0	0	0	0.000	0	0	0	0.000	0	0	0	0	0	0	0	0	0	0	0	0	0	0	0	0	0
159	159	1896	1597.283	1051.057	0.880	982	420	206	156	94	982	420	206	156	94	108.871	279.654	3811	344	170	161	156	153	148	144	138	132	126	107.902	161.838	282	206	183	171	161	153	147	142	138	132	123	1	128	1610.418	1044.932	0	0	0	1625	1770.047	0	0	165	164.016	0	0	0	0	0	0	0	0	0	0	0	0	0	0	0	0	0
160	160	1533	1711.286	1054.119	0.896	588	878	27	11	12	588	878	27	11	12	109.000	146.545	256	156	153	151	149	147	145	142	137	131	123	106.828	139.920	160	151	147	145	143	140	138	135	132	129	122	0	0	0.000	0.000	0	0	0	0	0.000	0	0	0	0.000	0	0	0	0	0	0	0	0	0	0	0	0	0	0	0	0	0
161	161	1556	1655.922	1065.711	0.866	150	174	539	604	63	150	174	539	604	63	108.726	143.771	177	158	152	147	144	142	140	138	136	133	123	107.547	141.381	167	155	151	147	143	140	138	136	133	129	120	0	0	0.000	0.000	0	0	0	0	0.000	0	0	0	0.000	0	0	0	0	0	0	0	0	0	0	0	0	0	0	0	0	0
162	162	1693	1431.930	1069.113	0.870	482	727	340	79	28	482	727	340	79	28	107.977	138.624	162	153	149	145	142	138	136	133	129	124	111	108.000	1063.802	1659	1494	1402	1315	1198	1097	993	887	727	564	289	0	0	0.000	0.000	0	0	0	0	0.000	0	0	0	0.000	0	0	0	0	0	0	0	0	0	0	0	0	0	0	0	0	0
163	163	2559	1484.813	1093.075	0.876	520	1675	280	32	14	520	1675	280	32	14	107.920	147.596	183	162	159	157	155	152	146	140	133	128	114	107.750	1154.248	1894	1637	1541	1462	1371	1245	1096	907	684	508	290	0	0	0.000	0.000	0	0	0	0	0.000	0	0	0	0.000	0	0	0	0	0	0	0	0	0	0	0	0	0	0	0	0	0
164	164	2085	1809.465	1093.698	0.861	55	629	1094	236	26	55	629	1094	236	26	107.000	233.622	551	301	263	252	241	227	211	194	177	162	140	104.459	166.721	204	191	187	184	179	171	163	153	144	134	119	1	36	1806.398	1092.643	0	0	0	506	502.639	0	0	176	173.250	0	0	0	0	0	0	0	0	0	0	0	0	0	0	0	0	0
165	165	2242	802.932	1098.489	0.892	37	184	864	953	167	37	184	864	953	167	105.350	114.630	129	119	117	115	115	114	113	113	112	111	108	104.160	1554.384	2454	2171	2028	1880	1759	1610	1456	1295	1071	815	480	0	0	0.000	0.000	0	0	0	0	0.000	0	0	0	0.000	0	0	0	0	0	0	0	0	0	0	0	0	0	0	0	0	0
166	166	1151	1709.678	1094.065	0.913	14	63	439	567	43	14	63	439	567	43	108.542	184.063	228	219	212	203	194	184	176	167	157	148	135	105.925	159.490	189	177	173	170	166	161	156	151	145	139	127	0	0	0.000	0.000	0	0	0	0	0.000	0	0	0	0.000	0	0	0	0	0	0	0	0	0	0	0	0	0	0	0	0	0
167	167	1573	1612.951	1105.372	0.912	433	1029	44	26	21	433	1029	44	26	21	107.620	143.551	168	158	153	150	148	144	141	137	132	128	120	106.020	140.409	165	153	150	146	143	140	137	134	131	128	116	0	0	0.000	0.000	0	0	0	0	0.000	0	0	0	0.000	0	0	0	0	0	0	0	0	0	0	0	0	0	0	0	0	0
168	168	1754	1755.002	1114.166	0.909	80	168	764	654	63	80	168	764	654	63	107.550	189.593	245	227	218	211	203	193	182	173	160	146	120	104.723	155.904	186	176	172	169	165	160	153	146	140	131	111	0	0	0.000	0.000	0	0	0	0	0.000	0	0	0	0.000	0	0	0	0	0	0	0	0	0	0	0	0	0	0	0	0	0
169	169	2495	1668.362	1119.572	0.908	243	1536	510	136	21	243	1536	510	136	21	107.595	125.698	163	138	133	129	127	124	121	120	118	116	111	105.455	634.803	1270	808	751	716	682	645	601	549	493	414	217	0	0	0.000	0.000	0	0	0	0	0.000	0	0	0	0.000	0	0	0	0	0	0	0	0	0	0	0	0	0	0	0	0	0
170	170	1099	1185.062	1121.999	0.924	43	135	558	315	24	43	135	558	315	24	106.000	121.996	133	128	126	125	124	123	122	120	117	115	110	104.000	1394.035	2112	1905	1770	1633	1501	1415	1314	1190	1029	867	485	0	0	0.000	0.000	0	0	0	0	0.000	0	0	0	0.000	0	0	0	0	0	0	0	0	0	0	0	0	0	0	0	0	0
171	171	2411	846.832	1140.570	0.902	235	1942	180	15	5	235	1942	180	15	5	106.000	115.932	129	122	119	117	116	115	114	113	113	112	107	104.445	1933.567	2719	2460	2366	2280	2175	2055	1912	1740	1567	1137	617	0	0	0.000	0.000	0	0	0	0	0.000	0	0	0	0.000	0	0	0	0	0	0	0	0	0	0	0	0	0	0	0	0	0
172	172	1340	1142.820	1132.748	0.901	14	40	439	716	105	14	40	439	716	105	106.000	123.934	181	140	128	124	122	120	119	117	116	114	109	103.996	1099.901	1828	1526	1354	1251	1172	1092	997	913	823	735	475	1	78	1138.000	1135.175	0	0	0	162	161.897	0	0	1266	1248.718	0	0	0	0	0	0	0	0	0	0	0	0	0	0	0	0	0
173	173	1755	2005.998	1137.786	0.890	16	43	652	960	46	16	43	652	960	46	104.390	199.056	266	243	230	220	210	200	189	177	165	155	130	104.006	1642.177	2745	2364	2225	2026	1842	1685	1503	1307	1051	798	539	0	0	0.000	0.000	0	0	0	0	0.000	0	0	0	0.000	0	0	0	0	0	0	0	0	0	0	0	0	0	0	0	0	0
174	174	1826	1905.309	1149.489	0.882	111	729	801	124	18	111	729	801	124	18	106.000	297.304	4334	366	195	182	174	167	160	152	145	138	121	103.000	127.593	157	135	132	130	129	127	126	125	123	119	110	1	111	1908.314	1138.527	0	0	0	1617	1967.378	0	0	142	142.495	0	0	0	0	0	0	0	0	0	0	0	0	0	0	0	0	0
175	175	1699	1337.429	1150.856	0.884	8	121	1111	382	47	8	121	1111	382	47	106.572	151.705	1061	146	135	134	132	131	129	127	125	123	114	105.170	499.533	690	642	613	580	543	507	471	434	393	347	223	1	75	1340.618	1147.427	0	0	0	494	534.347	0	0	401	411.973	0	0	0	0	0	0	0	0	0	0	0	0	0	0	0	0	0
176	176	1476	270.456	1158.482	0.893	62	567	767	43	6	62	567	767	43	6	104.000	126.904	143	136	133	131	129	127	125	123	120	117	109	102.465	371.364	579	512	469	428	397	363	335	310	280	243	200	0	0	0.000	0.000	0	0	0	0	0.000	0	0	0	0.000	0	0	0	0	0	0	0	0	0	0	0	0	0	0	0	0	0
177	177	948	28.919	1169.510	0.909	11	51	198	531	137	11	51	198	531	137	101.352	108.599	113	111	110	110	109	109	108	108	107	106	104	102.162	533.398	842	720	658	604	563	525	480	442	411	378	257	0	0	0.000	0.000	0	0	0	0	0.000	0	0	0	0.000	0	0	0	0	0	0	0	0	0	0	0	0	0	0	0	0	0
178	178	785	384.228	1170.163	0.888	10	128	280	296	60	10	128	280	296	60	104.025	112.930	117	115	115	114	114	113	113	112	111	110	108	102.153	122.229	137	128	126	125	124	123	122	120	118	115	109	0	0	0.000	0.000	0	0	0	0	0.000	0	0	0	0.000	0	0	0	0	0	0	0	0	0	0	0	0	0	0	0	0	0
179	179	1504	1169.085	1180.309	0.889	28	45	514	816	79	28	45	514	816	79	106.000	123.166	191	129	126	124	123	121	120	119	117	115	110	104.000	1028.547	1641	1456	1344	1252	1134	1023	909	811	709	601	408	1	39	1162.252	1175.632	0	0	0	166	167.744	0	0	1580	1554.590	0	0	0	0	0	0	0	0	0	0	0	0	0	0	0	0	0
180	180	350	2024.171	1171.641	0.946	36	86	106	90	21	36	86	106	90	21	104.346	123.314	134	132	130	128	126	125	122	120	116	113	110	104.540	453.706	690	629	592	552	504	464	423	369	320	262	193	0	0	0.000	0.000	0	0	0	0	0.000	0	0	0	0.000	0	0	0	0	0	0	0	0	0	0	0	0	0	0	0	0	0
181	181	602	1292.315	1178.268	0.915	23	27	159	337	44	23	27	159	337	44	106.000	120.507	126	124	123	123	122	121	120	119	118	116	112	105.596	330.880	449	401	380	364	347	329	312	298	281	262	227	0	0	0.000	0.000	0	0	0	0	0.000	0	0	0	0.000	0	0	0	0	0	0	0	0	0	0	0	0	0	0	0	0	0
182	182	573	1938.255	1178.470	0.928	39	92	263	158	12	39	92	263	158	12	105.504	131.358	149	143	140	137	135	132	129	126	122	119	113	103.000	119.038	131	126	124	122	120	119	118	116	114	113	106	0	0	0.000	0.000	0	0	0	0	0.000	0	0	0	0.000	0	0	0	0	0	0	0	0	0	0	0	0	0	0	0	0	0
183	183	1528	1686.972	1194.580	0.872	47	309	962	168	13	47	309	962	168	13	106.292	160.266	187	179	175	170	165	160	156	151	147	142	127	103.879	154.495	182	170	165	162	160	157	152	147	142	137	125	0	0	0.000	0.000	0	0	0	0	0.000	0	0	0	0.000	0	0	0	0	0	0	0	0	0	0	0	0	0	0	0	0	0
184	184	2363	1334.764	1202.452	0.858	66	1008	1131	83	24	66	1008	1131	83	24	106.791	151.698	842	155	137	135	133	132	130	128	125	121	112	105.641	456.365	733	628	579	548	510	464	411	362	323	277	182	1	132	1345.319	1221.861	0	0	0	423	458.129	0	0	630	581.652	0	0	0	0	0	0	0	0	0	0	0	0	0	0	0	0	0
185	185	2246	63.671	1208.826	0.856	33	771	1248	135	19	33	771	1248	135	19	102.492	150.911	1619	123	116	115	114	113	112	111	110	109	105	103.000	557.079	1120	866	754	673	602	537	480	403	323	268	230	1	128	55.322	1222.044	0	0	0	746	788.445	0	0	1036	1002.172	0	0	0	0	0	0	0	0	0	0	0	0	0	0	0	0	0
186	186	1751	382.823	1220.689	0.875	5	199	1253	237	20	5	199	1253	237	20	104.937	115.637	123	119	118	117	116	116	115	114	113	112	109	102.938	124.238	137	133	130	128	126	124	122	120	118	116	104	0	0	0.000	0.000	0	0	0	0	0.000	0	0	0	0.000	0	0	0	0	0	0	0	0	0	0	0	0	0	0	0	0	0
187	187	1543	1838.907	1225.713	0.905	82	300	994	130	3	82	300	994	130	3	107.000	156.041	200	171	169	166	162	158	154	149	144	135	121	103.551	464.622	692	616	579	555	530	500	462	396	319	248	194	0	0	0.000	0.000	0	0	0	0	0.000	0	0	0	0.000	0	0	0	0	0	0	0	0	0	0	0	0	0	0	0	0	0
188	188	1220	1646.621	1222.235	0.917	5	33	373	698	89	5	33	373	698	89	106.761	153.835	178	168	164	160	158	155	152	149	143	137	127	104.000	148.861	177	162	157	154	151	149	147	144	140	135	125	0	0	0.000	0.000	0	0	0	0	0.000	0	0	0	0.000	0	0	0	0	0	0	0	0	0	0	0	0	0	0	0	0	0
189	189	465	1181.841	1219.661	0.950	42	50	143	171	54	42	50	143	171	54	106.361	115.241	123	119	118	117	116	115	114	114	112	111	110	104.000	546.280	804	735	669	613	580	541	504	469	426	384	277	0	0	0.000	0.000	0	0	0	0	0.000	0	0	0	0.000	0	0	0	0	0	0	0	0	0	0	0	0	0	0	0	0	0
190	190	607	1682.551	1231.496	0.911	44	242	202	90	17	44	242	202	90	17	106.191	154.343	176	170	167	165	161	158	153	148	143	131	118	103.911	142.285	165	155	152	150	148	145	141	138	133	124	112	0	0	0.000	0.000	0	0	0	0	0.000	0	0	0	0.000	0	0	0	0	0	0	0	0	0	0	0	0	0	0	0	0	0
191	191	1757	289.325	1250.594	0.885	13	46	923	709	29	13	46	923	709	29	104.868	187.166	1651	245	146	139	136	134	131	129	125	122	111	103.702	507.841	864	719	643	588	549	515	472	415	357	286	222	1	121	292.447	1256.714	0	0	0	719	787.372	0	0	496	482.405	0	0	0	0	0	0	0	0	0	0	0	0	0	0	0	0	0
192	192	1502	1281.639	1250.647	0.881	35	467	823	138	9	35	467	823	138	9	107.405	113.993	119	116	115	115	114	114	113	113	113	112	110	106.288	831.942	1192	1042	985	948	908	854	784	716	650	588	464	0	0	0.000	0.000	0	0	0	0	0.000	0	0	0	0.000	0	0	0	0	0	0	0	0	0	0	0	0	0	0	0	0	0
193	193	2399	194.854	1256.672	0.886	267	1373	643	75	8	267	1373	643	75	8	104.087	120.404	131	126	124	123	122	121	120	118	116	114	109	104.585	2754.362	4166	3750	3460	3250	3058	2870	2683	2473	2111	1396	781	0	0	0.000	0.000	0	0	0	0	0.000	0	0	0	0.000	0	0	0	0	0	0	0	0	0	0	0	0	0	0	0	0	0
194	194	2434	1446.939	1260.326	0.883	11	301	1849	222	10	11	301	1849	222	10	107.379	118.523	128	124	122	120	119	118	117	116	115	114	109	105.821	3549.350	5559	4984	4591	4253	3934	3661	3341	2942	2496	1946	1054	0	0	0.000	0.000	0	0	0	0	0.000	0	0	0	0.000	0	0	0	0	0	0	0	0	0	0	0	0	0	0	0	0	0
195	195	1641	423.649	1255.285	0.889	38	440	903	201	14	38	440	903	201	14	105.338	115.894	122	119	118	117	117	116	115	115	114	113	108	102.999	122.066	141	129	127	125	123	122	120	119	117	116	108	0	0	0.000	0.000	0	0	0	0	0.000	0	0	0	0.000	0	0	0	0	0	0	0	0	0	0	0	0	0	0	0	0	0
196	196	1671	1877.719	1264.896	0.926	63	406	1063	106	8	63	406	1063	106	8	106.496	155.337	255	177	167	162	158	153	149	144	139	132	120	103.804	448.054	805	664	603	536	477	437	389	342	293	247	186	0	0	0.000	0.000	0	0	0	0	0.000	0	0	0	0.000	0	0	0	0	0	0	0	0	0	0	0	0	0	0	0	0	0
197	197	1374	1337.840	1261.968	0.910	21	185	795	326	15	21	185	795	326	15	107.370	112.544	117	115	114	113	113	112	112	112	111	111	109	106.193	210.102	282	263	254	240	227	212	195	180	167	155	141	0	0	0.000	0.000	0	0	0	0	0.000	0	0	0	0.000	0	0	0	0	0	0	0	0	0	0	0	0	0	0	0	0	0
198	198	1638	591.084	1270.374	0.873	36	433	920	201	17	36	433	920	201	17	106.000	117.075	124	121	120	119	118	117	116	115	114	113	108	103.000	142.770	171	160	154	149	144	141	137	135	132	130	118	0	0	0.000	0.000	0	0	0	0	0.000	0	0	0	0.000	0	0	0	0	0	0	0	0	0	0	0	0	0	0	0	0	0
199	199	1322	379.792	1277.239	0.911	8	53	495	649	95	8	53	495	649	95	104.879	114.228	122	117	116	116	115	114	114	113	112	111	108	103.154	122.583	135	128	126	125	124	123	122	121	119	116	105	0	0	0.000	0.000	0	0	0	0	0.000	0	0	0	0.000	0	0	0	0	0	0	0	0	0	0	0	0	0	0	0	0	0
200	200	911	1836.118	1276.253	0.909	50	66	195	445	141	50	66	195	445	141	107.000	151.584	172	164	162	159	156	154	150	146	141	136	126	104.000	511.234	665	625	603	575	550	525	499	467	421	370	281	0	0	0.000	0.000	0	0	0	0	0.000	0	0	0	0.000	0	0	0	0	0	0	0	0	0	0	0	0	0	0	0	0	0
201	201	766	1139.028	1273.034	0.880	47	277	355	72	7	47	277	355	72	7	107.000	128.633	137	133	132	131	130	129	128	127	126	123	115	104.000	684.963	930	849	814	778	748	709	669	615	559	479	304	0	0	0.000	0.000	0	0	0	0	0.000	0	0	0	0.000	0	0	0	0	0	0	0	0	0	0	0	0	0	0	0	0	0
202	202	1395	1728.395	1284.182	0.919	109	893	322	33	13	109	893	322	33	13	107.000	148.161	999	167	126	123	121	120	119	118	117	115	111	103.604	128.173	148	138	135	132	130	127	125	124	122	119	110	1	89	1731.642	1293.570	0	0	0	440	490.101	0	0	137	137.067	0	0	0	0	0	0	0	0	0	0	0	0	0	0	0	0	0
203	203	1802	1180.600	1288.722	0.879	109	1048	533	76	8	109	1048	533	76	8	107.365	411.759	6689	647	149	134	130	128	126	124	122	120	114	104.743	600.668	1140	913	782	687	608	563	518	486	420	350	249	1	148	1184.446	1300.960	0	0	0	3013	3157.892	0	0	933	897.716	0	0	0	0	0	0	0	0	0	0	0	0	0	0	0	0	0
204	204	439	279.913	1289.477	0.930	9	41	120	191	74	9	41	120	191	74	105.000	116.321	123	120	119	118	118	116	115	114	113	112	108	104.000	315.852	411	393	373	354	336	316	297	280	261	240	208	0	0	0.000	0.000	0	0	0	0	0.000	0	0	0	0.000	0	0	0	0	0	0	0	0	0	0	0	0	0	0	0	0	0
205	205	1285	162.544	1300.005	0.898	33	103	623	443	64	33	103	623	443	64	103.833	119.869	237	123	121	120	119	117	116	115	114	112	107	104.820	707.486	1017	937	876	815	753	707	660	610	551	475	338	1	37	153.513	1308.673	0	0	0	183	181.622	0	0	958	956.541	0	0	0	0	0	0	0	0	0	0	0	0	0	0	0	0	0
206	206	2046	1358.251	1308.147	0.893	61	711	1065	142	23	61	711	1065	142	23	107.935	114.289	122	118	116	115	114	114	113	113	112	112	109	105.739	206.792	295	258	244	229	216	204	192	180	170	161	132	0	0	0.000	0.000	0	0	0	0	0.000	0	0	0	0.000	0	0	0	0	0	0	0	0	0	0	0	0	0	0	0	0	0
207	207	1933	238.151	1311.980	0.838	39	563	1015	233	35	39	563	1015	233	35	105.000	225.456	1604	465	136	124	122	120	119	117	115	113	108	104.154	2410.419	3877	3548	3306	3077	2758	2517	2271	1949	1519	976	581	1	279	228.571	1314.544	0	0	0	751	824.882	0	0	3456	3234.477	0	0	0	0	0	0	0	0	0	0	0	0	0	0	0	0	0
208	208	1793	1302.566	1309.254	0.902	356	1031	276	44	51	356	1031	276	44	51	108.000	114.748	126	118	117	116	115	114	114	113	113	112	109	106.969	679.844	1113	999	918	840	764	690	620	538	426	331	236	0	0	0.000	0.000	0	0	0	0	0.000	0	0	0	0.000	0	0	0	0	0	0	0	0	0	0	0	0	0	0	0	0	0
209	209	1356	1241.873	1304.195	0.887	119	220	493	454	41	119	220	493	454	41	107.943	139.778	764	146	129	126	124	122	120	119	118	116	112	105.941	457.358	745	647	604	553	504	466	422	370	308	242	180	1	72	1227.407	1305.200	0	0	0	370	389.667	0	0	613	596.514	0	0	0	0	0	0	0	0	0	0	0	0	0	0	0	0	0
210	210	2230	1680.177	1326.408	0.891	23	320	1348	421	76	23	320	1348	421	76	107.796	146.377	245	163	152	148	145	144	141	139	136	131	119	102.935	129.097	142	135	133	132	131	129	128	127	125	123	112	1	25	1665.850	1327.676	0	0	0	228	226.720	0	0	128	128.400	0	0	0	0	0	0	0	0	0	0	0	0	0	0	0	0	0
211	211	987	1215.383	1338.624	0.891	200	237	428	46	61	200	237	428	46	61	108.000	175.715	200	191	187	184	181	176	173	169	164	159	145	105.071	265.598	339	309	298	288	280	267	255	242	231	222	190	0	0	0.000	0.000	0	0	0	0	0.000	0	0	0	0.000	0	0	0	0	0	0	0	0	0	0	0	0	0	0	0	0	0
212	212	1816	132.362	1341.399	0.858	69	906	757	52	4	69	906	757	52	4	104.101	151.819	1192	166	125	121	118	117	115	113	112	111	106	104.116	673.290	1067	900	847	802	755	694	635	573	497	393	265	1	117	139.250	1337.704	0	0	0	529	581.538	0	0	674	653.111	0	0	0	0	0	0	0	0	0	0	0	0	0	0	0	0	0
213	213	1029	307.012	1342.986	0.921	556	394	42	11	9	556	394	42	11	9	105.000	123.973	156	138	131	126	124	122	119	118	116	115	111	103.000	115.110	132	123	119	117	115	114	113	112	111	110	107	0	0	0.000	0.000	0	0	0	0	0.000	0	0	0	0.000	0	0	0	0	0	0	0	0	0	0	0	0	0	0	0	0	0
214	214	2480	821.060	1351.674	0.852	96	217	1037	999	80	96	217	1037	999	80	107.486	2416.249	26339	11249	1004	244	179	170	167	164	160	154	132	104.089	869.938	1243	1124	1059	1002	943	894	831	760	681	572	376	0	0	0.000	0.000	0	0	0	0	0.000	0	0	0	0.000	0	0	0	0	0	0	0	0	0	0	0	0	0	0	0	0	0
215	215	2202	1338.953	1357.938	0.868	21	145	967	970	48	21	145	967	970	48	107.909	114.740	124	119	117	116	115	114	113	113	112	111	109	105.045	190.542	262	233	221	208	197	187	178	170	163	155	121	0	0	0.000	0.000	0	0	0	0	0.000	0	0	0	0.000	0	0	0	0	0	0	0	0	0	0	0	0	0	0	0	0	0
216	216	1202	1092.231	1351.099	0.892	40	78	511	487	61	40	78	511	487	61	107.000	162.321	187	180	176	172	167	162	159	155	149	143	131	104.923	652.884	921	844	802	744	692	648	612	570	520	460	347	0	0	0.000	0.000	0	0	0	0	0.000	0	0	0	0.000	0	0	0	0	0	0	0	0	0	0	0	0	0	0	0	0	0
217	217	1831	1283.525	1358.115	0.902	195	618	868	96	12	195	618	868	96	12	108.000	325.555	5628	325	203	198	195	192	186	179	170	158	139	105.498	135.750	153	144	141	140	138	136	134	132	130	128	121	1	91	1274.236	1346.852	0	0	0	2159	2448.516	0	0	143	143.484	0	0	0	0	0	0	0	0	0	0	0	0	0	0	0	0	0
218	218	1494	178.511	1362.712	0.864	60	388	715	268	42	60	388	715	268	42	105.000	133.912	836	133	120	118	117	116	115	114	114	113	110	103.816	730.143	1157	1042	924	846	760	710	657	603	538	467	316	1	77	178.230	1360.221	0	0	0	376	405.779	0	0	1063	1041.701	0	0	0	0	0	0	0	0	0	0	0	0	0	0	0	0	0
219	219	1288	984.453	1357.999	0.889	43	469	657	83	3	43	469	657	83	3	107.089	113.954	122	117	115	115	114	114	113	113	113	112	108	105.254	1212.093	1732	1535	1458	1389	1313	1222	1127	1052	981	867	493	0	0	0.000	0.000	0	0	0	0	0.000	0	0	0	0.000	0	0	0	0	0	0	0	0	0	0	0	0	0	0	0	0	0
220	220	2176	84.651	1369.176	0.838	128	1343	580	63	16	128	1343	580	63	16	103.580	112.144	122	116	115	114	113	112	111	110	109	108	105	102.912	1249.678	2231	1736	1570	1467	1364	1236	1112	998	885	792	417	0	0	0.000	0.000	0	0	0	0	0.000	0	0	0	0.000	0	0	0	0	0	0	0	0	0	0	0	0	0	0	0	0	0
221	221	2385	1715.780	1373.819	0.847	35	648	1310	309	48	35	648	1310	309	48	107.623	759.260	18679	717	181	158	150	146	143	139	136	126	110	102.041	130.293	191	137	134	132	130	129	128	126	124	122	109	1	151	1708.529	1387.199	0	0	0	7725	8616.192	0	0	158	157.709	0	0	0	0	0	0	0	0	0	0	0	0	0	0	0	0	0
222	222	1581	1394.444	1372.063	0.907	192	1159	180	16	6	192	1159	180	16	6	107.297	114.285	125	118	116	115	114	114	113	113	112	111	108	104.167	215.782	274	257	246	235	225	215	205	194	186	178	152	0	0	0.000	0.000	0	0	0	0	0.000	0	0	0	0.000	0	0	0	0	0	0	0	0	0	0	0	0	0	0	0	0	0
223	223	2104	666.544	1380.331	0.897	111	995	867	60	21	111	995	867	60	21	106.712	117.971	129	123	122	120	119	118	116	116	115	113	109	102.714	2160.327	4403	3218	2896	2591	2363	2157	1898	1665	1365	1107	585	0	0	0.000	0.000	0	0	0	0	0.000	0	0	0	0.000	0	0	0	0	0	0	0	0	0	0	0	0	0	0	0	0	0
224	224	1711	1211.396	1382.200	0.862	5	82	876	641	74	5	82	876	641	74	108.006	165.738	214	194	185	176	168	163	158	153	148	142	134	104.942	226.274	343	303	280	254	233	213	201	190	179	166	150	0	0	0.000	0.000	0	0	0	0	0.000	0	0	0	0.000	0	0	0	0	0	0	0	0	0	0	0	0	0	0	0	0	0
225	225	322	862.827	1373.431	0.901	106	97	92	18	5	106	97	92	18	5	107.000	113.236	118	115	115	114	114	113	113	112	111	111	110	105.000	294.674	438	410	388	361	338	305	269	231	199	169	140	0	0	0.000	0.000	0	0	0	0	0.000	0	0	0	0.000	0	0	0	0	0	0	0	0	0	0	0	0	0	0	0	0	0
226	226	1697	1040.872	1389.216	0.883	12	61	1080	487	26	12	61	1080	487	26	107.039	114.142	119	117	116	115	115	114	114	113	113	112	108	106.005	1287.913	2130	1886	1750	1628	1507	1389	1193	963	771	567	345	0	0	0.000	0.000	0	0	0	0	0.000	0	0	0	0.000	0	0	0	0	0	0	0	0	0	0	0	0	0	0	0	0	0
227	227	1037	135.552	1385.344	0.914	38	90	502	333	51	38	90	502	333	51	104.130	110.266	117	113	112	112	111	110	109	109	108	107	105	103.168	1397.433	2280	1914	1761	1642	1530	1410	1292	1149	991	852	494	0	0	0.000	0.000	0	0	0	0	0.000	0	0	0	0.000	0	0	0	0	0	0	0	0	0	0	0	0	0	0	0	0	0
228	228	1685	1979.044	1389.362	0.883	169	1081	348	29	14	169	1081	348	29	14	105.579	135.936	153	146	143	141	139	137	135	133	130	124	113	101.435	137.704	159	150	146	143	140	138	136	133	130	125	113	0	0	0.000	0.000	0	0	0	0	0.000	0	0	0	0.000	0	0	0	0	0	0	0	0	0	0	0	0	0	0	0	0	0
229	229	1677	1120.645	1397.088	0.860	51	268	997	319	13	51	268	997	319	13	107.333	185.047	1079	193	183	174	167	160	155	149	144	140	123	105.048	552.396	868	775	706	648	591	528	482	442	404	368	210	1	77	1108.913	1395.024	0	0	0	558	590.688	0	0	523	527.909	0	0	0	0	0	0	0	0	0	0	0	0	0	0	0	0	0
230	230	1954	845.062	1405.918	0.898	63	270	1063	497	25	63	270	1063	497	25	107.006	437.720	4282	1282	317	150	138	132	130	126	122	119	113	104.535	820.763	1224	1107	1034	967	893	827	761	693	605	521	338	1	290	852.363	1415.184	0	0	0	1777	1985.603	0	0	1120	1095.114	0	0	0	0	0	0	0	0	0	0	0	0	0	0	0	0	0
231	231	922	1363.273	1398.807	0.893	30	305	380	170	18	30	305	380	170	18	107.000	114.207	121	118	117	116	115	114	113	112	112	111	107	103.848	167.375	207	186	180	176	173	168	163	158	152	147	134	0	0	0.000	0.000	0	0	0	0	0.000	0	0	0	0.000	0	0	0	0	0	0	0	0	0	0	0	0	0	0	0	0	0
232	232	1298	196.064	1408.365	0.923	43	134	289	659	143	43	134	289	659	143	104.190	117.409	125	122	121	119	119	118	117	116	114	113	108	102.203	957.514	1339	1260	1214	1166	1104	1028	929	834	700	516	269	0	0	0.000	0.000	0	0	0	0	0.000	0	0	0	0.000	0	0	0	0	0	0	0	0	0	0	0	0	0	0	0	0	0
233	233	2255	972.154	1415.143	0.900	552	1407	160	82	27	552	1407	160	82	27	107.074	126.054	151	131	129	128	127	126	125	124	122	120	113	106.323	718.614	1159	1008	945	882	820	744	657	560	473	394	219	0	0	0.000	0.000	0	0	0	0	0.000	0	0	0	0.000	0	0	0	0	0	0	0	0	0	0	0	0	0	0	0	0	0
234	234	1858	50.189	1414.480	0.857	10	199	972	583	70	10	199	972	583	70	102.579	217.804	2366	337	138	120	117	116	115	113	112	110	107	101.619	1344.057	2124	1957	1719	1588	1469	1366	1241	1082	927	774	418	1	160	47.882	1403.085	0	0	0	1026	1117.338	0	0	1763	1659.781	0	0	0	0	0	0	0	0	0	0	0	0	0	0	0	0	0
235	235	2003	1614.203	1418.726	0.901	1039	834	49	19	11	1039	834	49	19	11	107.000	272.880	437	366	342	324	300	272	247	223	200	181	149	101.909	139.140	164	153	150	146	142	139	136	133	129	124	118	0	0	0.000	0.000	0	0	0	0	0.000	0	0	0	0.000	0	0	0	0	0	0	0	0	0	0	0	0	0	0	0	0	0
236	236	1577	1304.094	1419.246	0.887	321	1161	47	14	9	321	1161	47	14	9	107.843	167.740	475	195	182	173	169	164	158	151	143	137	126	104.352	390.522	620	559	480	444	419	393	362	322	283	242	197	1	27	1315.387	1430.151	0	0	0	343	345.667	0	0	506	507.963	0	0	0	0	0	0	0	0	0	0	0	0	0	0	0	0	0
237	237	2453	1205.759	1441.736	0.865	1624	670	34	21	22	1624	670	34	21	22	109.000	592.631	5163	1504	382	314	287	266	250	233	211	190	150	106.584	788.954	1435	1123	1005	920	853	794	735	657	557	442	277	1	309	1213.725	1422.460	0	0	0	2495	2692.350	0	0	981	970.809	0	0	0	0	0	0	0	0	0	0	0	0	0	0	0	0	0
238	238	458	87.179	1431.802	0.916	24	102	248	69	6	24	102	248	69	6	103.000	112.212	117	115	114	114	113	113	112	111	110	109	105	102.686	1029.880	1412	1329	1282	1231	1183	1113	999	888	766	623	376	0	0	0.000	0.000	0	0	0	0	0.000	0	0	0	0.000	0	0	0	0	0	0	0	0	0	0	0	0	0	0	0	0	0
239	239	956	1257.937	1438.212	0.895	57	678	142	63	2	57	678	142	63	2	108.047	199.892	399	327	257	210	181	167	157	150	147	143	136	105.683	337.984	472	439	410	386	347	323	308	293	277	253	226	0	0	0.000	0.000	0	0	0	0	0.000	0	0	0	0.000	0	0	0	0	0	0	0	0	0	0	0	0	0	0	0	0	0
240	240	1810	1020.325	1447.366	0.867	647	1067	24	15	9	647	1067	24	15	9	107.523	125.822	139	132	130	129	127	126	124	123	121	119	113	107.000	606.160	982	814	754	699	647	598	555	514	465	403	256	0	0	0.000	0.000	0	0	0	0	0.000	0	0	0	0.000	0	0	0	0	0	0	0	0	0	0	0	0	0	0	0	0	0
241	241	2455	839.060	1466.465	0.882	14	316	1371	660	48	14	316	1371	660	48	106.784	159.260	1288	149	134	128	126	123	121	119	118	116	110	104.484	937.348	1332	1218	1171	1125	1060	980	897	819	715	591	221	1	137	850.512	1464.233	0	0	0	657	673.788	0	0	1061	995.015	0	0	0	0	0	0	0	0	0	0	0	0	0	0	0	0	0
242	242	2191	54.500	1473.524	0.835	11	87	1358	670	27	11	87	1358	670	27	101.962	117.083	137	123	121	119	118	117	116	114	113	111	106	101.113	1545.698	2244	2093	2012	1914	1780	1645	1501	1316	1063	773	541	0	0	0.000	0.000	0	0	0	0	0.000	0	0	0	0.000	0	0	0	0	0	0	0	0	0	0	0	0	0	0	0	0	0
243	243	1150	1064.568	1473.172	0.900	762	254	63	33	18	762	254	63	33	18	107.956	124.099	134	130	129	127	126	124	123	121	120	117	114	107.000	712.763	1065	928	856	817	779	741	698	632	555	460	277	0	0	0.000	0.000	0	0	0	0	0.000	0	0	0	0.000	0	0	0	0	0	0	0	0	0	0	0	0	0	0	0	0	0
244	244	464	1283.079	1470.073	0.928	12	150	230	56	10	12	150	230	56	10	107.970	115.047	121	118	117	116	115	115	114	114	113	113	111	105.265	1167.457	1711	1513	1373	1263	1213	1179	1131	1075	972	819	530	0	0	0.000	0.000	0	0	0	0	0.000	0	0	0	0.000	0	0	0	0	0	0	0	0	0	0	0	0	0	0	0	0	0
245	245	1436	1199.306	1500.429	0.873	129	109	140	745	294	129	109	140	745	294	108.271	341.736	420	401	389	379	367	354	342	322	296	264	161	106.671	1256.474	1712	1573	1521	1471	1396	1308	1216	1129	1009	823	372	0	0	0.000	0.000	0	0	0	0	0.000	0	0	0	0.000	0	0	0	0	0	0	0	0	0	0	0	0	0	0	0	0	0
246	246	1623	1270.337	1504.533	0.902	102	293	954	206	40	102	293	954	206	40	107.330	115.670	124	119	117	117	116	115	115	114	114	113	109	105.376	1425.630	2259	2004	1829	1714	1599	1485	1347	1198	972	724	536	0	0	0.000	0.000	0	0	0	0	0.000	0	0	0	0.000	0	0	0	0	0	0	0	0	0	0	0	0	0	0	0	0	0
247	247	604	1897.488	1512.956	0.907	26	52	180	255	82	26	52	180	255	82	106.000	116.791	124	121	119	118	117	117	116	115	114	113	110	103.000	116.500	128	122	120	118	117	116	115	114	113	112	107	0	0	0.000	0.000	0	0	0	0	0.000	0	0	0	0.000	0	0	0	0	0	0	0	0	0	0	0	0	0	0	0	0	0
248	248	519	1114.573	1515.367	0.910	11	82	227	164	27	11	82	227	164	27	108.000	135.395	148	143	140	138	136	135	134	132	130	128	124	107.992	329.620	440	394	368	356	343	330	317	301	286	269	228	0	0	0.000	0.000	0	0	0	0	0.000	0	0	0	0.000	0	0	0	0	0	0	0	0	0	0	0	0	0	0	0	0	0
249	249	1863	1685.338	1538.311	0.884	330	1341	130	23	16	330	1341	130	23	16	107.363	123.870	134	129	128	127	125	124	122	121	120	118	113	104.036	307.052	452	393	367	345	325	301	283	264	245	231	189	0	0	0.000	0.000	0	0	0	0	0.000	0	0	0	0.000	0	0	0	0	0	0	0	0	0	0	0	0	0	0	0	0	0
250	250	1721	1046.703	1538.984	0.905	373	1225	90	12	5	373	1225	90	12	5	107.000	118.940	127	124	123	121	120	119	117	117	116	114	111	107.662	1506.884	2347	2098	1963	1830	1688	1549	1407	1239	1038	827	492	0	0	0.000	0.000	0	0	0	0	0.000	0	0	0	0.000	0	0	0	0	0	0	0	0	0	0	0	0	0	0	0	0	0
251	251	1259	1626.520	1538.106	0.832	79	243	715	163	27	79	243	715	163	27	106.391	125.644	135	130	129	128	127	126	125	124	123	120	113	103.690	304.123	436	389	362	328	312	299	285	272	254	234	196	0	0	0.000	0.000	0	0	0	0	0.000	0	0	0	0.000	0	0	0	0	0	0	0	0	0	0	0	0	0	0	0	0	0
252	252	1720	1882.403	1557.230	0.888	329	1283	48	27	12	329	1283	48	27	12	106.613	159.306	920	159	142	138	136	133	130	127	124	120	116	103.410	130.933	150	140	138	136	134	131	129	127	124	121	116	1	120	1868.719	1550.776	0	0	0	456	492.392	0	0	134	131.517	0	0	0	0	0	0	0	0	0	0	0	0	0	0	0	0	0
253	253	1676	1120.939	1559.547	0.859	5	66	834	697	44	5	66	834	697	44	107.621	162.523	195	184	178	173	168	163	157	153	148	142	125	107.741	522.885	766	681	650	610	568	530	494	450	398	341	222	0	0	0.000	0.000	0	0	0	0	0.000	0	0	0	0.000	0	0	0	0	0	0	0	0	0	0	0	0	0	0	0	0	0
254	254	1488	1266.788	1560.190	0.870	105	405	763	186	12	105	405	763	186	12	107.000	114.733	120	117	116	116	115	115	114	114	113	112	108	105.382	1485.082	2101	1930	1861	1765	1649	1529	1389	1252	1121	969	692	0	0	0.000	0.000	0	0	0	0	0.000	0	0	0	0.000	0	0	0	0	0	0	0	0	0	0	0	0	0	0	0	0	0
255	255	2372	1772.965	1564.156	0.846	264	1735	282	34	7	264	1735	282	34	7	107.662	943.855	23126	958	390	353	316	292	271	252	233	200	139	103.734	127.575	221	136	131	129	127	126	125	123	120	116	109	1	127	1766.241	1565.100	0	0	0	9920	10406.717	0	0	159	162.512	0	0	1	44	1766.973	1565.942	0	0	0	16413	16191.727	0	0	193	191.795	0	0
256	256	979	290.426	1554.729	0.907	33	42	186	588	116	33	42	186	588	116	103.000	155.614	175	170	165	162	159	157	154	151	147	139	125	101.871	416.892	580	527	494	472	449	426	406	371	334	292	207	0	0	0.000	0.000	0	0	0	0	0.000	0	0	0	0.000	0	0	0	0	0	0	0	0	0	0	0	0	0	0	0	0	0
257	257	1680	1969.392	1575.746	0.890	32	839	698	37	17	32	839	698	37	17	105.412	137.548	159	152	148	145	142	139	135	129	126	123	112	103.248	796.466	1369	1198	1074	964	888	810	717	606	499	385	272	0	0	0.000	0.000	0	0	0	0	0.000	0	0	0	0.000	0	0	0	0	0	0	0	0	0	0	0	0	0	0	0	0	0
258	258	503	1644.811	1560.837	0.870	123	205	109	50	6	123	205	109	50	6	106.708	119.181	130	125	123	121	120	119	118	117	116	114	111	104.620	209.237	329	276	265	257	235	207	181	161	153	143	126	0	0	0.000	0.000	0	0	0	0	0.000	0	0	0	0.000	0	0	0	0	0	0	0	0	0	0	0	0	0	0	0	0	0
259	259	1678	334.173	1573.356	0.896	37	144	856	571	27	37	144	856	571	27	104.089	155.279	240	179	171	164	158	153	149	145	139	133	123	101.798	393.940	642	553	507	467	432	397	357	317	275	232	190	0	0	0.000	0.000	0	0	0	0	0.000	0	0	0	0.000	0	0	0	0	0	0	0	0	0	0	0	0	0	0	0	0	0
260	260	1208	1201.747	1579.302	0.905	54	376	561	162	29	54	376	561	162	29	106.944	121.648	150	133	125	122	120	119	118	118	117	116	112	106.714	985.311	1518	1384	1276	1190	1120	1040	940	831	663	493	350	0	0	0.000	0.000	0	0	0	0	0.000	0	0	0	0.000	0	0	0	0	0	0	0	0	0	0	0	0	0	0	0	0	0
261	261	432	1065.223	1573.696	0.915	246	105	25	23	23	246	105	25	23	23	107.000	114.271	118	116	115	115	115	114	114	114	113	113	110	108.000	848.009	1252	1141	1037	951	877	840	793	736	678	596	407	0	0	0.000	0.000	0	0	0	0	0.000	0	0	0	0.000	0	0	0	0	0	0	0	0	0	0	0	0	0	0	0	0	0
262	262	1805	1716.005	1601.113	0.880	23	104	778	807	59	23	104	778	807	59	107.869	594.622	6880	1710	435	194	153	145	139	134	130	124	117	105.983	848.725	1264	1177	1116	1064	993	896	807	692	563	417	286	1	231	1721.369	1594.074	0	0	0	2925	3193.411	0	0	1085	1000.732	0	0	0	0	0	0	0	0	0	0	0	0	0	0	0	0	0
263	263	2428	1161.796	1616.054	0.870	16	352	1582	406	32	16	352	1582	406	32	107.000	137.843	409	166	140	134	131	129	127	125	122	119	113	107.000	1124.180	1667	1539	1413	1305	1223	1146	1071	985	855	665	409	1	74	1154.120	1607.075	0	0	0	265	269.392	0	0	1361	1293.770	0	0	0	0	0	0	0	0	0	0	0	0	0	0	0	0	0
264	264	1723	1085.225	1610.880	0.868	31	204	984	449	19	31	204	984	449	19	107.000	160.265	191	179	175	171	167	162	156	152	145	138	122	107.100	509.870	762	660	618	588	557	522	483	440	396	336	254	0	0	0.000	0.000	0	0	0	0	0.000	0	0	0	0.000	0	0	0	0	0	0	0	0	0	0	0	0	0	0	0	0	0
265	265	456	1250.731	1599.868	0.932	40	100	191	101	12	40	100	191	101	12	107.000	113.406	118	116	115	114	114	113	113	112	112	111	108	106.000	517.059	790	718	652	595	549	507	458	424	385	349	286	0	0	0.000	0.000	0	0	0	0	0.000	0	0	0	0.000	0	0	0	0	0	0	0	0	0	0	0	0	0	0	0	0	0
266	266	1818	1953.499	1623.931	0.895	74	248	1182	264	22	74	248	1182	264	22	105.973	143.612	165	157	153	148	145	143	141	139	136	132	120	103.638	1254.344	2093	1776	1605	1472	1350	1238	1135	1024	889	763	526	0	0	0.000	0.000	0	0	0	0	0.000	0	0	0	0.000	0	0	0	0	0	0	0	0	0	0	0	0	0	0	0	0	0
267	267	1505	1221.815	1623.084	0.880	29	290	794	334	25	29	290	794	334	25	107.000	124.649	179	137	129	126	123	121	120	119	117	116	109	106.241	1390.887	1967	1691	1602	1535	1474	1422	1368	1314	1218	992	577	1	70	1208.131	1626.580	0	0	0	160	161.071	0	0	1705	1685.043	0	0	0	0	0	0	0	0	0	0	0	0	0	0	0	0	0
268	268	1462	2003.978	1633.964	0.881	69	213	949	189	15	69	213	949	189	15	104.440	146.041	169	160	157	154	151	148	145	142	135	127	111	103.000	1454.326	2202	1940	1818	1702	1589	1477	1379	1256	1139	875	364	0	0	0.000	0.000	0	0	0	0	0.000	0	0	0	0.000	0	0	0	0	0	0	0	0	0	0	0	0	0	0	0	0	0
269	269	1912	1677.999	1636.896	0.913	70	574	1128	97	11	70	574	1128	97	11	107.000	151.499	172	164	160	158	156	153	150	147	142	137	122	107.000	1339.822	1715	1603	1536	1491	1446	1393	1335	1256	1149	990	571	0	0	0.000	0.000	0	0	0	0	0.000	0	0	0	0.000	0	0	0	0	0	0	0	0	0	0	0	0	0	0	0	0	0
270	270	405	1062.289	1638.913	0.933	118	72	113	72	23	118	72	113	72	23	106.316	150.133	177	166	163	161	158	153	147	141	136	130	121	108.000	350.081	603	477	449	424	390	352	309	276	244	216	184	0	0	0.000	0.000	0	0	0	0	0.000	0	0	0	0.000	0	0	0	0	0	0	0	0	0	0	0	0	0	0	0	0	0
271	271	1561	1737.943	1650.009	0.878	108	520	684	193	16	108	520	684	193	16	107.000	201.838	1240	297	172	161	157	152	147	142	136	131	123	106.100	987.170	1563	1452	1327	1200	1117	1009	893	755	616	511	400	1	127	1730.118	1658.476	0	0	0	647	666.984	0	0	1387	1324.906	0	0	0	0	0	0	0	0	0	0	0	0	0	0	0	0	0
272	272	1488	1397.721	1649.403	0.891	56	113	706	513	74	56	113	706	513	74	106.974	115.910	129	122	118	116	115	115	114	114	113	112	109	104.935	1282.120	1936	1609	1521	1439	1360	1284	1207	1123	1050	944	650	0	0	0.000	0.000	0	0	0	0	0.000	0	0	0	0.000	0	0	0	0	0	0	0	0	0	0	0	0	0	0	0	0	0
273	273	1743	1340.581	1665.090	0.893	45	414	940	281	28	45	414	940	281	28	106.369	115.342	124	119	117	116	116	115	114	114	113	112	109	105.000	1244.437	1979	1792	1649	1504	1385	1268	1188	1030	836	617	414	0	0	0.000	0.000	0	0	0	0	0.000	0	0	0	0.000	0	0	0	0	0	0	0	0	0	0	0	0	0	0	0	0	0
274	274	1984	1162.851	1677.155	0.887	1685	228	24	15	9	1685	228	24	15	9	107.000	318.528	2828	771	270	163	138	133	130	126	123	120	111	105.468	1079.959	1830	1535	1450	1343	1218	1121	1012	856	689	521	341	1	261	1157.606	1671.579	0	0	0	1217	1362.142	0	0	1352	1207.410	0	0	0	0	0	0	0	0	0	0	0	0	0	0	0	0	0
275	275	2225	102.855	1676.855	0.854	143	1265	701	66	11	143	1265	701	66	11	102.624	110.292	119	114	113	112	111	110	109	108	108	107	104	101.809	672.237	1124	960	895	828	732	647	574	509	464	421	277	0	0	0.000	0.000	0	0	0	0	0.000	0	0	0	0.000	0	0	0	0	0	0	0	0	0	0	0	0	0	0	0	0	0
276	276	2484	1648.311	1685.310	0.877	196	355	1101	740	40	196	355	1101	740	40	106.137	124.504	305	129	127	125	124	122	121	119	117	115	110	106.586	3284.971	5767	5032	4523	4035	3664	3258	2842	2413	2086	1672	728	1	56	1652.618	1688.453	0	0	0	209	211.732	0	0	4947	4865.357	0	0	0	0	0	0	0	0	0	0	0	0	0	0	0	0	0
277	277	1131	1774.148	1671.571	0.905	82	224	640	152	12	82	224	640	152	12	107.000	143.651	162	156	153	151	147	145	142	140	134	128	117	105.000	1004.371	1498	1300	1218	1152	1114	1065	1011	935	811	569	214	0	0	0.000	0.000	0	0	0	0	0.000	0	0	0	0.000	0	0	0	0	0	0	0	0	0	0	0	0	0	0	0	0	0
278	278	2669	1958.677	1692.647	0.875	41	1191	1238	119	19	41	1191	1238	119	19	105.773	171.030	2340	150	143	139	136	133	131	129	127	124	114	102.910	133.191	153	146	142	139	135	132	130	128	125	122	106	1	86	1935.004	1701.737	0	0	0	1009	1089.558	0	0	142	142.081	0	0	0	0	0	0	0	0	0	0	0	0	0	0	0	0	0
279	279	445	1376.566	1682.994	0.923	31	113	79	150	65	31	113	79	150	65	107.000	111.939	116	114	113	113	112	112	112	111	111	110	108	105.000	373.769	580	541	505	470	436	397	343	285	231	180	128	0	0	0.000	0.000	0	0	0	0	0.000	0	0	0	0.000	0	0	0	0	0	0	0	0	0	0	0	0	0	0	0	0	0
280	280	2184	1710.661	1710.643	0.864	73	1238	783	39	7	73	1238	783	39	7	106.779	329.179	2738	912	259	150	129	125	122	121	119	117	110	105.920	3712.787	5810	5301	5000	4696	4315	3906	3483	2930	2253	1761	959	1	329	1715.049	1713.222	0	0	0	1250	1346.593	0	0	4955	4884.100	0	0	0	0	0	0	0	0	0	0	0	0	0	0	0	0	0
281	281	1308	2024.417	1712.091	0.779	247	425	428	161	31	247	425	428	161	31	104.337	157.400	473	246	151	141	138	135	132	127	123	121	111	104.659	607.468	1027	844	791	746	688	618	543	468	409	358	233	1	160	2026.064	1691.440	0	0	0	306	314.831	0	0	403	422.356	0	0	0	0	0	0	0	0	0	0	0	0	0	0	0	0	0
282	282	1686	508.074	1717.056	0.890	15	180	791	612	49	15	180	791	612	49	105.121	112.016	123	115	114	113	112	112	111	110	110	109	107	103.000	1380.772	2256	2077	1969	1778	1543	1358	1218	1064	867	610	407	0	0	0.000	0.000	0	0	0	0	0.000	0	0	0	0.000	0	0	0	0	0	0	0	0	0	0	0	0	0	0	0	0	0
283	283	2210	967.751	1726.984	0.889	1294	592	230	42	32	1294	592	230	42	32	107.000	889.906	16304	1567	251	169	163	156	151	145	138	130	120	110.062	1082.829	1768	1551	1430	1303	1201	1096	990	894	767	570	309	1	179	951.390	1729.552	0	0	0	7382	7952.715	0	0	1408	1382.542	0	0	0	0	0	0	0	0	0	0	0	0	0	0	0	0	0
284	284	1068	1416.811	1721.717	0.903	43	53	336	556	61	43	53	336	556	61	107.000	138.379	165	157	152	147	143	138	133	129	126	122	112	103.941	784.109	1322	1217	1108	1007	895	769	646	536	458	397	309	0	0	0.000	0.000	0	0	0	0	0.000	0	0	0	0.000	0	0	0	0	0	0	0	0	0	0	0	0	0	0	0	0	0
285	285	1091	1016.973	1732.465	0.890	136	248	361	248	76	136	248	361	248	76	106.345	141.840	155	151	149	148	146	144	142	139	133	128	117	108.629	1159.995	1614	1466	1383	1304	1248	1206	1152	1062	927	762	504	0	0	0.000	0.000	0	0	0	0	0.000	0	0	0	0.000	0	0	0	0	0	0	0	0	0	0	0	0	0	0	0	0	0
286	286	2477	1808.444	1746.006	0.837	536	1770	97	16	5	536	1770	97	16	5	106.000	121.903	135	127	125	124	123	122	121	119	118	117	111	105.706	5106.186	8153	7080	6518	5982	5462	5099	4740	4297	3736	3051	1751	0	0	0.000	0.000	0	0	0	0	0.000	0	0	0	0.000	0	0	0	0	0	0	0	0	0	0	0	0	0	0	0	0	0
287	287	1474	816.684	1737.315	0.872	114	1024	276	19	6	114	1024	276	19	6	107.000	143.699	230	157	153	150	147	143	139	135	130	126	122	105.062	1193.891	1793	1626	1511	1425	1360	1279	1168	1038	828	621	449	0	0	0.000	0.000	0	0	0	0	0.000	0	0	0	0.000	0	0	0	0	0	0	0	0	0	0	0	0	0	0	0	0	0
288	288	1891	2002.061	1749.562	0.863	55	152	924	701	25	55	152	924	701	25	105.294	140.298	363	150	144	141	139	137	134	132	128	124	114	104.201	866.002	1391	1195	1090	1006	934	873	807	731	635	519	379	1	43	2018.101	1740.497	0	0	0	255	260.233	0	0	931	917.651	0	0	0	0	0	0	0	0	0	0	0	0	0	0	0	0	0
289	289	1528	897.982	1744.436	0.876	78	211	949	251	9	78	211	949	251	9	106.905	144.921	165	156	153	150	148	146	142	139	137	135	124	109.012	1307.044	1940	1732	1561	1461	1381	1304	1214	1123	1033	912	591	0	0	0.000	0.000	0	0	0	0	0.000	0	0	0	0.000	0	0	0	0	0	0	0	0	0	0	0	0	0	0	0	0	0
290	290	1394	552.006	1750.339	0.903	35	706	590	32	4	35	706	590	32	4	105.047	111.711	118	115	113	113	112	112	111	111	110	109	107	103.000	1015.128	1623	1460	1356	1250	1159	1060	954	854	653	467	340	0	0	0.000	0.000	0	0	0	0	0.000	0	0	0	0.000	0	0	0	0	0	0	0	0	0	0	0	0	0	0	0	0	0
291	291	1610	1385.123	1750.506	0.885	58	464	831	207	14	58	464	831	207	14	107.173	145.796	170	161	155	152	149	146	143	139	135	132	120	104.027	863.348	1485	1249	1130	1009	912	831	752	680	609	542	395	0	0	0.000	0.000	0	0	0	0	0.000	0	0	0	0.000	0	0	0	0	0	0	0	0	0	0	0	0	0	0	0	0	0
292	292	869	594.580	1757.219	0.885	33	326	435	45	11	33	326	435	45	11	105.224	112.154	122	116	115	113	112	111	111	110	110	109	107	102.000	1034.207	1485	1360	1287	1207	1112	1025	965	898	825	685	433	0	0	0.000	0.000	0	0	0	0	0.000	0	0	0	0.000	0	0	0	0	0	0	0	0	0	0	0	0	0	0	0	0	0
293	293	1291	1341.564	1765.394	0.758	210	435	463	125	25	210	435	463	125	25	108.000	140.469	164	158	154	150	144	139	135	131	128	125	115	104.000	710.820	1207	1056	968	875	774	683	602	529	474	403	316	0	0	0.000	0.000	0	0	0	0	0.000	0	0	0	0.000	0	0	0	0	0	0	0	0	0	0	0	0	0	0	0	0	0
294	294	1321	1953.807	1765.488	0.911	27	158	844	241	29	27	158	844	241	29	106.000	151.974	184	171	165	160	156	153	150	147	142	129	111	103.005	149.678	186	173	165	160	156	152	147	142	136	120	107	0	0	0.000	0.000	0	0	0	0	0.000	0	0	0	0.000	0	0	0	0	0	0	0	0	0	0	0	0	0	0	0	0	0
295	295	418	860.624	1759.949	0.913	14	29	130	200	40	14	29	130	200	40	106.115	121.964	129	126	125	124	123	122	121	120	119	118	113	106.766	580.177	796	736	686	648	610	580	552	517	478	428	353	0	0	0.000	0.000	0	0	0	0	0.000	0	0	0	0.000	0	0	0	0	0	0	0	0	0	0	0	0	0	0	0	0	0
296	296	1661	1457.116	1773.830	0.903	817	695	61	31	18	817	695	61	31	18	106.995	165.852	196	183	178	175	171	168	163	160	153	146	128	103.532	151.823	181	167	163	159	156	152	149	145	141	137	120	0	0	0.000	0.000	0	0	0	0	0.000	0	0	0	0.000	0	0	0	0	0	0	0	0	0	0	0	0	0	0	0	0	0
297	297	2041	1288.926	1788.940	0.897	235	1260	431	63	14	235	1260	431	63	14	108.000	121.535	135	129	126	124	122	121	120	119	118	116	111	103.756	2624.460	4870	4125	3778	3360	2984	2662	2250	1852	1474	1081	643	0	0	0.000	0.000	0	0	0	0	0.000	0	0	0	0.000	0	0	0	0	0	0	0	0	0	0	0	0	0	0	0	0	0
298	298	1526	930.137	1785.455	0.889	60	514	763	138	15	60	514	763	138	15	106.997	152.039	177	168	163	161	158	154	150	145	138	133	122	108.307	812.816	1247	1080	1018	972	934	863	782	702	564	441	334	0	0	0.000	0.000	0	0	0	0	0.000	0	0	0	0.000	0	0	0	0	0	0	0	0	0	0	0	0	0	0	0	0	0
299	299	744	1862.649	1782.381	0.914	94	174	280	167	21	94	174	280	167	21	106.000	147.457	174	165	160	156	152	148	143	139	134	130	120	104.862	148.403	181	171	167	164	158	150	144	139	132	116	106	0	0	0.000	0.000	0	0	0	0	0.000	0	0	0	0.000	0	0	0	0	0	0	0	0	0	0	0	0	0	0	0	0	0
300	300	413	1599.097	1791.881	0.916	10	44	157	165	32	10	44	157	165	32	106.000	111.857	114	114	113	113	112	112	112	111	111	110	108	104.000	175.952	210	193	188	185	182	177	173	167	162	156	145	0	0	0.000	0.000	0	0	0	0	0.000	0	0	0	0.000	0	0	0	0	0	0	0	0	0	0	0	0	0	0	0	0	0
301	301	1785	477.239	1800.777	0.901	62	501	1101	82	10	62	501	1101	82	10	104.861	539.664	8203	976	243	203	192	183	175	165	155	144	128	102.763	338.945	503	446	421	398	375	351	320	286	251	216	168	1	156	477.537	1788.872	0	0	0	3359	3765.840	0	0	409	406.410	0	0	0	0	0	0	0	0	0	0	0	0	0	0	0	0	0
302	302	255	2001.470	1787.808	0.885	13	36	118	76	11	13	36	118	76	11	105.000	123.788	132	129	128	127	126	124	123	121	120	118	113	104.000	698.337	962	905	864	818	769	720	661	601	543	476	354	0	0	0.000	0.000	0	0	0	0	0.000	0	0	0	0.000	0	0	0	0	0	0	0	0	0	0	0	0	0	0	0	0	0
303	303	1663	1932.416	1807.527	0.914	264	1085	235	34	11	264	1085	235	34	11	105.622	163.311	200	182	177	173	169	165	161	155	147	141	127	104.000	163.449	201	182	177	173	169	166	162	156	147	140	122	0	0	0.000	0.000	0	0	0	0	0.000	0	0	0	0.000	0	0	0	0	0	0	0	0	0	0	0	0	0	0	0	0	0
304	304	1375	1222.840	1803.757	0.867	31	218	741	338	23	31	218	741	338	23	106.925	114.903	126	121	118	116	115	114	113	113	112	111	109	103.000	574.311	915	812	712	640	602	570	532	486	425	364	277	0	0	0.000	0.000	0	0	0	0	0.000	0	0	0	0.000	0	0	0	0	0	0	0	0	0	0	0	0	0	0	0	0	0
305	305	1985	1365.042	1809.305	0.893	15	269	1369	277	22	15	269	1369	277	22	107.604	152.761	175	166	163	159	157	155	152	148	144	135	117	104.000	1103.268	1712	1484	1389	1295	1210	1128	1039	941	825	669	313	0	0	0.000	0.000	0	0	0	0	0.000	0	0	0	0.000	0	0	0	0	0	0	0	0	0	0	0	0	0	0	0	0	0
306	306	2184	1791.156	1822.276	0.868	48	824	1103	153	14	48	824	1103	153	14	106.000	119.859	130	125	124	122	121	120	119	117	116	114	110	105.982	4092.811	7604	5675	5258	4864	4495	4146	3778	3380	2857	2141	1342	0	0	0.000	0.000	0	0	0	0	0.000	0	0	0	0.000	0	0	0	0	0	0	0	0	0	0	0	0	0	0	0	0	0
307	307	241	1490.227	1799.706	0.921	29	53	61	78	19	29	53	61	78	19	107.000	132.432	149	145	142	138	135	133	130	128	123	119	113	103.726	125.747	142	136	133	131	129	127	124	121	117	115	106	0	0	0.000	0.000	0	0	0	0	0.000	0	0	0	0.000	0	0	0	0	0	0	0	0	0	0	0	0	0	0	0	0	0
308	308	1572	1042.101	1813.148	0.882	50	146	372	898	76	50	146	372	898	76	106.930	142.129	845	141	132	130	129	128	127	125	123	120	110	105.451	362.772	493	441	407	385	372	360	349	337	323	295	196	1	68	1041.090	1809.885	0	0	0	394	410.603	0	0	370	377.324	0	0	0	0	0	0	0	0	0	0	0	0	0	0	0	0	0
309	309	1725	983.190	1821.848	0.876	128	459	1042	57	8	128	459	1042	57	8	107.779	130.045	289	136	133	131	129	128	126	124	121	118	113	107.376	379.142	569	509	472	436	407	385	363	326	283	242	184	1	46	982.357	1817.065	0	0	0	211	211.087	0	0	403	405.000	0	0	0	0	0	0	0	0	0	0	0	0	0	0	0	0	0
310	310	1374	1575.279	1824.331	0.894	17	204	690	395	43	17	204	690	395	43	106.000	113.346	122	117	115	114	114	113	112	112	111	110	108	103.000	247.287	338	305	285	269	255	245	236	225	213	194	158	0	0	0.000	0.000	0	0	0	0	0.000	0	0	0	0.000	0	0	0	0	0	0	0	0	0	0	0	0	0	0	0	0	0
311	311	1489	1988.983	1827.377	0.891	176	911	348	21	7	176	911	348	21	7	104.402	142.900	409	168	144	139	135	132	129	126	124	121	114	103.536	128.590	142	134	133	131	130	129	128	126	125	122	111	1	85	1983.307	1824.158	0	0	0	272	276.741	0	0	131	130.894	0	0	0	0	0	0	0	0	0	0	0	0	0	0	0	0	0
312	312	1753	1479.137	1837.768	0.870	547	818	198	112	48	547	818	198	112	48	107.601	163.732	199	186	178	174	170	166	161	153	147	139	129	103.999	147.408	175	164	159	155	152	150	146	141	135	128	111	0	0	0.000	0.000	0	0	0	0	0.000	0	0	0	0.000	0	0	0	0	0	0	0	0	0	0	0	0	0	0	0	0	0
313	313	1509	1528.524	1835.203	0.885	23	504	789	145	14	23	504	789	145	14	106.472	113.258	120	117	115	114	113	113	112	112	111	111	107	103.207	258.803	366	327	306	286	272	257	246	233	215	189	152	0	0	0.000	0.000	0	0	0	0	0.000	0	0	0	0.000	0	0	0	0	0	0	0	0	0	0	0	0	0	0	0	0	0
314	314	1700	928.707	1842.119	0.867	281	759	434	178	19	281	759	434	178	19	107.760	294.131	1054	706	453	281	193	160	152	147	143	138	128	107.514	764.435	1108	984	923	871	824	780	736	669	593	515	366	1	456	920.847	1836.678	0	0	0	607	633.476	0	0	902	856.191	0	0	0	0	0	0	0	0	0	0	0	0	0	0	0	0	0
315	315	1480	1182.930	1838.522	0.928	59	145	681	508	52	59	145	681	508	52	106.000	113.432	124	117	115	114	114	113	112	112	111	111	108	103.983	603.121	908	791	733	685	640	602	563	527	476	422	284	0	0	0.000	0.000	0	0	0	0	0.000	0	0	0	0.000	0	0	0	0	0	0	0	0	0	0	0	0	0	0	0	0	0
316	316	1278	470.591	1846.795	0.888	20	139	680	391	19	20	139	680	391	19	104.354	197.639	238	228	222	214	207	198	192	184	177	165	136	102.250	443.861	571	549	532	509	480	451	418	388	359	330	247	0	0	0.000	0.000	0	0	0	0	0.000	0	0	0	0.000	0	0	0	0	0	0	0	0	0	0	0	0	0	0	0	0	0
317	317	1645	1020.219	1859.070	0.897	36	114	885	510	66	36	114	885	510	66	107.027	151.350	847	173	134	131	128	126	124	123	121	118	114	105.804	357.744	531	491	449	413	383	353	324	295	267	238	204	1	115	1020.341	1872.759	0	0	0	409	431.052	0	0	488	486.696	0	0	0	0	0	0	0	0	0	0	0	0	0	0	0	0	0
318	318	2435	1836.664	1861.724	0.801	502	1705	144	30	14	502	1705	144	30	14	106.439	120.508	131	127	125	124	123	121	119	117	115	114	110	105.739	3879.297	6946	6126	5484	5019	4588	4094	3548	2756	1907	1391	1018	0	0	0.000	0.000	0	0	0	0	0.000	0	0	0	0.000	0	0	0	0	0	0	0	0	0	0	0	0	0	0	0	0	0
319	319	207	958.800	1849.153	0.891	73	61	37	23	12	73	61	37	23	12	108.000	120.155	131	125	124	122	121	120	119	118	117	116	114	108.000	314.498	461	408	368	335	320	311	298	282	263	239	201	0	0	0.000	0.000	0	0	0	0	0.000	0	0	0	0.000	0	0	0	0	0	0	0	0	0	0	0	0	0	0	0	0	0
320	320	628	1152.843	1862.063	0.898	34	137	289	138	20	34	137	289	138	20	106.000	113.452	121	117	116	115	114	113	112	111	111	110	108	104.000	481.231	650	617	585	551	521	490	457	420	383	332	257	0	0	0.000	0.000	0	0	0	0	0.000	0	0	0	0.000	0	0	0	0	0	0	0	0	0	0	0	0	0	0	0	0	0
321	321	1657	980.067	1878.298	0.866	76	71	233	1162	86	76	71	233	1162	86	107.452	142.371	163	155	152	150	147	144	141	137	132	126	116	106.830	165.588	246	185	179	176	172	168	163	157	150	141	128	0	0	0.000	0.000	0	0	0	0	0.000	0	0	0	0.000	0	0	0	0	0	0	0	0	0	0	0	0	0	0	0	0	0
322	322	2095	1448.405	1881.998	0.891	295	1659	93	22	14	295	1659	93	22	14	108.077	299.386	5633	205	192	185	180	174	168	161	155	147	133	103.649	141.566	172	157	152	149	145	142	138	134	131	125	113	1	96	1454.251	1859.971	0	0	0	2384	2556.156	0	0	151	150.344	0	0	0	0	0	0	0	0	0	0	0	0	0	0	0	0	0
323	323	442	2001.089	1866.008	0.937	20	92	205	107	11	20	92	205	107	11	104.000	115.572	122	120	118	117	116	116	115	114	113	112	109	102.491	117.443	127	123	120	119	119	118	117	116	114	112	106	0	0	0.000	0.000	0	0	0	0	0.000	0	0	0	0.000	0	0	0	0	0	0	0	0	0	0	0	0	0	0	0	0	0
324	324	1205	1541.733	1878.642	0.883	34	126	366	552	98	34	126	366	552	98	107.067	120.780	165	147	129	119	116	114	114	113	112	111	106	103.000	237.064	342	300	280	268	257	243	223	205	186	172	128	0	0	0.000	0.000	0	0	0	0	0.000	0	0	0	0.000	0	0	0	0	0	0	0	0	0	0	0	0	0	0	0	0	0
325	325	2876	1896.705	1896.100	0.852	20	96	1362	1234	96	20	96	1362	1234	96	105.460	119.816	132	126	124	122	121	120	118	117	116	114	108	104.925	4681.885	7040	6227	5872	5574	5251	4858	4436	3942	3466	2951	1043	0	0	0.000	0.000	0	0	0	0	0.000	0	0	0	0.000	0	0	0	0	0	0	0	0	0	0	0	0	0	0	0	0	0
326	326	2821	915.612	1910.418	0.893	936	1642	120	51	13	936	1642	120	51	13	106.341	115.260	125	120	119	118	116	115	113	112	112	111	108	106.687	681.738	1485	1182	1040	861	704	581	478	407	375	344	264	0	0	0.000	0.000	0	0	0	0	0.000	0	0	0	0.000	0	0	0	0	0	0	0	0	0	0	0	0	0	0	0	0	0
327	327	1398	1145.027	1902.427	0.884	32	147	952	232	8	32	147	952	232	8	106.000	118.760	128	124	122	120	120	119	118	117	115	114	109	103.116	518.062	708	663	634	606	567	531	498	466	425	323	235	0	0	0.000	0.000	0	0	0	0	0.000	0	0	0	0.000	0	0	0	0	0	0	0	0	0	0	0	0	0	0	0	0	0
328	328	1294	1010.443	1903.414	0.904	25	115	501	541	86	25	115	501	541	86	106.057	124.254	140	133	129	127	125	124	122	121	119	118	113	105.084	376.957	588	518	481	444	404	368	339	314	282	237	182	0	0	0.000	0.000	0	0	0	0	0.000	0	0	0	0.000	0	0	0	0	0	0	0	0	0	0	0	0	0	0	0	0	0
329	329	1335	1203.020	1908.414	0.902	24	301	671	278	38	24	301	671	278	38	106.000	205.031	1938	332	147	125	123	121	120	119	117	116	111	103.007	514.191	751	652	616	581	554	530	497	454	403	349	254	1	122	1201.891	1917.768	0	0	0	785	884.869	0	0	678	654.238	0	0	0	0	0	0	0	0	0	0	0	0	0	0	0	0	0
330	330	2828	1555.230	1928.933	0.856	263	1459	881	148	19	263	1459	881	148	19	109.589	211.812	259	249	239	231	220	212	205	196	187	173	145	102.624	147.534	180	163	158	155	151	148	145	142	138	131	107	0	0	0.000	0.000	0	0	0	0	0.000	0	0	0	0.000	0	0	0	0	0	0	0	0	0	0	0	0	0	0	0	0	0
331	331	2319	740.045	1942.911	0.878	20	210	1185	795	54	20	210	1185	795	54	105.000	115.121	122	118	117	117	116	115	115	114	113	112	107	106.193	3374.152	6244	5107	4609	4197	3699	3316	2929	2567	2148	1820	621	0	0	0.000	0.000	0	0	0	0	0.000	0	0	0	0.000	0	0	0	0	0	0	0	0	0	0	0	0	0	0	0	0	0
332	332	1730	1723.223	1943.657	0.884	30	290	1049	310	15	30	290	1049	310	15	106.007	416.146	4649	1113	218	131	123	121	119	117	115	114	110	103.986	964.531	1568	1351	1311	1243	1156	1059	914	759	569	389	286	1	224	1714.572	1951.233	0	0	0	1981	2177.433	0	0	1288	1241.683	0	0	0	0	0	0	0	0	0	0	0	0	0	0	0	0	0
333	333	771	982.622	1940.927	0.906	22	73	353	266	44	22	73	353	266	44	105.136	112.796	121	116	115	114	113	113	112	112	110	109	106	104.291	150.979	182	171	165	160	155	151	145	142	138	132	120	0	0	0.000	0.000	0	0	0	0	0.000	0	0	0	0.000	0	0	0	0	0	0	0	0	0	0	0	0	0	0	0	0	0
334	334	565	1765.666	1942.158	0.915	8	48	291	187	24	8	48	291	187	24	106.000	115.887	120	118	118	117	117	116	116	115	114	113	110	103.857	882.844	1147	1081	1035	988	945	902	853	794	732	665	498	0	0	0.000	0.000	0	0	0	0	0.000	0	0	0	0.000	0	0	0	0	0	0	0	0	0	0	0	0	0	0	0	0	0
335	335	618	249.563	1960.886	0.928	29	58	141	346	28	29	58	141	346	28	103.000	114.361	124	119	118	117	116	115	113	112	111	109	106	102.670	1065.505	1621	1538	1436	1343	1270	1184	1011	845	659	462	214	0	0	0.000	0.000	0	0	0	0	0.000	0	0	0	0.000	0	0	0	0	0	0	0	0	0	0	0	0	0	0	0	0	0
336	336	2645	796.970	1974.296	0.911	682	1735	120	50	26	682	1735	120	50	26	104.610	115.054	121	118	117	116	116	115	115	114	113	112	107	107.038	3549.023	6103	5419	4903	4543	4106	3614	3122	2570	2061	1629	694	0	0	0.000	0.000	0	0	0	0	0.000	0	0	0	0.000	0	0	0	0	0	0	0	0	0	0	0	0	0	0	0	0	0
337	337	1969	1689.385	1989.625	0.895	275	1544	96	17	10	275	1544	96	17	10	105.312	122.506	274	131	121	118	117	116	115	114	113	111	109	103.362	970.537	1585	1395	1278	1166	1066	949	850	763	674	579	402	1	140	1680.306	1988.201	0	0	0	194	197.879	0	0	1455	1387.143	0	0	0	0	0	0	0	0	0	0	0	0	0	0	0	0	0
338	338	1781	234.095	1998.792	0.891	231	162	218	932	205	231	162	218	932	205	102.332	118.442	133	124	123	121	120	119	118	116	114	111	106	104.102	1299.317	2126	1804	1693	1576	1445	1325	1215	1096	928	671	453	0	0	0.000	0.000	0	0	0	0	0.000	0	0	0	0.000	0	0	0	0	0	0	0	0	0	0	0	0	0	0	0	0	0
339	339	268	1751.404	1984.972	0.912	85	114	40	15	8	85	114	40	15	8	105.616	152.627	178	170	163	158	153	151	149	146	143	139	131	104.000	129.642	149	142	137	134	132	130	128	126	121	118	108	0	0	0.000	0.000	0	0	0	0	0.000	0	0	0	0.000	0	0	0	0	0	0	0	0	0	0	0	0	0	0	0	0	0
340	340	1235	330.943	1998.280	0.905	57	279	696	171	10	57	279	696	171	10	103.000	107.378	113	110	109	108	108	107	107	106	106	105	103	102.745	539.745	732	672	636	605	583	558	532	502	439	373	235	0	0	0.000	0.000	0	0	0	0	0.000	0	0	0	0.000	0	0	0	0	0	0	0	0	0	0	0	0	0	0	0	0	0
341	341	352	271.419	2032.511	0.920	51	94	70	98	32	51	94	70	98	32	101.991	106.162	110	108	107	107	106	106	106	105	105	105	103	105.989	306.739	461	360	346	337	327	314	295	278	263	244	204	0	0	0.000	0.000	0	0	0	0	0.000	0	0	0	0.000	0	0	0	0	0	0	0	0	0	0	0	0	0	0	0	0	0
