 	cell	area	x	y	circ	BFI_lev_b1	BFI_lev_b2	BFI_lev_b3	BFI_lev_b4	BFI_lev_b5	BFO_lev_b1	BFO_lev_b2	BFO_lev_b3	BFO_lev_b4	BFO_lev_b5	RFP_int_bg	RFP_int_mean	RFP_int_b0	RFP_int_b1	RFP_int_b2	RFP_int_b3	RFP_int_b4	RFP_int_b5	RFP_int_b6	RFP_int_b7	RFP_int_b8	RFP_int_b9	RFP_int_b10	GFP_int_bg	GFP_int_mean	GFP_int_b0	GFP_int_b1	GFP_int_b2	GFP_int_b3	GFP_int_b4	GFP_int_b5	GFP_int_b6	GFP_int_b7	GFP_int_b8	GFP_int_b9	GFP_int_b10	inRFPnfoci	f1_inRFParea	f1_inRFPx	f1_inRFPy	f2_inRFParea	f2_inRFPx	f2_inRFPy	f1_inRFP_toRFPmed	f1_inRFP_toRFPmean	f2_inRFP_toRFPmed	f2_inRFP_toRFPmean	f1_inRFP_toGFPmed	f1_inRFP_toGFPmean	f2_inRFP_toGFPmed	f2_inRFP_toGFPmean	inGFPnfoci	f1_inGFParea	f1_inGFPx	f1_inGFPy	f2_inGFParea	f2_inGFPx	f2_inGFPy	f1_inGFP_toRFPmed	f1_inGFP_toRFPmean	f2_inGFP_toRFPmed	f2_inGFP_toRFPmean	f1_inGFP_toGFPmed	f1_inGFP_toGFPmean	f2_inGFP_toGFPmed	f2_inGFP_toGFPmean
1	1	1923	421.039	28.110	0.887	268	1411	189	11	9	268	1411	189	11	9	105.630	267.810	4041	328	140	134	131	128	125	122	120	118	114	102.288	444.845	1484	608	537	495	451	413	380	346	303	259	217	1	133	434.187	36.014	0	0.000	0.000	1712	1880.504	0	0.000	905	928.872	0	0.000	1	37	433.276	35.577	0	0	0	2961	2918.649	0	0	1235	1226.946	0	0
2	2	1551	465.597	53.172	0.890	45	173	618	627	50	45	173	618	627	50	106.746	154.332	1051	153	139	137	136	134	132	130	127	122	112	101.547	399.317	661	523	488	456	423	394	366	341	310	287	195	1	71	472.671	40.965	0	0.000	0.000	481	520.324	0	0.000	561	547.352	0	0.000	0	0	0.000	0.000	0	0	0	0	0.000	0	0	0	0.000	0	0
3	3	224	1406.802	41.954	0.919	5	41	86	69	18	5	41	86	69	18	106.045	111.772	115	113	113	112	112	112	111	111	111	111	110	101.371	127.701	162	156	151	145	137	124	115	109	107	105	102	0	0	0.000	0.000	0	0.000	0.000	0	0.000	0	0.000	0	0.000	0	0.000	0	0	0.000	0.000	0	0	0	0	0.000	0	0	0	0.000	0	0
4	4	782	1598.581	57.698	0.889	23	92	324	271	54	23	92	324	271	54	106.203	122.023	133	128	127	125	123	122	120	119	118	116	112	101.671	114.419	125	120	118	116	115	114	113	112	111	109	106	0	0	0.000	0.000	0	0.000	0.000	0	0.000	0	0.000	0	0.000	0	0.000	0	0	0.000	0.000	0	0	0	0	0.000	0	0	0	0.000	0	0
5	5	1426	1420.911	69.823	0.902	90	211	726	303	58	90	211	726	303	58	106.902	113.311	124	117	115	114	113	113	112	112	112	111	107	102.000	162.125	197	184	178	172	168	163	158	152	147	140	124	0	0	0.000	0.000	0	0.000	0.000	0	0.000	0	0.000	0	0.000	0	0.000	0	0	0.000	0.000	0	0	0	0	0.000	0	0	0	0.000	0	0
6	6	1908	1970.093	84.177	0.865	173	694	798	180	17	173	694	798	180	17	104.786	112.837	120	116	115	114	113	113	112	111	111	110	107	100.499	889.966	1398	1221	1117	1022	939	867	798	737	675	593	444	0	0	0.000	0.000	0	0.000	0.000	0	0.000	0	0.000	0	0.000	0	0.000	0	0	0.000	0.000	0	0	0	0	0.000	0	0	0	0.000	0	0
7	7	1686	430.475	82.873	0.889	77	577	792	167	29	77	577	792	167	29	107.604	186.761	2313	161	130	127	126	124	123	121	119	118	113	102.000	301.930	919	388	351	328	309	291	268	245	223	207	186	1	102	444.322	77.389	0	0.000	0.000	955	1047.608	0	0.000	548	556.020	0	0.000	1	24	443.360	77.621	0	0	0	1723	1656.042	0	0	774	751.083	0	0
8	8	2004	53.813	83.950	0.888	61	121	1370	397	20	61	121	1370	397	20	103.699	110.199	121	114	112	111	110	110	109	109	108	108	105	101.432	797.916	1445	1160	1037	959	871	791	710	621	548	445	303	0	0	0.000	0.000	0	0.000	0.000	0	0.000	0	0.000	0	0.000	0	0.000	0	0	0.000	0.000	0	0	0	0	0.000	0	0	0	0.000	0	0
9	9	2317	1376.243	104.838	0.875	71	763	1295	114	16	71	763	1295	114	16	108.000	114.471	123	119	117	116	115	114	113	113	112	111	108	101.980	146.650	191	175	166	159	152	147	142	137	130	114	103	0	0	0.000	0.000	0	0.000	0.000	0	0.000	0	0.000	0	0.000	0	0.000	0	0	0.000	0.000	0	0	0	0	0.000	0	0	0	0.000	0	0
10	10	1539	1597.646	105.189	0.896	69	277	953	194	15	69	277	953	194	15	107.000	136.036	212	153	145	140	136	133	130	127	124	121	113	102.000	117.405	128	123	121	120	119	118	116	115	113	111	105	1	29	1600.877	99.032	0	0.000	0.000	196	196.552	0	0.000	120	120.448	0	0.000	0	0	0.000	0.000	0	0	0	0	0.000	0	0	0	0.000	0	0
11	11	1661	1434.768	114.825	0.896	34	169	757	585	68	34	169	757	585	68	107.455	113.210	121	116	115	114	113	113	112	112	112	111	109	102.000	150.757	184	169	164	159	155	151	146	142	138	133	117	0	0	0.000	0.000	0	0.000	0.000	0	0.000	0	0.000	0	0.000	0	0.000	0	0	0.000	0.000	0	0	0	0	0.000	0	0	0	0.000	0	0
12	12	1143	21.428	122.635	0.883	68	114	223	577	134	68	114	223	577	134	103.314	109.085	115	111	110	110	110	109	109	108	108	107	104	101.038	907.080	1226	1164	1125	1078	1015	954	878	779	676	564	404	0	0	0.000	0.000	0	0.000	0.000	0	0.000	0	0.000	0	0.000	0	0.000	0	0	0.000	0.000	0	0	0	0	0.000	0	0	0	0.000	0	0
13	13	1295	422.496	135.226	0.919	45	53	311	764	105	45	53	311	764	105	107.727	122.513	134	129	128	126	124	122	121	119	117	116	111	102.000	428.423	585	534	512	492	472	444	415	381	335	290	212	0	0	0.000	0.000	0	0.000	0.000	0	0.000	0	0.000	0	0.000	0	0.000	0	0	0.000	0.000	0	0	0	0	0.000	0	0	0	0.000	0	0
14	14	2177	65.258	148.717	0.898	60	132	893	969	77	60	132	893	969	77	104.958	112.023	126	118	114	113	112	111	110	110	109	109	105	101.975	804.120	1474	1256	1113	992	887	779	671	586	497	431	163	1	242	69.890	138.409	0	0.000	0.000	120	120.273	0	0.000	523	579.182	0	0.000	0	0	0.000	0.000	0	0	0	0	0.000	0	0	0	0.000	0	0
15	15	1044	102.021	186.322	0.922	48	57	245	567	98	48	57	245	567	98	106.000	110.998	115	113	112	112	111	111	111	110	110	109	107	101.986	920.530	1365	1290	1227	1160	1075	985	879	760	611	431	204	0	0	0.000	0.000	0	0.000	0.000	0	0.000	0	0.000	0	0.000	0	0.000	0	0	0.000	0.000	0	0	0	0	0.000	0	0	0	0.000	0	0
16	16	1119	1402.555	238.437	0.908	34	392	594	71	4	34	392	594	71	4	109.000	126.626	141	136	134	130	128	126	124	122	121	119	115	103.000	589.183	864	785	735	700	652	599	542	484	429	386	296	0	0	0.000	0.000	0	0.000	0.000	0	0.000	0	0.000	0	0.000	0	0.000	0	0	0.000	0.000	0	0	0	0	0.000	0	0	0	0.000	0	0
17	17	727	1319.045	237.537	0.884	40	177	275	171	47	40	177	275	171	47	109.000	146.179	163	158	155	152	149	148	145	142	138	132	123	102.706	537.645	793	727	664	617	578	553	530	477	405	321	229	0	0	0.000	0.000	0	0.000	0.000	0	0.000	0	0.000	0	0.000	0	0.000	0	0	0.000	0.000	0	0	0	0	0.000	0	0	0	0.000	0	0
18	18	1627	1355.188	252.557	0.898	62	270	969	283	12	62	270	969	283	12	108.844	144.081	165	159	156	152	148	144	141	138	133	128	117	103.000	641.799	942	872	817	773	714	655	590	515	455	395	283	0	0	0.000	0.000	0	0.000	0.000	0	0.000	0	0.000	0	0.000	0	0.000	0	0	0.000	0.000	0	0	0	0	0.000	0	0	0	0.000	0	0
19	19	1056	419.703	250.399	0.914	61	207	488	263	23	61	207	488	263	23	108.344	189.384	249	229	218	207	198	189	179	170	160	151	139	102.762	126.412	139	133	131	130	128	127	126	124	122	119	114	0	0	0.000	0.000	0	0.000	0.000	0	0.000	0	0.000	0	0.000	0	0.000	0	0	0.000	0.000	0	0	0	0	0.000	0	0	0	0.000	0	0
20	20	1715	1262.272	252.294	0.854	36	86	513	892	150	36	86	513	892	150	109.000	122.847	133	129	127	125	124	123	122	120	119	117	112	102.957	156.269	190	177	171	166	161	157	152	147	142	135	115	0	0	0.000	0.000	0	0.000	0.000	0	0.000	0	0.000	0	0.000	0	0.000	0	0	0.000	0.000	0	0	0	0	0.000	0	0	0	0.000	0	0
21	21	1474	1702.552	254.257	0.914	37	72	999	309	28	37	72	999	309	28	108.898	115.372	126	119	117	116	115	115	114	114	113	112	110	104.831	534.309	753	689	659	628	585	546	497	455	413	361	294	0	0	0.000	0.000	0	0.000	0.000	0	0.000	0	0.000	0	0.000	0	0.000	0	0	0.000	0.000	0	0	0	0	0.000	0	0	0	0.000	0	0
22	22	1055	1202.849	258.004	0.905	69	71	269	534	84	69	71	269	534	84	109.000	119.631	128	123	122	121	120	120	119	118	117	116	113	103.000	152.252	182	169	165	160	156	152	148	144	139	135	126	0	0	0.000	0.000	0	0.000	0.000	0	0.000	0	0.000	0	0.000	0	0.000	0	0	0.000	0.000	0	0	0	0	0.000	0	0	0	0.000	0	0
23	23	2478	1615.925	283.972	0.888	989	735	460	203	43	989	735	460	203	43	109.000	121.910	208	130	127	124	121	119	117	117	116	114	111	105.447	558.474	857	758	706	662	622	568	525	476	411	332	176	2	47	1614.984	290.414	47	1631.143	276.236	145	144.426	163	164.936	489	486.149	759	750.021	0	0	0.000	0.000	0	0	0	0	0.000	0	0	0	0.000	0	0
24	24	1181	1392.507	285.917	0.907	44	259	550	274	30	44	259	550	274	30	108.150	240.806	2574	422	157	132	127	125	123	122	120	119	113	103.000	504.693	1721	709	560	505	465	439	423	399	374	337	262	1	106	1395.909	288.478	0	0.000	0.000	1127	1193.491	0	0.000	1054	1044.887	0	0.000	1	40	1396.267	288.614	0	0	0	1801	1792.500	0	0	1403	1373.475	0	0
25	25	1537	455.760	290.648	0.906	109	170	702	453	78	109	170	702	453	78	108.985	244.494	485	294	285	277	269	255	235	212	189	169	142	102.283	126.085	138	132	130	129	128	127	126	124	122	118	110	0	0	0.000	0.000	0	0.000	0.000	0	0.000	0	0.000	0	0.000	0	0.000	0	0	0.000	0.000	0	0	0	0	0.000	0	0	0	0.000	0	0
26	26	1784	1672.400	290.049	0.898	642	591	337	132	52	642	591	337	132	52	108.983	117.369	133	125	120	117	116	116	115	115	114	113	111	105.593	501.077	822	718	648	597	541	489	437	396	354	305	263	1	319	1667.405	287.697	0	0.000	0.000	125	125.483	0	0.000	452	484.865	0	0.000	0	0	0.000	0.000	0	0	0	0	0.000	0	0	0	0.000	0	0
27	27	2680	697.000	316.676	0.884	53	329	1605	587	58	53	329	1605	587	58	109.000	131.437	149	142	139	136	134	131	129	127	124	121	112	103.949	1635.793	2485	2251	2070	1925	1790	1658	1539	1425	1270	951	421	0	0	0.000	0.000	0	0.000	0.000	0	0.000	0	0.000	0	0.000	0	0.000	0	0	0.000	0.000	0	0	0	0	0.000	0	0	0	0.000	0	0
28	28	2746	627.879	344.167	0.882	43	572	2003	79	8	43	572	2003	79	8	109.000	127.828	143	137	134	132	130	128	126	124	121	119	111	103.900	1090.237	2083	1649	1485	1372	1240	1099	944	781	624	500	383	0	0	0.000	0.000	0	0.000	0.000	0	0.000	0	0.000	0	0.000	0	0.000	0	0	0.000	0.000	0	0	0	0	0.000	0	0	0	0.000	0	0
29	29	2720	1170.886	423.451	0.908	203	1468	832	123	32	203	1468	832	123	32	109.698	222.508	1894	256	228	214	204	195	184	173	163	152	132	103.000	123.297	136	129	127	126	125	124	123	122	120	117	108	1	79	1179.508	411.592	0	0.000	0.000	866	925.519	0	0.000	130	130.608	0	0.000	0	0	0.000	0.000	0	0	0	0	0.000	0	0	0	0.000	0	0
30	30	2110	125.616	451.824	0.902	34	140	934	881	77	34	140	934	881	77	107.000	190.063	234	221	216	210	205	196	188	175	161	148	129	102.434	1216.528	1713	1581	1497	1398	1290	1211	1139	1070	980	849	518	0	0	0.000	0.000	0	0.000	0.000	0	0.000	0	0.000	0	0.000	0	0.000	0	0	0.000	0.000	0	0	0	0	0.000	0	0	0	0.000	0	0
31	31	382	1975.627	437.989	0.875	32	115	142	82	5	32	115	142	82	5	107.000	114.586	120	118	117	116	115	115	114	113	112	111	107	102.000	629.631	771	713	685	660	645	632	613	599	585	557	450	0	0	0.000	0.000	0	0.000	0.000	0	0.000	0	0.000	0	0.000	0	0.000	0	0	0.000	0.000	0	0	0	0	0.000	0	0	0	0.000	0	0
32	32	1647	1551.203	456.768	0.826	62	77	505	845	113	62	77	505	845	113	109.000	116.033	123	119	118	117	116	116	115	115	114	113	110	102.784	486.440	713	620	580	546	524	500	476	439	388	325	226	0	0	0.000	0.000	0	0.000	0.000	0	0.000	0	0.000	0	0.000	0	0.000	0	0	0.000	0.000	0	0	0	0	0.000	0	0	0	0.000	0	0
33	33	1204	668.621	459.826	0.918	305	531	253	78	16	305	531	253	78	16	109.708	1913.522	21374	5225	2523	1211	546	308	246	228	212	193	155	103.000	124.169	167	139	133	128	125	122	119	116	114	112	106	1	144	657.894	466.125	0	0.000	0.000	9149	9908.549	0	0.000	140	141.306	0	0.000	1	18	657.629	467.374	0	0	0	18113	17763.778	0	0	161	160.611	0	0
34	34	2580	1217.425	470.880	0.916	31	218	1058	1144	77	31	218	1058	1144	77	110.000	228.144	1020	357	218	199	189	179	172	165	157	149	137	103.000	121.577	141	128	126	124	123	122	121	119	117	114	106	1	237	1211.987	458.757	0	0.000	0.000	621	642.797	0	0.000	129	129.228	0	0.000	0	0	0.000	0.000	0	0	0	0	0.000	0	0	0	0.000	0	0
35	35	571	1682.004	460.817	0.930	55	63	228	171	40	55	63	228	171	40	109.461	118.342	125	122	121	120	119	118	117	117	116	115	112	103.827	472.482	651	615	586	552	519	481	437	398	355	322	268	0	0	0.000	0.000	0	0.000	0.000	0	0.000	0	0.000	0	0.000	0	0.000	0	0	0.000	0.000	0	0	0	0	0.000	0	0	0	0.000	0	0
36	36	1589	562.314	470.520	0.911	93	808	552	84	13	93	808	552	84	13	109.069	316.552	2789	562	317	236	207	188	176	166	158	148	133	102.189	120.098	159	132	126	123	120	118	116	115	113	111	105	2	134	569.973	475.852	25	553.541	459.900	1218	1353.112	390	387.920	139	138.052	131	130.120	0	0	0.000	0.000	0	0	0	0	0.000	0	0	0	0.000	0	0
37	37	1988	1735.411	475.180	0.871	79	249	1113	492	33	79	249	1113	492	33	109.394	116.313	125	119	118	117	117	116	116	115	114	114	110	103.113	653.022	1165	889	825	759	710	659	606	533	466	408	198	0	0	0.000	0.000	0	0.000	0.000	0	0.000	0	0.000	0	0.000	0	0.000	0	0	0.000	0.000	0	0	0	0	0.000	0	0	0	0.000	0	0
38	38	1741	616.610	475.453	0.910	212	530	690	237	45	212	530	690	237	45	109.948	225.485	754	362	272	227	205	189	180	170	158	146	127	102.737	117.323	131	123	121	119	118	117	116	115	114	111	107	1	98	600.479	477.013	0	0.000	0.000	507	524.449	0	0.000	125	124.439	0	0.000	0	0	0.000	0.000	0	0	0	0	0.000	0	0	0	0.000	0	0
39	39	927	1271.138	474.352	0.897	38	72	256	446	96	38	72	256	446	96	109.465	136.493	152	149	145	141	138	136	134	131	129	126	120	103.000	114.071	122	118	117	116	115	114	114	112	111	109	106	0	0	0.000	0.000	0	0.000	0.000	0	0.000	0	0.000	0	0.000	0	0.000	0	0	0.000	0.000	0	0	0	0	0.000	0	0	0	0.000	0	0
40	40	2597	113.436	508.980	0.877	178	1072	1183	113	6	178	1072	1183	113	6	107.000	212.889	1094	233	225	216	206	194	183	173	162	152	128	102.979	997.805	1709	1481	1364	1242	1100	980	863	750	641	532	316	1	91	128.543	498.801	0	0.000	0.000	664	672.604	0	0.000	851	908.527	0	0.000	0	0	0.000	0.000	0	0	0	0	0.000	0	0	0	0.000	0	0
41	41	1755	1685.415	504.310	0.896	220	340	530	584	41	220	340	530	584	41	109.823	124.541	139	130	129	127	126	125	123	122	120	118	113	103.830	633.860	967	818	770	728	695	652	602	547	492	422	302	0	0	0.000	0.000	0	0.000	0.000	0	0.000	0	0.000	0	0.000	0	0.000	0	0	0.000	0.000	0	0	0	0	0.000	0	0	0	0.000	0	0
42	42	2349	912.374	540.852	0.868	1475	704	73	27	11	1475	704	73	27	11	110.000	117.670	129	122	120	118	118	117	117	116	115	115	111	102.877	218.111	319	279	263	248	233	215	201	187	171	159	141	0	0	0.000	0.000	0	0.000	0.000	0	0.000	0	0.000	0	0.000	0	0.000	0	0	0.000	0.000	0	0	0	0	0.000	0	0	0	0.000	0	0
43	43	430	820.672	525.034	0.886	27	193	181	20	6	27	193	181	20	6	110.000	116.174	121	119	118	117	117	117	116	115	114	113	111	103.000	206.284	242	230	224	219	214	209	203	196	187	177	167	0	0	0.000	0.000	0	0.000	0.000	0	0.000	0	0.000	0	0.000	0	0.000	0	0	0.000	0.000	0	0	0	0	0.000	0	0	0	0.000	0	0
44	44	1347	1522.328	535.172	0.910	41	363	720	178	21	41	363	720	178	21	109.000	114.774	120	117	116	115	115	115	114	114	114	113	111	103.000	329.190	514	452	397	367	341	318	295	277	260	239	190	0	0	0.000	0.000	0	0.000	0.000	0	0.000	0	0.000	0	0.000	0	0.000	0	0	0.000	0.000	0	0	0	0	0.000	0	0	0	0.000	0	0
45	45	1453	854.996	551.046	0.901	26	151	589	551	116	26	151	589	551	116	110.000	115.548	121	118	117	116	116	115	115	115	114	114	111	103.226	190.650	262	244	225	208	193	183	175	167	159	153	143	0	0	0.000	0.000	0	0.000	0.000	0	0.000	0	0.000	0	0.000	0	0.000	0	0	0.000	0.000	0	0	0	0	0.000	0	0	0	0.000	0	0
46	46	2188	89.954	563.455	0.911	337	1117	611	49	38	337	1117	611	49	38	106.989	378.927	5873	490	225	210	201	193	182	172	162	154	133	103.021	962.351	1574	1367	1290	1204	1124	1013	878	727	603	484	372	1	143	94.277	570.390	0	0.000	0.000	2369	2647.685	0	0.000	1263	1152.168	0	0.000	0	0	0.000	0.000	0	0	0	0	0.000	0	0	0	0.000	0	0
47	47	300	37.243	579.883	0.932	23	52	81	107	35	23	52	81	107	35	106.000	121.310	133	128	126	124	123	122	120	118	116	115	112	102.000	170.640	225	204	190	186	182	174	163	154	145	136	120	0	0	0.000	0.000	0	0.000	0.000	0	0.000	0	0.000	0	0.000	0	0.000	0	0	0.000	0.000	0	0	0	0	0.000	0	0	0	0.000	0	0
48	48	1699	1628.524	590.548	0.880	34	163	981	468	26	34	163	981	468	26	109.454	116.575	122	119	118	117	117	117	116	116	115	114	112	103.962	121.656	136	128	126	124	123	122	120	119	117	115	108	0	0	0.000	0.000	0	0.000	0.000	0	0.000	0	0.000	0	0.000	0	0.000	0	0	0.000	0.000	0	0	0	0	0.000	0	0	0	0.000	0	0
49	49	1817	1701.967	598.828	0.862	37	142	884	683	20	37	142	884	683	20	109.000	118.862	127	123	122	121	120	119	118	117	116	115	111	103.275	118.370	139	126	124	122	121	119	117	115	113	109	103	0	0	0.000	0.000	0	0.000	0.000	0	0.000	0	0.000	0	0.000	0	0.000	0	0	0.000	0.000	0	0	0	0	0.000	0	0	0	0.000	0	0
50	50	1515	41.670	611.839	0.886	44	548	822	75	4	44	548	822	75	4	105.957	126.090	139	133	131	130	129	127	125	123	120	117	111	102.254	202.562	253	229	222	214	209	203	196	189	184	177	147	0	0	0.000	0.000	0	0.000	0.000	0	0.000	0	0.000	0	0.000	0	0.000	0	0	0.000	0.000	0	0	0	0	0.000	0	0	0	0.000	0	0
51	51	1279	1500.204	623.101	0.882	581	581	43	32	20	581	581	43	32	20	109.876	128.847	142	137	134	132	131	129	127	125	123	121	117	105.297	168.479	201	187	182	178	174	170	165	161	155	148	133	0	0	0.000	0.000	0	0.000	0.000	0	0.000	0	0.000	0	0.000	0	0.000	0	0	0.000	0.000	0	0	0	0	0.000	0	0	0	0.000	0	0
52	52	1812	858.603	626.908	0.893	43	461	1075	184	10	43	461	1075	184	10	110.000	233.996	1002	306	249	228	214	203	191	180	169	160	134	103.680	121.595	158	128	126	124	123	121	120	119	117	115	106	1	103	865.335	640.728	0	0.000	0.000	631	638.913	0	0.000	129	131.398	0	0.000	0	0	0.000	0.000	0	0	0	0	0.000	0	0	0	0.000	0	0
53	53	1036	1658.176	622.164	0.910	16	141	602	232	28	16	141	602	232	28	109.170	117.718	124	121	120	119	118	118	117	116	115	114	112	104.000	120.730	133	127	125	124	122	121	119	118	116	115	106	0	0	0.000	0.000	0	0.000	0.000	0	0.000	0	0.000	0	0.000	0	0.000	0	0	0.000	0.000	0	0	0	0	0.000	0	0	0	0.000	0	0
54	54	1789	86.241	641.538	0.879	86	250	441	870	94	86	250	441	870	94	105.821	125.529	137	132	130	129	128	127	125	123	120	117	112	103.330	203.670	262	243	234	224	214	204	191	183	176	167	140	0	0	0.000	0.000	0	0.000	0.000	0	0.000	0	0.000	0	0.000	0	0.000	0	0	0.000	0.000	0	0	0	0	0.000	0	0	0	0.000	0	0
55	55	849	1609.334	640.107	0.915	10	46	320	418	44	10	46	320	418	44	110.000	115.956	123	119	118	117	116	116	115	115	114	114	112	104.786	562.634	815	731	679	639	602	562	520	476	438	408	339	0	0	0.000	0.000	0	0.000	0.000	0	0.000	0	0.000	0	0.000	0	0.000	0	0	0.000	0.000	0	0	0	0	0.000	0	0	0	0.000	0	0
56	56	1811	1407.257	657.717	0.868	25	81	673	938	53	25	81	673	938	53	110.505	161.679	187	178	174	169	166	163	160	156	151	143	128	105.811	365.034	507	469	448	427	404	378	349	313	276	243	174	0	0	0.000	0.000	0	0.000	0.000	0	0.000	0	0.000	0	0.000	0	0.000	0	0	0.000	0.000	0	0	0	0	0.000	0	0	0	0.000	0	0
57	57	1705	1242.263	667.834	0.841	45	132	730	694	70	45	132	730	694	70	109.269	117.340	128	123	120	119	117	116	116	115	114	114	111	103.000	111.438	120	115	113	113	112	111	111	110	109	109	105	0	0	0.000	0.000	0	0.000	0.000	0	0.000	0	0.000	0	0.000	0	0.000	0	0	0.000	0.000	0	0	0	0	0.000	0	0	0	0.000	0	0
58	58	1437	1459.888	665.581	0.923	742	598	27	19	11	742	598	27	19	11	111.104	157.939	174	167	165	162	160	158	156	154	151	148	137	106.905	327.128	460	404	376	355	337	324	313	299	281	254	201	0	0	0.000	0.000	0	0.000	0.000	0	0.000	0	0.000	0	0.000	0	0.000	0	0	0.000	0.000	0	0	0	0	0.000	0	0	0	0.000	0	0
59	59	1154	40.738	665.609	0.912	13	123	609	362	27	13	123	609	362	27	105.000	124.295	138	132	130	128	126	125	123	121	118	116	108	101.562	191.217	247	231	216	206	198	190	183	175	166	155	139	0	0	0.000	0.000	0	0.000	0.000	0	0.000	0	0.000	0	0.000	0	0.000	0	0	0.000	0.000	0	0	0	0	0.000	0	0	0	0.000	0	0
60	60	2319	1508.406	677.248	0.866	1131	684	244	184	50	1131	684	244	184	50	110.834	136.892	151	146	144	142	140	138	136	133	129	126	118	106.740	186.840	226	211	207	203	198	191	182	173	165	158	134	0	0	0.000	0.000	0	0.000	0.000	0	0.000	0	0.000	0	0.000	0	0.000	0	0	0.000	0.000	0	0	0	0	0.000	0	0	0	0.000	0	0
61	61	1392	1639.479	673.759	0.888	10	58	479	732	84	10	58	479	732	84	109.172	115.708	123	118	117	117	116	116	115	115	114	113	111	104.617	541.098	797	709	660	614	583	552	508	462	419	373	284	0	0	0.000	0.000	0	0.000	0.000	0	0.000	0	0.000	0	0.000	0	0.000	0	0	0.000	0.000	0	0	0	0	0.000	0	0	0	0.000	0	0
62	62	2130	1943.807	702.193	0.859	29	184	815	967	99	29	184	815	967	99	109.163	321.229	469	429	407	379	356	331	301	270	237	201	141	104.416	1737.088	2601	2449	2312	2153	1989	1807	1625	1469	1211	906	220	0	0	0.000	0.000	0	0.000	0.000	0	0.000	0	0.000	0	0.000	0	0.000	0	0	0.000	0.000	0	0	0	0	0.000	0	0	0	0.000	0	0
63	63	1483	895.315	704.785	0.891	97	451	782	104	15	97	451	782	104	15	109.423	119.055	125	122	121	120	119	119	118	118	117	117	113	104.000	2066.938	3523	2616	2437	2334	2230	2104	1957	1802	1633	1399	974	0	0	0.000	0.000	0	0.000	0.000	0	0.000	0	0.000	0	0.000	0	0.000	0	0	0.000	0.000	0	0	0	0	0.000	0	0	0	0.000	0	0
64	64	2245	1410.638	707.332	0.875	721	1063	289	112	21	721	1063	289	112	21	110.722	224.785	2522	236	180	171	167	162	158	154	150	144	126	106.757	123.901	152	136	129	126	124	122	121	119	118	116	110	1	120	1389.433	708.497	0	0.000	0.000	1072	1158.875	0	0.000	130	130.783	0	0.000	0	0	0.000	0.000	0	0	0	0	0.000	0	0	0	0.000	0	0
65	65	2035	1491.177	737.134	0.891	1106	491	242	106	57	1106	491	242	106	57	110.895	140.120	152	147	145	144	142	140	139	137	135	133	124	106.836	178.151	230	205	197	190	184	178	172	165	159	152	134	0	0	0.000	0.000	0	0.000	0.000	0	0.000	0	0.000	0	0.000	0	0.000	0	0	0.000	0.000	0	0	0	0	0.000	0	0	0	0.000	0	0
66	66	658	1931.452	739.063	0.882	15	70	282	250	34	15	70	282	250	34	109.184	173.254	220	203	195	186	178	171	164	158	152	147	140	105.000	893.383	1391	1287	1187	1083	981	888	792	697	612	536	390	0	0	0.000	0.000	0	0.000	0.000	0	0.000	0	0.000	0	0.000	0	0.000	0	0	0.000	0.000	0	0	0	0	0.000	0	0	0	0.000	0	0
67	67	1101	1447.755	743.865	0.905	162	368	380	141	33	162	368	380	141	33	111.000	205.131	410	324	292	238	195	170	155	146	141	135	125	107.000	629.112	902	822	779	740	694	649	597	545	471	395	300	0	0	0.000	0.000	0	0.000	0.000	0	0.000	0	0.000	0	0.000	0	0.000	0	0	0.000	0.000	0	0	0	0	0.000	0	0	0	0.000	0	0
68	68	2196	1968.636	762.954	0.847	55	308	1442	330	28	55	308	1442	330	28	108.340	374.454	3587	431	399	377	352	323	292	261	234	198	137	104.603	1603.643	2655	2410	2216	2003	1783	1575	1385	1210	1031	828	540	1	74	1950.321	761.156	0	0.000	0.000	1848	1881.986	0	0.000	1693	1704.973	0	0.000	0	0	0.000	0.000	0	0	0	0	0.000	0	0	0	0.000	0	0
69	69	1290	1423.337	773.003	0.898	54	291	586	278	49	54	291	586	278	49	110.842	143.794	159	153	151	149	147	146	143	139	136	132	124	106.363	534.780	768	689	632	599	571	540	507	471	431	387	241	0	0	0.000	0.000	0	0.000	0.000	0	0.000	0	0.000	0	0.000	0	0.000	0	0	0.000	0.000	0	0	0	0	0.000	0	0	0	0.000	0	0
70	70	1925	1479.490	790.412	0.908	1320	462	60	34	7	1320	462	60	34	7	110.891	129.233	140	136	134	132	131	130	128	127	124	122	115	106.055	484.611	776	678	618	567	517	478	442	405	360	296	211	0	0	0.000	0.000	0	0.000	0.000	0	0.000	0	0.000	0	0.000	0	0.000	0	0	0.000	0.000	0	0	0	0	0.000	0	0	0	0.000	0	0
71	71	1632	1402.078	814.153	0.901	6	41	267	1162	127	6	41	267	1162	127	110.000	139.835	160	154	150	146	142	139	136	133	131	128	121	105.267	534.428	803	739	705	657	592	528	478	430	377	322	264	0	0	0.000	0.000	0	0.000	0.000	0	0.000	0	0.000	0	0.000	0	0.000	0	0	0.000	0.000	0	0	0	0	0.000	0	0	0	0.000	0	0
72	72	1523	1845.023	817.326	0.890	29	49	540	784	86	29	49	540	784	86	109.000	157.218	184	174	169	165	161	158	155	151	145	138	128	105.141	716.540	1066	924	851	814	782	737	686	631	562	486	345	0	0	0.000	0.000	0	0.000	0.000	0	0.000	0	0.000	0	0.000	0	0.000	0	0	0.000	0.000	0	0	0	0	0.000	0	0	0	0.000	0	0
73	73	222	1480.329	823.531	0.741	77	62	29	32	20	77	62	29	32	20	110.000	122.000	130	126	124	123	123	122	121	120	120	119	117	105.523	339.126	460	416	375	354	340	325	320	310	304	295	260	0	0	0.000	0.000	0	0.000	0.000	0	0.000	0	0.000	0	0.000	0	0.000	0	0	0.000	0.000	0	0	0	0	0.000	0	0	0	0.000	0	0
74	74	656	1366.832	835.718	0.899	12	56	258	236	83	12	56	258	236	83	110.000	144.654	159	155	153	150	148	145	142	140	137	134	125	103.991	428.273	632	565	504	464	436	418	402	387	366	316	219	0	0	0.000	0.000	0	0.000	0.000	0	0.000	0	0.000	0	0.000	0	0.000	0	0	0.000	0.000	0	0	0	0	0.000	0	0	0	0.000	0	0
75	75	1566	1967.771	840.709	0.884	93	430	755	230	22	93	430	755	230	22	108.474	245.581	3270	327	217	182	165	154	148	143	139	134	123	104.217	120.952	140	127	126	124	122	121	119	118	117	114	108	1	79	1955.942	840.052	0	0.000	0.000	1312	1413.557	0	0.000	128	127.152	0	0.000	0	0	0.000	0.000	0	0	0	0	0.000	0	0	0	0.000	0	0
76	76	2054	1888.294	860.089	0.854	147	322	1417	105	29	147	322	1417	105	29	109.524	151.558	184	172	166	160	155	150	146	143	137	132	126	105.000	599.159	984	887	814	743	672	589	515	457	404	316	215	0	0	0.000	0.000	0	0.000	0.000	0	0.000	0	0.000	0	0.000	0	0.000	0	0	0.000	0.000	0	0	0	0	0.000	0	0	0	0.000	0	0
77	77	1274	914.213	857.963	0.917	143	648	423	20	7	143	648	423	20	7	110.634	183.846	968	222	181	164	151	148	145	142	139	136	123	103.000	117.498	131	123	121	119	118	117	116	115	114	113	108	1	108	898.642	863.940	0	0.000	0.000	475	518.806	0	0.000	116	115.815	0	0.000	0	0	0.000	0.000	0	0	0	0	0.000	0	0	0	0.000	0	0
78	78	2374	60.970	880.477	0.875	90	1478	675	49	10	90	1478	675	49	10	105.412	123.465	195	133	126	124	123	121	120	118	117	114	109	102.000	127.264	146	136	133	131	130	128	126	124	122	118	105	1	78	44.781	870.124	0	0.000	0.000	169	170.026	0	0.000	138	137.872	0	0.000	0	0	0.000	0.000	0	0	0	0	0.000	0	0	0	0.000	0	0
79	79	2078	1997.848	882.953	0.890	38	542	1312	127	11	38	542	1312	127	11	108.452	396.919	2833	1061	376	226	193	184	174	163	152	144	132	103.211	129.672	161	141	134	132	130	128	127	125	123	120	111	1	303	1994.532	880.311	0	0.000	0.000	1386	1505.162	0	0.000	144	145.132	0	0.000	0	0	0.000	0.000	0	0	0	0	0.000	0	0	0	0.000	0	0
80	80	1764	954.212	892.986	0.876	172	775	651	100	32	172	775	651	100	32	110.241	588.899	7309	1545	516	230	159	152	147	141	135	129	117	103.538	119.325	158	125	122	120	119	118	117	116	115	113	107	1	198	955.614	876.207	0	0.000	0.000	2953	3275.778	0	0.000	129	130.833	0	0.000	1	19	955.209	876.078	0	0	0	6302	6166.263	0	0	150	150.053	0	0
81	81	979	1759.958	906.130	0.911	212	277	353	102	20	212	277	353	102	20	108.946	123.292	135	129	127	125	124	123	122	121	120	118	114	104.128	320.438	476	397	369	349	331	316	302	288	269	251	188	0	0	0.000	0.000	0	0.000	0.000	0	0.000	0	0.000	0	0.000	0	0.000	0	0	0.000	0.000	0	0	0	0	0.000	0	0	0	0.000	0	0
82	82	2153	1837.868	918.433	0.894	32	50	683	1241	110	32	50	683	1241	110	109.975	228.390	278	265	258	253	246	239	230	213	194	174	141	104.978	1412.316	1935	1754	1691	1633	1574	1488	1379	1258	1144	956	473	0	0	0.000	0.000	0	0.000	0.000	0	0.000	0	0.000	0	0.000	0	0.000	0	0	0.000	0.000	0	0	0	0	0.000	0	0	0	0.000	0	0
83	83	2382	1894.778	919.250	0.915	44	210	1325	701	53	44	210	1325	701	53	109.839	159.295	209	186	174	168	163	157	152	148	144	139	122	104.572	777.507	1445	1242	1100	977	862	744	626	535	441	391	211	0	0	0.000	0.000	0	0.000	0.000	0	0.000	0	0.000	0	0.000	0	0.000	0	0	0.000	0.000	0	0	0	0	0.000	0	0	0	0.000	0	0
84	84	2108	1001.627	919.443	0.885	149	697	947	251	33	149	697	947	251	33	109.757	120.299	135	126	124	123	121	120	118	117	116	115	112	103.381	1130.834	1777	1497	1408	1318	1228	1136	1052	963	868	761	381	0	0	0.000	0.000	0	0.000	0.000	0	0.000	0	0.000	0	0.000	0	0.000	0	0	0.000	0.000	0	0	0	0	0.000	0	0	0	0.000	0	0
85	85	2396	967.046	974.290	0.843	309	1130	791	104	15	309	1130	791	104	15	109.991	118.403	131	122	120	120	119	118	118	117	116	115	112	104.468	1031.492	1848	1462	1303	1182	1092	1010	930	848	752	636	338	0	0	0.000	0.000	0	0.000	0.000	0	0.000	0	0.000	0	0.000	0	0.000	0	0	0.000	0.000	0	0	0	0	0.000	0	0	0	0.000	0	0
86	86	2135	1783.063	973.333	0.896	617	1292	141	27	10	617	1292	141	27	10	109.769	128.667	165	146	140	133	127	123	121	120	120	118	113	104.000	293.538	483	390	354	333	311	290	268	249	231	203	145	0	0	0.000	0.000	0	0.000	0.000	0	0.000	0	0.000	0	0.000	0	0.000	0	0	0.000	0.000	0	0	0	0	0.000	0	0	0	0.000	0	0
87	87	1922	864.012	978.640	0.920	132	716	958	68	11	132	716	958	68	11	108.894	118.904	127	123	121	120	120	119	118	117	117	115	111	104.000	2392.259	3503	3277	3118	2961	2811	2613	2357	2035	1560	1112	677	0	0	0.000	0.000	0	0.000	0.000	0	0.000	0	0.000	0	0.000	0	0.000	0	0	0.000	0.000	0	0	0	0	0.000	0	0	0	0.000	0	0
88	88	1713	918.259	997.054	0.866	77	703	679	187	31	77	703	679	187	31	109.218	119.805	127	124	122	121	120	120	119	118	117	116	113	104.750	1955.436	3614	2970	2610	2296	2067	1932	1797	1578	1308	997	461	0	0	0.000	0.000	0	0.000	0.000	0	0.000	0	0.000	0	0.000	0	0.000	0	0	0.000	0.000	0	0	0	0	0.000	0	0	0	0.000	0	0
89	89	1725	435.794	1003.719	0.865	16	147	854	619	48	16	147	854	619	48	108.032	137.423	156	150	146	142	139	137	135	133	131	126	117	102.802	138.886	166	157	153	149	145	141	135	130	126	118	103	0	0	0.000	0.000	0	0.000	0.000	0	0.000	0	0.000	0	0.000	0	0.000	0	0	0.000	0.000	0	0	0	0	0.000	0	0	0	0.000	0	0
90	90	1273	1020.771	1019.837	0.908	22	62	720	418	23	22	62	720	418	23	109.207	117.151	128	121	119	118	117	117	116	116	115	114	112	102.785	330.474	469	419	395	379	356	330	307	283	264	248	167	0	0	0.000	0.000	0	0.000	0.000	0	0.000	0	0.000	0	0.000	0	0.000	0	0	0.000	0.000	0	0	0	0	0.000	0	0	0	0.000	0	0
91	91	1695	976.577	1030.220	0.859	41	127	623	761	112	41	127	623	761	112	109.991	116.173	123	119	118	117	117	116	116	115	114	113	110	104.160	264.055	381	336	322	305	282	262	246	231	213	186	142	0	0	0.000	0.000	0	0.000	0.000	0	0.000	0	0.000	0	0.000	0	0.000	0	0	0.000	0.000	0	0	0	0	0.000	0	0	0	0.000	0	0
92	92	1508	1528.799	1060.378	0.902	64	210	718	437	43	64	210	718	437	43	112.211	589.602	7351	1145	437	310	286	274	258	239	222	199	158	103.000	124.386	204	135	127	125	123	121	120	119	117	115	108	1	124	1528.129	1047.905	0	0.000	0.000	3185	3424.895	0	0.000	133	134.508	0	0.000	1	38	1522.334	1067.431	0	0	0	321	317.211	0	0	178	176.842	0	0
93	93	347	900.799	1050.993	0.900	25	53	91	118	53	25	53	91	118	53	110.000	117.395	124	120	119	119	118	117	117	116	115	115	111	104.000	547.634	753	687	664	642	609	572	526	468	423	368	279	0	0	0.000	0.000	0	0.000	0.000	0	0.000	0	0.000	0	0.000	0	0.000	0	0	0.000	0.000	0	0	0	0	0.000	0	0	0	0.000	0	0
94	94	1468	931.478	1060.091	0.898	67	268	1047	63	3	67	268	1047	63	3	110.000	117.660	128	123	120	118	118	117	116	116	115	114	111	104.443	624.505	963	874	799	739	685	625	578	528	445	361	220	0	0	0.000	0.000	0	0.000	0.000	0	0.000	0	0.000	0	0.000	0	0.000	0	0	0.000	0.000	0	0	0	0	0.000	0	0	0	0.000	0	0
95	95	967	435.890	1064.744	0.819	175	433	266	67	9	175	433	266	67	9	109.000	132.429	155	147	141	137	134	131	128	126	124	121	116	103.000	118.546	136	127	124	122	120	118	117	115	113	110	105	0	0	0.000	0.000	0	0.000	0.000	0	0.000	0	0.000	0	0.000	0	0.000	0	0	0.000	0.000	0	0	0	0	0.000	0	0	0	0.000	0	0
96	96	1914	1422.907	1087.715	0.889	48	390	931	442	63	48	390	931	442	63	111.308	138.270	169	155	149	145	141	138	134	130	126	124	117	103.557	129.870	163	144	138	134	131	129	127	125	121	117	108	0	0	0.000	0.000	0	0.000	0.000	0	0.000	0	0.000	0	0.000	0	0.000	0	0	0.000	0.000	0	0	0	0	0.000	0	0	0	0.000	0	0
97	97	1875	985.578	1086.369	0.882	51	570	1102	105	11	51	570	1102	105	11	110.000	118.474	130	122	120	119	119	118	117	117	116	116	113	103.874	785.678	1222	1081	987	902	832	774	713	659	598	516	260	0	0	0.000	0.000	0	0.000	0.000	0	0.000	0	0.000	0	0.000	0	0.000	0	0	0.000	0.000	0	0	0	0	0.000	0	0	0	0.000	0	0
98	98	981	839.078	1107.340	0.891	43	274	404	207	36	43	274	404	207	36	110.527	117.519	124	121	119	118	118	117	117	116	116	115	112	103.154	417.180	590	523	495	469	444	413	391	364	336	312	253	0	0	0.000	0.000	0	0.000	0.000	0	0.000	0	0.000	0	0.000	0	0.000	0	0	0.000	0.000	0	0	0	0	0.000	0	0	0	0.000	0	0
99	99	846	1021.187	1111.225	0.898	44	223	428	122	13	44	223	428	122	13	110.703	120.150	136	128	124	121	120	119	118	117	116	115	112	103.586	663.956	982	894	834	787	742	688	624	563	496	399	244	0	0	0.000	0.000	0	0.000	0.000	0	0.000	0	0.000	0	0.000	0	0.000	0	0	0.000	0.000	0	0	0	0	0.000	0	0	0	0.000	0	0
100	100	1134	1120.889	1118.084	0.831	173	527	349	59	8	173	527	349	59	8	111.000	298.289	2553	574	332	234	192	176	165	153	143	134	122	103.000	121.041	149	132	129	125	123	120	118	116	113	111	106	2	47	1129.464	1127.232	92	1114.032	1112.959	471	458.277	1086	1195.174	122	122.979	130	130.413	0	0	0.000	0.000	0	0	0	0	0.000	0	0	0	0.000	0	0
101	101	2441	844.218	1156.561	0.887	421	1753	184	33	9	421	1753	184	33	9	110.415	120.023	130	125	123	122	120	119	118	118	117	116	111	104.000	444.131	774	597	554	518	481	439	407	371	330	292	175	0	0	0.000	0.000	0	0.000	0.000	0	0.000	0	0.000	0	0.000	0	0.000	0	0	0.000	0.000	0	0	0	0	0.000	0	0	0	0.000	0	0
102	102	2214	1410.037	1160.426	0.888	101	776	1110	162	22	101	776	1110	162	22	112.000	120.979	129	124	123	122	122	121	120	120	119	118	114	105.137	120.808	137	127	125	123	121	120	119	118	117	116	111	0	0	0.000	0.000	0	0.000	0.000	0	0.000	0	0.000	0	0.000	0	0.000	0	0	0.000	0.000	0	0	0	0	0.000	0	0	0	0.000	0	0
103	103	2524	1326.001	1158.873	0.891	218	1093	1062	64	13	218	1093	1062	64	13	112.840	179.333	210	198	194	190	186	183	179	175	167	152	128	106.566	1396.738	2006	1885	1747	1648	1546	1430	1323	1216	1082	904	306	0	0	0.000	0.000	0	0.000	0.000	0	0.000	0	0.000	0	0.000	0	0.000	0	0	0.000	0.000	0	0	0	0	0.000	0	0	0	0.000	0	0
104	104	1023	792.762	1161.423	0.907	58	100	466	310	66	58	100	466	310	66	111.000	118.595	124	121	120	120	119	118	118	117	117	116	113	103.950	328.237	513	434	401	376	354	328	306	278	246	217	178	0	0	0.000	0.000	0	0.000	0.000	0	0.000	0	0.000	0	0.000	0	0.000	0	0	0.000	0.000	0	0	0	0	0.000	0	0	0	0.000	0	0
105	105	2231	901.600	1180.134	0.861	73	720	1178	203	17	73	720	1178	203	17	110.000	119.927	133	126	123	121	120	119	118	117	117	116	112	104.138	528.121	975	760	676	619	570	517	471	419	368	308	209	0	0	0.000	0.000	0	0.000	0.000	0	0.000	0	0.000	0	0.000	0	0.000	0	0	0.000	0.000	0	0	0	0	0.000	0	0	0	0.000	0	0
106	106	1658	1228.330	1172.173	0.899	180	232	676	481	63	180	232	676	481	63	113.000	176.406	427	267	210	179	160	148	142	139	136	130	123	106.767	229.130	306	283	270	259	248	234	217	202	186	173	133	1	216	1234.538	1179.225	0	0.000	0.000	301	309.708	0	0.000	280	274.648	0	0.000	0	0	0.000	0.000	0	0	0	0	0.000	0	0	0	0.000	0	0
107	107	1856	556.009	1183.789	0.886	58	587	986	170	17	58	587	986	170	17	110.000	118.474	132	124	121	119	118	118	117	116	116	115	111	104.258	701.071	955	886	837	791	757	721	682	630	570	489	278	0	0	0.000	0.000	0	0.000	0.000	0	0.000	0	0.000	0	0.000	0	0.000	0	0	0.000	0.000	0	0	0	0	0.000	0	0	0	0.000	0	0
108	108	941	1187.339	1181.162	0.920	48	104	139	499	134	48	104	139	499	134	112.601	133.447	143	139	137	136	135	134	133	131	130	127	122	105.723	223.504	286	269	260	252	243	232	220	204	189	164	121	0	0	0.000	0.000	0	0.000	0.000	0	0.000	0	0.000	0	0.000	0	0.000	0	0	0.000	0.000	0	0	0	0	0.000	0	0	0	0.000	0	0
109	109	2321	1294.397	1215.489	0.881	1876	313	51	32	28	1876	313	51	32	28	114.000	1006.173	12980	2729	366	194	186	181	172	157	148	141	133	108.000	1232.938	6181	2286	1372	1211	1124	1025	834	663	522	405	253	1	290	1303.579	1220.574	0	0.000	0.000	5844	6299.034	0	0.000	3410	3527.683	0	0.000	1	161	1302.550	1220.171	0	0	0	8890	8282.112	0	0	4535	4549.832	0	0
110	110	407	1572.848	1209.302	0.938	199	105	58	29	8	199	105	58	29	8	111.693	122.133	128	126	125	124	123	122	121	120	120	119	115	104.000	110.339	116	113	112	111	111	110	110	109	109	108	105	0	0	0.000	0.000	0	0.000	0.000	0	0.000	0	0.000	0	0.000	0	0.000	0	0	0.000	0.000	0	0	0	0	0.000	0	0	0	0.000	0	0
111	111	1627	223.311	1222.076	0.882	25	340	921	276	27	25	340	921	276	27	107.999	226.661	362	307	278	255	232	218	204	189	175	162	141	103.000	119.854	133	125	123	122	121	120	119	118	117	115	108	0	0	0.000	0.000	0	0.000	0.000	0	0.000	0	0.000	0	0.000	0	0.000	0	0	0.000	0.000	0	0	0	0	0.000	0	0	0	0.000	0	0
112	112	1518	275.329	1222.392	0.915	202	1044	214	19	9	202	1044	214	19	9	108.246	244.234	850	416	269	228	210	198	188	182	170	154	129	103.000	123.242	138	129	127	126	124	123	122	121	120	118	109	1	149	264.035	1221.254	0	0.000	0.000	571	585.228	0	0.000	128	127.456	0	0.000	0	0	0.000	0.000	0	0	0	0	0.000	0	0	0	0.000	0	0
113	113	1712	587.813	1226.656	0.894	38	82	742	764	46	38	82	742	764	46	110.000	116.551	122	119	118	117	117	117	116	116	115	114	112	104.816	555.194	794	718	683	657	624	583	543	489	416	328	242	0	0	0.000	0.000	0	0.000	0.000	0	0.000	0	0.000	0	0.000	0	0.000	0	0	0.000	0.000	0	0	0	0	0.000	0	0	0	0.000	0	0
114	114	1103	1207.227	1228.322	0.915	21	104	515	373	64	21	104	515	373	64	112.985	122.157	133	126	124	123	122	122	121	120	120	119	116	106.654	128.854	148	136	134	132	131	130	128	126	124	120	112	0	0	0.000	0.000	0	0.000	0.000	0	0.000	0	0.000	0	0.000	0	0.000	0	0	0.000	0.000	0	0	0	0	0.000	0	0	0	0.000	0	0
115	115	1092	1608.642	1232.029	0.833	388	514	103	47	20	388	514	103	47	20	112.056	140.065	221	154	145	142	140	137	135	132	129	125	116	104.577	114.649	125	118	117	116	115	115	114	113	112	111	104	1	27	1610.741	1221.870	0	0.000	0.000	201	200.222	0	0.000	115	115.370	0	0.000	0	0	0.000	0.000	0	0	0	0	0.000	0	0	0	0.000	0	0
116	116	1871	1167.345	1257.769	0.878	17	204	1144	429	34	17	204	1144	429	34	111.693	118.924	124	121	120	120	119	119	119	118	117	117	114	105.343	127.576	143	136	134	132	130	128	126	124	122	119	107	0	0	0.000	0.000	0	0.000	0.000	0	0.000	0	0.000	0	0.000	0	0.000	0	0	0.000	0.000	0	0	0	0	0.000	0	0	0	0.000	0	0
117	117	1167	1114.338	1254.649	0.908	141	549	327	106	16	141	549	327	106	16	112.000	121.981	134	129	126	124	122	121	120	119	118	118	115	104.000	128.075	146	137	135	133	132	131	129	126	120	113	107	0	0	0.000	0.000	0	0.000	0.000	0	0.000	0	0.000	0	0.000	0	0.000	0	0	0.000	0.000	0	0	0	0	0.000	0	0	0	0.000	0	0
118	118	623	1923.976	1253.180	0.923	40	62	224	232	50	40	62	224	232	50	110.083	116.030	119	118	117	117	116	116	116	115	115	114	113	104.000	140.852	160	154	149	146	143	141	139	136	133	128	118	0	0	0.000	0.000	0	0.000	0.000	0	0.000	0	0.000	0	0.000	0	0.000	0	0	0.000	0.000	0	0	0	0	0.000	0	0	0	0.000	0	0
119	119	1907	1280.125	1273.795	0.700	58	373	1009	404	17	58	373	1009	404	17	113.057	252.899	2734	291	177	169	164	161	157	154	151	148	139	108.000	1374.870	4404	1987	1714	1561	1404	1256	1113	1005	904	803	589	1	129	1274.978	1261.025	0	0.000	0.000	1219	1342.899	0	0.000	2838	2907.163	0	0.000	1	26	1273.413	1260.327	0	0	0	2083	1983.192	0	0	3937	3900.231	0	0
120	120	990	1834.859	1267.479	0.895	33	197	452	261	30	33	197	452	261	30	111.000	117.180	122	120	119	118	118	117	117	116	116	115	112	104.758	444.948	658	583	553	533	498	460	415	369	323	276	228	0	0	0.000	0.000	0	0.000	0.000	0	0.000	0	0.000	0	0.000	0	0.000	0	0	0.000	0.000	0	0	0	0	0.000	0	0	0	0.000	0	0
121	121	1839	1229.101	1276.694	0.887	20	357	1037	348	38	20	357	1037	348	38	112.768	121.164	130	125	123	122	122	121	120	120	119	118	115	107.575	135.203	178	142	140	138	137	135	134	132	130	128	117	0	0	0.000	0.000	0	0.000	0.000	0	0.000	0	0.000	0	0.000	0	0.000	0	0	0.000	0.000	0	0	0	0	0.000	0	0	0	0.000	0	0
122	122	2048	1637.000	1284.235	0.885	43	589	1168	175	31	43	589	1168	175	31	113.000	144.750	250	173	165	158	147	137	129	125	123	121	115	105.000	185.832	288	223	205	197	189	181	174	168	163	156	132	1	107	1629.187	1290.505	0	0.000	0.000	212	212.327	0	0.000	248	235.206	0	0.000	0	0	0.000	0.000	0	0	0	0	0.000	0	0	0	0.000	0	0
123	123	2996	1582.031	1292.959	0.890	217	1856	724	105	33	217	1856	724	105	33	112.514	122.276	131	127	125	124	123	122	121	121	119	118	114	105.000	151.168	193	170	165	160	155	151	147	142	138	133	111	0	0	0.000	0.000	0	0.000	0.000	0	0.000	0	0.000	0	0.000	0	0.000	0	0	0.000	0.000	0	0	0	0	0.000	0	0	0	0.000	0	0
124	124	1644	1905.606	1293.221	0.862	29	89	691	758	40	29	89	691	758	40	110.899	116.956	125	120	119	118	117	117	116	116	115	114	111	104.503	166.439	204	186	178	173	169	166	162	159	154	149	128	0	0	0.000	0.000	0	0.000	0.000	0	0.000	0	0.000	0	0.000	0	0.000	0	0	0.000	0.000	0	0	0	0	0.000	0	0	0	0.000	0	0
125	125	1413	1809.401	1307.400	0.888	192	859	300	30	9	192	859	300	30	9	111.289	120.650	135	128	126	123	121	119	118	117	116	116	113	105.000	441.362	649	585	531	505	479	445	411	378	341	301	213	0	0	0.000	0.000	0	0.000	0.000	0	0.000	0	0.000	0	0.000	0	0.000	0	0	0.000	0.000	0	0	0	0	0.000	0	0	0	0.000	0	0
126	126	1220	1675.077	1320.970	0.905	44	66	414	602	67	44	66	414	602	67	112.064	131.704	151	142	139	136	133	131	129	127	125	123	115	104.277	228.159	277	262	256	250	243	233	223	212	200	185	154	0	0	0.000	0.000	0	0.000	0.000	0	0.000	0	0.000	0	0.000	0	0.000	0	0	0.000	0.000	0	0	0	0	0.000	0	0	0	0.000	0	0
127	127	1818	1868.565	1339.758	0.912	86	275	798	566	64	86	275	798	566	64	111.000	118.084	125	121	120	119	119	118	117	117	116	116	113	104.880	171.301	207	194	189	186	181	175	167	160	152	143	125	0	0	0.000	0.000	0	0.000	0.000	0	0.000	0	0.000	0	0.000	0	0.000	0	0	0.000	0.000	0	0	0	0	0.000	0	0	0	0.000	0	0
128	128	1780	1768.899	1338.292	0.886	459	1048	131	103	17	459	1048	131	103	17	111.294	117.699	127	121	119	118	118	117	117	116	116	115	113	104.078	496.973	770	710	643	583	535	498	460	412	356	282	225	0	0	0.000	0.000	0	0.000	0.000	0	0.000	0	0.000	0	0.000	0	0.000	0	0	0.000	0.000	0	0	0	0	0.000	0	0	0	0.000	0	0
129	129	1230	1920.645	1336.008	0.901	57	109	513	480	49	57	109	513	480	49	110.717	119.083	124	122	121	120	120	119	118	118	117	116	113	104.491	170.411	219	192	186	182	176	169	165	160	155	149	131	0	0	0.000	0.000	0	0.000	0.000	0	0.000	0	0.000	0	0.000	0	0.000	0	0	0.000	0.000	0	0	0	0	0.000	0	0	0	0.000	0	0
130	130	1698	234.600	1341.057	0.902	33	133	805	641	40	33	133	805	641	40	108.000	160.439	191	178	175	172	169	164	158	151	144	136	124	102.855	122.075	137	127	126	125	123	122	121	120	119	116	108	0	0	0.000	0.000	0	0.000	0.000	0	0.000	0	0.000	0	0.000	0	0.000	0	0	0.000	0.000	0	0	0	0	0.000	0	0	0	0.000	0	0
131	131	1845	1607.668	1345.659	0.851	72	333	1265	147	4	72	333	1265	147	4	111.987	144.720	227	166	156	150	145	140	137	135	131	127	121	104.988	224.613	301	255	249	242	234	226	219	213	203	186	154	0	0	0.000	0.000	0	0.000	0.000	0	0.000	0	0.000	0	0.000	0	0.000	0	0	0.000	0.000	0	0	0	0	0.000	0	0	0	0.000	0	0
132	132	2320	1244.116	1357.483	0.896	44	401	1134	637	48	44	401	1134	637	48	112.118	237.076	399	278	267	257	250	241	233	220	204	185	152	106.822	793.111	1144	1046	982	932	886	834	784	697	597	461	309	0	0	0.000	0.000	0	0.000	0.000	0	0.000	0	0.000	0	0.000	0	0.000	0	0	0.000	0.000	0	0	0	0	0.000	0	0	0	0.000	0	0
133	133	1736	1823.185	1358.620	0.887	198	1145	346	3	2	198	1145	346	3	2	111.000	118.461	127	122	121	120	119	118	117	117	116	115	113	104.646	560.073	811	745	689	646	598	562	524	481	438	383	196	0	0	0.000	0.000	0	0.000	0.000	0	0.000	0	0.000	0	0.000	0	0.000	0	0	0.000	0.000	0	0	0	0	0.000	0	0	0	0.000	0	0
134	134	1775	184.240	1359.932	0.897	39	308	1096	284	14	39	308	1096	284	14	107.422	231.032	2132	289	186	175	168	163	156	149	142	137	125	102.997	122.125	136	128	126	125	123	122	121	120	118	116	108	1	118	192.855	1368.023	0	0.000	0.000	1002	1043.678	0	0.000	127	126.644	0	0.000	0	0	0.000	0.000	0	0	0	0	0.000	0	0	0	0.000	0	0
135	135	357	1566.820	1368.034	0.875	79	98	93	51	30	79	98	93	51	30	111.754	126.501	137	132	130	128	127	126	126	125	123	121	117	105.000	184.532	316	256	214	187	174	169	165	160	154	148	134	0	0	0.000	0.000	0	0.000	0.000	0	0.000	0	0.000	0	0.000	0	0.000	0	0	0.000	0.000	0	0	0	0	0.000	0	0	0	0.000	0	0
136	136	1630	235.096	1388.943	0.870	77	659	807	34	8	77	659	807	34	8	107.713	161.190	236	187	177	170	165	160	155	150	142	135	122	102.994	123.415	139	130	128	126	125	124	122	121	119	116	107	0	0	0.000	0.000	0	0.000	0.000	0	0.000	0	0.000	0	0.000	0	0.000	0	0	0.000	0.000	0	0	0	0	0.000	0	0	0	0.000	0	0
137	137	2002	1199.029	1396.224	0.905	27	93	610	1111	138	27	93	610	1111	138	111.645	340.420	5577	321	242	230	221	211	198	184	170	156	129	105.439	610.978	1188	866	795	739	687	638	571	487	392	311	224	1	103	1206.861	1398.175	0	0.000	0.000	2248	2496.379	0	0.000	814	793.301	0	0.000	0	0	0.000	0.000	0	0	0	0	0.000	0	0	0	0.000	0	0
138	138	1324	1560.803	1398.202	0.852	18	583	456	218	28	18	583	456	218	28	111.478	146.325	164	157	154	151	148	146	144	142	139	136	125	105.000	503.933	761	690	640	591	548	507	469	431	377	311	171	0	0	0.000	0.000	0	0.000	0.000	0	0.000	0	0.000	0	0.000	0	0.000	0	0	0.000	0.000	0	0	0	0	0.000	0	0	0	0.000	0	0
139	139	212	1168.719	1416.288	0.936	31	66	59	44	9	31	66	59	44	9	111.000	152.349	174	169	162	158	154	152	149	146	144	139	132	104.307	323.066	457	425	399	369	344	321	304	284	254	227	181	0	0	0.000	0.000	0	0.000	0.000	0	0.000	0	0.000	0	0.000	0	0.000	0	0	0.000	0.000	0	0	0	0	0.000	0	0	0	0.000	0	0
140	140	995	1583.322	1426.666	0.896	81	184	469	223	25	81	184	469	223	25	111.738	126.499	138	132	130	128	127	127	126	125	123	121	115	104.167	338.301	492	416	389	370	354	337	322	306	292	265	186	0	0	0.000	0.000	0	0.000	0.000	0	0.000	0	0.000	0	0.000	0	0.000	0	0	0.000	0.000	0	0	0	0	0.000	0	0	0	0.000	0	0
141	141	1966	1546.130	1452.494	0.853	31	67	1310	487	32	31	67	1310	487	32	111.868	228.505	2324	248	164	160	154	148	142	137	132	129	120	104.038	633.343	2191	955	883	773	667	565	475	403	348	297	206	1	144	1558.330	1455.075	0	0.000	0.000	1055	1159.562	0	0.000	1390	1415.139	0	0.000	0	0	0.000	0.000	0	0	0	0	0.000	0	0	0	0.000	0	0
142	142	1633	212.971	1450.707	0.856	356	969	167	98	17	356	969	167	98	17	107.000	112.653	119	115	114	113	113	112	112	112	111	111	108	102.000	119.739	132	126	124	122	121	119	118	117	116	114	106	0	0	0.000	0.000	0	0.000	0.000	0	0.000	0	0.000	0	0.000	0	0.000	0	0	0.000	0.000	0	0	0	0	0.000	0	0	0	0.000	0	0
143	143	1737	1617.130	1465.494	0.856	45	321	1036	265	28	45	321	1036	265	28	112.000	157.867	757	196	138	133	131	129	127	125	123	121	117	103.625	394.320	1138	568	497	451	422	382	329	279	236	194	162	1	151	1630.534	1464.242	0	0.000	0.000	397	431.026	0	0.000	780	758.722	0	0.000	0	0	0.000	0.000	0	0	0	0	0.000	0	0	0	0.000	0	0
144	144	1557	538.919	1467.899	0.889	24	84	625	693	94	24	84	625	693	94	109.782	150.488	254	163	158	156	153	151	148	144	139	134	124	104.488	1482.692	2063	1900	1820	1727	1611	1492	1390	1283	1170	1029	655	0	0	0.000	0.000	0	0.000	0.000	0	0.000	0	0.000	0	0.000	0	0.000	0	0	0.000	0.000	0	0	0	0	0.000	0	0	0	0.000	0	0
145	145	1893	264.193	1481.955	0.887	44	674	1028	104	9	44	674	1028	104	9	107.679	112.990	119	116	115	114	113	113	112	112	111	111	108	101.894	119.732	137	126	124	123	121	120	118	117	115	113	109	0	0	0.000	0.000	0	0.000	0.000	0	0.000	0	0.000	0	0.000	0	0.000	0	0	0.000	0.000	0	0	0	0	0.000	0	0	0	0.000	0	0
146	146	1628	1473.001	1494.164	0.892	105	407	754	298	34	105	407	754	298	34	111.848	118.579	126	122	121	120	119	118	118	117	116	116	113	103.000	328.588	490	448	419	399	366	328	291	260	232	210	165	0	0	0.000	0.000	0	0.000	0.000	0	0.000	0	0.000	0	0.000	0	0.000	0	0	0.000	0.000	0	0	0	0	0.000	0	0	0	0.000	0	0
147	147	1768	635.657	1500.605	0.880	31	82	1169	440	12	31	82	1169	440	12	110.956	155.736	188	174	170	167	163	159	152	146	140	133	123	105.289	2607.285	4242	3659	3314	3119	2939	2742	2515	2198	1756	1329	686	0	0	0.000	0.000	0	0.000	0.000	0	0.000	0	0.000	0	0.000	0	0.000	0	0	0.000	0.000	0	0	0	0	0.000	0	0	0	0.000	0	0
148	148	1838	523.339	1523.065	0.865	12	72	951	716	43	12	72	951	716	43	110.007	141.768	160	151	148	146	144	142	140	138	135	132	124	104.997	1232.983	1782	1619	1546	1482	1389	1265	1131	1018	922	786	583	0	0	0.000	0.000	0	0.000	0.000	0	0.000	0	0.000	0	0.000	0	0.000	0	0	0.000	0.000	0	0	0	0	0.000	0	0	0	0.000	0	0
149	149	1608	1610.875	1530.353	0.862	66	461	988	50	12	66	461	988	50	12	112.000	125.563	135	131	129	127	127	126	125	124	122	121	115	104.000	1133.479	1806	1681	1535	1404	1281	1170	1044	901	713	529	374	0	0	0.000	0.000	0	0.000	0.000	0	0.000	0	0.000	0	0.000	0	0.000	0	0	0.000	0.000	0	0	0	0	0.000	0	0	0	0.000	0	0
150	150	1871	590.967	1538.180	0.893	1129	592	52	31	12	1129	592	52	31	12	110.341	169.655	791	193	157	153	151	148	145	140	136	131	122	105.252	663.780	1387	888	823	779	739	684	619	554	474	378	248	1	115	592.872	1547.650	0	0.000	0.000	455	463.565	0	0.000	965	932.904	0	0.000	0	0	0.000	0.000	0	0	0	0	0.000	0	0	0	0.000	0	0
151	151	2053	478.733	1547.314	0.881	67	728	1098	100	18	67	728	1098	100	18	109.547	147.142	165	157	154	152	150	148	146	144	140	135	126	104.528	1969.346	2977	2537	2386	2254	2129	1987	1843	1698	1564	1352	822	0	0	0.000	0.000	0	0.000	0.000	0	0.000	0	0.000	0	0.000	0	0.000	0	0	0.000	0.000	0	0	0	0	0.000	0	0	0	0.000	0	0
152	152	433	1649.624	1539.534	0.874	39	87	142	135	25	39	87	142	135	25	111.471	119.300	124	122	121	121	120	119	119	118	117	117	115	104.000	588.566	815	768	719	687	643	599	557	516	459	391	285	0	0	0.000	0.000	0	0.000	0.000	0	0.000	0	0.000	0	0.000	0	0.000	0	0	0.000	0.000	0	0	0	0	0.000	0	0	0	0.000	0	0
153	153	1907	638.929	1556.475	0.904	54	211	869	690	48	54	211	869	690	48	110.671	170.735	203	196	191	188	182	174	166	157	148	140	124	104.638	3396.330	4824	4548	4379	4177	3945	3673	3349	2947	2323	1674	1007	0	0	0.000	0.000	0	0.000	0.000	0	0.000	0	0.000	0	0.000	0	0.000	0	0	0.000	0.000	0	0	0	0	0.000	0	0	0	0.000	0	0
154	154	1695	1635.163	1570.288	0.895	193	585	793	81	10	193	585	793	81	10	110.683	127.167	138	134	132	131	130	128	125	124	122	120	117	104.142	1040.029	1664	1491	1404	1294	1183	1077	954	809	674	524	360	0	0	0.000	0.000	0	0.000	0.000	0	0.000	0	0.000	0	0.000	0	0.000	0	0	0.000	0.000	0	0	0	0	0.000	0	0	0	0.000	0	0
155	155	1989	268.657	1584.442	0.872	41	134	743	981	45	41	134	743	981	45	107.996	114.089	123	117	116	115	114	114	113	113	112	112	109	102.868	161.571	198	182	176	171	166	162	157	152	147	143	120	0	0	0.000	0.000	0	0.000	0.000	0	0.000	0	0.000	0	0.000	0	0.000	0	0	0.000	0.000	0	0	0	0	0.000	0	0	0	0.000	0	0
156	156	2233	207.318	1597.191	0.882	374	1670	95	53	22	374	1670	95	53	22	107.398	114.335	125	120	117	115	114	113	113	112	112	111	108	102.550	149.401	182	172	165	161	155	151	146	140	134	127	104	0	0	0.000	0.000	0	0.000	0.000	0	0.000	0	0.000	0	0.000	0	0.000	0	0	0.000	0.000	0	0	0	0	0.000	0	0	0	0.000	0	0
157	157	1424	482.140	1597.138	0.883	74	1014	244	35	24	74	1014	244	35	24	109.906	143.127	163	154	151	149	146	144	141	138	134	131	122	104.308	1952.183	3045	2642	2500	2329	2179	2035	1889	1680	1398	1047	723	0	0	0.000	0.000	0	0.000	0.000	0	0.000	0	0.000	0	0.000	0	0.000	0	0	0.000	0.000	0	0	0	0	0.000	0	0	0	0.000	0	0
158	158	1533	1963.609	1602.498	0.883	37	229	820	390	31	37	229	820	390	31	109.342	117.389	126	122	120	119	118	117	116	116	115	114	110	102.117	117.928	132	124	121	120	119	118	117	116	114	112	103	0	0	0.000	0.000	0	0.000	0.000	0	0.000	0	0.000	0	0.000	0	0.000	0	0	0.000	0.000	0	0	0	0	0.000	0	0	0	0.000	0	0
159	159	433	303.806	1605.958	0.946	30	57	138	146	52	30	57	138	146	52	108.000	112.129	115	114	113	113	112	112	112	112	111	111	108	103.166	128.353	146	139	136	134	131	129	126	123	121	117	110	0	0	0.000	0.000	0	0.000	0.000	0	0.000	0	0.000	0	0.000	0	0.000	0	0	0.000	0.000	0	0	0	0	0.000	0	0	0	0.000	0	0
160	160	1641	1586.029	1633.252	0.885	215	1039	306	36	14	215	1039	306	36	14	110.204	126.797	144	137	133	130	127	125	124	123	121	119	111	103.297	1238.180	2112	1642	1504	1382	1299	1232	1154	1047	950	843	457	0	0	0.000	0.000	0	0.000	0.000	0	0.000	0	0.000	0	0.000	0	0.000	0	0	0.000	0.000	0	0	0	0	0.000	0	0	0	0.000	0	0
161	161	1378	1909.857	1636.945	0.911	30	103	719	457	41	30	103	719	457	41	109.255	142.030	158	150	148	146	145	144	142	139	135	131	122	102.385	150.074	172	160	157	155	153	151	149	146	143	139	122	0	0	0.000	0.000	0	0.000	0.000	0	0.000	0	0.000	0	0.000	0	0.000	0	0	0.000	0.000	0	0	0	0	0.000	0	0	0	0.000	0	0
162	162	1846	266.284	1665.491	0.872	700	768	161	132	70	700	768	161	132	70	108.389	131.768	145	139	136	135	133	132	131	129	127	125	116	104.918	679.149	949	872	834	786	738	681	630	579	535	486	276	0	0	0.000	0.000	0	0.000	0.000	0	0.000	0	0.000	0	0.000	0	0.000	0	0	0.000	0.000	0	0	0	0	0.000	0	0	0	0.000	0	0
163	163	1053	565.753	1654.342	0.898	12	53	404	481	77	12	53	404	481	77	110.000	143.970	158	152	150	148	147	145	144	140	137	135	124	103.290	628.822	861	789	738	689	656	619	583	553	532	495	406	0	0	0.000	0.000	0	0.000	0.000	0	0.000	0	0.000	0	0.000	0	0.000	0	0	0.000	0.000	0	0	0	0	0.000	0	0	0	0.000	0	0
164	164	309	1855.092	1659.371	0.926	13	36	137	91	22	13	36	137	91	22	110.337	138.152	150	146	145	143	141	139	137	134	131	128	122	104.000	1001.602	1502	1374	1247	1166	1098	1014	923	818	740	665	467	0	0	0.000	0.000	0	0.000	0.000	0	0.000	0	0.000	0	0.000	0	0.000	0	0	0.000	0.000	0	0	0	0	0.000	0	0	0	0.000	0	0
165	165	247	545.853	1667.504	0.809	25	33	108	55	19	25	33	108	55	19	110.000	137.328	145	143	141	139	138	137	136	135	134	132	129	103.000	546.275	658	640	626	604	577	549	524	502	481	449	357	0	0	0.000	0.000	0	0.000	0.000	0	0.000	0	0.000	0	0.000	0	0.000	0	0	0.000	0.000	0	0	0	0	0.000	0	0	0	0.000	0	0
166	166	1872	1828.768	1688.316	0.882	272	949	543	49	9	272	949	543	49	9	111.342	166.096	1069	172	159	155	152	149	144	140	135	129	121	105.037	1357.999	2588	1922	1749	1655	1569	1453	1310	1139	888	586	346	1	76	1825.328	1697.066	0	0.000	0.000	503	540.447	0	0.000	2044	1870.974	0	0.000	0	0	0.000	0.000	0	0	0	0	0.000	0	0	0	0.000	0	0
167	167	1808	1910.144	1687.820	0.903	260	1331	173	16	4	260	1331	173	16	4	110.843	153.722	518	178	146	142	139	137	135	134	132	130	124	103.711	139.885	191	151	147	143	141	138	136	134	132	129	122	1	125	1906.273	1684.736	0	0.000	0.000	320	331.352	0	0.000	160	161.448	0	0.000	0	0	0.000	0.000	0	0	0	0	0.000	0	0	0	0.000	0	0
168	168	1272	691.970	1682.437	0.892	112	578	509	30	11	112	578	509	30	11	110.000	126.402	154	143	134	128	125	123	122	120	119	118	111	103.133	118.391	131	124	122	120	119	118	117	116	115	113	107	0	0	0.000	0.000	0	0.000	0.000	0	0.000	0	0.000	0	0.000	0	0.000	0	0	0.000	0.000	0	0	0	0	0.000	0	0	0	0.000	0	0
169	169	1285	1782.008	1689.003	0.906	29	204	700	237	84	29	204	700	237	84	111.068	149.244	170	160	157	155	153	150	147	144	140	137	129	104.660	795.886	1243	1074	1010	939	857	786	729	671	604	510	354	0	0	0.000	0.000	0	0.000	0.000	0	0.000	0	0.000	0	0.000	0	0.000	0	0	0.000	0.000	0	0	0	0	0.000	0	0	0	0.000	0	0
170	170	1045	371.734	1688.332	0.884	36	141	606	232	10	36	141	606	232	10	109.478	142.581	156	150	148	146	145	144	142	140	137	133	124	104.085	642.231	940	859	814	780	720	650	600	539	461	392	292	0	0	0.000	0.000	0	0.000	0.000	0	0.000	0	0.000	0	0.000	0	0.000	0	0	0.000	0.000	0	0	0	0	0.000	0	0	0	0.000	0	0
171	171	2111	290.518	1723.591	0.809	998	953	60	34	7	998	953	60	34	7	109.158	172.535	845	278	151	137	134	131	128	124	122	119	116	105.646	548.070	2129	794	639	583	539	491	442	381	324	265	216	1	230	286.548	1740.224	0	0.000	0.000	442	475.683	0	0.000	1192	1252.817	0	0.000	1	99	286.332	1740.029	0	0	0	633	632.323	0	0	1665	1648.465	0	0
172	172	827	727.386	1709.591	0.915	26	118	405	262	5	26	118	405	262	5	110.210	115.771	121	118	117	117	116	116	115	115	114	114	111	103.462	460.170	660	611	582	552	520	482	428	379	330	283	203	0	0	0.000	0.000	0	0.000	0.000	0	0.000	0	0.000	0	0.000	0	0.000	0	0	0.000	0.000	0	0	0	0	0.000	0	0	0	0.000	0	0
173	173	2591	423.399	1724.469	0.858	120	1513	827	60	25	120	1513	827	60	25	109.011	165.093	600	177	171	168	165	162	159	154	146	135	124	103.250	975.012	2232	1325	1256	1177	1098	1009	933	844	702	476	321	1	52	414.613	1727.292	0	0.000	0.000	397	394.750	0	0.000	1592	1594.673	0	0.000	0	0	0.000	0.000	0	0	0	0	0.000	0	0	0	0.000	0	0
174	174	3085	341.852	1739.360	0.750	196	2228	579	37	7	196	2228	579	37	7	109.990	211.762	2796	173	158	154	151	147	143	138	133	127	120	104.736	868.415	2815	1195	1113	1022	934	842	743	652	553	460	320	1	148	341.545	1747.369	0	0.000	0.000	1305	1394.885	0	0.000	1868	1933.223	0	0.000	1	32	340.825	1747.388	0	0	0	2310	2258.250	0	0	2572	2527.875	0	0
175	175	1771	687.350	1730.559	0.898	80	383	931	308	25	80	383	931	308	25	110.600	117.663	130	124	120	118	117	116	116	115	115	114	111	103.177	616.455	946	845	779	724	677	617	551	493	441	410	289	0	0	0.000	0.000	0	0.000	0.000	0	0.000	0	0.000	0	0.000	0	0.000	0	0	0.000	0.000	0	0	0	0	0.000	0	0	0	0.000	0	0
176	176	1790	1793.760	1737.129	0.882	343	1113	230	55	20	343	1113	230	55	20	111.621	171.777	1263	165	158	154	152	150	148	145	140	133	124	105.451	836.265	2495	1224	1089	973	865	773	699	642	585	508	368	1	75	1806.484	1745.071	0	0.000	0.000	567	615.587	0	0.000	1528	1516.600	0	0.000	0	0	0.000	0.000	0	0	0	0	0.000	0	0	0	0.000	0	0
177	177	1660	1926.556	1735.449	0.913	324	327	525	322	135	324	327	525	322	135	110.745	125.056	133	130	129	128	126	125	124	123	121	119	115	103.749	144.505	169	160	157	154	151	146	142	138	133	124	111	0	0	0.000	0.000	0	0.000	0.000	0	0.000	0	0.000	0	0.000	0	0.000	0	0	0.000	0.000	0	0	0	0	0.000	0	0	0	0.000	0	0
178	178	330	465.537	1730.393	0.930	18	101	84	86	32	18	101	84	86	32	108.000	117.918	132	121	120	119	118	118	117	116	115	114	110	102.927	293.494	597	391	370	347	321	294	263	236	207	176	141	0	0	0.000	0.000	0	0.000	0.000	0	0.000	0	0.000	0	0.000	0	0.000	0	0	0.000	0.000	0	0	0	0	0.000	0	0	0	0.000	0	0
179	179	1515	739.221	1754.102	0.907	25	106	733	580	44	25	106	733	580	44	110.569	116.899	124	120	118	118	117	117	116	116	115	114	111	103.000	625.219	987	865	787	727	674	617	562	520	474	392	312	0	0	0.000	0.000	0	0.000	0.000	0	0.000	0	0.000	0	0.000	0	0.000	0	0	0.000	0.000	0	0	0	0	0.000	0	0	0	0.000	0	0
180	180	2727	1827.731	1785.081	0.865	656	1827	115	62	17	656	1827	115	62	17	110.985	148.465	229	161	155	152	149	147	145	143	140	134	122	105.407	949.891	1573	1389	1276	1154	1041	933	825	724	630	552	340	0	0	0.000	0.000	0	0.000	0.000	0	0.000	0	0.000	0	0.000	0	0.000	0	0	0.000	0.000	0	0	0	0	0.000	0	0	0	0.000	0	0
181	181	2552	294.935	1792.227	0.890	52	1362	1021	34	7	52	1362	1021	34	7	108.937	529.128	8355	978	233	176	168	163	159	155	151	143	124	103.930	685.455	3047	928	785	691	638	586	536	485	426	348	252	1	215	300.258	1808.630	0	0.000	0.000	3456	3916.005	0	0.000	1841	1891.777	0	0.000	1	130	300.414	1808.752	0	0	0	4952	5123.115	0	0	2291	2293.923	0	0
182	182	2592	229.063	1792.282	0.860	71	1190	1161	100	9	71	1190	1161	100	9	107.971	175.993	445	199	178	173	169	166	163	160	155	147	127	103.189	714.995	1037	942	892	846	793	735	676	623	550	435	302	0	0	0.000	0.000	0	0.000	0.000	0	0.000	0	0.000	0	0.000	0	0.000	0	0	0.000	0.000	0	0	0	0	0.000	0	0	0	0.000	0	0
183	183	940	921.711	1796.826	0.915	27	65	456	294	80	27	65	456	294	80	111.000	147.515	160	156	154	153	151	149	147	145	141	137	127	103.820	1364.648	1858	1694	1649	1596	1536	1467	1384	1234	1050	831	508	0	0	0.000	0.000	0	0.000	0.000	0	0.000	0	0.000	0	0.000	0	0.000	0	0	0.000	0.000	0	0	0	0	0.000	0	0	0	0.000	0	0
184	184	1828	1759.504	1818.229	0.888	530	1168	92	12	6	530	1168	92	12	6	112.000	226.307	561	288	248	236	224	213	203	193	179	167	148	105.244	910.199	1592	1297	1207	1128	1035	928	827	718	611	461	343	1	56	1750.702	1811.730	0	0.000	0.000	478	477.589	0	0.000	1418	1418.196	0	0.000	0	0	0.000	0.000	0	0	0	0	0.000	0	0	0	0.000	0	0
185	185	2445	890.205	1835.146	0.860	57	687	1369	267	24	57	687	1369	267	24	111.000	147.307	290	159	154	151	149	147	143	140	138	134	122	104.000	1390.276	2298	1999	1816	1626	1492	1364	1240	1128	958	827	498	1	15	892.864	1819.993	0	0.000	0.000	246	247.867	0	0.000	949	978.267	0	0.000	0	0	0.000	0.000	0	0	0	0	0.000	0	0	0	0.000	0	0
186	186	1431	1727.582	1858.626	0.902	68	144	586	553	48	68	144	586	553	48	111.500	213.921	264	251	241	235	229	220	210	197	182	168	145	104.249	1032.046	1430	1312	1218	1160	1108	1058	1002	937	858	717	411	0	0	0.000	0.000	0	0.000	0.000	0	0.000	0	0.000	0	0.000	0	0.000	0	0	0.000	0.000	0	0	0	0	0.000	0	0	0	0.000	0	0
187	187	2269	1783.579	1867.887	0.884	20	80	1469	627	19	20	80	1469	627	19	111.480	208.767	303	253	242	233	223	211	199	186	174	161	127	104.602	1013.877	1674	1492	1389	1303	1190	1052	922	771	619	468	156	0	0	0.000	0.000	0	0.000	0.000	0	0.000	0	0.000	0	0.000	0	0.000	0	0	0.000	0.000	0	0	0	0	0.000	0	0	0	0.000	0	0
188	188	2604	876.542	1889.441	0.870	161	2016	340	22	6	161	2016	340	22	6	110.920	142.750	165	155	153	151	148	145	141	136	131	126	121	103.393	1347.055	2055	1912	1791	1695	1575	1432	1276	1081	851	614	424	0	0	0.000	0.000	0	0.000	0.000	0	0.000	0	0.000	0	0.000	0	0.000	0	0	0.000	0.000	0	0	0	0	0.000	0	0	0	0.000	0	0
189	189	1874	555.865	1889.428	0.904	543	995	221	59	14	543	995	221	59	14	107.565	122.392	138	131	128	125	123	121	120	118	117	116	112	101.683	115.798	126	121	119	118	117	116	115	114	112	111	103	0	0	0.000	0.000	0	0.000	0.000	0	0.000	0	0.000	0	0.000	0	0.000	0	0	0.000	0.000	0	0	0	0	0.000	0	0	0	0.000	0	0
190	190	936	1829.549	1894.282	0.905	15	115	473	285	28	15	115	473	285	28	110.943	195.097	240	231	225	216	208	200	191	181	167	148	123	103.380	1030.222	1479	1398	1357	1304	1237	1182	1094	919	675	351	122	0	0	0.000	0.000	0	0.000	0.000	0	0.000	0	0.000	0	0.000	0	0.000	0	0	0.000	0.000	0	0	0	0	0.000	0	0	0	0.000	0	0
191	191	1590	1647.310	1910.417	0.885	31	57	360	912	209	31	57	360	912	209	110.905	121.442	131	126	124	123	122	121	120	120	119	118	115	102.261	123.452	138	132	130	127	126	124	122	120	118	114	104	0	0	0.000	0.000	0	0.000	0.000	0	0.000	0	0.000	0	0.000	0	0.000	0	0	0.000	0.000	0	0	0	0	0.000	0	0	0	0.000	0	0
192	192	1623	1689.638	1946.841	0.892	28	96	763	659	51	28	96	763	659	51	110.000	118.772	127	122	121	120	119	119	118	117	117	116	111	102.000	122.947	135	129	127	126	125	124	122	120	118	116	108	0	0	0.000	0.000	0	0.000	0.000	0	0.000	0	0.000	0	0.000	0	0.000	0	0	0.000	0.000	0	0	0	0	0.000	0	0	0	0.000	0	0
193	193	1212	1611.778	1947.228	0.911	35	274	706	171	6	35	274	706	171	6	112.406	159.327	197	191	187	181	176	168	152	137	126	120	115	102.000	125.559	149	137	134	131	129	126	124	121	117	112	105	0	0	0.000	0.000	0	0.000	0.000	0	0.000	0	0.000	0	0.000	0	0.000	0	0	0.000	0.000	0	0	0	0	0.000	0	0	0	0.000	0	0
194	194	291	1717.747	1969.503	0.935	18	67	109	80	9	18	67	109	80	9	110.000	114.914	120	117	116	116	115	115	114	114	113	113	112	102.000	113.533	122	119	118	116	115	114	113	112	109	107	102	0	0	0.000	0.000	0	0.000	0.000	0	0.000	0	0.000	0	0.000	0	0.000	0	0	0.000	0.000	0	0	0	0	0.000	0	0	0	0.000	0	0
