 	cell	area	x	y	circ	BFI_lev_b1	BFI_lev_b2	BFI_lev_b3	BFI_lev_b4	BFI_lev_b5	BFO_lev_b1	BFO_lev_b2	BFO_lev_b3	BFO_lev_b4	BFO_lev_b5	RFP_int_bg	RFP_int_mean	RFP_int_b0	RFP_int_b1	RFP_int_b2	RFP_int_b3	RFP_int_b4	RFP_int_b5	RFP_int_b6	RFP_int_b7	RFP_int_b8	RFP_int_b9	RFP_int_b10	GFP_int_bg	GFP_int_mean	GFP_int_b0	GFP_int_b1	GFP_int_b2	GFP_int_b3	GFP_int_b4	GFP_int_b5	GFP_int_b6	GFP_int_b7	GFP_int_b8	GFP_int_b9	GFP_int_b10	inRFPnfoci	f1_inRFParea	f1_inRFPx	f1_inRFPy	f2_inRFParea	f2_inRFPx	f2_inRFPy	f1_inRFP_toRFPmed	f1_inRFP_toRFPmean	f2_inRFP_toRFPmed	f2_inRFP_toRFPmean	f1_inRFP_toGFPmed	f1_inRFP_toGFPmean	f2_inRFP_toGFPmed	f2_inRFP_toGFPmean	inGFPnfoci	f1_inGFParea	f1_inGFPx	f1_inGFPy	f2_inGFParea	f2_inGFPx	f2_inGFPy	f1_inGFP_toRFPmed	f1_inGFP_toRFPmean	f2_inGFP_toRFPmed	f2_inGFP_toRFPmean	f1_inGFP_toGFPmed	f1_inGFP_toGFPmean	f2_inGFP_toGFPmed	f2_inGFP_toGFPmean
1	1	1408	1813.590	42.551	0.880	171	1120	66	19	14	171	1120	66	19	14	106.513	218.049	2181	337	149	136	132	128	124	122	120	118	114	101.913	399.316	2631	490	415	385	357	326	298	270	237	201	167	1	123	1822.709	45.088	0	0	0	920	1006.211	0	0	1104	1230.293	0	0	1	82	1823.066	44.879	0	0	0	1206	1213.549	0	0	1475	1497.793	0	0
2	2	1187	1844.815	74.673	0.912	87	659	257	107	49	87	659	257	107	49	106.916	154.477	518	225	143	134	132	131	129	128	126	123	113	101.613	327.307	580	410	378	361	343	327	310	291	266	223	185	1	131	1833.676	82.566	0	0	0	307	320.618	0	0	435	409.519	0	0	0	0	0.000	0.000	0	0	0	0	0.000	0	0	0	0.000	0	0
3	3	2252	1809.653	169.542	0.878	64	1538	575	23	6	64	1538	575	23	6	108.000	511.187	7368	623	314	296	285	273	249	223	196	174	141	102.000	135.440	193	144	140	138	137	135	133	131	128	124	112	1	151	1824.509	177.671	0	0	0	3344	3630.656	0	0	161	162.921	0	0	0	0	0.000	0.000	0	0	0	0	0.000	0	0	0	0.000	0	0
4	4	441	1584.606	190.992	0.801	59	150	117	86	23	59	150	117	86	23	108.054	166.710	197	185	179	174	170	166	163	159	154	149	138	102.000	132.864	156	143	139	137	134	132	130	128	126	124	119	0	0	0.000	0.000	0	0	0	0	0.000	0	0	0	0.000	0	0	0	0	0.000	0.000	0	0	0	0	0.000	0	0	0	0.000	0	0
5	5	711	1811.436	217.232	0.909	55	81	304	226	33	55	81	304	226	33	108.000	218.788	261	254	246	239	233	225	217	206	190	173	145	102.000	128.526	144	139	136	134	132	131	129	126	120	113	103	0	0	0.000	0.000	0	0	0	0	0.000	0	0	0	0.000	0	0	0	0	0.000	0.000	0	0	0	0	0.000	0	0	0	0.000	0	0
6	6	2014	1453.358	276.973	0.909	97	218	787	800	70	97	218	787	800	70	108.975	163.930	218	197	184	176	168	159	152	146	142	139	128	102.962	608.890	1277	1058	916	804	690	576	455	354	287	234	174	0	0	0.000	0.000	0	0	0	0	0.000	0	0	0	0.000	0	0	0	0	0.000	0.000	0	0	0	0	0.000	0	0	0	0.000	0	0
7	7	1722	935.647	278.331	0.870	45	206	1000	392	55	45	206	1000	392	55	109.443	230.955	1363	243	234	228	223	216	207	193	177	160	134	103.000	443.310	787	552	515	485	463	444	426	404	379	327	200	1	58	924.813	273.310	0	0	0	752	780.052	0	0	594	597.690	0	0	0	0	0.000	0.000	0	0	0	0	0.000	0	0	0	0.000	0	0
8	8	1946	1533.525	303.617	0.859	152	1217	444	66	25	152	1217	444	66	25	109.353	164.958	200	183	178	175	171	167	162	156	151	145	127	103.624	764.016	1157	991	948	905	851	794	730	659	558	465	331	0	0	0.000	0.000	0	0	0	0	0.000	0	0	0	0.000	0	0	0	0	0.000	0.000	0	0	0	0	0.000	0	0	0	0.000	0	0
9	9	721	1579.682	304.745	0.922	11	60	110	350	180	11	60	110	350	180	108.999	138.451	159	153	149	144	141	138	134	131	128	126	121	103.458	597.963	963	838	770	715	666	603	537	479	410	351	260	0	0	0.000	0.000	0	0	0	0	0.000	0	0	0	0.000	0	0	0	0	0.000	0.000	0	0	0	0	0.000	0	0	0	0.000	0	0
10	10	1736	978.852	324.158	0.863	65	278	1034	311	19	65	278	1034	311	19	110.000	392.125	3934	724	251	235	220	208	195	179	165	148	133	103.000	650.168	2337	950	806	743	669	582	533	470	374	261	184	1	169	971.380	331.005	0	0	0	1837	1960.225	0	0	1448	1488.740	0	0	1	67	971.895	330.995	0	0	0	2927	2915.000	0	0	1917	1914.507	0	0
11	11	2261	463.155	341.218	0.879	29	117	1131	841	87	29	117	1131	841	87	109.000	164.142	186	179	176	173	171	169	165	159	151	141	129	102.996	1210.165	1589	1511	1467	1423	1378	1330	1266	1142	931	654	420	0	0	0.000	0.000	0	0	0	0	0.000	0	0	0	0.000	0	0	0	0	0.000	0.000	0	0	0	0	0.000	0	0	0	0.000	0	0
12	12	1009	1022.023	336.645	0.877	420	343	121	82	22	420	343	121	82	22	109.420	220.553	255	246	242	238	232	225	217	208	199	187	163	103.000	590.272	799	754	725	690	649	609	561	504	458	400	271	0	0	0.000	0.000	0	0	0	0	0.000	0	0	0	0.000	0	0	0	0	0.000	0.000	0	0	0	0	0.000	0	0	0	0.000	0	0
13	13	2020	1568.197	351.297	0.882	83	512	1015	354	24	83	512	1015	354	24	109.000	172.638	219	203	193	185	179	173	166	158	151	144	129	103.131	928.237	1541	1354	1197	1095	1028	941	849	753	636	496	339	0	0	0.000	0.000	0	0	0	0	0.000	0	0	0	0.000	0	0	0	0	0.000	0.000	0	0	0	0	0.000	0	0	0	0.000	0	0
14	14	628	1349.772	342.118	0.791	100	305	142	51	16	100	305	142	51	16	109.054	161.111	202	184	175	169	164	160	155	151	147	143	132	103.000	129.745	160	143	136	132	130	128	127	125	123	120	113	0	0	0.000	0.000	0	0	0	0	0.000	0	0	0	0.000	0	0	0	0	0.000	0.000	0	0	0	0	0.000	0	0	0	0.000	0	0
15	15	821	1076.291	349.642	0.784	107	334	266	72	25	107	334	266	72	25	109.000	148.417	178	166	162	158	153	149	143	139	134	131	122	103.000	122.201	151	131	127	126	123	122	120	118	116	114	108	0	0	0.000	0.000	0	0	0	0	0.000	0	0	0	0.000	0	0	0	0	0.000	0.000	0	0	0	0	0.000	0	0	0	0.000	0	0
16	16	328	1315.295	361.469	0.734	15	41	153	98	13	15	41	153	98	13	109.293	121.009	128	125	123	122	121	121	120	120	119	118	116	103.000	114.302	124	119	117	116	115	114	113	112	111	110	106	0	0	0.000	0.000	0	0	0	0	0.000	0	0	0	0.000	0	0	0	0	0.000	0.000	0	0	0	0	0.000	0	0	0	0.000	0	0
17	17	1847	183.415	376.292	0.881	54	685	866	194	19	54	685	866	194	19	107.845	159.197	185	177	173	170	168	164	158	151	143	135	124	103.893	2368.581	3259	3065	3003	2920	2816	2670	2439	2141	1658	1029	658	0	0	0.000	0.000	0	0	0	0	0.000	0	0	0	0.000	0	0	0	0	0.000	0.000	0	0	0	0	0.000	0	0	0	0.000	0	0
18	18	2422	483.795	402.199	0.827	168	1479	696	18	11	168	1479	696	18	11	108.173	157.617	183	175	173	171	167	161	154	147	141	135	120	103.000	1061.229	1575	1467	1381	1310	1220	1146	1036	876	691	520	336	0	0	0.000	0.000	0	0	0	0	0.000	0	0	0	0.000	0	0	0	0	0.000	0.000	0	0	0	0	0.000	0	0	0	0.000	0	0
19	19	348	1065.816	388.432	0.897	21	169	107	33	7	21	169	107	33	7	108.560	158.463	208	195	182	170	161	154	147	142	137	132	126	102.000	129.138	164	154	146	137	130	125	120	118	115	112	108	0	0	0.000	0.000	0	0	0	0	0.000	0	0	0	0.000	0	0	0	0	0.000	0.000	0	0	0	0	0.000	0	0	0	0.000	0	0
20	20	931	1767.934	397.738	0.802	295	414	108	59	32	295	414	108	59	32	108.378	116.493	122	119	118	118	117	117	116	115	115	114	111	103.000	1054.437	1397	1345	1280	1203	1111	1039	970	913	864	792	608	0	0	0.000	0.000	0	0	0	0	0.000	0	0	0	0.000	0	0	0	0	0.000	0.000	0	0	0	0	0.000	0	0	0	0.000	0	0
21	21	1458	1462.129	404.364	0.904	58	434	705	202	31	58	434	705	202	31	109.998	127.086	142	133	131	130	128	127	126	125	123	121	116	103.633	137.270	175	150	146	143	139	136	134	132	129	126	115	0	0	0.000	0.000	0	0	0	0	0.000	0	0	0	0.000	0	0	0	0	0.000	0.000	0	0	0	0	0.000	0	0	0	0.000	0	0
22	22	1823	179.931	432.804	0.915	35	139	444	982	177	35	139	444	982	177	107.568	151.836	183	174	168	162	157	152	146	142	137	129	115	103.507	2096.837	3538	3247	3000	2744	2454	2112	1748	1398	1145	985	547	0	0	0.000	0.000	0	0	0	0	0.000	0	0	0	0.000	0	0	0	0	0.000	0.000	0	0	0	0	0.000	0	0	0	0.000	0	0
23	23	1821	1340.673	431.966	0.855	21	170	940	615	49	21	170	940	615	49	108.638	201.332	1460	196	189	185	182	179	173	167	161	153	136	104.349	775.815	2228	979	913	870	827	782	732	675	595	487	352	1	64	1355.167	431.763	0	0	0	744	777.688	0	0	1432	1445.938	0	0	0	0	0.000	0.000	0	0	0	0	0.000	0	0	0	0.000	0	0
24	24	554	1393.982	434.434	0.892	72	69	200	178	26	72	69	200	178	26	109.338	176.859	202	192	188	185	181	179	177	173	167	156	140	104.791	703.762	999	895	834	793	749	708	663	620	581	526	359	0	0	0.000	0.000	0	0	0	0	0.000	0	0	0	0.000	0	0	0	0	0.000	0.000	0	0	0	0	0.000	0	0	0	0.000	0	0
25	25	1963	1491.004	445.028	0.887	181	1611	132	6	4	181	1611	132	6	4	109.783	125.733	138	133	131	129	127	125	124	122	121	119	114	104.016	138.374	162	153	149	145	141	138	135	132	128	125	114	0	0	0.000	0.000	0	0	0	0	0.000	0	0	0	0.000	0	0	0	0	0.000	0.000	0	0	0	0	0.000	0	0	0	0.000	0	0
26	26	1829	1434.287	443.448	0.858	115	438	985	257	9	115	438	985	257	9	110.000	231.139	1812	234	221	213	205	198	190	183	177	170	135	104.741	1016.732	2386	1354	1214	1130	1065	1007	941	865	779	695	347	1	75	1430.399	425.258	0	0	0	881	908.013	0	0	1605	1633.453	0	0	0	0	0.000	0.000	0	0	0	0	0.000	0	0	0	0.000	0	0
27	27	1955	1757.339	451.495	0.854	138	1296	440	28	7	138	1296	440	28	7	109.000	116.821	131	121	119	118	117	116	116	115	114	114	109	103.278	866.001	1297	1170	1089	1026	965	905	838	754	624	481	332	0	0	0.000	0.000	0	0	0	0	0.000	0	0	0	0.000	0	0	0	0	0.000	0.000	0	0	0	0	0.000	0	0	0	0.000	0	0
28	28	1990	1362.797	483.487	0.838	20	99	908	819	102	20	99	908	819	102	109.891	369.151	470	444	428	411	391	377	361	339	316	280	195	105.641	3278.833	4480	4181	3980	3752	3506	3295	3097	2876	2645	2337	1340	0	0	0.000	0.000	0	0	0	0	0.000	0	0	0	0.000	0	0	0	0	0.000	0.000	0	0	0	0	0.000	0	0	0	0.000	0	0
29	29	2410	1419.855	505.036	0.863	83	727	1104	378	66	83	727	1104	378	66	110.102	239.732	378	325	285	258	243	231	218	204	190	178	142	105.987	1568.090	3189	2580	2167	1806	1607	1456	1301	1142	978	806	499	0	0	0.000	0.000	0	0	0	0	0.000	0	0	0	0.000	0	0	0	0	0.000	0.000	0	0	0	0	0.000	0	0	0	0.000	0	0
30	30	712	977.706	506.732	0.932	36	73	281	271	38	36	73	281	271	38	110.000	166.715	219	199	189	182	174	167	159	151	143	135	123	103.000	333.534	555	473	434	394	357	323	295	265	237	205	157	0	0	0.000	0.000	0	0	0	0	0.000	0	0	0	0.000	0	0	0	0	0.000	0.000	0	0	0	0	0.000	0	0	0	0.000	0	0
31	31	808	1226.398	514.696	0.820	117	295	263	87	31	117	295	263	87	31	109.975	170.645	225	201	190	181	177	173	166	158	149	140	125	103.144	131.392	157	143	140	137	134	132	129	127	124	118	108	0	0	0.000	0.000	0	0	0	0	0.000	0	0	0	0.000	0	0	0	0	0.000	0.000	0	0	0	0	0.000	0	0	0	0.000	0	0
32	32	2422	1431.748	567.315	0.804	126	989	1031	201	21	126	989	1031	201	21	110.994	263.607	408	343	312	291	275	262	250	233	210	182	151	105.939	1928.879	4128	3146	2593	2239	2039	1840	1629	1442	1201	933	612	0	0	0.000	0.000	0	0	0	0	0.000	0	0	0	0.000	0	0	0	0	0.000	0.000	0	0	0	0	0.000	0	0	0	0.000	0	0
33	33	2366	1060.694	573.112	0.891	66	712	1357	175	19	66	712	1357	175	19	111.000	222.984	266	256	250	245	239	231	221	209	192	175	149	103.612	1716.019	2345	2166	2102	2041	1973	1870	1723	1544	1301	994	527	0	0	0.000	0.000	0	0	0	0	0.000	0	0	0	0.000	0	0	0	0	0.000	0.000	0	0	0	0	0.000	0	0	0	0.000	0	0
34	34	1624	1485.021	597.873	0.861	43	142	719	667	25	43	142	719	667	25	110.833	121.972	133	127	125	124	123	122	121	119	118	117	112	104.079	529.631	784	690	655	626	593	560	521	459	388	315	203	0	0	0.000	0.000	0	0	0	0	0.000	0	0	0	0.000	0	0	0	0	0.000	0.000	0	0	0	0	0.000	0	0	0	0.000	0	0
35	35	2329	1378.874	601.586	0.858	46	519	1052	574	87	46	519	1052	574	87	109.895	401.033	518	478	460	444	431	418	398	370	343	294	211	105.214	3432.026	4772	4393	4217	4042	3874	3639	3351	2979	2605	2150	993	0	0	0.000	0.000	0	0	0	0	0.000	0	0	0	0.000	0	0	0	0	0.000	0.000	0	0	0	0	0.000	0	0	0	0.000	0	0
36	36	1495	908.893	605.149	0.874	34	158	821	444	13	34	158	821	444	13	110.293	146.014	205	156	154	152	149	147	144	141	136	131	122	104.000	438.416	607	543	518	499	481	458	423	384	344	310	229	0	0	0.000	0.000	0	0	0	0	0.000	0	0	0	0.000	0	0	0	0	0.000	0.000	0	0	0	0	0.000	0	0	0	0.000	0	0
37	37	2506	1028.229	621.264	0.822	18	166	1238	915	117	18	166	1238	915	117	111.655	195.150	249	226	221	214	209	202	193	179	166	153	131	103.006	1353.200	2041	1801	1714	1629	1552	1456	1347	1185	964	696	365	0	0	0.000	0.000	0	0	0	0	0.000	0	0	0	0.000	0	0	0	0	0.000	0.000	0	0	0	0	0.000	0	0	0	0.000	0	0
38	38	1140	802.977	616.042	0.899	14	66	386	562	86	14	66	386	562	86	110.609	142.374	158	154	152	149	146	144	140	137	133	129	122	103.532	718.531	933	868	835	805	781	761	730	665	587	502	338	0	0	0.000	0.000	0	0	0	0	0.000	0	0	0	0.000	0	0	0	0	0.000	0.000	0	0	0	0	0.000	0	0	0	0.000	0	0
39	39	1847	853.442	625.989	0.858	58	610	835	279	32	58	610	835	279	32	111.000	143.506	159	154	152	149	147	145	142	139	135	131	123	104.000	668.289	1061	957	877	810	738	655	573	510	457	410	316	0	0	0.000	0.000	0	0	0	0	0.000	0	0	0	0.000	0	0	0	0	0.000	0.000	0	0	0	0	0.000	0	0	0	0.000	0	0
40	40	1861	1526.630	632.717	0.849	46	231	999	502	46	46	231	999	502	46	110.002	119.603	126	123	122	121	120	120	119	118	117	116	113	103.006	475.546	736	658	616	574	534	494	449	386	318	264	209	0	0	0.000	0.000	0	0	0	0	0.000	0	0	0	0.000	0	0	0	0	0.000	0.000	0	0	0	0	0.000	0	0	0	0.000	0	0
41	41	1856	903.310	657.982	0.890	91	641	868	209	15	91	641	868	209	15	111.456	142.840	161	154	151	149	147	144	141	138	134	129	121	103.864	363.652	528	463	437	417	400	379	355	324	281	238	185	0	0	0.000	0.000	0	0	0	0	0.000	0	0	0	0.000	0	0	0	0	0.000	0.000	0	0	0	0	0.000	0	0	0	0.000	0	0
42	42	2409	225.957	666.046	0.879	692	1404	213	43	5	692	1404	213	43	5	107.828	117.434	126	121	119	118	118	117	117	116	115	114	111	102.626	538.966	937	697	653	616	577	538	501	462	422	370	243	0	0	0.000	0.000	0	0	0	0	0.000	0	0	0	0.000	0	0	0	0	0.000	0.000	0	0	0	0	0.000	0	0	0	0.000	0	0
43	43	1301	298.994	663.709	0.882	115	599	525	14	8	115	599	525	14	8	108.958	118.679	127	123	121	120	120	119	118	117	116	115	109	103.000	1460.994	2485	2240	1994	1809	1643	1448	1259	1049	892	772	475	0	0	0.000	0.000	0	0	0	0	0.000	0	0	0	0.000	0	0	0	0	0.000	0.000	0	0	0	0	0.000	0	0	0	0.000	0	0
44	44	2205	349.695	681.619	0.865	316	1587	223	24	10	316	1587	223	24	10	108.988	121.928	136	129	127	124	122	121	119	119	118	117	113	103.000	1405.152	2429	2055	1873	1710	1534	1393	1282	1116	953	720	506	0	0	0.000	0.000	0	0	0	0	0.000	0	0	0	0.000	0	0	0	0	0.000	0.000	0	0	0	0	0.000	0	0	0	0.000	0	0
45	45	894	715.425	675.775	0.915	50	460	248	111	11	50	460	248	111	11	111.000	340.517	431	410	390	376	363	345	331	316	290	261	216	103.000	134.284	154	147	144	141	137	135	132	129	125	121	115	0	0	0.000	0.000	0	0	0	0	0.000	0	0	0	0.000	0	0	0	0	0.000	0.000	0	0	0	0	0.000	0	0	0	0.000	0	0
46	46	1953	740.955	714.049	0.889	132	1350	391	40	13	132	1350	391	40	13	111.704	806.443	10502	1503	490	411	379	342	310	271	234	202	167	103.000	141.455	212	155	150	147	144	141	137	133	130	126	115	1	171	741.179	720.298	0	0	0	4635	5063.936	0	0	166	168.164	0	0	0	0	0.000	0.000	0	0	0	0	0.000	0	0	0	0.000	0	0
47	47	1409	910.821	708.501	0.868	52	208	778	275	73	52	208	778	275	73	112.000	196.484	243	228	219	211	204	198	191	183	175	163	134	104.000	1254.011	1976	1761	1653	1518	1391	1269	1134	996	872	736	419	0	0	0.000	0.000	0	0	0	0	0.000	0	0	0	0.000	0	0	0	0	0.000	0.000	0	0	0	0	0.000	0	0	0	0.000	0	0
48	48	1782	871.015	741.377	0.876	53	1492	183	27	5	53	1492	183	27	5	112.000	191.679	238	220	212	205	198	192	185	179	173	165	147	103.633	1152.380	1804	1602	1490	1395	1272	1165	1039	932	829	668	468	0	0	0.000	0.000	0	0	0	0	0.000	0	0	0	0.000	0	0	0	0	0.000	0.000	0	0	0	0	0.000	0	0	0	0.000	0	0
49	49	2086	792.286	747.825	0.846	143	1517	337	38	13	143	1517	337	38	13	111.279	387.716	930	525	455	438	418	389	358	325	294	232	160	103.404	147.878	167	159	157	155	152	150	147	143	140	134	111	0	0	0.000	0.000	0	0	0	0	0.000	0	0	0	0.000	0	0	0	0	0.000	0.000	0	0	0	0	0.000	0	0	0	0.000	0	0
50	50	1523	1306.936	791.657	0.901	331	1073	53	33	17	331	1073	53	33	17	111.000	122.744	131	127	125	125	124	123	122	121	120	119	115	102.419	128.125	146	136	133	131	130	128	127	125	123	120	112	0	0	0.000	0.000	0	0	0	0	0.000	0	0	0	0.000	0	0	0	0	0.000	0.000	0	0	0	0	0.000	0	0	0	0.000	0	0
51	51	1733	1188.434	799.279	0.885	43	180	947	481	51	43	180	947	481	51	111.000	162.740	643	170	162	159	156	153	149	145	140	135	123	103.197	641.881	927	845	800	751	711	668	604	536	475	419	279	1	67	1185.184	789.923	0	0	0	377	393.075	0	0	836	806.119	0	0	0	0	0.000	0.000	0	0	0	0	0.000	0	0	0	0.000	0	0
52	52	1498	357.003	797.378	0.893	76	179	638	527	53	76	179	638	527	53	109.714	118.371	129	124	121	119	118	118	117	116	116	115	111	104.000	1298.225	2083	1881	1695	1457	1327	1241	1162	1076	961	830	507	0	0	0.000	0.000	0	0	0	0	0.000	0	0	0	0.000	0	0	0	0	0.000	0.000	0	0	0	0	0.000	0	0	0	0.000	0	0
53	53	817	1125.922	817.349	0.880	207	353	187	43	15	207	353	187	43	15	111.000	150.119	181	166	158	154	151	149	146	144	142	138	127	103.000	125.694	150	136	132	129	127	125	124	122	120	117	105	0	0	0.000	0.000	0	0	0	0	0.000	0	0	0	0.000	0	0	0	0	0.000	0.000	0	0	0	0	0.000	0	0	0	0.000	0	0
54	54	1467	1282.133	840.371	0.892	166	1082	158	27	14	166	1082	158	27	14	110.459	146.617	532	201	142	129	125	123	121	120	119	118	115	103.000	136.699	234	153	145	141	138	135	132	129	124	119	106	1	152	1275.670	846.248	0	0	0	295	310.441	0	0	158	164.421	0	0	1	18	1279.578	847.342	0	0	0	373	362.833	0	0	211	207.889	0	0
55	55	1707	373.472	851.177	0.904	316	1108	184	41	29	316	1108	184	41	29	109.091	119.000	131	126	123	120	119	118	117	116	115	114	110	104.000	1145.236	1831	1623	1480	1369	1251	1150	1051	955	834	637	397	0	0	0.000	0.000	0	0	0	0	0.000	0	0	0	0.000	0	0	0	0	0.000	0.000	0	0	0	0	0.000	0	0	0	0.000	0	0
56	56	426	1096.232	841.574	0.931	60	232	98	23	6	60	232	98	23	6	110.498	149.200	198	175	167	158	152	146	140	135	132	128	123	102.563	129.509	172	150	139	135	131	128	124	120	116	113	108	0	0	0.000	0.000	0	0	0	0	0.000	0	0	0	0.000	0	0	0	0	0.000	0.000	0	0	0	0	0.000	0	0	0	0.000	0	0
57	57	1704	572.718	854.305	0.897	63	37	472	1023	76	63	37	472	1023	76	110.580	128.803	240	139	131	128	126	125	123	122	121	119	112	103.000	143.322	179	153	151	149	147	145	143	140	137	130	111	1	71	577.625	842.664	0	0	0	189	189.873	0	0	159	160.465	0	0	0	0	0.000	0.000	0	0	0	0	0.000	0	0	0	0.000	0	0
58	58	359	1146.523	844.721	0.860	10	50	156	106	33	10	50	156	106	33	111.000	147.279	168	160	156	152	150	147	145	142	138	135	130	103.811	814.072	1037	966	935	893	863	830	796	755	700	640	430	0	0	0.000	0.000	0	0	0	0	0.000	0	0	0	0.000	0	0	0	0	0.000	0.000	0	0	0	0	0.000	0	0	0	0.000	0	0
59	59	1524	1180.975	854.881	0.901	10	27	322	941	187	10	27	322	941	187	110.999	161.440	196	186	180	173	166	161	156	151	144	136	121	103.724	891.575	1337	1199	1156	1106	1023	916	807	719	638	543	247	0	0	0.000	0.000	0	0	0	0	0.000	0	0	0	0.000	0	0	0	0	0.000	0.000	0	0	0	0	0.000	0	0	0	0.000	0	0
60	60	723	751.236	894.057	0.850	131	299	181	75	24	131	299	181	75	24	110.000	152.617	187	172	165	160	156	152	148	143	140	135	126	102.806	128.827	150	141	137	134	132	130	127	125	121	114	107	0	0	0.000	0.000	0	0	0	0	0.000	0	0	0	0.000	0	0	0	0	0.000	0.000	0	0	0	0	0.000	0	0	0	0.000	0	0
61	61	1605	415.038	898.946	0.906	157	838	472	81	15	157	838	472	81	15	109.000	153.498	180	171	168	166	161	155	150	144	138	132	125	104.000	1047.402	1636	1505	1428	1322	1211	1085	953	821	659	504	377	0	0	0.000	0.000	0	0	0	0	0.000	0	0	0	0.000	0	0	0	0	0.000	0.000	0	0	0	0	0.000	0	0	0	0.000	0	0
62	62	635	512.727	908.801	0.881	103	224	205	76	12	103	224	205	76	12	110.000	343.238	1834	689	359	281	261	248	229	206	183	163	134	103.000	139.959	311	169	149	143	140	136	131	123	116	110	105	1	68	508.464	903.576	0	0	0	1005	1034.706	0	0	154	159.765	0	0	1	30	511.948	899.796	0	0	0	376	458.367	0	0	243	237.633	0	0
63	63	546	449.172	919.254	0.926	31	85	206	191	21	31	85	206	191	21	109.240	132.723	143	141	139	138	135	133	131	129	127	124	117	104.000	636.229	934	869	821	776	715	653	592	536	462	354	223	0	0	0.000	0.000	0	0	0	0	0.000	0	0	0	0.000	0	0	0	0	0.000	0.000	0	0	0	0	0.000	0	0	0	0.000	0	0
64	64	1805	262.014	943.125	0.874	762	890	41	38	25	762	890	41	38	25	109.000	146.808	300	160	155	151	147	143	139	135	131	127	119	103.000	357.589	973	451	430	403	381	354	323	295	268	240	164	1	46	272.284	947.164	0	0	0	248	246.609	0	0	727	726.391	0	0	0	0	0.000	0.000	0	0	0	0	0.000	0	0	0	0.000	0	0
65	65	1815	412.195	957.443	0.849	71	222	799	624	70	71	222	799	624	70	109.002	151.824	186	174	167	160	155	151	147	142	137	133	122	103.422	1013.925	1728	1597	1392	1212	1094	976	870	774	656	515	342	0	0	0.000	0.000	0	0	0	0	0.000	0	0	0	0.000	0	0	0	0	0.000	0.000	0	0	0	0	0.000	0	0	0	0.000	0	0
66	66	1636	1192.938	952.477	0.870	88	786	688	35	10	88	786	688	35	10	110.899	123.465	147	131	127	125	123	122	121	120	119	118	114	104.000	2240.064	3186	2978	2866	2746	2596	2441	2260	2025	1533	1076	636	0	0	0.000	0.000	0	0	0	0	0.000	0	0	0	0.000	0	0	0	0	0.000	0.000	0	0	0	0	0.000	0	0	0	0.000	0	0
67	67	1680	604.962	949.674	0.902	459	1109	50	17	14	459	1109	50	17	14	110.935	371.345	1877	512	436	395	371	349	326	301	265	220	152	103.000	126.061	166	145	135	130	126	123	121	119	116	113	107	1	30	627.425	946.353	0	0	0	1213	1222.567	0	0	117	116.667	0	0	0	0	0.000	0.000	0	0	0	0	0.000	0	0	0	0.000	0	0
68	68	1440	222.293	967.211	0.900	22	132	750	478	36	22	132	750	478	36	108.277	146.592	172	161	159	156	152	148	145	139	134	129	119	102.874	547.574	784	722	657	615	579	552	526	494	432	368	268	0	0	0.000	0.000	0	0	0	0	0.000	0	0	0	0.000	0	0	0	0	0.000	0.000	0	0	0	0	0.000	0	0	0	0.000	0	0
69	69	2084	1226.512	990.382	0.863	159	854	828	185	17	159	854	828	185	17	111.000	123.801	141	133	129	126	124	122	121	120	119	118	113	104.000	2034.032	3367	2933	2711	2486	2262	2014	1759	1565	1392	1166	580	0	0	0.000	0.000	0	0	0	0	0.000	0	0	0	0.000	0	0	0	0	0.000	0.000	0	0	0	0	0.000	0	0	0	0.000	0	0
70	70	2165	811.442	992.970	0.882	572	1436	91	13	10	572	1436	91	13	10	110.640	120.606	127	123	122	122	121	121	120	120	119	118	112	104.000	2465.453	5482	3718	3259	2965	2653	2400	2145	1907	1601	1300	650	0	0	0.000	0.000	0	0	0	0	0.000	0	0	0	0.000	0	0	0	0	0.000	0.000	0	0	0	0	0.000	0	0	0	0.000	0	0
71	71	1536	265.775	995.350	0.850	48	359	863	228	15	48	359	863	228	15	108.895	144.891	179	164	156	150	146	142	139	137	134	131	120	102.625	450.901	874	717	610	521	458	399	360	332	300	275	202	0	0	0.000	0.000	0	0	0	0	0.000	0	0	0	0.000	0	0	0	0	0.000	0.000	0	0	0	0	0.000	0	0	0	0.000	0	0
72	72	1538	1255.105	1036.804	0.840	55	674	688	90	8	55	674	688	90	8	111.776	130.419	143	137	135	133	132	131	129	127	126	124	119	103.854	759.881	1148	963	909	872	830	776	719	658	602	521	322	0	0	0.000	0.000	0	0	0	0	0.000	0	0	0	0.000	0	0	0	0	0.000	0.000	0	0	0	0	0.000	0	0	0	0.000	0	0
73	73	1943	847.419	1036.289	0.877	5	239	960	620	76	5	239	960	620	76	110.479	119.410	130	123	122	121	120	119	118	118	117	116	112	103.726	1162.683	1760	1541	1459	1379	1300	1221	1133	1015	908	742	157	0	0	0.000	0.000	0	0	0	0	0.000	0	0	0	0.000	0	0	0	0	0.000	0.000	0	0	0	0	0.000	0	0	0	0.000	0	0
74	74	1953	789.612	1048.040	0.889	92	588	826	365	39	92	588	826	365	39	110.700	119.637	129	124	123	122	120	119	118	117	116	116	111	104.000	1021.529	1788	1481	1373	1288	1201	1100	952	795	615	427	288	0	0	0.000	0.000	0	0	0	0	0.000	0	0	0	0.000	0	0	0	0	0.000	0.000	0	0	0	0	0.000	0	0	0	0.000	0	0
75	75	1384	1870.918	1132.139	0.908	98	646	514	83	11	98	646	514	83	11	110.884	222.551	1080	266	241	229	221	209	196	181	165	153	133	102.616	126.875	147	136	133	131	129	128	126	123	120	116	107	1	44	1879.256	1122.769	0	0	0	628	650.182	0	0	134	134.159	0	0	0	0	0.000	0.000	0	0	0	0	0.000	0	0	0	0.000	0	0
76	76	838	1635.036	1249.421	0.863	31	203	426	140	22	31	203	426	140	22	111.432	185.838	232	214	209	201	192	185	177	171	165	158	143	102.975	120.323	132	128	125	123	121	119	118	117	116	114	110	0	0	0.000	0.000	0	0	0	0	0.000	0	0	0	0.000	0	0	0	0	0.000	0.000	0	0	0	0	0.000	0	0	0	0.000	0	0
77	77	1510	962.857	1302.681	0.887	129	483	749	86	27	129	483	749	86	27	112.000	155.471	178	170	168	165	162	158	153	149	143	136	124	103.000	552.319	900	726	669	626	582	544	503	467	433	399	205	0	0	0.000	0.000	0	0	0	0	0.000	0	0	0	0.000	0	0	0	0	0.000	0.000	0	0	0	0	0.000	0	0	0	0.000	0	0
78	78	878	1966.365	1359.364	0.885	161	261	273	135	32	161	261	273	135	32	110.426	227.702	341	305	282	261	243	226	207	191	172	156	132	102.000	133.140	161	151	147	141	136	132	129	125	122	116	105	0	0	0.000	0.000	0	0	0	0	0.000	0	0	0	0.000	0	0	0	0	0.000	0.000	0	0	0	0	0.000	0	0	0	0.000	0	0
79	79	286	146.631	1356.680	0.937	9	58	136	66	13	9	58	136	66	13	107.014	223.189	272	265	256	248	238	227	216	205	190	175	151	101.965	333.234	421	401	384	371	360	347	329	307	279	246	198	0	0	0.000	0.000	0	0	0	0	0.000	0	0	0	0.000	0	0	0	0	0.000	0.000	0	0	0	0	0.000	0	0	0	0.000	0	0
80	80	1566	127.396	1386.691	0.881	16	161	895	438	25	16	161	895	438	25	107.325	276.300	1721	345	282	261	241	228	215	203	193	175	140	101.792	377.485	900	518	481	440	402	370	337	297	259	230	154	1	83	128.892	1396.284	0	0	0	922	952.458	0	0	606	635.699	0	0	0	0	0.000	0.000	0	0	0	0	0.000	0	0	0	0.000	0	0
81	81	1842	146.437	1435.479	0.876	66	838	784	105	9	66	838	784	105	9	107.822	260.420	355	321	306	294	279	265	247	230	213	193	164	101.647	428.603	613	560	534	508	479	444	407	369	324	261	203	0	0	0.000	0.000	0	0	0	0	0.000	0	0	0	0.000	0	0	0	0	0.000	0.000	0	0	0	0	0.000	0	0	0	0.000	0	0
82	82	412	177.717	1460.131	0.870	5	40	150	149	58	5	40	150	149	58	108.000	238.558	284	277	268	261	253	244	234	221	208	192	158	101.000	371.711	469	446	431	420	406	391	365	335	309	273	215	0	0	0.000	0.000	0	0	0	0	0.000	0	0	0	0.000	0	0	0	0	0.000	0.000	0	0	0	0	0.000	0	0	0	0.000	0	0
83	83	1899	122.322	1571.343	0.893	418	1111	279	59	9	418	1111	279	59	9	106.819	117.833	135	126	121	119	117	116	115	115	114	113	109	101.290	934.150	1390	1228	1139	1060	1000	943	882	818	746	638	352	0	0	0.000	0.000	0	0	0	0	0.000	0	0	0	0.000	0	0	0	0	0.000	0.000	0	0	0	0	0.000	0	0	0	0.000	0	0
84	84	1755	74.554	1613.952	0.887	90	862	682	58	38	90	862	682	58	38	105.812	298.010	2790	554	185	159	153	149	144	140	136	131	122	100.902	694.884	3556	1130	741	671	613	550	489	432	381	322	251	1	193	78.123	1617.956	0	0	0	1251	1375.135	0	0	1639	1759.016	0	0	1	121	79.491	1619.332	0	0	0	1623	1587.264	0	0	2424	2471.008	0	0
85	85	1843	33.980	1646.824	0.830	33	99	966	641	76	33	99	966	641	76	105.129	124.826	149	135	131	129	126	124	122	120	118	115	111	99.760	244.746	379	313	295	280	263	245	227	212	195	168	148	0	0	0.000	0.000	0	0	0	0	0.000	0	0	0	0.000	0	0	0	0	0.000	0.000	0	0	0	0	0.000	0	0	0	0.000	0	0
86	86	1716	85.756	1663.692	0.856	12	178	957	508	27	12	178	957	508	27	106.881	151.009	186	170	165	160	157	153	148	143	137	130	112	101.017	586.865	881	784	737	691	647	599	552	493	430	363	242	0	0	0.000	0.000	0	0	0	0	0.000	0	0	0	0.000	0	0	0	0	0.000	0.000	0	0	0	0	0.000	0	0	0	0.000	0	0
87	87	2202	661.793	1826.831	0.885	60	393	1176	457	66	60	393	1176	457	66	110.000	116.781	125	120	119	118	117	117	116	116	115	114	111	102.376	425.589	647	565	537	507	475	442	405	360	304	247	172	0	0	0.000	0.000	0	0	0	0	0.000	0	0	0	0.000	0	0	0	0	0.000	0.000	0	0	0	0	0.000	0	0	0	0.000	0	0
88	88	1105	613.071	1837.184	0.840	23	64	405	510	82	23	64	405	510	82	108.990	117.578	129	125	122	119	117	116	115	115	114	113	111	102.058	401.614	518	484	460	440	415	398	385	368	353	323	243	0	0	0.000	0.000	0	0	0	0	0.000	0	0	0	0.000	0	0	0	0	0.000	0.000	0	0	0	0	0.000	0	0	0	0.000	0	0
89	89	1748	326.458	1841.827	0.902	33	101	999	517	59	33	101	999	517	59	108.000	171.525	215	206	197	187	178	170	164	158	150	138	123	102.312	972.588	1567	1450	1348	1240	1127	984	833	701	614	513	275	0	0	0.000	0.000	0	0	0	0	0.000	0	0	0	0.000	0	0	0	0	0.000	0.000	0	0	0	0	0.000	0	0	0	0.000	0	0
90	90	1080	1994.138	1869.812	0.893	52	270	611	108	13	52	270	611	108	13	108.424	117.499	126	121	119	119	118	118	117	116	115	114	111	101.879	946.411	1434	1258	1137	1056	1007	960	918	843	749	614	367	0	0	0.000	0.000	0	0	0	0	0.000	0	0	0	0.000	0	0	0	0	0.000	0.000	0	0	0	0	0.000	0	0	0	0.000	0	0
91	91	300	661.178	1864.524	0.840	33	96	89	64	15	33	96	89	64	15	110.000	114.800	117	116	116	116	115	115	115	114	114	113	111	103.000	259.890	512	425	317	269	241	225	214	203	197	188	176	0	0	0.000	0.000	0	0	0	0	0.000	0	0	0	0.000	0	0	0	0	0.000	0.000	0	0	0	0	0.000	0	0	0	0.000	0	0
92	92	1571	639.538	1883.942	0.870	62	83	710	592	91	62	83	710	592	91	108.832	116.437	126	120	118	117	117	116	115	115	114	114	111	102.556	392.402	568	510	482	457	431	404	374	343	302	248	177	0	0	0.000	0.000	0	0	0	0	0.000	0	0	0	0.000	0	0	0	0	0.000	0.000	0	0	0	0	0.000	0	0	0	0.000	0	0
93	93	1736	307.527	1892.365	0.877	134	953	512	62	32	134	953	512	62	32	107.491	210.190	620	238	228	223	217	209	199	188	175	161	135	102.136	1468.594	2584	1807	1746	1694	1618	1539	1449	1329	1166	960	479	1	20	310.311	1894.564	0	0	0	491	494.000	0	0	2250	2257.100	0	0	0	0	0.000	0.000	0	0	0	0	0.000	0	0	0	0.000	0	0
94	94	1601	1480.810	1966.388	0.890	125	526	791	117	10	125	526	791	117	10	117.401	277.275	303	296	293	290	286	281	276	271	261	251	225	103.000	128.628	145	137	135	133	132	130	128	126	123	117	106	0	0	0.000	0.000	0	0	0	0	0.000	0	0	0	0.000	0	0	0	0	0.000	0.000	0	0	0	0	0.000	0	0	0	0.000	0	0
95	95	344	488.915	1974.930	0.923	62	116	74	66	20	62	116	74	66	20	107.706	138.081	155	149	146	145	141	138	136	133	130	127	119	101.000	118.515	130	126	125	123	121	119	117	114	112	110	105	0	0	0.000	0.000	0	0	0	0	0.000	0	0	0	0.000	0	0	0	0	0.000	0.000	0	0	0	0	0.000	0	0	0	0.000	0	0
