 	cell	area	x	y	circ	BFI_lev_b1	BFI_lev_b2	BFI_lev_b3	BFI_lev_b4	BFI_lev_b5	BFO_lev_b1	BFO_lev_b2	BFO_lev_b3	BFO_lev_b4	BFO_lev_b5	RFP_int_bg	RFP_int_mean	RFP_int_b0	RFP_int_b1	RFP_int_b2	RFP_int_b3	RFP_int_b4	RFP_int_b5	RFP_int_b6	RFP_int_b7	RFP_int_b8	RFP_int_b9	RFP_int_b10	GFP_int_bg	GFP_int_mean	GFP_int_b0	GFP_int_b1	GFP_int_b2	GFP_int_b3	GFP_int_b4	GFP_int_b5	GFP_int_b6	GFP_int_b7	GFP_int_b8	GFP_int_b9	GFP_int_b10	inRFPnfoci	f1_inRFParea	f1_inRFPx	f1_inRFPy	f2_inRFParea	f2_inRFPx	f2_inRFPy	f1_inRFP_toRFPmed	f1_inRFP_toRFPmean	f2_inRFP_toRFPmed	f2_inRFP_toRFPmean	f1_inRFP_toGFPmed	f1_inRFP_toGFPmean	f2_inRFP_toGFPmed	f2_inRFP_toGFPmean	inGFPnfoci	f1_inGFParea	f1_inGFPx	f1_inGFPy	f2_inGFParea	f2_inGFPx	f2_inGFPy	f1_inGFP_toRFPmed	f1_inGFP_toRFPmean	f2_inGFP_toRFPmed	f2_inGFP_toRFPmean	f1_inGFP_toGFPmed	f1_inGFP_toGFPmean	f2_inGFP_toGFPmed	f2_inGFP_toGFPmean
1	1	1683	30.901	92.583	0.882	149	945	474	63	10	149	945	474	63	10	104.031	361.282	566	484	454	423	390	360	325	297	274	239	168	100.361	123.807	159	139	131	128	125	122	120	118	115	110	104	0	0	0.000	0.000	0	0.000	0.000	0	0.000	0	0.000	0	0.000	0	0.000	0	0	0.000	0.000	0	0	0	0	0.000	0	0	0	0.000	0	0
2	2	1057	1701.643	111.308	0.894	47	163	514	288	27	47	163	514	288	27	107.472	140.367	202	170	150	145	140	136	132	129	125	121	113	101.581	128.946	174	153	141	134	128	124	122	119	117	114	106	1	16	1705.632	107.440	0	0.000	0.000	197	196.375	0	0.000	167	167.000	0	0.000	0	0	0.000	0.000	0	0	0	0	0.000	0	0	0	0.000	0	0
3	3	1917	312.067	131.783	0.875	24	118	830	846	65	24	118	830	846	65	108.203	154.362	170	164	162	161	159	156	153	150	146	141	131	103.018	1401.028	1860	1704	1634	1560	1490	1430	1355	1267	1163	1060	834	0	0	0.000	0.000	0	0.000	0.000	0	0.000	0	0.000	0	0.000	0	0.000	0	0	0.000	0.000	0	0	0	0	0.000	0	0	0	0.000	0	0
4	4	2137	372.339	152.138	0.848	36	300	1028	662	65	36	300	1028	662	65	108.200	141.647	168	158	154	151	147	143	139	134	128	122	116	103.282	932.914	1664	1449	1318	1201	1079	951	814	675	522	383	264	0	0	0.000	0.000	0	0.000	0.000	0	0.000	0	0.000	0	0.000	0	0.000	0	0	0.000	0.000	0	0	0	0	0.000	0	0	0	0.000	0	0
5	5	1698	344.282	196.613	0.870	219	894	512	29	15	219	894	512	29	15	109.000	115.280	124	119	117	116	116	115	114	114	113	112	110	103.000	546.226	771	694	656	616	580	548	519	485	449	386	276	0	0	0.000	0.000	0	0.000	0.000	0	0.000	0	0.000	0	0.000	0	0.000	0	0	0.000	0.000	0	0	0	0	0.000	0	0	0	0.000	0	0
6	6	1811	63.934	207.528	0.871	54	366	892	394	70	54	366	892	394	70	105.976	143.458	166	156	154	151	148	144	141	137	133	129	114	101.963	1799.423	2805	2493	2379	2250	2120	1930	1692	1461	1183	835	505	0	0	0.000	0.000	0	0.000	0.000	0	0.000	0	0.000	0	0.000	0	0.000	0	0	0.000	0.000	0	0	0	0	0.000	0	0	0	0.000	0	0
7	7	1805	1849.939	229.411	0.863	62	446	816	402	39	62	446	816	402	39	108.102	139.250	159	150	147	144	142	139	137	135	132	127	120	103.256	900.284	1615	1355	1253	1142	1013	857	740	652	559	478	342	0	0	0.000	0.000	0	0.000	0.000	0	0.000	0	0.000	0	0.000	0	0.000	0	0	0.000	0.000	0	0	0	0	0.000	0	0	0	0.000	0	0
8	8	633	99.654	231.473	0.844	22	128	358	99	13	22	128	358	99	13	106.060	140.237	160	154	149	146	143	141	138	135	131	126	115	102.000	1684.924	2270	2118	2034	1976	1925	1864	1727	1552	1309	989	400	0	0	0.000	0.000	0	0.000	0.000	0	0.000	0	0.000	0	0.000	0	0.000	0	0	0.000	0.000	0	0	0	0	0.000	0	0	0	0.000	0	0
9	9	1713	372.120	252.964	0.850	350	1160	146	20	6	350	1160	146	20	6	108.215	116.288	129	121	118	117	116	116	115	114	114	113	111	102.377	601.954	928	796	750	710	665	615	564	503	444	382	295	0	0	0.000	0.000	0	0.000	0.000	0	0.000	0	0.000	0	0.000	0	0.000	0	0	0.000	0.000	0	0	0	0	0.000	0	0	0	0.000	0	0
10	10	1959	1764.868	251.608	0.873	21	234	842	723	108	21	234	842	723	108	108.463	143.267	163	154	151	150	148	146	143	140	134	128	120	104.062	2096.067	3287	2878	2680	2526	2364	2165	1961	1751	1518	1175	629	0	0	0.000	0.000	0	0.000	0.000	0	0.000	0	0.000	0	0.000	0	0.000	0	0	0.000	0.000	0	0	0	0	0.000	0	0	0	0.000	0	0
11	11	1879	1897.537	260.005	0.888	31	376	1264	165	10	31	376	1264	165	10	108.643	142.223	165	153	149	147	145	143	141	138	135	130	120	103.408	764.830	1237	1102	993	901	816	742	676	605	538	484	362	0	0	0.000	0.000	0	0.000	0.000	0	0.000	0	0.000	0	0.000	0	0.000	0	0	0.000	0.000	0	0	0	0	0.000	0	0	0	0.000	0	0
12	12	451	1939.970	274.084	0.884	27	129	215	63	9	27	129	215	63	9	108.000	139.428	158	152	149	146	143	140	137	134	130	126	118	103.000	741.040	1143	1073	1006	931	859	802	728	648	466	287	136	0	0	0.000	0.000	0	0.000	0.000	0	0.000	0	0.000	0	0.000	0	0.000	0	0	0.000	0.000	0	0	0	0	0.000	0	0	0	0.000	0	0
13	13	1295	1855.161	278.112	0.901	46	494	668	61	2	46	494	668	61	2	109.000	136.895	157	150	148	145	141	138	134	130	126	123	114	104.348	976.544	1458	1363	1297	1221	1142	1048	905	761	637	517	222	0	0	0.000	0.000	0	0.000	0.000	0	0.000	0	0.000	0	0.000	0	0.000	0	0	0.000	0.000	0	0	0	0	0.000	0	0	0	0.000	0	0
14	14	1579	934.510	285.916	0.898	51	518	853	99	27	51	518	853	99	27	109.000	133.725	175	159	147	139	133	128	124	122	121	119	115	103.000	129.204	168	149	142	136	130	125	122	120	118	115	108	2	14	942.431	285.718	10	924.301	276.103	170	170.000	172	171.200	160	159.500	150	150.100	0	0	0.000	0.000	0	0	0	0	0.000	0	0	0	0.000	0	0
15	15	1483	1729.963	292.507	0.890	824	592	6	6	4	824	592	6	6	4	109.000	145.186	166	159	156	152	150	147	144	139	133	128	115	104.201	2388.834	3625	3061	2885	2720	2593	2471	2361	2250	1952	1410	704	0	0	0.000	0.000	0	0.000	0.000	0	0.000	0	0.000	0	0.000	0	0.000	0	0	0.000	0.000	0	0	0	0	0.000	0	0	0	0.000	0	0
16	16	2046	1168.493	323.080	0.884	491	1364	67	58	40	491	1364	67	58	40	110.834	380.813	570	512	468	435	410	387	359	328	289	246	188	104.847	1637.260	2727	2382	2128	1955	1798	1645	1490	1327	1121	916	546	0	0	0.000	0.000	0	0.000	0.000	0	0.000	0	0.000	0	0.000	0	0.000	0	0	0.000	0.000	0	0	0	0	0.000	0	0	0	0.000	0	0
17	17	1493	1826.586	316.663	0.908	28	98	854	450	34	28	98	854	450	34	109.000	149.727	221	158	156	153	152	150	148	146	142	136	124	104.975	181.608	238	202	197	193	188	182	177	172	165	159	136	0	0	0.000	0.000	0	0.000	0.000	0	0.000	0	0.000	0	0.000	0	0.000	0	0	0.000	0.000	0	0	0	0	0.000	0	0	0	0.000	0	0
18	18	1475	1772.148	354.709	0.889	222	1146	69	14	7	222	1146	69	14	7	110.000	185.812	1382	207	160	155	150	146	142	139	134	130	123	105.000	172.252	401	195	187	180	174	167	161	153	146	141	133	1	92	1779.713	350.899	0	0.000	0.000	646	695.946	0	0.000	266	271.696	0	0.000	1	27	1778.390	350.807	0	0	0	923	933.296	0	0	330	327.333	0	0
19	19	1529	1125.265	373.635	0.880	23	265	843	348	24	23	265	843	348	24	110.697	401.704	543	507	486	469	444	423	393	355	311	260	195	104.978	1797.362	2450	2274	2183	2102	1997	1895	1774	1603	1412	1125	647	0	0	0.000	0.000	0	0.000	0.000	0	0.000	0	0.000	0	0.000	0	0.000	0	0	0.000	0.000	0	0	0	0	0.000	0	0	0	0.000	0	0
20	20	1888	1180.884	380.386	0.868	11	330	1288	217	18	11	330	1288	217	18	110.145	333.857	502	441	414	389	367	341	314	283	250	213	164	104.261	1303.900	2284	1920	1748	1595	1454	1296	1182	1031	850	622	457	0	0	0.000	0.000	0	0.000	0.000	0	0.000	0	0.000	0	0.000	0	0.000	0	0	0.000	0.000	0	0	0	0	0.000	0	0	0	0.000	0	0
21	21	1359	1729.988	382.282	0.903	38	113	536	606	38	38	113	536	606	38	109.717	148.230	172	162	158	154	151	149	147	144	139	132	121	104.862	176.673	214	203	196	190	183	176	170	164	160	152	129	0	0	0.000	0.000	0	0.000	0.000	0	0.000	0	0.000	0	0.000	0	0.000	0	0	0.000	0.000	0	0	0	0	0.000	0	0	0	0.000	0	0
22	22	1656	1860.797	395.249	0.877	87	620	749	155	20	87	620	749	155	20	109.000	486.063	7030	670	252	238	224	211	200	187	170	150	133	104.973	1307.192	4456	1856	1688	1533	1393	1275	1125	997	807	544	365	1	200	1879.545	402.168	0	0.000	0.000	3202	3482.195	0	0.000	2753	2810.755	0	0.000	1	31	1880.094	401.016	0	0	0	5913	5779.161	0	0	3932	3895.645	0	0
23	23	677	1892.227	399.291	0.884	103	113	286	160	7	103	113	286	160	7	108.923	517.397	5438	1327	435	266	237	221	201	184	166	154	131	104.523	1458.516	4150	2144	1678	1607	1533	1443	1343	1210	992	676	321	0	0	0.000	0.000	0	0.000	0.000	0	0.000	0	0.000	0	0.000	0	0.000	0	0	0.000	0.000	0	0	0	0	0.000	0	0	0	0.000	0	0
24	24	268	1830.462	413.158	0.902	32	65	95	57	13	32	65	95	57	13	109.000	141.821	171	151	147	145	144	143	140	137	134	130	124	105.000	569.037	841	768	719	677	637	594	551	486	403	332	247	0	0	0.000	0.000	0	0.000	0.000	0	0.000	0	0.000	0	0.000	0	0.000	0	0	0.000	0.000	0	0	0	0	0.000	0	0	0	0.000	0	0
25	25	1689	1395.562	437.114	0.892	18	166	566	747	151	18	166	566	747	151	109.000	162.277	185	178	175	173	169	166	163	158	149	139	124	103.011	1124.966	1538	1467	1396	1353	1289	1195	1073	947	828	684	437	0	0	0.000	0.000	0	0.000	0.000	0	0.000	0	0.000	0	0.000	0	0.000	0	0	0.000	0.000	0	0	0	0	0.000	0	0	0	0.000	0	0
26	26	2540	1738.964	474.295	0.823	200	1444	816	17	2	200	1444	816	17	2	109.000	118.992	133	126	123	120	119	118	117	116	116	115	111	103.639	796.761	1237	1161	1078	978	900	806	717	634	522	412	272	0	0	0.000	0.000	0	0.000	0.000	0	0.000	0	0.000	0	0.000	0	0.000	0	0	0.000	0.000	0	0	0	0	0.000	0	0	0	0.000	0	0
27	27	772	1286.885	458.189	0.873	75	70	325	278	14	75	70	325	278	14	110.000	158.832	176	172	170	167	165	161	157	152	147	143	130	103.367	759.506	943	882	856	828	802	777	753	727	686	593	421	0	0	0.000	0.000	0	0.000	0.000	0	0.000	0	0.000	0	0.000	0	0.000	0	0	0.000	0.000	0	0	0	0	0.000	0	0	0	0.000	0	0
28	28	1292	1325.099	477.021	0.914	69	365	617	167	50	69	365	617	167	50	110.000	154.472	177	167	163	160	157	154	152	150	147	141	132	103.693	557.483	828	743	694	641	601	564	524	474	429	365	257	0	0	0.000	0.000	0	0.000	0.000	0	0.000	0	0.000	0	0.000	0	0.000	0	0	0.000	0.000	0	0	0	0	0.000	0	0	0	0.000	0	0
29	29	2189	1373.244	487.081	0.862	32	241	1501	339	40	32	241	1501	339	40	109.835	154.570	241	174	168	162	157	151	147	143	139	134	121	103.351	805.230	1431	1229	1079	970	891	784	687	608	525	438	205	0	0	0.000	0.000	0	0.000	0.000	0	0.000	0	0.000	0	0.000	0	0.000	0	0	0.000	0.000	0	0	0	0	0.000	0	0	0	0.000	0	0
30	30	2115	434.561	507.057	0.845	270	1064	610	116	13	270	1064	610	116	13	109.000	117.904	127	123	121	119	118	117	116	116	115	114	111	102.219	156.174	184	171	167	164	160	156	152	149	146	142	126	0	0	0.000	0.000	0	0.000	0.000	0	0.000	0	0.000	0	0.000	0	0.000	0	0	0.000	0.000	0	0	0	0	0.000	0	0	0	0.000	0	0
31	31	1218	145.545	514.830	0.874	63	278	704	135	14	63	278	704	135	14	107.877	116.593	130	121	119	118	117	116	115	115	114	113	109	102.000	1721.911	2440	2185	2046	1944	1861	1791	1711	1621	1453	1123	501	0	0	0.000	0.000	0	0.000	0.000	0	0.000	0	0.000	0	0.000	0	0.000	0	0	0.000	0.000	0	0	0	0	0.000	0	0	0	0.000	0	0
32	32	832	1693.354	527.125	0.887	96	193	235	264	21	96	193	235	264	21	109.343	117.290	128	124	121	119	117	116	115	114	114	113	111	102.001	130.037	151	142	139	137	134	131	127	123	120	117	108	0	0	0.000	0.000	0	0.000	0.000	0	0.000	0	0.000	0	0.000	0	0.000	0	0	0.000	0.000	0	0	0	0	0.000	0	0	0	0.000	0	0
33	33	669	601.503	560.378	0.865	130	317	160	43	13	130	317	160	43	13	109.517	461.709	2849	1111	584	377	293	256	227	201	182	161	130	102.723	133.874	205	170	150	139	133	129	124	119	114	110	103	1	97	596.793	560.057	0	0.000	0.000	1379	1481.639	0	0.000	174	169.753	0	0.000	1	30	595.264	561.078	0	0	0	1729	1708.133	0	0	189	188.200	0	0
34	34	2529	914.945	581.861	0.855	51	231	927	1124	157	51	231	927	1124	157	110.955	463.894	8326	511	197	181	174	168	163	156	148	137	122	103.454	631.883	4021	792	646	602	566	531	488	438	376	308	170	1	176	917.134	581.398	0	0.000	0.000	3677	3962.312	0	0.000	2156	2242.466	0	0.000	1	122	916.863	581.184	0	0	0	4687	4822.656	0	0	2628	2582.082	0	0
35	35	1725	54.071	585.816	0.896	38	202	863	541	52	38	202	863	541	52	105.654	194.244	234	218	213	209	205	200	195	187	174	159	133	101.000	207.598	254	239	231	225	218	211	204	195	185	173	132	0	0	0.000	0.000	0	0.000	0.000	0	0.000	0	0.000	0	0.000	0	0.000	0	0	0.000	0.000	0	0	0	0	0.000	0	0	0	0.000	0	0
36	36	2534	852.481	615.112	0.863	50	687	1262	404	76	50	687	1262	404	76	111.000	173.037	205	193	189	184	180	176	171	165	157	147	134	103.696	571.109	803	733	702	667	632	599	563	519	449	335	241	0	0	0.000	0.000	0	0.000	0.000	0	0.000	0	0.000	0	0.000	0	0.000	0	0	0.000	0.000	0	0	0	0	0.000	0	0	0	0.000	0	0
37	37	921	1833.647	648.855	0.865	60	342	334	146	25	60	342	334	146	25	110.000	219.069	336	289	273	254	236	222	202	182	163	145	125	102.000	147.805	191	176	167	162	156	149	144	136	126	116	107	0	0	0.000	0.000	0	0.000	0.000	0	0.000	0	0.000	0	0.000	0	0.000	0	0	0.000	0.000	0	0	0	0	0.000	0	0	0	0.000	0	0
38	38	1475	970.570	703.468	0.907	57	402	770	212	12	57	402	770	212	12	110.686	155.428	177	172	167	164	162	159	154	150	143	134	122	102.895	125.536	139	131	130	129	128	127	126	124	121	117	108	0	0	0.000	0.000	0	0.000	0.000	0	0.000	0	0.000	0	0.000	0	0.000	0	0	0.000	0.000	0	0	0	0	0.000	0	0	0	0.000	0	0
39	39	1346	1015.649	727.584	0.902	59	378	747	118	11	59	378	747	118	11	110.000	149.868	182	168	163	158	153	150	146	141	137	132	122	102.918	124.389	141	132	129	128	126	124	123	121	119	116	110	0	0	0.000	0.000	0	0.000	0.000	0	0.000	0	0.000	0	0.000	0	0.000	0	0	0.000	0.000	0	0	0	0	0.000	0	0	0	0.000	0	0
40	40	2529	1734.110	847.380	0.858	24	89	611	1653	105	24	89	611	1653	105	111.603	292.024	2399	512	245	210	193	182	171	160	149	139	125	103.000	530.303	2188	743	646	589	537	488	436	377	308	245	182	1	230	1737.490	856.129	0	0.000	0.000	1148	1244.565	0	0.000	1166	1244.822	0	0.000	1	92	1737.728	856.470	0	0	0	1753	1772.261	0	0	1659	1660.598	0	0
41	41	2352	1833.223	951.271	0.888	325	1762	217	12	9	325	1762	217	12	9	110.442	160.153	216	184	177	170	163	158	153	148	143	138	131	102.524	116.109	131	121	119	117	116	116	115	114	113	112	106	0	0	0.000	0.000	0	0.000	0.000	0	0.000	0	0.000	0	0.000	0	0.000	0	0	0.000	0.000	0	0	0	0	0.000	0	0	0	0.000	0	0
42	42	1711	169.119	958.225	0.874	397	673	353	168	87	397	673	353	168	87	107.992	195.384	241	222	212	208	203	199	194	186	175	162	145	102.784	608.845	870	779	738	701	673	637	594	553	493	379	231	0	0	0.000	0.000	0	0.000	0.000	0	0.000	0	0.000	0	0.000	0	0.000	0	0	0.000	0.000	0	0	0	0	0.000	0	0	0	0.000	0	0
43	43	1576	223.914	969.128	0.890	481	935	84	31	25	481	935	84	31	25	107.000	161.735	196	185	177	171	166	162	158	152	145	139	126	103.424	412.060	634	569	523	481	440	410	379	344	304	261	218	0	0	0.000	0.000	0	0.000	0.000	0	0.000	0	0.000	0	0.000	0	0.000	0	0	0.000	0.000	0	0	0	0	0.000	0	0	0	0.000	0	0
44	44	559	121.919	966.467	0.900	15	163	280	79	9	15	163	280	79	9	107.057	177.145	204	193	190	186	183	180	177	172	164	154	136	102.047	571.773	751	689	657	627	608	584	553	520	485	436	339	0	0	0.000	0.000	0	0.000	0.000	0	0.000	0	0.000	0	0.000	0	0.000	0	0	0.000	0.000	0	0	0	0	0.000	0	0	0	0.000	0	0
45	45	711	1851.194	993.653	0.882	195	429	49	18	9	195	429	49	18	9	110.060	157.952	199	179	172	167	163	158	153	147	141	137	126	102.000	115.906	128	122	120	118	117	116	115	113	112	110	106	0	0	0.000	0.000	0	0.000	0.000	0	0.000	0	0.000	0	0.000	0	0.000	0	0	0.000	0.000	0	0	0	0	0.000	0	0	0	0.000	0	0
46	46	1953	345.840	1031.363	0.871	29	845	953	69	11	29	845	953	69	11	108.961	130.978	146	140	138	136	134	131	129	127	124	122	113	104.968	2073.585	3167	2861	2641	2491	2352	2213	2026	1795	1484	1003	627	0	0	0.000	0.000	0	0.000	0.000	0	0.000	0	0.000	0	0.000	0	0.000	0	0	0.000	0.000	0	0	0	0	0.000	0	0	0	0.000	0	0
47	47	2228	287.912	1043.773	0.860	64	620	1298	184	25	64	620	1298	184	25	108.988	129.568	145	138	135	133	131	130	128	126	124	121	114	104.992	2163.391	3091	2826	2669	2529	2411	2272	2140	1943	1648	1253	758	0	0	0.000	0.000	0	0.000	0.000	0	0.000	0	0.000	0	0.000	0	0.000	0	0	0.000	0.000	0	0	0	0	0.000	0	0	0	0.000	0	0
48	48	409	374.169	1059.981	0.949	42	114	160	80	4	42	114	160	80	4	109.000	117.051	123	120	118	118	117	117	117	116	116	115	112	104.582	602.993	991	928	873	814	731	626	520	418	317	232	158	0	0	0.000	0.000	0	0.000	0.000	0	0.000	0	0.000	0	0.000	0	0.000	0	0	0.000	0.000	0	0	0	0	0.000	0	0	0	0.000	0	0
49	49	1743	1709.018	1074.563	0.920	467	1033	184	14	3	467	1033	184	14	3	112.000	123.566	139	132	128	126	124	122	121	120	119	118	114	102.000	146.266	169	159	155	153	151	148	145	141	137	132	115	0	0	0.000	0.000	0	0.000	0.000	0	0.000	0	0.000	0	0.000	0	0.000	0	0	0.000	0.000	0	0	0	0	0.000	0	0	0	0.000	0	0
50	50	1359	613.667	1079.190	0.884	39	484	659	139	17	39	484	659	139	17	110.999	160.271	186	175	170	166	163	161	159	156	151	144	134	102.628	542.274	785	698	648	615	582	547	519	476	434	375	293	0	0	0.000	0.000	0	0.000	0.000	0	0.000	0	0.000	0	0.000	0	0.000	0	0	0.000	0.000	0	0	0	0	0.000	0	0	0	0.000	0	0
51	51	2128	220.175	1097.522	0.893	746	1231	64	30	20	746	1231	64	30	20	108.466	118.120	131	123	121	119	118	117	117	116	115	114	110	105.000	1443.970	2372	2105	1959	1816	1650	1489	1319	1107	885	707	416	0	0	0.000	0.000	0	0.000	0.000	0	0.000	0	0.000	0	0.000	0	0.000	0	0	0.000	0.000	0	0	0	0	0.000	0	0	0	0.000	0	0
52	52	2361	1158.053	1108.278	0.888	254	1694	332	27	8	254	1694	332	27	8	111.728	123.260	135	130	128	126	123	122	121	120	119	118	114	101.033	121.706	139	130	127	125	123	121	119	118	117	115	107	0	0	0.000	0.000	0	0.000	0.000	0	0.000	0	0.000	0	0.000	0	0.000	0	0	0.000	0.000	0	0	0	0	0.000	0	0	0	0.000	0	0
53	53	1770	271.442	1113.894	0.888	451	1231	46	13	12	451	1231	46	13	12	109.092	116.542	128	120	119	118	117	116	116	115	114	114	111	105.444	568.116	956	771	729	682	639	588	519	458	405	331	230	0	0	0.000	0.000	0	0.000	0.000	0	0.000	0	0.000	0	0.000	0	0.000	0	0	0.000	0.000	0	0	0	0	0.000	0	0	0	0.000	0	0
54	54	2036	661.730	1116.293	0.809	15	266	1076	608	35	15	266	1076	608	35	111.587	158.813	219	178	174	168	164	158	152	148	144	139	124	102.986	543.974	832	763	723	664	605	546	486	423	375	325	192	0	0	0.000	0.000	0	0.000	0.000	0	0.000	0	0.000	0	0.000	0	0.000	0	0	0.000	0.000	0	0	0	0	0.000	0	0	0	0.000	0	0
55	55	2035	611.055	1131.632	0.868	69	705	1085	101	32	69	705	1085	101	32	110.686	159.597	183	175	170	167	164	160	156	152	148	144	133	103.000	491.879	757	674	623	581	547	501	459	403	343	300	216	0	0	0.000	0.000	0	0.000	0.000	0	0.000	0	0.000	0	0.000	0	0.000	0	0	0.000	0.000	0	0	0	0	0.000	0	0	0	0.000	0	0
56	56	1775	2008.870	1136.291	0.866	45	504	1055	125	8	45	504	1055	125	8	109.916	189.437	237	221	213	205	200	195	188	175	162	151	134	102.567	977.949	1495	1369	1264	1166	1105	1042	949	831	669	502	300	0	0	0.000	0.000	0	0.000	0.000	0	0.000	0	0.000	0	0.000	0	0.000	0	0	0.000	0.000	0	0	0	0	0.000	0	0	0	0.000	0	0
57	57	1129	708.020	1146.549	0.884	46	101	612	299	53	46	101	612	299	53	111.000	153.788	173	165	162	159	157	154	152	149	147	142	130	103.000	486.388	651	602	575	544	516	491	469	445	410	359	251	0	0	0.000	0.000	0	0.000	0.000	0	0.000	0	0.000	0	0.000	0	0.000	0	0	0.000	0.000	0	0	0	0	0.000	0	0	0	0.000	0	0
58	58	1169	1960.173	1146.909	0.918	40	333	581	177	15	40	333	581	177	15	110.000	183.439	215	204	199	194	190	186	182	175	166	157	142	102.059	921.921	1245	1153	1107	1052	997	951	900	822	744	640	408	0	0	0.000	0.000	0	0.000	0.000	0	0.000	0	0.000	0	0.000	0	0.000	0	0	0.000	0.000	0	0	0	0	0.000	0	0	0	0.000	0	0
59	59	1149	401.390	1249.838	0.846	71	526	476	41	12	71	526	476	41	12	109.613	119.033	127	123	121	120	119	119	118	117	117	116	112	102.011	1514.928	2339	2114	2002	1829	1635	1472	1373	1249	1112	911	566	0	0	0.000	0.000	0	0.000	0.000	0	0.000	0	0.000	0	0.000	0	0.000	0	0	0.000	0.000	0	0	0	0	0.000	0	0	0	0.000	0	0
60	60	1189	2016.159	1290.261	0.922	69	192	702	154	36	69	192	702	154	36	108.798	258.260	333	314	299	283	271	263	251	234	218	198	169	102.704	643.270	942	864	816	770	717	663	619	555	476	376	196	0	0	0.000	0.000	0	0.000	0.000	0	0.000	0	0.000	0	0.000	0	0.000	0	0	0.000	0.000	0	0	0	0	0.000	0	0	0	0.000	0	0
61	61	1474	266.366	1302.665	0.876	477	887	64	10	9	477	887	64	10	9	108.480	1180.579	19818	1153	860	764	707	658	593	483	395	321	215	102.000	128.420	190	143	135	131	129	127	124	122	119	116	108	1	88	280.947	1309.839	0	0.000	0.000	8377	9025.682	0	0.000	137	139.352	0	0.000	0	0	0.000	0.000	0	0	0	0	0.000	0	0	0	0.000	0	0
62	62	1204	1080.010	1329.854	0.878	84	601	458	20	9	84	601	458	20	9	112.000	122.404	130	126	125	123	123	122	121	121	120	119	116	103.162	130.317	156	142	139	135	132	130	127	125	122	120	111	0	0	0.000	0.000	0	0.000	0.000	0	0.000	0	0.000	0	0.000	0	0.000	0	0	0.000	0.000	0	0	0	0	0.000	0	0	0	0.000	0	0
63	63	1754	2017.865	1337.383	0.871	160	347	1014	194	8	160	347	1014	194	8	109.170	252.677	481	311	296	285	270	255	240	219	201	187	160	103.831	632.075	1044	916	829	755	704	659	597	495	411	345	179	0	0	0.000	0.000	0	0.000	0.000	0	0.000	0	0.000	0	0.000	0	0.000	0	0	0.000	0.000	0	0	0	0	0.000	0	0	0	0.000	0	0
64	64	2201	747.756	1401.273	0.810	39	375	1588	157	14	39	375	1588	157	14	111.354	121.689	130	126	125	123	122	121	120	120	119	118	112	104.000	1381.890	2181	1985	1799	1580	1438	1332	1234	1131	1024	904	527	0	0	0.000	0.000	0	0.000	0.000	0	0.000	0	0.000	0	0.000	0	0.000	0	0	0.000	0.000	0	0	0	0	0.000	0	0	0	0.000	0	0
65	65	1625	1128.082	1398.477	0.890	15	382	952	213	37	15	382	952	213	37	113.000	121.662	130	125	123	122	122	121	121	120	120	119	116	104.000	139.295	161	153	150	146	143	140	138	136	132	120	108	0	0	0.000	0.000	0	0.000	0.000	0	0.000	0	0.000	0	0.000	0	0.000	0	0	0.000	0.000	0	0	0	0	0.000	0	0	0	0.000	0	0
66	66	2149	1175.500	1415.743	0.862	253	1368	448	36	8	253	1368	448	36	8	112.466	123.614	137	130	127	125	124	123	122	121	120	119	116	103.797	133.729	156	144	141	139	136	134	132	130	127	123	104	0	0	0.000	0.000	0	0.000	0.000	0	0.000	0	0.000	0	0.000	0	0.000	0	0	0.000	0.000	0	0	0	0	0.000	0	0	0	0.000	0	0
67	67	2112	797.452	1426.887	0.883	71	364	1236	367	38	71	364	1236	367	38	112.000	121.052	131	125	124	122	121	121	120	119	118	118	114	104.000	1361.023	2059	1875	1760	1646	1529	1398	1285	1135	961	756	471	0	0	0.000	0.000	0	0.000	0.000	0	0.000	0	0.000	0	0.000	0	0.000	0	0	0.000	0.000	0	0	0	0	0.000	0	0	0	0.000	0	0
68	68	1595	417.545	1432.119	0.874	74	625	745	110	10	74	625	745	110	10	110.000	229.994	849	279	242	231	223	213	204	192	180	168	139	102.586	119.055	136	126	123	121	120	119	118	116	115	113	105	1	61	416.075	1442.227	0	0.000	0.000	573	589.033	0	0.000	123	122.869	0	0.000	0	0	0.000	0.000	0	0	0	0	0.000	0	0	0	0.000	0	0
69	69	1844	1077.095	1430.866	0.776	76	631	830	249	21	76	631	830	249	21	112.028	235.175	290	273	266	259	252	246	239	226	201	169	148	104.703	2410.919	3457	3225	3034	2910	2770	2570	2364	2156	1903	1153	611	0	0	0.000	0.000	0	0.000	0.000	0	0.000	0	0.000	0	0.000	0	0.000	0	0	0.000	0.000	0	0	0	0	0.000	0	0	0	0.000	0	0
70	70	1634	934.747	1461.984	0.875	72	333	905	261	27	72	333	905	261	27	112.000	185.264	1386	179	167	164	162	159	155	151	148	143	129	103.000	573.572	1866	739	669	620	578	540	510	484	450	404	297	1	72	920.263	1458.452	0	0.000	0.000	647	677.236	0	0.000	1021	1054.278	0	0.000	1	12	922.186	1457.380	0	0	0	809	766.333	0	0	1589	1540.500	0	0
71	71	2147	1035.943	1480.464	0.883	32	511	1183	366	16	32	511	1183	366	16	112.143	227.916	296	273	256	245	238	230	221	212	199	179	147	104.000	2195.384	3408	3186	2842	2536	2394	2224	2035	1810	1543	1261	735	0	0	0.000	0.000	0	0.000	0.000	0	0.000	0	0.000	0	0.000	0	0.000	0	0	0.000	0.000	0	0	0	0	0.000	0	0	0	0.000	0	0
72	72	1039	1654.579	1460.373	0.887	65	109	468	335	34	65	109	468	335	34	112.012	165.512	190	181	176	173	171	168	164	159	153	147	137	102.922	334.547	405	387	377	367	355	339	324	310	294	273	217	0	0	0.000	0.000	0	0.000	0.000	0	0.000	0	0.000	0	0.000	0	0.000	0	0	0.000	0.000	0	0	0	0	0.000	0	0	0	0.000	0	0
73	73	1465	556.416	1503.291	0.880	67	444	586	298	50	67	444	586	298	50	110.941	118.391	124	121	120	120	119	118	118	117	117	116	111	103.000	1174.577	1615	1474	1358	1285	1232	1178	1119	1061	990	898	667	0	0	0.000	0.000	0	0.000	0.000	0	0.000	0	0.000	0	0.000	0	0.000	0	0	0.000	0.000	0	0	0	0	0.000	0	0	0	0.000	0	0
74	74	1705	1641.101	1505.566	0.877	40	225	840	499	71	40	225	840	499	71	112.000	163.109	192	182	178	174	170	166	160	153	146	140	129	103.000	311.056	444	394	367	352	336	324	307	281	246	209	165	0	0	0.000	0.000	0	0.000	0.000	0	0.000	0	0.000	0	0.000	0	0.000	0	0	0.000	0.000	0	0	0	0	0.000	0	0	0	0.000	0	0
75	75	2425	665.199	1516.446	0.856	157	1157	959	92	11	157	1157	959	92	11	111.238	119.098	130	124	121	120	119	118	118	117	116	116	113	103.252	1006.679	1680	1471	1365	1256	1137	1006	888	777	656	535	298	0	0	0.000	0.000	0	0.000	0.000	0	0.000	0	0.000	0	0.000	0	0.000	0	0	0.000	0.000	0	0	0	0	0.000	0	0	0	0.000	0	0
76	76	1865	607.464	1528.064	0.849	54	177	1465	129	5	54	177	1465	129	5	111.000	117.356	124	120	119	118	118	117	117	116	116	115	112	103.967	870.279	1583	1258	1186	1104	1010	900	763	630	518	436	283	0	0	0.000	0.000	0	0.000	0.000	0	0.000	0	0.000	0	0.000	0	0.000	0	0	0.000	0.000	0	0	0	0	0.000	0	0	0	0.000	0	0
77	77	1670	1597.498	1531.998	0.898	344	1208	59	26	5	344	1208	59	26	5	111.990	163.600	192	181	178	175	171	166	161	154	148	141	133	103.000	309.201	428	392	377	362	344	324	301	273	238	197	156	0	0	0.000	0.000	0	0.000	0.000	0	0.000	0	0.000	0	0.000	0	0.000	0	0	0.000	0.000	0	0	0	0	0.000	0	0	0	0.000	0	0
78	78	2308	1849.513	1564.262	0.845	34	660	1235	290	33	34	660	1235	290	33	111.625	181.982	1186	180	169	165	163	160	156	151	144	137	126	103.000	732.661	1589	912	862	831	800	763	719	652	570	446	297	1	106	1865.744	1564.961	0	0.000	0.000	602	624.585	0	0.000	1179	1192.698	0	0.000	0	0	0.000	0.000	0	0	0	0	0.000	0	0	0	0.000	0	0
79	79	1636	1332.164	1560.434	0.883	24	234	768	498	80	24	234	768	498	80	112.211	121.803	129	125	124	123	122	122	121	120	120	119	115	103.419	224.957	326	299	279	259	244	228	208	187	165	152	132	0	0	0.000	0.000	0	0.000	0.000	0	0.000	0	0.000	0	0.000	0	0.000	0	0	0.000	0.000	0	0	0	0	0.000	0	0	0	0.000	0	0
80	80	1638	1281.111	1566.287	0.868	267	1268	43	15	17	267	1268	43	15	17	112.452	121.178	130	124	123	122	121	121	121	120	119	118	115	103.000	266.667	359	334	321	309	293	277	256	232	206	181	143	0	0	0.000	0.000	0	0.000	0.000	0	0.000	0	0.000	0	0.000	0	0.000	0	0	0.000	0.000	0	0	0	0	0.000	0	0	0	0.000	0	0
81	81	1506	646.792	1580.546	0.893	44	266	977	185	6	44	266	977	185	6	111.098	118.080	125	121	120	119	118	118	117	117	116	116	113	103.926	1272.205	1849	1661	1518	1406	1335	1270	1190	1118	1046	937	556	0	0	0.000	0.000	0	0.000	0.000	0	0.000	0	0.000	0	0.000	0	0.000	0	0	0.000	0.000	0	0	0	0	0.000	0	0	0	0.000	0	0
82	82	638	1716.037	1570.909	0.924	9	47	145	331	94	9	47	145	331	94	112.000	117.962	124	121	120	119	118	118	117	117	116	116	112	103.000	137.534	166	158	151	146	143	138	135	129	124	115	106	0	0	0.000	0.000	0	0.000	0.000	0	0.000	0	0.000	0	0.000	0	0.000	0	0	0.000	0.000	0	0	0	0	0.000	0	0	0	0.000	0	0
83	83	2421	1792.229	1589.176	0.834	117	597	1344	283	30	117	597	1344	283	30	111.996	256.877	1908	441	200	181	174	169	164	159	155	146	127	103.744	791.957	2712	986	889	845	792	744	703	643	553	453	253	1	210	1794.093	1574.981	0	0.000	0.000	985	1034.933	0	0.000	1635	1691.929	0	0.000	1	65	1794.092	1575.902	0	0	0	1524	1523.985	0	0	2280	2271.369	0	0
84	84	1671	1010.096	1589.643	0.909	20	134	488	929	60	20	134	488	929	60	112.054	161.723	185	176	172	169	166	163	160	156	152	146	130	104.000	1158.962	1766	1584	1454	1324	1235	1160	1071	985	887	744	553	0	0	0.000	0.000	0	0.000	0.000	0	0.000	0	0.000	0	0.000	0	0.000	0	0	0.000	0.000	0	0	0	0	0.000	0	0	0	0.000	0	0
85	85	1628	1063.173	1589.787	0.905	19	106	730	692	43	19	106	730	692	43	113.000	162.775	191	180	176	172	168	165	161	155	149	142	132	103.933	1330.442	1977	1799	1720	1625	1526	1421	1280	1133	929	687	459	0	0	0.000	0.000	0	0.000	0.000	0	0.000	0	0.000	0	0.000	0	0.000	0	0	0.000	0.000	0	0	0	0	0.000	0	0	0	0.000	0	0
86	86	1435	1685.290	1600.349	0.900	20	191	777	374	46	20	191	777	374	46	111.363	118.854	127	122	120	120	119	119	118	118	117	117	113	103.000	165.387	201	188	182	177	171	166	161	155	148	142	130	0	0	0.000	0.000	0	0.000	0.000	0	0.000	0	0.000	0	0.000	0	0.000	0	0	0.000	0.000	0	0	0	0	0.000	0	0	0	0.000	0	0
87	87	1081	1311.938	1607.693	0.909	14	289	533	208	15	14	289	533	208	15	113.000	120.226	128	123	122	122	121	120	120	119	118	117	113	103.052	223.336	305	269	252	238	227	218	210	204	196	188	155	0	0	0.000	0.000	0	0.000	0.000	0	0.000	0	0.000	0	0.000	0	0.000	0	0	0.000	0.000	0	0	0	0	0.000	0	0	0	0.000	0	0
88	88	1288	902.154	1615.621	0.908	57	146	721	324	21	57	146	721	324	21	112.000	123.123	138	131	127	125	123	122	121	120	119	118	114	104.000	866.495	1358	1229	1160	1077	980	893	783	679	563	466	323	0	0	0.000	0.000	0	0.000	0.000	0	0.000	0	0.000	0	0.000	0	0.000	0	0	0.000	0.000	0	0	0	0	0.000	0	0	0	0.000	0	0
89	89	1617	867.655	1651.667	0.896	23	251	827	429	62	23	251	827	429	62	112.268	123.771	140	129	127	125	124	123	122	121	120	119	116	103.912	1010.204	1525	1397	1327	1256	1153	1039	909	799	685	561	430	0	0	0.000	0.000	0	0.000	0.000	0	0.000	0	0.000	0	0.000	0	0.000	0	0	0.000	0.000	0	0	0	0	0.000	0	0	0	0.000	0	0
90	90	1464	1691.286	1658.175	0.890	55	112	578	647	39	55	112	578	647	39	110.875	121.202	141	127	124	123	121	120	120	119	118	116	114	103.000	171.057	201	188	185	181	177	173	169	165	159	149	129	0	0	0.000	0.000	0	0.000	0.000	0	0.000	0	0.000	0	0.000	0	0.000	0	0	0.000	0.000	0	0	0	0	0.000	0	0	0	0.000	0	0
91	91	1507	1641.905	1661.124	0.841	216	291	361	535	72	216	291	361	535	72	109.879	118.104	130	122	121	120	119	118	117	116	115	114	110	102.957	142.328	177	164	159	155	150	145	139	133	126	114	105	0	0	0.000	0.000	0	0.000	0.000	0	0.000	0	0.000	0	0.000	0	0.000	0	0	0.000	0.000	0	0	0	0	0.000	0	0	0	0.000	0	0
92	92	1149	798.984	1680.020	0.899	34	72	710	251	63	34	72	710	251	63	111.307	136.338	152	145	142	139	138	136	135	133	131	128	123	103.000	266.092	318	304	296	288	283	275	265	252	238	212	168	0	0	0.000	0.000	0	0.000	0.000	0	0.000	0	0.000	0	0.000	0	0.000	0	0	0.000	0.000	0	0	0	0	0.000	0	0	0	0.000	0	0
93	93	1843	900.484	1699.549	0.880	24	425	1028	294	29	24	425	1028	294	29	112.933	199.437	555	225	215	209	202	195	187	178	168	156	132	104.000	274.020	478	348	328	314	298	277	258	237	215	188	149	1	37	894.753	1712.818	0	0.000	0.000	434	435.378	0	0.000	364	372.541	0	0.000	0	0	0.000	0.000	0	0	0	0	0.000	0	0	0	0.000	0	0
94	94	1769	842.364	1699.505	0.897	34	273	914	453	64	34	273	914	453	64	112.230	135.540	183	147	139	138	136	134	132	131	128	125	118	103.840	226.773	320	276	259	248	235	224	213	204	195	182	158	0	0	0.000	0.000	0	0.000	0.000	0	0.000	0	0.000	0	0.000	0	0.000	0	0	0.000	0.000	0	0	0	0	0.000	0	0	0	0.000	0	0
95	95	448	1759.051	1698.118	0.918	113	153	122	37	16	113	153	122	37	16	111.071	157.498	209	181	171	165	161	157	152	146	141	136	131	103.821	644.837	1148	921	852	781	705	634	562	505	443	380	280	0	0	0.000	0.000	0	0.000	0.000	0	0.000	0	0.000	0	0.000	0	0.000	0	0	0.000	0.000	0	0	0	0	0.000	0	0	0	0.000	0	0
96	96	1104	1740.376	1716.786	0.897	25	548	346	146	24	25	548	346	146	24	111.523	201.433	243	228	222	218	213	207	199	188	175	167	155	104.000	977.964	1425	1285	1213	1149	1068	982	895	830	729	655	516	0	0	0.000	0.000	0	0.000	0.000	0	0.000	0	0.000	0	0.000	0	0.000	0	0	0.000	0.000	0	0	0	0	0.000	0	0	0	0.000	0	0
97	97	1854	1794.215	1735.231	0.846	143	1236	385	39	16	143	1236	385	39	16	111.744	236.537	1585	254	236	229	220	211	199	187	171	153	137	103.226	1151.910	2565	1600	1509	1400	1313	1226	1098	960	736	499	304	1	73	1800.370	1740.469	0	0.000	0.000	823	853.616	0	0.000	1673	1652.507	0	0.000	0	0	0.000	0.000	0	0	0	0	0.000	0	0	0	0.000	0	0
98	98	1415	911.567	1747.088	0.910	40	107	640	519	74	40	107	640	519	74	112.328	204.216	259	237	231	223	216	208	196	185	176	167	147	103.932	311.041	416	391	372	355	342	323	294	271	245	217	180	0	0	0.000	0.000	0	0.000	0.000	0	0.000	0	0.000	0	0.000	0	0.000	0	0	0.000	0.000	0	0	0	0	0.000	0	0	0	0.000	0	0
99	99	1645	859.735	1757.543	0.844	494	904	157	38	19	494	904	157	38	19	112.000	119.974	132	127	124	121	120	119	118	117	116	116	113	103.995	136.503	154	146	144	142	140	138	136	133	129	125	108	0	0	0.000	0.000	0	0.000	0.000	0	0.000	0	0.000	0	0.000	0	0.000	0	0	0.000	0.000	0	0	0	0	0.000	0	0	0	0.000	0	0
100	100	1220	802.673	1765.894	0.914	98	809	281	10	5	98	809	281	10	5	111.009	118.120	130	123	121	119	118	117	117	116	115	114	112	103.000	134.025	151	143	141	139	137	134	132	130	127	124	115	1	119	795.465	1760.602	0	0.000	0.000	125	125.118	0	0.000	129	130.168	0	0.000	0	0	0.000	0.000	0	0	0	0	0.000	0	0	0	0.000	0	0
101	101	716	1093.692	1772.997	0.915	34	114	396	146	16	34	114	396	146	16	112.000	149.278	162	156	155	154	152	151	149	146	143	139	131	102.999	629.191	810	745	726	704	674	653	630	593	534	465	329	0	0	0.000	0.000	0	0.000	0.000	0	0.000	0	0.000	0	0.000	0	0.000	0	0	0.000	0.000	0	0	0	0	0.000	0	0	0	0.000	0	0
102	102	1847	1139.799	1802.514	0.829	44	262	1033	434	36	44	262	1033	434	36	112.000	152.030	183	171	165	159	155	152	148	144	139	133	124	103.000	703.063	1191	1036	909	819	748	694	643	586	510	370	263	0	0	0.000	0.000	0	0.000	0.000	0	0.000	0	0.000	0	0.000	0	0.000	0	0	0.000	0.000	0	0	0	0	0.000	0	0	0	0.000	0	0
103	103	1602	1089.478	1819.104	0.868	94	106	1000	353	19	94	106	1000	353	19	111.903	145.770	164	159	157	154	151	148	143	138	134	129	125	102.909	559.115	866	812	767	709	643	575	502	407	347	287	228	0	0	0.000	0.000	0	0.000	0.000	0	0.000	0	0.000	0	0.000	0	0.000	0	0	0.000	0.000	0	0	0	0	0.000	0	0	0	0.000	0	0
104	104	2452	1369.913	1914.487	0.860	342	1295	604	137	21	342	1295	604	137	21	111.316	750.071	15670	1170	301	249	227	214	203	193	180	169	135	102.000	137.267	220	149	142	139	137	135	133	131	129	124	106	1	164	1356.490	1916.406	0	0.000	0.000	5978	6844.323	0	0.000	178	179.360	0	0.000	1	22	1357.284	1915.592	0	0	0	12717	12426.409	0	0	208	207.545	0	0
105	105	1749	1762.842	2011.890	0.879	15	224	823	574	71	15	224	823	574	71	108.816	161.115	194	185	179	173	169	165	158	150	141	133	125	101.819	1012.382	1579	1484	1378	1265	1151	1052	942	827	647	443	308	0	0	0.000	0.000	0	0.000	0.000	0	0.000	0	0.000	0	0.000	0	0.000	0	0	0.000	0.000	0	0	0	0	0.000	0	0	0	0.000	0	0
