 	cell	area	x	y	circ	BFI_lev_b1	BFI_lev_b2	BFI_lev_b3	BFI_lev_b4	BFI_lev_b5	BFO_lev_b1	BFO_lev_b2	BFO_lev_b3	BFO_lev_b4	BFO_lev_b5	RFP_int_bg	RFP_int_mean	RFP_int_b0	RFP_int_b1	RFP_int_b2	RFP_int_b3	RFP_int_b4	RFP_int_b5	RFP_int_b6	RFP_int_b7	RFP_int_b8	RFP_int_b9	RFP_int_b10	GFP_int_bg	GFP_int_mean	GFP_int_b0	GFP_int_b1	GFP_int_b2	GFP_int_b3	GFP_int_b4	GFP_int_b5	GFP_int_b6	GFP_int_b7	GFP_int_b8	GFP_int_b9	GFP_int_b10	inRFPnfoci	f1_inRFParea	f1_inRFPx	f1_inRFPy	f2_inRFParea	f2_inRFPx	f2_inRFPy	f1_inRFP_toRFPmed	f1_inRFP_toRFPmean	f2_inRFP_toRFPmed	f2_inRFP_toRFPmean	f1_inRFP_toGFPmed	f1_inRFP_toGFPmean	f2_inRFP_toGFPmed	f2_inRFP_toGFPmean	inGFPnfoci	f1_inGFParea	f1_inGFPx	f1_inGFPy	f2_inGFParea	f2_inGFPx	f2_inGFPy	f1_inGFP_toRFPmed	f1_inGFP_toRFPmean	f2_inGFP_toRFPmed	f2_inGFP_toRFPmean	f1_inGFP_toGFPmed	f1_inGFP_toGFPmean	f2_inGFP_toGFPmed	f2_inGFP_toGFPmean
1	1	483	27.903	14.315	0.938	34	94	126	181	35	34	94	126	181	35	102.967	125.872	146	142	136	131	128	126	123	120	115	111	104	104.909	513.203	783	737	682	625	566	513	456	408	353	296	199	0	0	0.000	0.000	0	0	0	0	0.000	0	0	0	0.000	0	0	0	0	0	0	0	0	0	0	0	0	0	0	0	0	0
2	2	1603	528.890	25.743	0.868	79	157	677	594	58	79	157	677	594	58	105.824	114.391	126	119	117	115	114	114	113	113	112	111	109	101.340	133.778	152	144	140	138	137	134	132	129	126	123	115	0	0	0.000	0.000	0	0	0	0	0.000	0	0	0	0.000	0	0	0	0	0	0	0	0	0	0	0	0	0	0	0	0	0
3	3	1439	1571.479	35.246	0.892	79	261	841	221	2	79	261	841	221	2	106.653	149.026	174	166	162	159	155	151	145	140	135	130	121	101.000	120.308	136	128	125	123	121	120	119	117	116	113	105	0	0	0.000	0.000	0	0	0	0	0.000	0	0	0	0.000	0	0	0	0	0	0	0	0	0	0	0	0	0	0	0	0	0
4	4	1997	70.831	43.887	0.878	27	238	992	640	74	27	238	992	640	74	104.095	184.167	504	208	195	188	184	179	172	165	157	148	125	101.069	763.878	1173	1027	967	921	863	786	714	642	547	430	321	1	40	66.716	49.055	0	0	0	397	389.125	0	0	897	907.275	0	0	0	0	0	0	0	0	0	0	0	0	0	0	0	0	0
5	5	1693	1479.483	64.178	0.884	32	310	1230	81	12	32	310	1230	81	12	107.854	187.077	237	221	211	201	194	188	180	173	165	154	130	101.730	120.236	135	126	125	123	122	121	119	118	116	113	105	0	0	0.000	0.000	0	0	0	0	0.000	0	0	0	0.000	0	0	0	0	0	0	0	0	0	0	0	0	0	0	0	0	0
6	6	1734	941.760	72.866	0.848	22	194	991	453	29	22	194	991	453	29	108.574	143.307	161	155	152	150	148	145	141	138	134	130	122	103.000	731.618	1113	1024	953	890	830	761	685	586	508	399	273	0	0	0.000	0.000	0	0	0	0	0.000	0	0	0	0.000	0	0	0	0	0	0	0	0	0	0	0	0	0	0	0	0	0
7	7	466	104.243	66.154	0.932	29	94	175	143	16	29	94	175	143	16	105.526	134.290	156	151	148	144	140	136	130	124	119	117	109	101.000	564.779	860	814	764	707	652	588	525	463	381	261	173	0	0	0.000	0.000	0	0	0	0	0.000	0	0	0	0.000	0	0	0	0	0	0	0	0	0	0	0	0	0	0	0	0	0
8	8	487	918.516	114.362	0.873	18	71	191	165	30	18	71	191	165	30	109.000	140.314	155	150	148	146	144	142	139	135	132	128	120	102.984	615.125	806	765	742	712	679	647	605	546	491	430	268	0	0	0.000	0.000	0	0	0	0	0.000	0	0	0	0.000	0	0	0	0	0	0	0	0	0	0	0	0	0	0	0	0	0
9	9	2038	958.005	133.160	0.828	66	737	935	217	38	66	737	935	217	38	109.000	153.707	340	169	160	156	153	150	146	142	136	131	121	103.283	777.434	1226	1054	988	933	877	811	747	671	568	408	279	1	63	952.554	138.819	0	0	0	272	274.413	0	0	492	532.413	0	0	0	0	0	0	0	0	0	0	0	0	0	0	0	0	0
10	10	1288	584.218	131.173	0.821	22	159	468	553	62	22	159	468	553	62	108.420	121.201	148	135	127	122	120	118	117	116	115	114	111	102.000	157.647	189	177	171	167	164	161	157	151	144	135	111	0	0	0.000	0.000	0	0	0	0	0.000	0	0	0	0.000	0	0	0	0	0	0	0	0	0	0	0	0	0	0	0	0	0
11	11	1710	1038.060	137.338	0.906	64	1022	533	52	10	64	1022	533	52	10	109.000	215.761	282	254	242	230	221	214	208	202	193	182	145	102.987	124.754	137	131	129	128	127	126	125	123	121	117	105	0	0	0.000	0.000	0	0	0	0	0.000	0	0	0	0.000	0	0	0	0	0	0	0	0	0	0	0	0	0	0	0	0	0
12	12	1527	820.192	138.855	0.900	34	700	559	181	21	34	700	559	181	21	109.040	128.820	136	133	132	131	130	129	128	127	126	125	119	103.785	1803.301	2443	2271	2177	2107	1999	1872	1750	1616	1437	1194	760	0	0	0.000	0.000	0	0	0	0	0.000	0	0	0	0.000	0	0	0	0	0	0	0	0	0	0	0	0	0	0	0	0	0
13	13	435	102.909	133.998	0.837	38	140	166	68	15	38	140	166	68	15	106.370	232.290	328	299	278	257	243	226	212	202	191	177	157	102.000	151.931	187	174	165	159	155	150	148	144	139	133	123	0	0	0.000	0.000	0	0	0	0	0.000	0	0	0	0.000	0	0	0	0	0	0	0	0	0	0	0	0	0	0	0	0	0
14	14	2291	193.931	150.170	0.895	125	633	1074	342	69	125	633	1074	342	69	107.534	420.736	3768	803	311	273	264	254	235	214	193	174	152	102.978	1840.858	2802	2491	2363	2252	2137	1974	1770	1544	1262	957	609	1	209	189.957	160.110	0	0	0	1844	1956.804	0	0	2323	2172.483	0	0	0	0	0	0	0	0	0	0	0	0	0	0	0	0	0
15	15	2283	866.434	170.886	0.892	116	1022	1024	62	11	116	1022	1024	62	11	109.110	123.637	134	128	127	126	125	124	123	121	120	118	114	104.460	1199.477	2273	1792	1581	1438	1301	1184	1073	964	817	619	421	0	0	0.000	0.000	0	0	0	0	0.000	0	0	0	0.000	0	0	0	0	0	0	0	0	0	0	0	0	0	0	0	0	0
16	16	2219	246.539	166.865	0.907	88	661	1192	225	10	88	661	1192	225	10	107.996	232.047	285	268	263	257	252	245	237	221	197	169	138	102.337	1648.401	2312	2165	2105	2034	1968	1876	1721	1458	1085	705	405	0	0	0.000	0.000	0	0	0	0	0.000	0	0	0	0.000	0	0	0	0	0	0	0	0	0	0	0	0	0	0	0	0	0
17	17	2286	797.193	212.562	0.899	664	1412	137	25	11	664	1412	137	25	11	109.980	509.606	13532	440	184	162	153	149	146	143	139	135	125	105.595	132.710	156	144	140	137	135	133	130	128	125	122	112	1	115	795.645	197.587	0	0	0	5527	6033.087	0	0	137	137.530	0	0	0	0	0	0	0	0	0	0	0	0	0	0	0	0	0
18	18	1872	891.104	222.085	0.884	181	827	741	60	15	181	827	741	60	15	109.991	117.715	132	123	120	119	118	117	116	116	115	114	111	105.863	624.885	972	876	815	764	703	639	571	506	432	345	217	0	0	0.000	0.000	0	0	0	0	0.000	0	0	0	0.000	0	0	0	0	0	0	0	0	0	0	0	0	0	0	0	0	0
19	19	1227	1318.784	215.957	0.926	22	47	700	355	83	22	47	700	355	83	109.976	233.487	282	272	266	257	246	233	222	213	204	195	166	104.010	600.215	831	794	762	722	660	589	541	507	461	396	285	0	0	0.000	0.000	0	0	0	0	0.000	0	0	0	0.000	0	0	0	0	0	0	0	0	0	0	0	0	0	0	0	0	0
20	20	2132	1267.970	226.083	0.846	376	1457	220	27	7	376	1457	220	27	7	110.457	173.533	216	194	186	180	176	172	169	165	161	158	133	104.929	2223.832	4361	3138	2804	2600	2405	2206	1984	1770	1520	1284	652	0	0	0.000	0.000	0	0	0	0	0.000	0	0	0	0.000	0	0	0	0	0	0	0	0	0	0	0	0	0	0	0	0	0
21	21	1712	970.367	226.234	0.907	526	1100	37	8	6	526	1100	37	8	6	109.000	135.615	167	154	148	141	136	132	130	128	126	121	114	105.633	5351.934	8931	7643	6982	6283	5697	5308	4962	4545	3888	3028	1375	0	0	0.000	0.000	0	0	0	0	0.000	0	0	0	0.000	0	0	0	0	0	0	0	0	0	0	0	0	0	0	0	0	0
22	22	1809	1960.265	229.775	0.888	76	1386	291	26	8	76	1386	291	26	8	108.607	145.981	164	157	154	151	149	147	144	142	139	133	125	108.290	1569.601	2311	2030	1912	1824	1708	1600	1489	1365	1222	1027	693	0	0	0.000	0.000	0	0	0	0	0.000	0	0	0	0.000	0	0	0	0	0	0	0	0	0	0	0	0	0	0	0	0	0
23	23	1513	593.584	240.657	0.898	17	79	634	702	46	17	79	634	702	46	109.000	119.574	129	125	122	121	120	119	118	118	117	115	113	104.420	1274.286	1718	1557	1466	1414	1359	1307	1248	1173	1090	963	469	0	0	0.000	0.000	0	0	0	0	0.000	0	0	0	0.000	0	0	0	0	0	0	0	0	0	0	0	0	0	0	0	0	0
24	24	723	494.172	246.705	0.831	162	312	178	45	10	162	312	178	45	10	108.921	153.988	192	172	166	161	157	153	149	146	143	138	126	103.925	138.938	172	153	149	145	141	138	135	131	129	125	115	0	0	0.000	0.000	0	0	0	0	0.000	0	0	0	0.000	0	0	0	0	0	0	0	0	0	0	0	0	0	0	0	0	0
25	25	1811	1309.155	261.375	0.844	14	113	656	902	92	14	113	656	902	92	110.000	196.600	289	257	230	211	200	189	182	174	163	151	131	104.897	479.780	929	773	636	568	508	455	407	359	316	246	170	0	0	0.000	0.000	0	0	0	0	0.000	0	0	0	0.000	0	0	0	0	0	0	0	0	0	0	0	0	0	0	0	0	0
26	26	731	814.327	255.129	0.889	186	385	98	23	21	186	385	98	23	21	110.000	147.239	166	161	157	154	152	150	148	144	137	128	117	106.000	159.068	192	183	176	172	167	161	155	148	142	133	116	0	0	0.000	0.000	0	0	0	0	0.000	0	0	0	0.000	0	0	0	0	0	0	0	0	0	0	0	0	0	0	0	0	0
27	27	1453	877.254	269.731	0.890	41	630	690	52	9	41	630	690	52	9	110.125	117.339	130	123	120	118	117	116	116	115	115	114	111	106.000	593.470	930	839	754	685	627	576	534	481	436	387	321	0	0	0.000	0.000	0	0	0	0	0.000	0	0	0	0.000	0	0	0	0	0	0	0	0	0	0	0	0	0	0	0	0	0
28	28	1680	1250.330	277.563	0.880	66	191	731	587	67	66	191	731	587	67	110.858	221.191	289	274	261	247	233	222	209	197	183	168	142	105.000	573.223	895	769	719	676	629	568	514	466	424	392	287	0	0	0.000	0.000	0	0	0	0	0.000	0	0	0	0.000	0	0	0	0	0	0	0	0	0	0	0	0	0	0	0	0	0
29	29	1799	623.838	284.209	0.868	90	730	769	151	27	90	730	769	151	27	109.000	121.589	131	126	125	123	122	121	121	120	119	117	113	105.000	1525.579	2201	2041	1925	1794	1660	1537	1413	1281	1144	985	646	0	0	0.000	0.000	0	0	0	0	0.000	0	0	0	0.000	0	0	0	0	0	0	0	0	0	0	0	0	0	0	0	0	0
30	30	760	1407.500	283.834	0.918	91	356	221	67	9	91	356	221	67	9	109.000	127.536	160	143	136	131	128	124	122	120	119	117	113	103.414	122.491	153	142	134	129	123	118	115	114	112	110	104	0	0	0.000	0.000	0	0	0	0	0.000	0	0	0	0.000	0	0	0	0	0	0	0	0	0	0	0	0	0	0	0	0	0
31	31	455	579.576	284.338	0.892	40	189	167	41	10	40	189	167	41	10	109.000	117.756	124	121	120	119	118	117	117	116	116	115	112	105.000	1180.268	1529	1406	1320	1254	1206	1165	1137	1100	1053	999	802	0	0	0.000	0.000	0	0	0	0	0.000	0	0	0	0.000	0	0	0	0	0	0	0	0	0	0	0	0	0	0	0	0	0
32	32	1590	819.402	303.034	0.881	17	34	508	862	148	17	34	508	862	148	109.657	116.037	124	120	118	117	116	116	115	115	114	113	110	105.031	620.715	941	824	739	698	658	631	589	539	484	417	271	0	0	0.000	0.000	0	0	0	0	0.000	0	0	0	0.000	0	0	0	0	0	0	0	0	0	0	0	0	0	0	0	0	0
33	33	737	1211.611	304.981	0.905	32	82	179	338	89	32	82	179	338	89	111.000	174.449	211	203	198	192	186	177	167	157	150	143	133	105.000	444.505	655	581	551	527	497	468	422	372	327	277	209	0	0	0.000	0.000	0	0	0	0	0.000	0	0	0	0.000	0	0	0	0	0	0	0	0	0	0	0	0	0	0	0	0	0
34	34	1889	1944.608	329.301	0.900	1256	412	151	30	16	1256	412	151	30	16	111.000	224.242	319	272	255	242	235	229	221	208	192	168	146	111.597	3371.890	5374	4663	4294	3981	3738	3513	3252	3016	2513	1642	995	0	0	0.000	0.000	0	0	0	0	0.000	0	0	0	0.000	0	0	0	0	0	0	0	0	0	0	0	0	0	0	0	0	0
35	35	433	783.468	324.984	0.917	46	50	136	150	43	46	50	136	150	43	109.000	114.238	117	116	115	115	114	114	114	114	113	113	111	105.000	321.933	456	409	380	353	333	319	307	286	267	243	203	0	0	0.000	0.000	0	0	0	0	0.000	0	0	0	0.000	0	0	0	0	0	0	0	0	0	0	0	0	0	0	0	0	0
36	36	1993	1258.894	336.189	0.891	189	1443	313	8	3	189	1443	313	8	3	110.905	189.543	230	219	211	206	201	196	188	177	164	151	136	104.987	1845.062	2546	2400	2321	2242	2154	2051	1913	1663	1304	864	540	0	0	0.000	0.000	0	0	0	0	0.000	0	0	0	0.000	0	0	0	0	0	0	0	0	0	0	0	0	0	0	0	0	0
37	37	1971	1204.346	356.692	0.902	23	77	317	1337	174	23	77	317	1337	174	110.564	192.848	676	260	197	189	180	172	163	155	149	138	124	104.692	1402.923	2145	1997	1882	1764	1661	1512	1310	1055	846	708	346	1	126	1199.679	347.957	0	0	0	447	458.310	0	0	2066	2043.206	0	0	0	0	0	0	0	0	0	0	0	0	0	0	0	0	0
38	38	2883	596.424	367.876	0.907	176	1716	807	93	30	176	1716	807	93	30	108.996	121.350	137	128	126	123	122	120	119	118	117	116	112	104.891	1343.674	2532	1931	1683	1541	1435	1343	1248	1147	965	726	401	0	0	0.000	0.000	0	0	0	0	0.000	0	0	0	0.000	0	0	0	0	0	0	0	0	0	0	0	0	0	0	0	0	0
39	39	854	1910.109	356.356	0.916	59	198	297	242	44	59	198	297	242	44	110.386	127.795	151	141	134	130	127	125	124	123	121	119	115	110.424	1884.922	3217	2481	2276	2126	1976	1840	1679	1612	1554	1314	774	0	0	0.000	0.000	0	0	0	0	0.000	0	0	0	0.000	0	0	0	0	0	0	0	0	0	0	0	0	0	0	0	0	0
40	40	1642	750.448	369.357	0.874	144	710	674	92	3	144	710	674	92	3	109.977	127.794	136	133	132	131	130	129	127	126	124	121	114	106.000	2790.457	3890	3591	3416	3268	3068	2854	2645	2448	2211	1841	1137	0	0	0.000	0.000	0	0	0	0	0.000	0	0	0	0.000	0	0	0	0	0	0	0	0	0	0	0	0	0	0	0	0	0
41	41	2077	1545.679	392.686	0.886	140	190	373	1162	180	140	190	373	1162	180	110.823	295.907	382	350	339	324	308	299	291	279	259	230	186	106.000	885.779	1328	1194	1112	1042	973	918	855	782	664	500	348	0	0	0.000	0.000	0	0	0	0	0.000	0	0	0	0.000	0	0	0	0	0	0	0	0	0	0	0	0	0	0	0	0	0
42	42	904	1591.524	396.280	0.915	57	93	241	408	90	57	93	241	408	90	110.000	257.898	337	324	310	299	286	271	254	233	204	168	129	106.972	841.998	1220	1120	1051	1002	951	895	818	726	615	486	315	0	0	0.000	0.000	0	0	0	0	0.000	0	0	0	0.000	0	0	0	0	0	0	0	0	0	0	0	0	0	0	0	0	0
43	43	395	1923.021	388.410	0.931	195	105	51	21	15	195	105	51	21	15	110.000	155.076	172	164	161	159	158	156	154	152	149	145	137	110.048	2041.433	2793	2629	2521	2411	2283	2143	1992	1843	1554	1262	837	0	0	0.000	0.000	0	0	0	0	0.000	0	0	0	0.000	0	0	0	0	0	0	0	0	0	0	0	0	0	0	0	0	0
44	44	1860	781.049	410.188	0.894	18	123	844	756	75	18	123	844	756	75	110.000	234.408	2338	401	157	133	130	127	124	122	120	118	113	106.272	2384.924	4026	3665	3408	3099	2773	2466	2146	1746	1287	966	372	1	181	774.314	422.296	0	0	0	1004	1096.917	0	0	3684	3610.934	0	0	0	0	0	0	0	0	0	0	0	0	0	0	0	0	0
45	45	2035	1268.559	421.881	0.911	336	1056	522	73	11	336	1056	522	73	11	110.984	750.788	12636	1159	319	284	267	252	234	213	192	174	133	103.881	128.853	163	139	135	133	131	130	128	125	121	116	107	1	157	1276.666	430.682	0	0	0	5513	5994.930	0	0	142	143.510	0	0	0	0	0	0	0	0	0	0	0	0	0	0	0	0	0
46	46	2211	1658.848	422.636	0.889	1636	378	90	44	27	1636	378	90	44	27	110.667	1517.871	19409	4881	563	203	192	180	169	160	150	138	127	107.000	1874.003	3006	2836	2713	2526	2259	1961	1633	1325	1041	731	452	1	292	1661.954	408.232	0	0	0	8876	9520.034	0	0	2805	2712.949	0	0	0	0	0	0	0	0	0	0	0	0	0	0	0	0	0
47	47	1766	1739.621	464.920	0.921	337	1188	141	48	25	337	1188	141	48	25	110.000	120.685	132	126	124	122	121	120	119	118	117	117	114	105.264	882.684	1216	1135	1080	1023	970	911	837	764	682	597	387	0	0	0.000	0.000	0	0	0	0	0.000	0	0	0	0.000	0	0	0	0	0	0	0	0	0	0	0	0	0	0	0	0	0
48	48	895	101.237	460.838	0.889	82	296	434	47	14	82	296	434	47	14	106.785	257.546	1134	449	275	247	222	197	180	165	153	142	130	102.000	124.288	175	143	131	127	124	121	119	116	114	111	105	1	93	100.564	454.051	0	0	0	681	688.516	0	0	133	132.925	0	0	1	24	94.842	461.934	0	0	0	262	264.458	0	0	167	166.083	0	0
49	49	1928	1817.147	474.653	0.886	88	719	792	254	35	88	719	792	254	35	109.785	121.024	135	127	124	122	121	120	120	119	118	117	113	104.637	1967.684	2622	2474	2393	2295	2191	2056	1911	1760	1598	1304	558	0	0	0.000	0.000	0	0	0	0	0.000	0	0	0	0.000	0	0	0	0	0	0	0	0	0	0	0	0	0	0	0	0	0
50	50	1677	742.637	486.217	0.886	54	135	949	454	49	54	135	949	454	49	111.000	205.070	1013	401	212	158	141	136	134	131	128	126	114	107.000	1282.171	2132	1835	1676	1542	1428	1309	1184	1051	866	670	496	1	240	737.352	495.274	0	0	0	507	548.263	0	0	1258	1193.783	0	0	0	0	0	0	0	0	0	0	0	0	0	0	0	0	0
51	51	721	1212.769	508.984	0.948	190	312	155	37	16	190	312	155	37	16	110.191	118.436	125	122	121	120	119	118	118	117	116	115	112	103.000	162.146	196	183	178	174	169	164	160	154	146	136	122	0	0	0.000	0.000	0	0	0	0	0.000	0	0	0	0.000	0	0	0	0	0	0	0	0	0	0	0	0	0	0	0	0	0
52	52	1406	702.576	517.210	0.915	813	451	57	33	18	813	451	57	33	18	110.230	118.295	123	121	120	119	119	118	118	117	117	116	113	106.803	1631.067	2616	2327	2116	1981	1841	1680	1511	1295	1069	878	598	0	0	0.000	0.000	0	0	0	0	0.000	0	0	0	0.000	0	0	0	0	0	0	0	0	0	0	0	0	0	0	0	0	0
53	53	1438	792.706	526.228	0.889	71	440	656	221	19	71	440	656	221	19	110.000	116.777	123	119	118	118	117	117	116	116	115	115	111	105.814	603.566	954	866	784	729	670	629	574	494	402	313	229	0	0	0.000	0.000	0	0	0	0	0.000	0	0	0	0.000	0	0	0	0	0	0	0	0	0	0	0	0	0	0	0	0	0
54	54	1566	1591.087	531.038	0.891	51	544	721	191	27	51	544	721	191	27	110.000	122.657	150	132	127	124	122	120	119	118	118	116	112	104.805	1121.476	1909	1591	1428	1319	1225	1130	1030	927	801	644	473	0	0	0.000	0.000	0	0	0	0	0.000	0	0	0	0.000	0	0	0	0	0	0	0	0	0	0	0	0	0	0	0	0	0
55	55	2472	77.731	542.468	0.754	220	1812	346	40	9	220	1812	346	40	9	106.926	242.737	2668	340	151	145	143	141	138	135	130	125	114	102.683	808.565	1255	1098	1028	955	879	808	743	680	620	529	291	1	205	60.650	544.030	0	0	0	1149	1287.068	0	0	1040	994.024	0	0	0	0	0	0	0	0	0	0	0	0	0	0	0	0	0
56	56	1501	1302.274	534.188	0.912	78	291	714	348	49	78	291	714	348	49	111.000	122.177	133	128	127	125	123	122	121	119	118	116	112	103.000	669.596	1194	1000	904	807	715	632	564	501	444	397	343	0	0	0.000	0.000	0	0	0	0	0.000	0	0	0	0.000	0	0	0	0	0	0	0	0	0	0	0	0	0	0	0	0	0
57	57	1650	740.593	542.846	0.885	614	873	80	38	17	614	873	80	38	17	109.973	118.922	127	123	122	120	119	118	118	117	116	115	113	106.886	764.040	1159	1039	973	909	862	789	721	639	548	436	322	0	0	0.000	0.000	0	0	0	0	0.000	0	0	0	0.000	0	0	0	0	0	0	0	0	0	0	0	0	0	0	0	0	0
58	58	1688	1236.090	552.537	0.860	108	937	509	84	15	108	937	509	84	15	111.000	186.898	1462	282	164	138	131	128	126	124	123	121	115	103.000	191.915	231	215	211	206	201	196	190	183	174	161	140	2	131	1236.119	557.242	70	1240.269	535.192	659	698.618	247	253.357	178	175.595	199	194.300	0	0	0	0	0	0	0	0	0	0	0	0	0	0	0
59	59	582	261.648	540.248	0.828	42	213	235	71	11	42	213	235	71	11	108.000	201.527	253	243	231	220	211	202	194	185	174	161	140	102.000	145.794	172	161	156	152	150	147	144	140	136	130	116	0	0	0.000	0.000	0	0	0	0	0.000	0	0	0	0.000	0	0	0	0	0	0	0	0	0	0	0	0	0	0	0	0	0
60	60	1405	1187.417	560.169	0.889	140	139	566	478	58	140	139	566	478	58	110.940	135.980	151	141	140	139	138	137	136	134	132	129	120	103.000	173.214	196	189	184	180	177	175	172	168	164	157	131	0	0	0.000	0.000	0	0	0	0	0.000	0	0	0	0.000	0	0	0	0	0	0	0	0	0	0	0	0	0	0	0	0	0
61	61	476	773.868	557.363	0.933	19	103	155	141	47	19	103	155	141	47	109.336	115.964	120	118	117	117	116	116	116	115	114	114	112	106.000	362.055	564	499	457	421	389	373	352	330	266	201	140	0	0	0.000	0.000	0	0	0	0	0.000	0	0	0	0.000	0	0	0	0	0	0	0	0	0	0	0	0	0	0	0	0	0
62	62	1991	708.045	584.446	0.876	1379	480	55	15	12	1379	480	55	15	12	110.000	119.513	133	126	123	121	119	118	118	117	116	116	111	105.640	754.490	1211	1047	963	876	806	749	695	630	559	464	286	0	0	0.000	0.000	0	0	0	0	0.000	0	0	0	0.000	0	0	0	0	0	0	0	0	0	0	0	0	0	0	0	0	0
63	63	796	1283.295	584.754	0.900	94	323	278	74	15	94	323	278	74	15	111.000	132.345	151	143	138	136	133	131	130	128	126	123	117	103.000	318.078	443	400	373	350	329	311	300	288	271	243	185	0	0	0.000	0.000	0	0	0	0	0.000	0	0	0	0.000	0	0	0	0	0	0	0	0	0	0	0	0	0	0	0	0	0
64	64	2179	93.885	606.220	0.897	105	794	931	294	16	105	794	931	294	16	107.078	143.966	157	153	151	149	147	146	144	141	137	132	117	102.685	981.626	1395	1263	1152	1083	1040	1000	950	888	801	707	339	0	0	0.000	0.000	0	0	0	0	0.000	0	0	0	0.000	0	0	0	0	0	0	0	0	0	0	0	0	0	0	0	0	0
65	65	1838	348.097	601.435	0.853	310	1230	221	30	8	310	1230	221	30	8	109.694	118.354	126	122	120	120	119	118	118	117	116	115	112	103.000	1148.755	2900	1737	1485	1317	1193	1073	975	888	779	636	424	0	0	0.000	0.000	0	0	0	0	0.000	0	0	0	0.000	0	0	0	0	0	0	0	0	0	0	0	0	0	0	0	0	0
66	66	1467	1175.632	605.762	0.902	27	476	648	233	59	27	476	648	233	59	111.000	140.951	160	152	148	146	143	141	139	136	133	130	122	103.014	174.449	208	193	190	187	184	180	175	166	157	146	128	0	0	0.000	0.000	0	0	0	0	0.000	0	0	0	0.000	0	0	0	0	0	0	0	0	0	0	0	0	0	0	0	0	0
67	67	2099	899.819	625.183	0.896	389	1133	440	93	11	389	1133	440	93	11	111.152	1893.607	23868	6382	887	342	284	243	218	194	173	156	129	103.993	129.124	168	142	137	133	130	128	126	123	121	118	110	1	287	906.464	638.318	0	0	0	10311	11409.341	0	0	145	145.049	0	0	0	0	0	0	0	0	0	0	0	0	0	0	0	0	0
68	68	1520	759.483	621.492	0.899	234	926	281	37	6	234	926	281	37	6	110.000	122.153	129	125	124	124	123	122	122	121	120	119	114	105.622	2598.779	3970	3587	3310	3105	2916	2677	2378	2121	1822	1500	1186	0	0	0.000	0.000	0	0	0	0	0.000	0	0	0	0.000	0	0	0	0	0	0	0	0	0	0	0	0	0	0	0	0	0
69	69	1804	811.707	627.092	0.896	199	1221	271	56	13	199	1221	271	56	13	110.000	120.811	128	124	123	122	121	121	120	119	119	118	114	105.000	2216.298	4213	2975	2802	2658	2521	2339	2111	1875	1551	1151	683	0	0	0.000	0.000	0	0	0	0	0.000	0	0	0	0.000	0	0	0	0	0	0	0	0	0	0	0	0	0	0	0	0	0
70	70	882	609.520	629.559	0.876	26	145	512	165	19	26	145	512	165	19	110.000	119.570	133	128	125	122	120	118	117	116	115	114	113	103.542	756.183	1083	992	908	855	803	756	717	673	619	523	334	0	0	0.000	0.000	0	0	0	0	0.000	0	0	0	0.000	0	0	0	0	0	0	0	0	0	0	0	0	0	0	0	0	0
71	71	1759	294.223	638.743	0.896	246	1213	217	40	10	246	1213	217	40	10	108.998	136.889	156	148	146	143	140	136	133	131	129	126	118	102.445	122.661	144	133	129	127	124	122	119	118	116	114	108	0	0	0.000	0.000	0	0	0	0	0.000	0	0	0	0.000	0	0	0	0	0	0	0	0	0	0	0	0	0	0	0	0	0
72	72	1781	370.997	654.088	0.895	84	769	778	108	14	84	769	778	108	14	109.452	118.358	127	123	121	120	119	118	117	117	116	114	111	103.146	1264.079	2004	1738	1628	1523	1395	1277	1156	1029	901	774	432	0	0	0.000	0.000	0	0	0	0	0.000	0	0	0	0.000	0	0	0	0	0	0	0	0	0	0	0	0	0	0	0	0	0
73	73	1739	658.409	655.786	0.842	23	260	793	562	70	23	260	793	562	70	110.095	116.006	122	118	117	117	116	116	115	115	115	114	112	104.288	676.089	950	878	840	804	762	714	662	603	511	389	262	0	0	0.000	0.000	0	0	0	0	0.000	0	0	0	0.000	0	0	0	0	0	0	0	0	0	0	0	0	0	0	0	0	0
74	74	1606	986.927	668.539	0.810	79	621	727	133	6	79	621	727	133	6	111.557	141.163	203	150	146	144	142	140	138	136	134	131	124	105.722	1462.430	2423	2177	2043	1852	1657	1479	1353	1123	889	639	442	0	0	0.000	0.000	0	0	0	0	0.000	0	0	0	0.000	0	0	0	0	0	0	0	0	0	0	0	0	0	0	0	0	0
75	75	1694	612.326	678.597	0.841	4	142	894	580	45	4	142	894	580	45	110.122	116.633	125	119	118	117	117	116	116	116	115	114	112	104.000	742.851	1143	1055	995	929	842	755	681	607	492	367	265	0	0	0.000	0.000	0	0	0	0	0.000	0	0	0	0.000	0	0	0	0	0	0	0	0	0	0	0	0	0	0	0	0	0
76	76	1979	1167.744	705.792	0.891	592	1199	111	28	12	592	1199	111	28	12	111.000	137.131	182	160	148	141	137	133	130	127	125	123	116	104.205	2470.218	4494	3645	3293	3002	2729	2443	2135	1871	1610	1388	781	1	17	1177.445	709.154	0	0	0	179	178.294	0	0	1352	1353.529	0	0	0	0	0	0	0	0	0	0	0	0	0	0	0	0	0
77	77	1541	912.302	719.457	0.904	60	406	860	174	18	60	406	860	174	18	111.680	154.732	182	174	170	166	162	156	149	144	138	135	122	105.425	1823.010	3173	2766	2599	2389	2093	1816	1583	1337	1060	783	465	0	0	0.000	0.000	0	0	0	0	0.000	0	0	0	0.000	0	0	0	0	0	0	0	0	0	0	0	0	0	0	0	0	0
78	78	2375	1790.693	726.950	0.894	108	639	1412	147	19	108	639	1412	147	19	110.637	162.241	186	177	174	171	168	166	163	157	148	141	129	103.263	987.517	1452	1305	1236	1174	1102	1030	955	867	751	561	359	0	0	0.000	0.000	0	0	0	0	0.000	0	0	0	0.000	0	0	0	0	0	0	0	0	0	0	0	0	0	0	0	0	0
79	79	1791	970.554	722.473	0.874	160	1239	299	52	15	160	1239	299	52	15	112.000	261.470	2699	362	186	176	168	161	157	153	146	139	126	106.000	1562.860	2868	2417	2100	1823	1670	1544	1409	1238	1030	795	508	1	136	957.374	720.176	0	0	0	1216	1295.360	0	0	2263	2207.250	0	0	0	0	0	0	0	0	0	0	0	0	0	0	0	0	0
80	80	1479	662.940	718.764	0.902	33	391	836	180	13	33	391	836	180	13	111.000	145.317	310	158	146	144	143	141	138	136	133	131	124	104.462	325.242	462	418	388	363	342	324	302	282	262	239	197	1	51	661.653	728.131	0	0	0	239	240.176	0	0	441	440.686	0	0	0	0	0	0	0	0	0	0	0	0	0	0	0	0	0
81	81	1630	712.467	730.671	0.883	11	61	296	1004	222	11	61	296	1004	222	110.847	176.102	969	200	158	153	150	147	144	140	136	132	121	104.884	281.959	372	343	331	321	305	288	271	248	227	211	170	1	112	721.859	721.368	0	0	0	500	526.911	0	0	315	313.866	0	0	0	0	0	0	0	0	0	0	0	0	0	0	0	0	0
82	82	1669	509.431	735.269	0.901	16	295	990	304	24	16	295	990	304	24	110.258	143.300	162	151	149	147	145	144	142	140	137	135	124	103.956	895.180	1343	1241	1165	1076	983	918	841	733	622	536	327	0	0	0.000	0.000	0	0	0	0	0.000	0	0	0	0.000	0	0	0	0	0	0	0	0	0	0	0	0	0	0	0	0	0
83	83	318	468.710	729.325	0.953	39	77	113	69	14	39	77	113	69	14	110.000	123.969	132	129	127	126	125	124	123	122	121	120	116	104.000	508.582	737	682	630	580	535	493	455	428	395	367	301	0	0	0.000	0.000	0	0	0	0	0.000	0	0	0	0.000	0	0	0	0	0	0	0	0	0	0	0	0	0	0	0	0	0
84	84	1745	411.949	752.892	0.879	33	106	763	706	98	33	106	763	706	98	109.847	289.257	2191	658	289	186	159	150	145	140	135	129	118	104.000	1783.287	2694	2508	2399	2272	2102	1874	1610	1335	1120	936	461	1	219	414.877	749.063	0	0	0	979	1078.982	0	0	2354	2093.128	0	0	0	0	0	0	0	0	0	0	0	0	0	0	0	0	0
85	85	2238	1822.700	779.932	0.810	61	406	1409	293	33	61	406	1409	293	33	111.000	217.731	1928	228	188	181	175	167	158	151	146	141	125	105.076	1031.920	1709	1504	1386	1289	1181	1058	920	768	643	546	237	1	128	1825.267	795.456	0	0	0	920	973.227	0	0	1241	1229.867	0	0	0	0	0	0	0	0	0	0	0	0	0	0	0	0	0
86	86	1195	730.247	776.142	0.910	38	298	601	209	27	38	298	601	209	27	110.877	146.152	159	154	153	151	150	148	146	143	139	134	121	104.993	288.777	372	353	337	326	312	297	282	263	242	214	141	0	0	0.000	0.000	0	0	0	0	0.000	0	0	0	0.000	0	0	0	0	0	0	0	0	0	0	0	0	0	0	0	0	0
87	87	1976	954.534	789.691	0.869	57	170	1224	464	32	57	170	1224	464	32	112.000	196.200	242	220	213	207	203	198	192	186	178	170	141	106.073	1575.501	2366	2122	1976	1861	1759	1635	1490	1336	1118	950	585	0	0	0.000	0.000	0	0	0	0	0.000	0	0	0	0.000	0	0	0	0	0	0	0	0	0	0	0	0	0	0	0	0	0
88	88	2022	379.420	798.221	0.846	12	344	1278	317	22	12	344	1278	317	22	110.000	144.995	165	156	153	151	148	146	143	140	137	132	123	103.476	1885.672	2444	2348	2306	2259	2208	2136	2026	1797	1366	916	550	0	0	0.000	0.000	0	0	0	0	0.000	0	0	0	0.000	0	0	0	0	0	0	0	0	0	0	0	0	0	0	0	0	0
89	89	1366	1780.293	812.889	0.879	55	356	612	275	35	55	356	612	275	35	110.795	120.684	138	128	125	122	120	119	118	117	117	116	113	106.000	520.125	711	639	607	582	561	535	504	469	428	378	272	0	0	0.000	0.000	0	0	0	0	0.000	0	0	0	0.000	0	0	0	0	0	0	0	0	0	0	0	0	0	0	0	0	0
90	90	1880	921.376	830.683	0.854	59	745	907	110	24	59	745	907	110	24	112.000	151.882	176	167	164	161	158	154	149	144	139	134	126	106.009	1582.848	2677	2440	2274	1969	1769	1569	1380	1180	970	712	481	0	0	0.000	0.000	0	0	0	0	0.000	0	0	0	0.000	0	0	0	0	0	0	0	0	0	0	0	0	0	0	0	0	0
91	91	277	1741.289	810.741	0.969	33	60	127	48	5	33	60	127	48	5	110.531	116.083	120	118	117	117	117	116	116	115	115	114	112	105.000	184.141	305	278	263	239	199	166	143	126	118	113	109	0	0	0.000	0.000	0	0	0	0	0.000	0	0	0	0.000	0	0	0	0	0	0	0	0	0	0	0	0	0	0	0	0	0
92	92	848	993.548	823.835	0.894	70	450	264	30	17	70	450	264	30	17	111.861	215.309	242	232	226	222	218	215	212	209	205	200	183	105.818	1729.321	2118	2047	1962	1887	1810	1721	1631	1574	1523	1440	1110	0	0	0.000	0.000	0	0	0	0	0.000	0	0	0	0.000	0	0	0	0	0	0	0	0	0	0	0	0	0	0	0	0	0
93	93	1969	1132.143	829.329	0.901	763	1107	31	7	3	763	1107	31	7	3	111.457	137.210	153	146	144	142	140	139	137	134	130	126	119	104.218	2084.584	3844	3177	2830	2561	2314	2088	1842	1579	1294	1001	640	0	0	0.000	0.000	0	0	0	0	0.000	0	0	0	0.000	0	0	0	0	0	0	0	0	0	0	0	0	0	0	0	0	0
94	94	1631	1861.679	833.411	0.897	100	425	914	136	29	100	425	914	136	29	111.000	127.356	141	136	134	131	129	127	125	123	122	119	114	105.701	2737.584	4697	4200	3953	3486	3106	2813	2465	2032	1568	1146	391	0	0	0.000	0.000	0	0	0	0	0.000	0	0	0	0.000	0	0	0	0	0	0	0	0	0	0	0	0	0	0	0	0	0
95	95	264	2038.814	825.454	0.842	44	82	91	34	9	44	82	91	34	9	107.299	176.822	197	189	186	184	180	177	173	172	168	165	153	102.254	131.473	144	140	138	136	134	133	130	127	125	122	116	0	0	0.000	0.000	0	0	0	0	0.000	0	0	0	0.000	0	0	0	0	0	0	0	0	0	0	0	0	0	0	0	0	0
96	96	1508	964.768	856.185	0.902	147	83	363	814	66	147	83	363	814	66	111.758	158.594	192	176	171	166	162	159	155	150	147	142	126	105.377	1908.296	2717	2538	2420	2306	2197	2043	1872	1606	1296	1051	657	0	0	0.000	0.000	0	0	0	0	0.000	0	0	0	0.000	0	0	0	0	0	0	0	0	0	0	0	0	0	0	0	0	0
97	97	1573	831.371	872.082	0.895	565	504	224	184	75	565	504	224	184	75	111.638	178.994	209	199	194	190	184	180	176	171	165	158	135	106.652	1956.520	2955	2756	2565	2345	2133	1971	1803	1642	1395	1097	625	0	0	0.000	0.000	0	0	0	0	0.000	0	0	0	0.000	0	0	0	0	0	0	0	0	0	0	0	0	0	0	0	0	0
98	98	1971	564.787	883.715	0.878	648	1183	77	18	6	648	1183	77	18	6	110.350	139.631	187	168	157	150	142	136	130	125	121	119	114	102.966	120.977	137	126	124	123	122	121	120	119	118	116	106	0	0	0.000	0.000	0	0	0	0	0.000	0	0	0	0.000	0	0	0	0	0	0	0	0	0	0	0	0	0	0	0	0	0
99	99	1616	1114.263	886.850	0.881	47	354	996	175	12	47	354	996	175	12	111.591	133.976	149	143	140	138	136	134	132	130	127	126	117	105.788	2084.236	3460	3104	2886	2628	2412	2145	1880	1613	1313	936	451	0	0	0.000	0.000	0	0	0	0	0.000	0	0	0	0.000	0	0	0	0	0	0	0	0	0	0	0	0	0	0	0	0	0
100	100	1874	1843.091	890.278	0.885	349	1335	125	13	10	349	1335	125	13	10	111.000	165.588	769	248	147	136	134	132	131	130	127	124	117	105.835	2561.271	4168	3569	3356	3125	2863	2615	2350	2031	1766	1460	956	1	185	1833.882	903.488	0	0	0	389	421.659	0	0	1891	1985.011	0	0	0	0	0	0	0	0	0	0	0	0	0	0	0	0	0
101	101	1460	1797.150	890.662	0.911	351	893	152	20	13	351	893	152	20	13	111.000	133.172	482	140	128	126	124	123	122	121	120	118	113	105.986	1441.252	2486	2211	2034	1817	1579	1401	1217	1045	896	736	540	1	78	1799.249	894.635	0	0	0	267	272.679	0	0	2345	2214.321	0	0	0	0	0	0	0	0	0	0	0	0	0	0	0	0	0
102	102	1446	1058.313	929.689	0.872	32	88	635	600	53	32	88	635	600	53	110.717	117.767	130	122	119	118	118	117	117	116	116	115	111	105.416	533.537	777	694	664	629	590	553	516	469	424	335	165	0	0	0.000	0.000	0	0	0	0	0.000	0	0	0	0.000	0	0	0	0	0	0	0	0	0	0	0	0	0	0	0	0	0
103	103	1913	228.521	940.464	0.849	67	599	941	245	21	67	599	941	245	21	107.702	115.096	122	117	117	116	116	115	115	114	113	113	110	103.000	851.867	1296	1142	1069	1010	941	873	810	730	643	501	343	0	0	0.000	0.000	0	0	0	0	0.000	0	0	0	0.000	0	0	0	0	0	0	0	0	0	0	0	0	0	0	0	0	0
104	104	1554	180.863	939.156	0.861	16	439	863	180	16	16	439	863	180	16	107.000	115.346	127	120	118	116	115	115	114	114	113	112	109	102.633	843.761	1300	1145	1065	998	935	880	798	707	611	497	360	0	0	0.000	0.000	0	0	0	0	0.000	0	0	0	0.000	0	0	0	0	0	0	0	0	0	0	0	0	0	0	0	0	0
105	105	686	1132.922	943.824	0.924	200	148	167	122	39	200	148	167	122	39	112.000	122.918	131	126	125	124	124	123	122	122	121	120	115	106.000	739.319	1017	947	896	855	801	749	691	641	583	524	371	0	0	0.000	0.000	0	0	0	0	0.000	0	0	0	0.000	0	0	0	0	0	0	0	0	0	0	0	0	0	0	0	0	0
106	106	2232	1178.690	952.722	0.840	20	83	734	1172	184	20	83	734	1172	184	112.000	177.767	1044	272	155	135	133	131	130	128	126	124	116	105.746	985.118	1599	1421	1300	1203	1120	1026	913	782	643	480	319	1	207	1181.817	940.610	0	0	0	516	555.522	0	0	891	903.947	0	0	0	0	0	0	0	0	0	0	0	0	0	0	0	0	0
107	107	1758	685.053	971.927	0.849	122	1144	434	27	6	122	1144	434	27	6	111.000	132.599	432	135	129	128	126	124	123	122	121	120	114	104.000	136.560	153	145	143	141	139	137	135	133	130	127	112	1	85	681.789	987.261	0	0	0	250	259.376	0	0	142	141.576	0	0	0	0	0	0	0	0	0	0	0	0	0	0	0	0	0
108	108	698	637.901	966.390	0.914	11	55	148	396	81	11	55	148	396	81	111.000	124.454	132	129	128	127	126	125	124	123	121	119	114	104.000	121.908	135	129	127	125	124	122	120	119	117	115	107	0	0	0.000	0.000	0	0	0	0	0.000	0	0	0	0.000	0	0	0	0	0	0	0	0	0	0	0	0	0	0	0	0	0
109	109	839	1019.763	966.048	0.890	99	320	255	115	32	99	320	255	115	32	111.000	159.201	203	185	178	172	165	158	152	148	142	134	123	104.445	134.759	164	151	146	143	138	134	130	126	123	120	111	0	0	0.000	0.000	0	0	0	0	0.000	0	0	0	0.000	0	0	0	0	0	0	0	0	0	0	0	0	0	0	0	0	0
110	110	400	1445.247	974.376	0.928	31	57	139	137	31	31	57	139	137	31	112.000	171.363	190	184	181	178	175	172	169	166	162	157	150	104.000	140.688	154	147	145	144	143	141	140	138	136	134	126	0	0	0.000	0.000	0	0	0	0	0.000	0	0	0	0.000	0	0	0	0	0	0	0	0	0	0	0	0	0	0	0	0	0
111	111	1727	1056.980	990.807	0.898	163	350	960	217	8	163	350	960	217	8	111.698	119.147	130	123	122	120	120	119	118	117	117	116	113	105.690	587.325	871	763	706	654	617	585	553	514	470	420	276	0	0	0.000	0.000	0	0	0	0	0.000	0	0	0	0.000	0	0	0	0	0	0	0	0	0	0	0	0	0	0	0	0	0
112	112	1314	1200.087	991.661	0.918	63	284	719	201	21	63	284	719	201	21	112.183	184.652	1691	240	131	128	126	125	123	122	121	119	114	105.759	1165.949	1644	1505	1453	1389	1314	1210	1102	996	900	755	425	1	104	1189.552	992.140	0	0	0	712	778.442	0	0	1457	1415.606	0	0	0	0	0	0	0	0	0	0	0	0	0	0	0	0	0
113	113	1053	1791.342	996.376	0.934	104	383	422	108	20	104	383	422	108	20	111.000	118.427	129	122	120	119	119	118	118	117	117	116	112	103.862	1028.322	1709	1426	1300	1199	1116	1058	992	900	760	566	228	0	0	0.000	0.000	0	0	0	0	0.000	0	0	0	0.000	0	0	0	0	0	0	0	0	0	0	0	0	0	0	0	0	0
114	114	1792	638.490	1009.651	0.855	21	161	856	661	53	21	161	856	661	53	111.000	261.238	3715	321	147	141	138	135	133	129	127	124	119	104.000	131.038	163	141	138	135	134	132	129	127	124	120	108	1	121	624.010	1014.071	0	0	0	1556	1727.008	0	0	145	146.116	0	0	0	0	0	0	0	0	0	0	0	0	0	0	0	0	0
115	115	1456	1466.996	1010.360	0.895	11	54	722	600	30	11	54	722	600	30	112.211	203.488	253	238	229	218	208	202	196	190	182	171	148	104.000	153.567	178	169	165	160	156	153	150	147	144	139	125	0	0	0.000	0.000	0	0	0	0	0.000	0	0	0	0.000	0	0	0	0	0	0	0	0	0	0	0	0	0	0	0	0	0
116	116	1956	1837.707	1017.929	0.866	86	1030	636	142	22	86	1030	636	142	22	110.943	121.150	132	125	124	123	122	121	120	119	118	117	114	104.000	1424.962	2627	2141	1951	1780	1617	1448	1246	1044	908	686	320	0	0	0.000	0.000	0	0	0	0	0.000	0	0	0	0.000	0	0	0	0	0	0	0	0	0	0	0	0	0	0	0	0	0
117	117	591	1504.287	1038.334	0.761	28	149	195	163	47	28	149	195	163	47	112.536	376.470	505	479	457	425	403	382	356	328	305	271	221	103.986	117.575	128	122	120	119	118	117	117	116	115	113	110	0	0	0.000	0.000	0	0	0	0	0.000	0	0	0	0.000	0	0	0	0	0	0	0	0	0	0	0	0	0	0	0	0	0
118	118	1911	1536.429	1062.308	0.881	75	450	1045	267	42	75	450	1045	267	42	112.369	370.228	675	513	467	431	401	370	331	300	263	227	187	103.717	121.582	138	127	124	123	122	121	120	119	119	117	108	0	0	0.000	0.000	0	0	0	0	0.000	0	0	0	0.000	0	0	0	0	0	0	0	0	0	0	0	0	0	0	0	0	0
119	119	1200	1119.129	1074.049	0.927	322	398	244	138	80	322	398	244	138	80	112.000	290.406	373	360	347	333	319	301	279	254	231	207	168	105.537	1269.916	1752	1635	1585	1516	1448	1350	1241	1097	932	757	474	0	0	0.000	0.000	0	0	0	0	0.000	0	0	0	0.000	0	0	0	0	0	0	0	0	0	0	0	0	0	0	0	0	0
120	120	1385	634.123	1076.034	0.880	81	326	816	132	11	81	326	816	132	11	111.000	119.573	130	123	122	121	120	119	119	118	117	116	112	103.000	800.821	1215	1090	1002	957	904	837	756	659	594	486	210	0	0	0.000	0.000	0	0	0	0	0.000	0	0	0	0.000	0	0	0	0	0	0	0	0	0	0	0	0	0	0	0	0	0
121	121	1997	1155.412	1107.210	0.875	94	570	1024	255	14	94	570	1024	255	14	112.000	263.290	386	342	317	300	282	264	247	229	204	180	160	104.993	1005.467	1890	1548	1374	1253	1124	985	870	758	625	435	291	0	0	0.000	0.000	0	0	0	0	0.000	0	0	0	0.000	0	0	0	0	0	0	0	0	0	0	0	0	0	0	0	0	0
122	122	1497	1549.075	1110.011	0.892	59	647	667	75	11	59	647	667	75	11	113.000	145.312	160	156	153	151	149	146	144	141	138	132	122	103.924	127.507	143	135	133	131	129	128	127	125	123	120	108	0	0	0.000	0.000	0	0	0	0	0.000	0	0	0	0.000	0	0	0	0	0	0	0	0	0	0	0	0	0	0	0	0	0
123	123	1559	641.896	1129.839	0.884	19	142	754	529	92	19	142	754	529	92	110.987	119.648	131	125	122	121	120	119	118	118	117	116	113	103.000	746.979	1151	1018	951	900	836	765	698	629	556	425	266	0	0	0.000	0.000	0	0	0	0	0.000	0	0	0	0.000	0	0	0	0	0	0	0	0	0	0	0	0	0	0	0	0	0
124	124	395	1408.700	1123.495	0.896	23	50	125	161	24	23	50	125	161	24	112.073	123.035	132	128	126	124	123	122	122	121	120	120	117	104.276	1510.633	2235	2065	1940	1806	1677	1556	1412	1261	1087	924	512	0	0	0.000	0.000	0	0	0	0	0.000	0	0	0	0.000	0	0	0	0	0	0	0	0	0	0	0	0	0	0	0	0	0
125	125	1612	1761.137	1132.208	0.852	541	907	65	31	11	541	907	65	31	11	111.532	126.266	141	133	130	128	127	126	125	124	122	121	117	105.526	1545.757	2375	2143	1958	1860	1780	1678	1544	1325	1033	733	495	0	0	0.000	0.000	0	0	0	0	0.000	0	0	0	0.000	0	0	0	0	0	0	0	0	0	0	0	0	0	0	0	0	0
126	126	1780	1813.132	1141.612	0.905	818	834	45	25	17	818	834	45	25	17	111.957	126.544	139	133	131	130	128	127	125	124	122	120	115	105.544	1760.085	2898	2522	2377	2212	2069	1873	1640	1364	1086	799	582	0	0	0.000	0.000	0	0	0	0	0.000	0	0	0	0.000	0	0	0	0	0	0	0	0	0	0	0	0	0	0	0	0	0
127	127	2346	1385.018	1161.223	0.875	112	1387	705	60	19	112	1387	705	60	19	112.997	133.627	159	148	143	137	134	132	130	128	126	123	118	104.460	2148.516	3148	2686	2535	2431	2342	2234	2091	1957	1776	1484	652	0	0	0.000	0.000	0	0	0	0	0.000	0	0	0	0.000	0	0	0	0	0	0	0	0	0	0	0	0	0	0	0	0	0
128	128	1467	288.791	1154.308	0.910	95	590	667	74	17	95	590	667	74	17	108.992	121.975	149	133	126	122	121	120	119	118	117	116	111	102.991	976.296	1570	1378	1263	1153	1050	966	901	823	737	574	310	1	27	287.837	1154.136	0	0	0	145	145.000	0	0	950	950.148	0	0	0	0	0	0	0	0	0	0	0	0	0	0	0	0	0
129	129	1473	823.033	1178.916	0.906	379	919	66	47	42	379	919	66	47	42	112.000	152.343	170	164	162	160	156	153	150	147	143	137	130	103.076	174.728	210	199	193	187	182	177	172	164	155	146	132	0	0	0.000	0.000	0	0	0	0	0.000	0	0	0	0.000	0	0	0	0	0	0	0	0	0	0	0	0	0	0	0	0	0
130	130	1952	1812.939	1191.150	0.876	413	1411	41	29	27	413	1411	41	29	27	112.000	185.274	244	223	213	201	192	184	178	170	158	147	135	105.530	1128.538	1911	1701	1565	1413	1243	1097	984	878	758	545	380	0	0	0.000	0.000	0	0	0	0	0.000	0	0	0	0.000	0	0	0	0	0	0	0	0	0	0	0	0	0	0	0	0	0
131	131	771	1565.442	1205.371	0.915	88	203	319	127	24	88	203	319	127	24	112.977	120.315	125	123	122	121	121	120	120	119	119	118	115	104.150	408.562	742	650	567	497	453	413	360	293	236	184	140	0	0	0.000	0.000	0	0	0	0	0.000	0	0	0	0.000	0	0	0	0	0	0	0	0	0	0	0	0	0	0	0	0	0
132	132	1328	854.645	1215.084	0.887	24	153	858	257	17	24	153	858	257	17	111.258	146.603	169	161	158	155	152	146	141	138	136	133	122	103.011	163.520	211	190	181	173	168	164	159	153	144	137	124	0	0	0.000	0.000	0	0	0	0	0.000	0	0	0	0.000	0	0	0	0	0	0	0	0	0	0	0	0	0	0	0	0	0
133	133	1953	1767.766	1227.749	0.912	57	230	1157	432	23	57	230	1157	432	23	112.119	184.121	232	217	209	202	193	185	175	165	159	151	137	105.235	1590.088	2547	2342	2171	1992	1827	1654	1418	1150	951	823	563	0	0	0.000	0.000	0	0	0	0	0.000	0	0	0	0.000	0	0	0	0	0	0	0	0	0	0	0	0	0	0	0	0	0
134	134	2151	1575.817	1255.415	0.849	31	191	1262	571	44	31	191	1262	571	44	113.000	122.229	130	126	125	124	123	122	121	121	120	119	115	105.089	799.538	1451	1276	1150	1025	876	787	712	597	445	311	231	0	0	0.000	0.000	0	0	0	0	0.000	0	0	0	0.000	0	0	0	0	0	0	0	0	0	0	0	0	0	0	0	0	0
135	135	1333	1720.663	1245.479	0.882	38	58	554	557	84	38	58	554	557	84	112.425	183.161	225	212	202	194	187	182	176	170	166	159	141	104.995	1586.574	2471	2288	2065	1888	1700	1543	1423	1285	1135	983	641	0	0	0.000	0.000	0	0	0	0	0.000	0	0	0	0.000	0	0	0	0	0	0	0	0	0	0	0	0	0	0	0	0	0
136	136	2034	83.154	1261.646	0.879	195	1577	171	46	11	195	1577	171	46	11	106.862	117.724	130	122	121	119	118	117	117	116	115	114	110	101.690	816.378	1469	1246	1106	951	830	763	713	651	578	485	274	0	0	0.000	0.000	0	0	0	0	0.000	0	0	0	0.000	0	0	0	0	0	0	0	0	0	0	0	0	0	0	0	0	0
137	137	2183	1632.117	1273.553	0.819	71	270	1354	388	64	71	270	1354	388	64	113.000	121.857	129	125	124	123	123	122	121	121	120	119	115	106.000	685.103	1300	1065	962	851	731	633	560	498	437	370	234	0	0	0.000	0.000	0	0	0	0	0.000	0	0	0	0.000	0	0	0	0	0	0	0	0	0	0	0	0	0	0	0	0	0
138	138	2239	1007.097	1303.430	0.907	74	350	1496	256	16	74	350	1496	256	16	113.650	306.046	2713	599	251	191	173	165	159	152	146	139	128	103.607	132.999	158	142	139	137	136	134	132	129	126	122	112	1	233	1003.298	1304.370	0	0	0	1185	1325.790	0	0	142	142.459	0	0	0	0	0	0	0	0	0	0	0	0	0	0	0	0	0
139	139	2074	1680.267	1304.958	0.852	68	907	898	136	14	68	907	898	136	14	112.940	130.497	143	137	135	134	132	131	129	127	126	124	116	105.531	917.597	1520	1313	1212	1112	997	913	839	762	648	486	306	0	0	0.000	0.000	0	0	0	0	0.000	0	0	0	0.000	0	0	0	0	0	0	0	0	0	0	0	0	0	0	0	0	0
140	140	1164	1589.544	1310.466	0.915	302	617	187	32	12	302	617	187	32	12	113.000	124.595	133	128	127	126	125	125	124	123	122	120	116	105.918	1006.759	1317	1257	1222	1171	1109	1032	954	880	804	712	429	0	0	0.000	0.000	0	0	0	0	0.000	0	0	0	0.000	0	0	0	0	0	0	0	0	0	0	0	0	0	0	0	0	0
141	141	631	86.771	1307.558	0.907	32	38	193	308	51	32	38	193	308	51	106.810	163.242	191	181	176	173	170	168	162	156	149	140	124	103.000	1817.086	2698	2484	2297	2205	2092	1941	1740	1521	1268	980	541	0	0	0.000	0.000	0	0	0	0	0.000	0	0	0	0.000	0	0	0	0	0	0	0	0	0	0	0	0	0	0	0	0	0
142	142	1497	762.393	1344.205	0.895	25	323	959	142	15	25	323	959	142	15	111.885	133.900	143	139	137	136	135	134	133	132	131	129	123	103.745	1096.026	1720	1515	1377	1285	1192	1090	995	901	814	700	503	0	0	0.000	0.000	0	0	0	0	0.000	0	0	0	0.000	0	0	0	0	0	0	0	0	0	0	0	0	0	0	0	0	0
143	143	2279	98.140	1355.505	0.873	29	656	1377	159	8	29	656	1377	159	8	106.759	169.255	202	191	186	181	176	170	164	158	153	147	121	102.997	2172.925	3376	3132	2990	2812	2568	2233	1898	1605	1331	1087	504	0	0	0.000	0.000	0	0	0	0	0.000	0	0	0	0.000	0	0	0	0	0	0	0	0	0	0	0	0	0	0	0	0	0
144	144	1561	1086.036	1347.876	0.908	46	490	875	97	16	46	490	875	97	16	112.901	122.063	131	126	124	123	123	122	121	120	120	119	115	103.935	186.137	221	210	203	198	192	188	184	179	172	159	128	0	0	0.000	0.000	0	0	0	0	0.000	0	0	0	0.000	0	0	0	0	0	0	0	0	0	0	0	0	0	0	0	0	0
145	145	2023	1646.828	1347.135	0.863	1227	543	120	61	20	1227	543	120	61	20	113.000	123.418	133	128	126	125	124	123	122	122	120	119	115	105.097	183.722	303	209	203	198	193	189	183	176	164	144	129	0	0	0.000	0.000	0	0	0	0	0.000	0	0	0	0.000	0	0	0	0	0	0	0	0	0	0	0	0	0	0	0	0	0
146	146	2093	981.094	1354.025	0.867	556	1302	140	31	17	556	1302	140	31	17	113.158	173.609	355	231	188	172	166	162	157	153	147	140	128	104.000	136.252	154	145	142	140	138	136	134	132	131	128	117	0	0	0.000	0.000	0	0	0	0	0.000	0	0	0	0.000	0	0	0	0	0	0	0	0	0	0	0	0	0	0	0	0	0
147	147	1898	1548.392	1351.214	0.890	504	1076	130	107	64	504	1076	130	107	64	113.000	199.662	246	233	221	210	203	196	190	185	181	175	156	104.767	593.677	883	811	743	676	627	579	535	493	454	418	315	0	0	0.000	0.000	0	0	0	0	0.000	0	0	0	0.000	0	0	0	0	0	0	0	0	0	0	0	0	0	0	0	0	0
148	148	1560	670.438	1351.563	0.898	25	59	524	792	133	25	59	524	792	133	111.764	129.724	140	135	134	133	132	131	130	128	125	122	117	104.187	1347.187	2026	1858	1714	1570	1447	1330	1249	1154	1038	852	500	0	0	0.000	0.000	0	0	0	0	0.000	0	0	0	0.000	0	0	0	0	0	0	0	0	0	0	0	0	0	0	0	0	0
149	149	1888	1030.910	1363.979	0.862	48	679	753	313	43	48	679	753	313	43	113.025	1447.082	24329	3307	501	249	213	204	197	191	184	174	151	104.016	138.437	180	149	144	141	140	138	136	134	132	127	114	1	179	1031.417	1377.694	0	0	0	10491	11364.978	0	0	157	157.447	0	0	0	0	0	0	0	0	0	0	0	0	0	0	0	0	0
150	150	768	1591.765	1347.542	0.922	390	169	74	84	44	390	169	74	84	44	113.000	169.664	201	189	186	181	176	172	166	161	155	145	130	105.000	444.911	639	569	531	510	484	452	415	378	351	320	230	0	0	0.000	0.000	0	0	0	0	0.000	0	0	0	0.000	0	0	0	0	0	0	0	0	0	0	0	0	0	0	0	0	0
151	151	2240	1245.084	1365.800	0.848	286	1564	300	44	12	286	1564	300	44	12	112.918	1185.801	20653	1944	406	362	345	327	309	291	263	216	142	103.950	130.141	161	143	138	135	133	130	128	125	122	117	108	1	181	1234.283	1348.607	0	0	0	9138	9923.309	0	0	136	135.856	0	0	0	0	0	0	0	0	0	0	0	0	0	0	0	0	0
152	152	449	20.524	1359.057	0.723	22	79	202	117	17	22	79	202	117	17	105.000	218.234	284	250	237	230	223	217	210	204	197	190	172	102.000	148.633	174	161	156	153	151	149	147	143	140	136	128	0	0	0.000	0.000	0	0	0	0	0.000	0	0	0	0.000	0	0	0	0	0	0	0	0	0	0	0	0	0	0	0	0	0
153	153	1715	1158.729	1368.356	0.854	132	680	622	219	27	132	680	622	219	27	112.988	144.128	166	155	151	148	145	143	141	139	137	135	127	103.999	965.968	1781	1404	1265	1144	1011	897	820	753	681	590	461	0	0	0.000	0.000	0	0	0	0	0.000	0	0	0	0.000	0	0	0	0	0	0	0	0	0	0	0	0	0	0	0	0	0
154	154	1250	625.248	1372.109	0.900	23	98	338	648	109	23	98	338	648	109	112.000	117.644	128	120	119	119	118	118	117	116	116	115	113	104.351	575.358	791	755	720	683	641	586	537	493	434	369	260	0	0	0.000	0.000	0	0	0	0	0.000	0	0	0	0.000	0	0	0	0	0	0	0	0	0	0	0	0	0	0	0	0	0
155	155	1526	461.944	1379.259	0.858	64	421	749	241	27	64	421	749	241	27	110.735	160.183	436	172	165	160	157	154	151	148	144	140	131	103.000	763.788	1166	1048	980	904	835	778	707	635	562	449	322	1	47	467.211	1387.126	0	0	0	297	305.426	0	0	963	926.574	0	0	0	0	0	0	0	0	0	0	0	0	0	0	0	0	0
156	156	1797	1702.832	1378.146	0.795	60	142	982	521	60	60	142	982	521	60	113.449	123.908	139	128	126	125	124	123	123	122	121	120	116	104.654	194.944	248	228	219	213	206	200	190	180	169	155	136	0	0	0.000	0.000	0	0	0	0	0.000	0	0	0	0.000	0	0	0	0	0	0	0	0	0	0	0	0	0	0	0	0	0
157	157	1770	720.000	1384.761	0.891	21	144	1245	305	26	21	144	1245	305	26	112.000	126.210	137	131	130	129	128	127	126	124	122	120	115	103.679	1106.172	1922	1692	1537	1403	1270	1125	955	806	668	520	341	0	0	0.000	0.000	0	0	0	0	0.000	0	0	0	0.000	0	0	0	0	0	0	0	0	0	0	0	0	0	0	0	0	0
158	158	1639	589.623	1396.760	0.918	392	1159	23	15	25	392	1159	23	15	25	111.943	117.568	124	120	119	118	118	117	117	117	116	115	113	103.596	518.721	820	731	676	630	570	515	465	416	362	296	226	0	0	0.000	0.000	0	0	0	0	0.000	0	0	0	0.000	0	0	0	0	0	0	0	0	0	0	0	0	0	0	0	0	0
159	159	2074	1655.566	1403.513	0.905	14	257	1196	515	56	14	257	1196	515	56	113.569	124.924	136	129	128	127	126	125	124	123	122	120	117	104.360	223.778	292	268	256	247	241	230	218	202	185	172	147	0	0	0.000	0.000	0	0	0	0	0.000	0	0	0	0.000	0	0	0	0	0	0	0	0	0	0	0	0	0	0	0	0	0
160	160	1154	1116.154	1395.472	0.903	52	360	619	92	12	52	360	619	92	12	112.497	151.467	169	162	160	157	155	153	150	147	143	138	127	103.995	1269.839	1790	1663	1542	1421	1323	1252	1193	1129	1057	939	488	0	0	0.000	0.000	0	0	0	0	0.000	0	0	0	0.000	0	0	0	0	0	0	0	0	0	0	0	0	0	0	0	0	0
161	161	1637	1057.169	1412.589	0.887	39	466	914	171	13	39	466	914	171	13	113.000	196.260	633	244	204	194	189	184	179	174	169	157	135	104.668	144.128	160	153	151	149	147	146	143	141	138	133	115	2	12	1047.426	1419.861	35	1061.846	1395.331	346	340.833	423	431.400	149	149.000	149	149.114	0	0	0	0	0	0	0	0	0	0	0	0	0	0	0
162	162	705	1535.555	1401.185	0.884	50	257	275	95	11	50	257	275	95	11	113.000	122.450	129	126	125	124	123	122	122	121	120	119	117	103.782	222.610	294	269	255	245	235	223	212	199	187	178	157	0	0	0.000	0.000	0	0	0	0	0.000	0	0	0	0.000	0	0	0	0	0	0	0	0	0	0	0	0	0	0	0	0	0
163	163	2248	113.043	1420.878	0.889	507	1617	49	31	16	507	1617	49	31	16	107.595	158.683	192	183	178	172	166	160	154	147	140	133	122	103.688	1701.569	2891	2557	2341	2146	1981	1782	1505	1233	1027	789	388	0	0	0.000	0.000	0	0	0	0	0.000	0	0	0	0.000	0	0	0	0	0	0	0	0	0	0	0	0	0	0	0	0	0
164	164	1332	632.459	1421.208	0.900	25	101	221	827	124	25	101	221	827	124	112.003	119.610	132	126	123	121	119	118	118	117	116	116	113	103.664	439.929	740	651	578	512	447	403	370	342	317	302	223	0	0	0.000	0.000	0	0	0	0	0.000	0	0	0	0.000	0	0	0	0	0	0	0	0	0	0	0	0	0	0	0	0	0
165	165	2032	906.291	1427.622	0.887	69	1219	583	106	16	69	1219	583	106	16	112.658	125.625	139	131	129	127	126	125	124	123	122	121	117	104.790	1185.906	1786	1542	1442	1360	1275	1201	1110	1022	910	815	523	0	0	0.000	0.000	0	0	0	0	0.000	0	0	0	0.000	0	0	0	0	0	0	0	0	0	0	0	0	0	0	0	0	0
166	166	1485	477.263	1432.138	0.895	48	340	620	394	55	48	340	620	394	55	110.938	163.659	185	177	174	172	169	166	163	159	152	145	135	102.863	910.867	1188	1088	1044	1015	971	917	867	834	802	708	440	0	0	0.000	0.000	0	0	0	0	0.000	0	0	0	0.000	0	0	0	0	0	0	0	0	0	0	0	0	0	0	0	0	0
167	167	320	981.429	1418.531	0.934	13	75	181	36	8	13	75	181	36	8	112.000	142.016	153	151	150	148	145	142	140	137	135	132	128	104.916	912.925	1357	1249	1134	1025	959	879	839	778	725	659	409	0	0	0.000	0.000	0	0	0	0	0.000	0	0	0	0.000	0	0	0	0	0	0	0	0	0	0	0	0	0	0	0	0	0
168	168	1683	955.674	1446.751	0.875	37	127	881	564	40	37	127	881	564	40	112.439	162.133	188	180	177	172	167	163	158	153	148	143	133	105.393	1618.085	2466	2275	2131	1985	1840	1690	1516	1323	1117	831	571	0	0	0.000	0.000	0	0	0	0	0.000	0	0	0	0.000	0	0	0	0	0	0	0	0	0	0	0	0	0	0	0	0	0
169	169	2039	1774.964	1450.536	0.873	272	739	866	100	18	272	739	866	100	18	114.000	226.368	309	275	262	254	247	236	218	199	182	167	146	104.000	171.719	215	199	193	188	182	176	168	159	147	138	122	0	0	0.000	0.000	0	0	0	0	0.000	0	0	0	0.000	0	0	0	0	0	0	0	0	0	0	0	0	0	0	0	0	0
170	170	2093	180.824	1450.885	0.856	29	170	738	979	137	29	170	738	979	137	108.408	209.999	265	250	241	232	223	213	204	193	177	161	143	103.948	1895.145	2969	2669	2515	2389	2216	2025	1806	1584	1224	829	502	0	0	0.000	0.000	0	0	0	0	0.000	0	0	0	0.000	0	0	0	0	0	0	0	0	0	0	0	0	0	0	0	0	0
171	171	762	228.182	1441.865	0.910	19	39	301	344	48	19	39	301	344	48	109.000	199.714	248	235	229	221	212	205	198	184	170	154	127	102.822	1678.631	2533	2329	2200	2070	1911	1752	1599	1447	1174	852	362	0	0	0.000	0.000	0	0	0	0	0.000	0	0	0	0.000	0	0	0	0	0	0	0	0	0	0	0	0	0	0	0	0	0
172	172	203	1654.625	1439.858	0.933	22	24	43	70	42	22	24	43	70	42	113.236	121.596	126	124	124	123	122	122	121	120	119	119	117	104.000	189.576	231	224	220	215	207	195	185	169	160	144	126	0	0	0.000	0.000	0	0	0	0	0.000	0	0	0	0.000	0	0	0	0	0	0	0	0	0	0	0	0	0	0	0	0	0
173	173	2917	117.430	1485.819	0.851	1331	1426	50	18	11	1331	1426	50	18	11	108.521	584.439	8799	784	322	303	291	280	264	240	214	185	144	104.000	1982.328	3353	2825	2625	2455	2276	2094	1875	1575	1233	957	480	1	204	133.237	1494.326	0	0	0	3812	4262.304	0	0	2162	2135.431	0	0	0	0	0	0	0	0	0	0	0	0	0	0	0	0	0
174	174	1457	1824.461	1480.281	0.889	239	838	324	18	10	239	838	324	18	10	113.570	237.636	322	288	276	260	247	235	224	213	202	189	173	103.332	197.599	261	232	223	214	206	197	190	181	172	162	149	0	0	0.000	0.000	0	0	0	0	0.000	0	0	0	0.000	0	0	0	0	0	0	0	0	0	0	0	0	0	0	0	0	0
175	175	1616	56.182	1483.093	0.902	8	15	242	1172	150	8	15	242	1172	150	106.946	170.883	466	195	189	180	173	167	160	152	144	138	124	102.543	1141.035	1784	1605	1517	1406	1285	1170	1040	908	778	609	462	1	28	53.683	1496.100	0	0	0	349	344.107	0	0	1470	1444.393	0	0	0	0	0	0	0	0	0	0	0	0	0	0	0	0	0
176	176	1793	1035.619	1492.011	0.868	188	1000	539	22	5	188	1000	539	22	5	113.000	126.654	134	130	129	128	127	127	126	126	125	123	119	104.859	2349.658	4073	3183	3010	2853	2712	2568	2301	1921	1542	1173	686	0	0	0.000	0.000	0	0	0	0	0.000	0	0	0	0.000	0	0	0	0	0	0	0	0	0	0	0	0	0	0	0	0	0
177	177	679	956.761	1486.785	0.909	15	142	368	128	16	15	142	368	128	16	112.654	163.090	188	175	172	170	168	165	161	158	153	148	137	106.000	1580.340	2209	1984	1883	1809	1735	1640	1520	1381	1261	1074	705	0	0	0.000	0.000	0	0	0	0	0.000	0	0	0	0.000	0	0	0	0	0	0	0	0	0	0	0	0	0	0	0	0	0
178	178	1692	917.571	1493.754	0.902	71	122	369	918	176	71	122	369	918	176	112.858	154.873	185	173	167	163	159	156	152	146	141	135	129	105.073	1562.275	2574	2370	2124	1975	1840	1679	1458	1207	878	615	424	0	0	0.000	0.000	0	0	0	0	0.000	0	0	0	0.000	0	0	0	0	0	0	0	0	0	0	0	0	0	0	0	0	0
179	179	1865	1277.123	1505.620	0.851	46	185	1002	566	33	46	185	1002	566	33	112.708	127.459	180	136	131	128	127	125	124	123	122	121	117	104.999	2493.139	4079	3663	3310	2998	2715	2457	2193	1963	1721	1389	882	1	48	1280.482	1506.909	0	0	0	162	161.479	0	0	2921	2910.896	0	0	0	0	0	0	0	0	0	0	0	0	0	0	0	0	0
180	180	1458	1227.023	1521.525	0.869	6	73	685	589	84	6	73	685	589	84	112.190	182.807	1637	221	134	130	128	127	125	124	122	121	116	104.973	2271.111	3536	3296	3162	2978	2724	2411	2070	1691	1299	976	752	1	103	1212.232	1516.443	0	0	0	715	789.602	0	0	3279	3215.563	0	0	0	0	0	0	0	0	0	0	0	0	0	0	0	0	0
181	181	1347	1992.208	1529.165	0.874	19	116	753	415	22	19	116	753	415	22	110.127	119.157	126	122	121	120	120	119	118	118	117	116	112	102.604	889.876	1421	1244	1094	1004	931	866	802	745	702	615	342	0	0	0.000	0.000	0	0	0	0	0.000	0	0	0	0.000	0	0	0	0	0	0	0	0	0	0	0	0	0	0	0	0	0
182	182	1826	50.512	1538.272	0.848	92	709	773	183	21	92	709	773	183	21	106.119	286.192	2594	388	212	203	197	190	184	178	172	164	141	102.324	1391.433	1975	1810	1727	1663	1576	1459	1337	1218	1026	848	568	1	137	40.057	1547.099	0	0	0	1233	1323.708	0	0	1620	1523.000	0	0	0	0	0	0	0	0	0	0	0	0	0	0	0	0	0
183	183	1789	1562.383	1563.156	0.869	104	1337	288	22	10	104	1337	288	22	10	112.935	128.724	144	136	133	131	129	128	127	126	124	123	116	104.509	146.785	171	158	155	151	149	146	144	142	140	136	124	0	0	0.000	0.000	0	0	0	0	0.000	0	0	0	0.000	0	0	0	0	0	0	0	0	0	0	0	0	0	0	0	0	0
184	184	335	1255.418	1556.823	0.739	19	85	137	74	13	19	85	137	74	13	112.830	123.364	128	127	126	125	124	123	123	122	121	120	118	105.000	1595.370	2027	1893	1803	1740	1696	1621	1545	1476	1381	1261	1064	0	0	0.000	0.000	0	0	0	0	0.000	0	0	0	0.000	0	0	0	0	0	0	0	0	0	0	0	0	0	0	0	0	0
185	185	1864	1984.128	1583.130	0.842	34	423	1074	281	16	34	423	1074	281	16	109.515	118.814	127	122	121	120	120	119	118	118	117	116	112	103.000	782.028	1303	1145	1014	920	855	785	696	628	548	438	306	0	0	0.000	0.000	0	0	0	0	0.000	0	0	0	0.000	0	0	0	0	0	0	0	0	0	0	0	0	0	0	0	0	0
186	186	1862	1682.910	1584.168	0.886	189	743	811	56	12	189	743	811	56	12	112.489	124.468	137	130	128	126	125	124	123	122	121	120	116	108.390	2719.323	4494	3933	3476	3168	2928	2684	2455	2187	1917	1600	1096	0	0	0.000	0.000	0	0	0	0	0.000	0	0	0	0.000	0	0	0	0	0	0	0	0	0	0	0	0	0	0	0	0	0
187	187	1281	1773.131	1600.853	0.922	51	106	912	178	14	51	106	912	178	14	113.076	311.307	400	382	372	362	348	327	303	273	242	212	165	105.695	977.894	1322	1240	1200	1156	1103	1043	976	868	734	586	373	0	0	0.000	0.000	0	0	0	0	0.000	0	0	0	0.000	0	0	0	0	0	0	0	0	0	0	0	0	0	0	0	0	0
188	188	1286	1637.021	1618.310	0.906	562	458	213	32	6	562	458	213	32	6	111.656	126.501	147	136	131	129	127	125	124	123	121	119	115	108.580	2972.116	5419	4316	3807	3427	3119	2873	2646	2391	2126	1836	965	0	0	0.000	0.000	0	0	0	0	0.000	0	0	0	0.000	0	0	0	0	0	0	0	0	0	0	0	0	0	0	0	0	0
189	189	2058	531.906	1640.139	0.881	179	1392	387	34	13	179	1392	387	34	13	110.394	118.665	125	121	120	120	119	119	118	118	117	116	112	103.000	1016.190	1631	1419	1311	1225	1161	1085	956	818	681	542	337	0	0	0.000	0.000	0	0	0	0	0.000	0	0	0	0.000	0	0	0	0	0	0	0	0	0	0	0	0	0	0	0	0	0
190	190	2381	1681.540	1642.935	0.870	27	681	1358	251	20	27	681	1358	251	20	112.989	127.199	143	134	132	130	128	127	125	124	123	121	118	108.756	2340.273	3851	3339	3106	2943	2722	2443	2138	1822	1494	1157	583	0	0	0.000	0.000	0	0	0	0	0.000	0	0	0	0.000	0	0	0	0	0	0	0	0	0	0	0	0	0	0	0	0	0
191	191	2152	1742.433	1641.496	0.880	24	200	1193	653	41	24	200	1193	653	41	113.568	396.064	3246	604	325	301	284	268	253	238	221	207	163	107.067	652.732	1162	939	861	784	725	651	585	513	431	355	261	1	161	1733.977	1628.580	0	0	0	1683	1762.000	0	0	861	855.006	0	0	0	0	0	0	0	0	0	0	0	0	0	0	0	0	0
192	192	615	353.828	1632.372	0.860	10	40	167	309	77	10	40	167	309	77	109.000	114.779	120	117	117	116	115	115	114	114	113	112	111	102.561	241.524	313	295	278	262	250	242	230	219	205	193	170	0	0	0.000	0.000	0	0	0	0	0.000	0	0	0	0.000	0	0	0	0	0	0	0	0	0	0	0	0	0	0	0	0	0
193	193	1679	332.381	1669.843	0.902	18	65	850	635	74	18	65	850	635	74	109.000	116.682	125	120	118	117	117	116	116	115	115	114	111	103.878	335.892	469	425	406	385	362	340	317	287	261	240	208	0	0	0.000	0.000	0	0	0	0	0.000	0	0	0	0.000	0	0	0	0	0	0	0	0	0	0	0	0	0	0	0	0	0
194	194	1950	1636.846	1675.763	0.873	286	596	473	514	44	286	596	473	514	44	111.998	122.631	136	129	127	125	123	122	121	120	119	118	113	107.711	2109.585	3550	3012	2727	2465	2237	1997	1851	1716	1576	1339	750	0	0	0.000	0.000	0	0	0	0	0.000	0	0	0	0.000	0	0	0	0	0	0	0	0	0	0	0	0	0	0	0	0	0
195	195	2398	1564.427	1689.257	0.865	83	1402	776	74	12	83	1402	776	74	12	112.955	824.217	10632	1766	683	373	292	273	256	240	224	206	165	104.874	133.230	168	146	138	135	134	132	130	129	126	123	111	2	220	1581.063	1689.990	98	1547.939	1674.231	4722	5090.473	929	924.959	151	150.773	131	130.480	0	0	0	0	0	0	0	0	0	0	0	0	0	0	0
196	196	1930	1753.821	1701.966	0.869	60	656	935	216	18	60	656	935	216	18	112.259	225.872	456	259	243	235	229	223	216	208	196	183	148	105.406	587.158	953	801	735	683	637	591	534	485	424	382	272	0	0	0.000	0.000	0	0	0	0	0.000	0	0	0	0.000	0	0	0	0	0	0	0	0	0	0	0	0	0	0	0	0	0
197	197	2449	1359.442	1707.291	0.894	46	393	1495	393	74	46	393	1495	393	74	113.000	131.205	140	136	135	134	133	132	131	130	128	125	118	104.000	684.382	1166	969	884	812	742	673	603	539	483	421	288	0	0	0.000	0.000	0	0	0	0	0.000	0	0	0	0.000	0	0	0	0	0	0	0	0	0	0	0	0	0	0	0	0	0
198	198	979	1253.736	1708.203	0.911	49	528	283	91	7	49	528	283	91	7	113.044	171.649	191	183	181	179	177	174	170	166	161	157	147	104.717	732.998	996	908	870	837	799	759	707	647	578	508	418	0	0	0.000	0.000	0	0	0	0	0.000	0	0	0	0.000	0	0	0	0	0	0	0	0	0	0	0	0	0	0	0	0	0
199	199	1670	1412.982	1723.568	0.882	42	403	940	242	12	42	403	940	242	12	112.668	124.262	132	128	127	126	125	124	124	123	122	120	116	104.485	584.468	1043	811	719	654	616	586	534	483	425	365	270	0	0	0.000	0.000	0	0	0	0	0.000	0	0	0	0.000	0	0	0	0	0	0	0	0	0	0	0	0	0	0	0	0	0
200	200	1550	1665.295	1725.266	0.868	140	464	623	258	33	140	464	623	258	33	111.450	415.445	6228	703	215	170	163	160	155	150	146	141	128	106.125	159.676	182	169	166	164	162	160	158	156	153	150	138	1	125	1664.871	1715.022	0	0	0	2545	2799.888	0	0	168	168.192	0	0	0	0	0	0	0	0	0	0	0	0	0	0	0	0	0
201	201	1323	1015.622	1726.573	0.908	15	88	599	543	48	15	88	599	543	48	112.000	121.054	179	123	122	121	120	120	119	119	118	117	115	104.000	578.392	902	828	782	716	641	581	525	462	388	301	228	1	53	1023.942	1713.392	0	0	0	147	146.642	0	0	616	606.566	0	0	0	0	0	0	0	0	0	0	0	0	0	0	0	0	0
202	202	977	1603.516	1727.009	0.905	110	276	403	142	16	110	276	403	142	16	112.164	192.881	328	258	215	197	191	184	178	170	161	151	134	105.734	126.386	139	133	131	130	128	127	126	124	121	118	110	0	0	0.000	0.000	0	0	0	0	0.000	0	0	0	0.000	0	0	0	0	0	0	0	0	0	0	0	0	0	0	0	0	0
203	203	1965	1282.418	1748.250	0.893	28	219	980	617	83	28	219	980	617	83	113.877	800.018	9468	2219	417	196	187	182	178	172	162	151	132	104.536	773.991	1210	1042	983	926	865	807	738	658	567	441	268	1	246	1287.126	1734.880	0	0	0	4376	4642.106	0	0	914	871.236	0	0	0	0	0	0	0	0	0	0	0	0	0	0	0	0	0
204	204	1016	1742.697	1748.956	0.888	19	305	615	58	5	19	305	615	58	5	111.898	229.540	285	268	260	254	245	236	223	209	196	182	159	104.446	760.736	968	922	901	883	852	804	748	684	611	523	377	0	0	0.000	0.000	0	0	0	0	0.000	0	0	0	0.000	0	0	0	0	0	0	0	0	0	0	0	0	0	0	0	0	0
205	205	1403	1054.137	1767.052	0.905	6	68	423	816	61	6	68	423	816	61	112.000	265.948	3141	452	149	128	125	123	122	121	120	119	115	104.065	562.140	864	779	714	675	633	587	530	473	389	301	221	1	130	1054.222	1773.912	0	0	0	1314	1457.969	0	0	734	676.238	0	0	0	0	0	0	0	0	0	0	0	0	0	0	0	0	0
206	206	1079	1636.491	1766.656	0.892	50	314	497	157	36	50	314	497	157	36	110.762	137.449	165	153	148	145	140	136	133	130	126	123	117	104.469	140.128	163	156	153	149	145	140	136	133	129	125	113	0	0	0.000	0.000	0	0	0	0	0.000	0	0	0	0.000	0	0	0	0	0	0	0	0	0	0	0	0	0	0	0	0	0
207	207	1125	1430.101	1766.573	0.913	56	166	516	335	34	56	166	516	335	34	113.000	125.535	133	129	128	127	127	126	125	124	123	121	116	104.000	720.506	1069	982	917	841	781	735	692	623	527	431	248	0	0	0.000	0.000	0	0	0	0	0.000	0	0	0	0.000	0	0	0	0	0	0	0	0	0	0	0	0	0	0	0	0	0
208	208	1747	345.254	1772.171	0.782	5	30	707	909	51	5	30	707	909	51	109.000	188.848	1359	244	154	145	141	139	138	136	134	130	121	104.984	2778.717	4640	3891	3451	3179	2975	2799	2649	2385	2044	1633	894	1	128	354.258	1775.028	0	0	0	662	694.797	0	0	3900	3844.781	0	0	0	0	0	0	0	0	0	0	0	0	0	0	0	0	0
209	209	2063	400.848	1790.670	0.869	63	850	973	115	17	63	850	973	115	17	109.000	147.181	435	156	150	147	143	141	138	136	133	129	123	105.000	3484.029	5446	4700	4342	4063	3816	3543	3287	2927	2521	2110	1579	1	65	387.102	1792.844	0	0	0	290	293.508	0	0	5165	5121.969	0	0	0	0	0	0	0	0	0	0	0	0	0	0	0	0	0
210	210	1760	1969.162	1791.696	0.883	27	140	772	692	80	27	140	772	692	80	110.000	119.689	131	124	122	121	120	119	119	118	117	116	111	103.000	577.073	904	792	746	696	648	590	531	470	411	328	200	0	0	0.000	0.000	0	0	0	0	0.000	0	0	0	0.000	0	0	0	0	0	0	0	0	0	0	0	0	0	0	0	0	0
211	211	2141	1132.142	1796.243	0.883	27	344	1121	545	61	27	344	1121	545	61	111.752	124.746	145	134	129	127	125	123	122	121	120	119	115	105.000	2547.927	3899	3502	3252	3035	2807	2610	2409	2204	1870	1428	820	0	0	0.000	0.000	0	0	0	0	0.000	0	0	0	0.000	0	0	0	0	0	0	0	0	0	0	0	0	0	0	0	0	0
212	212	1200	2020.782	1792.281	0.899	57	126	748	246	4	57	126	748	246	4	109.671	119.173	129	124	122	120	119	119	118	117	116	115	111	102.897	546.371	860	733	660	614	578	544	513	479	440	369	220	0	0	0.000	0.000	0	0	0	0	0.000	0	0	0	0.000	0	0	0	0	0	0	0	0	0	0	0	0	0	0	0	0	0
213	213	1645	972.462	1791.362	0.921	64	858	577	91	14	64	858	577	91	14	112.000	125.976	145	136	132	128	126	124	123	122	120	119	115	103.648	615.748	841	767	733	712	693	656	606	555	494	404	220	0	0	0.000	0.000	0	0	0	0	0.000	0	0	0	0.000	0	0	0	0	0	0	0	0	0	0	0	0	0	0	0	0	0
214	214	599	440.728	1810.845	0.899	24	45	99	356	67	24	45	99	356	67	109.000	125.023	134	132	131	130	128	126	123	122	120	117	113	104.000	2349.441	3512	3189	2996	2817	2637	2437	2198	1938	1718	1385	807	0	0	0.000	0.000	0	0	0	0	0.000	0	0	0	0.000	0	0	0	0	0	0	0	0	0	0	0	0	0	0	0	0	0
215	215	224	1982.428	1825.747	0.927	20	24	52	90	35	20	24	52	90	35	110.000	117.321	123	120	119	119	118	117	117	116	115	115	112	103.000	427.067	600	574	550	521	494	468	432	369	286	204	134	0	0	0.000	0.000	0	0	0	0	0.000	0	0	0	0.000	0	0	0	0	0	0	0	0	0	0	0	0	0	0	0	0	0
216	216	1782	1103.365	1852.962	0.874	30	342	1039	321	15	30	342	1039	321	15	111.662	126.066	145	138	133	129	125	124	122	121	120	119	114	104.317	2556.389	4423	3713	3273	2977	2745	2558	2369	2167	1888	1292	932	0	0	0.000	0.000	0	0	0	0	0.000	0	0	0	0.000	0	0	0	0	0	0	0	0	0	0	0	0	0	0	0	0	0
217	217	1196	1550.540	1848.737	0.899	120	397	553	96	12	120	397	553	96	12	111.782	121.523	133	127	124	123	122	121	120	119	119	118	114	104.456	1302.676	2135	1829	1690	1566	1456	1331	1204	1081	958	726	347	0	0	0.000	0.000	0	0	0	0	0.000	0	0	0	0.000	0	0	0	0	0	0	0	0	0	0	0	0	0	0	0	0	0
218	218	1635	1464.017	1856.686	0.913	27	210	784	506	77	27	210	784	506	77	112.308	271.956	3779	381	142	136	135	133	132	130	128	126	121	104.431	911.325	1817	1387	1213	1054	950	852	769	681	608	539	377	1	118	1468.652	1842.926	0	0	0	1638	1773.847	0	0	1569	1502.831	0	0	0	0	0	0	0	0	0	0	0	0	0	0	0	0	0
219	219	1285	1925.674	1864.772	0.917	98	526	533	95	5	98	526	533	95	5	110.191	128.698	139	135	134	132	130	128	127	125	124	122	116	103.000	177.263	212	194	189	185	182	180	176	172	166	156	132	0	0	0.000	0.000	0	0	0	0	0.000	0	0	0	0.000	0	0	0	0	0	0	0	0	0	0	0	0	0	0	0	0	0
220	220	2259	168.253	1888.049	0.878	431	1467	283	40	4	431	1467	283	40	4	106.810	123.757	145	137	131	127	124	121	119	118	116	115	111	103.304	125.994	143	135	131	129	127	126	124	123	121	118	107	0	0	0.000	0.000	0	0	0	0	0.000	0	0	0	0.000	0	0	0	0	0	0	0	0	0	0	0	0	0	0	0	0	0
221	221	707	1172.144	1876.801	0.914	41	176	327	137	17	41	176	327	137	17	112.000	120.744	128	124	123	122	121	120	120	119	118	118	115	103.322	352.471	491	425	396	387	373	358	343	325	303	270	215	0	0	0.000	0.000	0	0	0	0	0.000	0	0	0	0.000	0	0	0	0	0	0	0	0	0	0	0	0	0	0	0	0	0
222	222	1931	1519.553	1894.368	0.821	19	508	1317	44	5	19	508	1317	44	5	115.526	183.395	1015	208	197	188	177	169	154	142	136	130	122	104.746	1061.765	1792	1530	1391	1268	1186	1104	1003	862	707	521	362	1	72	1513.498	1897.237	0	0	0	564	571.542	0	0	1615	1578.750	0	0	0	0	0	0	0	0	0	0	0	0	0	0	0	0	0
223	223	2774	228.247	1908.692	0.828	47	123	1263	1198	65	47	123	1263	1198	65	107.685	198.511	2457	190	182	177	173	169	163	156	147	139	121	103.835	2042.541	3307	2896	2716	2542	2378	2199	1947	1676	1270	912	501	1	83	212.436	1921.371	0	0	0	995	1107.699	0	0	2769	2744.578	0	0	0	0	0	0	0	0	0	0	0	0	0	0	0	0	0
224	224	1285	1469.984	1908.556	0.876	10	58	447	635	114	10	58	447	635	114	116.293	171.978	212	203	197	191	181	170	163	158	151	140	126	104.774	1154.585	1750	1569	1420	1324	1231	1152	1063	974	898	753	471	0	0	0.000	0.000	0	0	0	0	0.000	0	0	0	0.000	0	0	0	0	0	0	0	0	0	0	0	0	0	0	0	0	0
225	225	2286	1929.330	1914.762	0.882	90	625	1330	161	34	90	625	1330	161	34	110.193	127.142	137	133	132	130	129	127	126	125	123	121	112	102.080	162.902	214	184	175	170	164	159	155	153	151	148	128	0	0	0.000	0.000	0	0	0	0	0.000	0	0	0	0.000	0	0	0	0	0	0	0	0	0	0	0	0	0	0	0	0	0
226	226	581	1226.201	1905.855	0.877	42	151	220	122	36	42	151	220	122	36	112.000	181.952	220	204	198	193	187	181	175	170	166	161	148	102.728	142.542	169	155	149	146	144	142	139	137	135	133	127	0	0	0.000	0.000	0	0	0	0	0.000	0	0	0	0.000	0	0	0	0	0	0	0	0	0	0	0	0	0	0	0	0	0
227	227	2762	472.711	1936.053	0.907	142	961	1291	287	26	142	961	1291	287	26	108.000	117.583	127	123	121	119	118	117	116	115	115	114	110	105.343	1242.317	2184	1842	1631	1490	1363	1260	1166	1030	855	591	307	0	0	0.000	0.000	0	0	0	0	0.000	0	0	0	0.000	0	0	0	0	0	0	0	0	0	0	0	0	0	0	0	0	0
228	228	1179	1400.609	1934.875	0.911	72	370	614	98	10	72	370	614	98	10	114.248	148.891	182	167	160	155	151	148	145	142	138	133	122	103.580	5422.827	11506	8278	7652	7111	6448	5547	4697	3942	3028	1991	821	0	0	0.000	0.000	0	0	0	0	0.000	0	0	0	0.000	0	0	0	0	0	0	0	0	0	0	0	0	0	0	0	0	0
229	229	2377	537.781	1946.179	0.782	278	1570	441	33	17	278	1570	441	33	17	107.942	120.223	127	124	122	122	121	120	119	119	118	117	112	105.263	2744.886	5865	4072	3684	3395	3089	2796	2464	2071	1685	1250	883	0	0	0.000	0.000	0	0	0	0	0.000	0	0	0	0.000	0	0	0	0	0	0	0	0	0	0	0	0	0	0	0	0	0
230	230	1815	187.602	1948.153	0.875	74	863	560	244	33	74	863	560	244	33	106.137	633.352	4283	1853	966	512	298	201	171	163	153	146	128	103.029	1511.544	2586	2116	1921	1770	1617	1499	1375	1243	1083	935	607	1	359	182.712	1940.732	0	0	0	1855	2086.025	0	0	1983	1986.343	0	0	0	0	0	0	0	0	0	0	0	0	0	0	0	0	0
231	231	1499	1955.258	1962.416	0.901	401	912	139	9	5	401	912	139	9	5	109.185	118.767	127	123	121	120	119	119	118	117	116	115	113	101.835	133.253	163	149	143	138	135	131	129	126	124	122	111	0	0	0.000	0.000	0	0	0	0	0.000	0	0	0	0.000	0	0	0	0	0	0	0	0	0	0	0	0	0	0	0	0	0
232	232	1520	430.577	1969.191	0.896	1399	81	17	9	6	1399	81	17	9	6	107.197	117.374	127	122	121	119	118	117	116	115	114	113	109	104.604	1286.432	1960	1694	1563	1449	1352	1254	1180	1121	1055	932	543	0	0	0.000	0.000	0	0	0	0	0.000	0	0	0	0.000	0	0	0	0	0	0	0	0	0	0	0	0	0	0	0	0	0
233	233	1622	467.646	1994.464	0.875	20	64	845	643	16	20	64	845	643	16	106.915	116.505	127	120	119	117	117	116	116	115	114	113	110	104.832	1660.154	2309	2091	1889	1797	1727	1654	1568	1492	1411	1299	763	0	0	0.000	0.000	0	0	0	0	0.000	0	0	0	0.000	0	0	0	0	0	0	0	0	0	0	0	0	0	0	0	0	0
234	234	715	1977.402	1993.970	0.941	39	92	406	152	17	39	92	406	152	17	108.000	115.930	120	118	118	117	116	116	115	115	114	114	111	102.000	134.548	150	144	142	140	138	136	134	131	127	123	113	0	0	0.000	0.000	0	0	0	0	0.000	0	0	0	0.000	0	0	0	0	0	0	0	0	0	0	0	0	0	0	0	0	0
235	235	1932	1206.694	2016.588	0.906	52	976	732	118	17	52	976	732	118	17	109.596	152.293	213	197	183	163	148	141	137	133	130	126	120	101.000	138.547	180	167	159	145	137	132	129	127	124	121	111	0	0	0.000	0.000	0	0	0	0	0.000	0	0	0	0.000	0	0	0	0	0	0	0	0	0	0	0	0	0	0	0	0	0
236	236	743	1965.870	2027.789	0.917	36	36	263	336	52	36	36	263	336	52	107.100	116.781	127	120	119	118	117	117	116	115	114	114	111	102.402	827.301	1235	1097	1013	931	855	805	754	726	677	588	386	0	0	0.000	0.000	0	0	0	0	0.000	0	0	0	0.000	0	0	0	0	0	0	0	0	0	0	0	0	0	0	0	0	0
