 	cell	area	x	y	circ	BFI_lev_b1	BFI_lev_b2	BFI_lev_b3	BFI_lev_b4	BFI_lev_b5	BFO_lev_b1	BFO_lev_b2	BFO_lev_b3	BFO_lev_b4	BFO_lev_b5	RFP_int_bg	RFP_int_mean	RFP_int_b0	RFP_int_b1	RFP_int_b2	RFP_int_b3	RFP_int_b4	RFP_int_b5	RFP_int_b6	RFP_int_b7	RFP_int_b8	RFP_int_b9	RFP_int_b10	GFP_int_bg	GFP_int_mean	GFP_int_b0	GFP_int_b1	GFP_int_b2	GFP_int_b3	GFP_int_b4	GFP_int_b5	GFP_int_b6	GFP_int_b7	GFP_int_b8	GFP_int_b9	GFP_int_b10	inRFPnfoci	f1_inRFParea	f1_inRFPx	f1_inRFPy	f2_inRFParea	f2_inRFPx	f2_inRFPy	f1_inRFP_toRFPmed	f1_inRFP_toRFPmean	f2_inRFP_toRFPmed	f2_inRFP_toRFPmean	f1_inRFP_toGFPmed	f1_inRFP_toGFPmean	f2_inRFP_toGFPmed	f2_inRFP_toGFPmean	inGFPnfoci	f1_inGFParea	f1_inGFPx	f1_inGFPy	f2_inGFParea	f2_inGFPx	f2_inGFPy	f1_inGFP_toRFPmed	f1_inGFP_toRFPmean	f2_inGFP_toRFPmed	f2_inGFP_toRFPmean	f1_inGFP_toGFPmed	f1_inGFP_toGFPmean	f2_inGFP_toGFPmed	f2_inGFP_toGFPmean
1	1	2130	924.180	29.251	0.885	65	705	1156	141	13	65	705	1156	141	13	106.415	118.732	128	125	123	122	119	118	117	116	115	113	110	103.293	2377.737	4173	3445	3148	2927	2675	2425	2136	1829	1549	1264	707	0	0	0.000	0.000	0	0	0	0	0.000	0	0	0	0.000	0	0	0	0	0.000	0.000	0	0	0	0	0.000	0	0	0	0.000	0	0
2	2	928	1332.526	42.441	0.903	110	270	373	143	19	110	270	373	143	19	107.284	557.434	3562	1762	846	432	249	184	161	147	138	131	121	102.026	119.001	144	133	125	121	118	117	115	114	112	110	105	0	0	0.000	0.000	0	0	0	0	0.000	0	0	0	0.000	0	0	0	0	0.000	0.000	0	0	0	0	0.000	0	0	0	0.000	0	0
3	3	2268	1177.866	51.889	0.898	657	1427	65	58	36	657	1427	65	58	36	108.740	155.431	183	172	167	163	160	157	154	151	145	135	122	105.141	1307.283	2039	1831	1693	1557	1438	1334	1204	1075	933	765	429	0	0	0.000	0.000	0	0	0	0	0.000	0	0	0	0.000	0	0	0	0	0.000	0.000	0	0	0	0	0.000	0	0	0	0.000	0	0
4	4	2223	1372.922	58.080	0.878	60	92	1164	821	45	60	92	1164	821	45	107.623	233.919	1567	275	230	217	204	194	181	170	163	150	127	102.298	603.192	2494	819	738	660	597	540	494	450	402	363	227	1	114	1368.374	49.725	0	0	0	828	882.281	0	0	1507	1578.781	0	0	1	56	1367.896	49.537	0	0	0	1123	1108.643	0	0	1951	1917.750	0	0
5	5	1669	767.926	65.032	0.869	151	576	774	118	10	151	576	774	118	10	107.870	118.945	132	126	123	121	119	118	117	116	115	114	111	104.000	1351.013	2579	2001	1726	1552	1411	1301	1201	1104	1005	781	363	0	0	0.000	0.000	0	0	0	0	0.000	0	0	0	0.000	0	0	0	0	0.000	0.000	0	0	0	0	0.000	0	0	0	0.000	0	0
6	6	1190	1452.381	70.947	0.879	36	244	536	310	34	36	244	536	310	34	107.122	116.903	124	121	119	118	118	117	116	115	115	114	111	102.582	113.109	121	117	115	115	114	113	112	112	111	109	105	0	0	0.000	0.000	0	0	0	0	0.000	0	0	0	0.000	0	0	0	0	0.000	0.000	0	0	0	0	0.000	0	0	0	0.000	0	0
7	7	1778	924.570	90.096	0.895	60	442	1050	178	22	60	442	1050	178	22	108.578	117.234	125	121	120	119	118	117	116	116	115	114	111	104.000	2323.038	3716	3045	2844	2710	2559	2373	2175	1974	1770	1476	821	0	0	0.000	0.000	0	0	0	0	0.000	0	0	0	0.000	0	0	0	0	0.000	0.000	0	0	0	0	0.000	0	0	0	0.000	0	0
8	8	672	1363.781	107.428	0.937	12	51	273	274	52	12	51	273	274	52	108.000	153.104	175	168	161	158	155	154	151	148	143	139	130	103.000	397.012	539	479	448	431	416	400	384	361	338	314	250	0	0	0.000	0.000	0	0	0	0	0.000	0	0	0	0.000	0	0	0	0	0.000	0.000	0	0	0	0	0.000	0	0	0	0.000	0	0
9	9	1513	813.774	157.362	0.905	112	422	802	131	26	112	422	802	131	26	109.863	286.951	1950	504	281	216	196	188	182	175	168	157	138	102.561	139.343	192	152	145	141	139	137	135	133	131	129	119	1	138	811.495	165.468	0	0	0	970	1037.514	0	0	160	160.978	0	0	0	0	0.000	0.000	0	0	0	0	0.000	0	0	0	0.000	0	0
10	10	1325	586.333	162.103	0.902	41	291	842	113	9	41	291	842	113	9	108.743	122.178	129	126	125	124	123	122	122	121	119	118	114	102.368	769.743	1083	1002	946	900	851	795	736	656	574	492	416	0	0	0.000	0.000	0	0	0	0	0.000	0	0	0	0.000	0	0	0	0	0.000	0.000	0	0	0	0	0.000	0	0	0	0.000	0	0
11	11	1354	43.373	162.173	0.895	41	267	827	186	12	41	267	827	186	12	104.455	137.097	162	153	148	145	141	138	134	129	125	121	113	101.851	726.008	1017	960	911	853	796	723	679	635	572	466	279	0	0	0.000	0.000	0	0	0	0	0.000	0	0	0	0.000	0	0	0	0	0.000	0.000	0	0	0	0	0.000	0	0	0	0.000	0	0
12	12	2111	168.701	173.778	0.910	31	138	707	1123	65	31	138	707	1123	65	107.896	157.666	190	179	174	171	167	162	155	148	140	130	115	102.780	874.770	1261	1125	1079	1022	974	927	844	761	679	554	262	0	0	0.000	0.000	0	0	0	0	0.000	0	0	0	0.000	0	0	0	0	0.000	0.000	0	0	0	0	0.000	0	0	0	0.000	0	0
13	13	1923	1045.997	170.362	0.905	24	67	507	1150	126	24	67	507	1150	126	110.000	120.296	130	125	123	122	121	120	119	118	117	116	112	103.791	1651.741	2576	2349	2160	1963	1757	1590	1470	1350	1221	1028	597	0	0	0.000	0.000	0	0	0	0	0.000	0	0	0	0.000	0	0	0	0	0.000	0.000	0	0	0	0	0.000	0	0	0	0.000	0	0
14	14	858	531.677	180.258	0.921	27	80	305	363	60	27	80	305	363	60	108.000	119.635	127	124	123	122	120	119	119	118	117	115	112	103.000	654.022	889	838	797	753	714	686	640	570	503	429	332	0	0	0.000	0.000	0	0	0	0	0.000	0	0	0	0.000	0	0	0	0	0.000	0.000	0	0	0	0	0.000	0	0	0	0.000	0	0
15	15	2037	1102.838	189.801	0.873	111	1140	697	41	5	111	1140	697	41	5	109.853	120.005	127	123	122	121	121	120	120	119	118	117	112	103.807	1726.686	2506	2336	2203	2055	1877	1736	1593	1428	1293	1121	635	0	0	0.000	0.000	0	0	0	0	0.000	0	0	0	0.000	0	0	0	0	0.000	0.000	0	0	0	0	0.000	0	0	0	0.000	0	0
16	16	1416	1374.417	199.949	0.914	28	213	908	224	17	28	213	908	224	17	109.994	158.301	639	166	158	154	149	146	143	140	135	128	121	103.536	864.424	3422	1084	979	922	876	828	781	726	664	593	402	1	62	1369.837	208.880	0	0	0	376	386.435	0	0	1849	1849.774	0	0	1	12	1369.991	209.926	0	0	0	524	515.333	0	0	2715	2705.000	0	0
17	17	423	576.647	192.416	0.896	51	116	147	83	15	51	116	147	83	15	109.000	126.059	136	131	130	128	127	127	126	124	122	120	114	103.000	562.071	804	741	697	663	637	600	548	486	411	334	228	0	0	0.000	0.000	0	0	0	0	0.000	0	0	0	0.000	0	0	0	0	0.000	0.000	0	0	0	0	0.000	0	0	0	0.000	0	0
18	18	1713	1314.623	210.105	0.879	108	673	749	130	16	108	673	749	130	16	109.054	131.206	162	146	139	135	132	130	127	125	122	119	115	102.340	123.054	160	136	131	126	124	122	119	118	115	113	104	0	0	0.000	0.000	0	0	0	0	0.000	0	0	0	0.000	0	0	0	0	0.000	0.000	0	0	0	0	0.000	0	0	0	0.000	0	0
19	19	2505	137.481	221.551	0.904	324	1623	481	33	9	324	1623	481	33	9	107.641	149.190	180	170	164	158	153	149	145	141	136	128	117	103.795	656.755	1134	958	896	838	768	685	593	511	399	275	204	0	0	0.000	0.000	0	0	0	0	0.000	0	0	0	0.000	0	0	0	0	0.000	0.000	0	0	0	0	0.000	0	0	0	0.000	0	0
20	20	1394	527.141	221.165	0.889	32	341	747	238	11	32	341	747	238	11	108.000	120.981	129	126	124	123	122	121	120	119	117	116	112	103.000	710.025	1007	936	867	800	753	705	667	635	586	482	306	0	0	0.000	0.000	0	0	0	0	0.000	0	0	0	0.000	0	0	0	0	0.000	0.000	0	0	0	0	0.000	0	0	0	0.000	0	0
21	21	1618	1004.669	224.251	0.883	26	163	932	429	41	26	163	932	429	41	109.829	160.051	268	191	178	170	162	155	149	145	140	134	125	103.960	741.346	1344	1029	932	856	787	722	660	606	557	496	333	0	0	0.000	0.000	0	0	0	0	0.000	0	0	0	0.000	0	0	0	0	0.000	0.000	0	0	0	0	0.000	0	0	0	0.000	0	0
22	22	468	1425.570	220.175	0.904	36	61	107	184	70	36	61	107	184	70	109.066	118.081	123	121	120	119	119	118	117	117	116	115	112	103.310	270.838	385	352	333	312	290	268	245	227	210	194	176	0	0	0.000	0.000	0	0	0	0	0.000	0	0	0	0.000	0	0	0	0	0.000	0.000	0	0	0	0	0.000	0	0	0	0.000	0	0
23	23	943	1154.140	226.498	0.912	79	411	222	144	73	79	411	222	144	73	110.000	117.983	126	121	120	119	118	118	117	117	116	115	112	103.000	118.314	135	124	121	120	119	118	117	116	115	113	107	0	0	0.000	0.000	0	0	0	0	0.000	0	0	0	0.000	0	0	0	0	0.000	0.000	0	0	0	0	0.000	0	0	0	0.000	0	0
24	24	1513	1915.399	231.974	0.909	35	164	697	535	54	35	164	697	535	54	107.718	113.890	119	116	115	115	114	114	113	113	112	112	110	101.841	151.564	299	172	166	161	154	149	144	139	136	132	122	0	0	0.000	0.000	0	0	0	0	0.000	0	0	0	0.000	0	0	0	0	0.000	0.000	0	0	0	0	0.000	0	0	0	0.000	0	0
25	25	1531	1062.697	238.848	0.895	36	52	412	894	106	36	52	412	894	106	109.996	173.291	405	209	185	177	173	168	161	152	143	134	122	104.000	730.036	1339	955	904	870	827	767	697	613	532	420	237	1	53	1067.639	247.129	0	0	0	336	333.321	0	0	1021	1027.736	0	0	0	0	0.000	0.000	0	0	0	0	0.000	0	0	0	0.000	0	0
26	26	615	434.044	238.438	0.775	35	145	236	152	35	35	145	236	152	35	108.000	121.997	134	130	127	124	122	121	120	119	117	116	113	102.000	115.998	126	122	120	118	117	116	114	113	112	111	105	0	0	0.000	0.000	0	0	0	0	0.000	0	0	0	0.000	0	0	0	0	0.000	0.000	0	0	0	0	0.000	0	0	0	0.000	0	0
27	27	1395	1399.520	247.905	0.916	33	99	905	300	33	33	99	905	300	33	109.179	147.473	313	166	155	152	148	143	136	131	127	122	114	103.888	737.803	2051	1013	937	884	821	743	644	551	470	393	263	1	60	1384.820	245.009	0	0	0	258	255.300	0	0	1398	1352.800	0	0	0	0	0.000	0.000	0	0	0	0	0.000	0	0	0	0.000	0	0
28	28	682	645.684	247.363	0.930	38	181	329	104	18	38	181	329	104	18	109.000	160.906	213	194	181	172	164	157	151	146	141	136	128	102.067	121.355	137	131	129	126	123	121	119	117	114	112	106	0	0	0.000	0.000	0	0	0	0	0.000	0	0	0	0.000	0	0	0	0	0.000	0.000	0	0	0	0	0.000	0	0	0	0.000	0	0
29	29	547	226.496	244.339	0.886	108	218	174	34	9	108	218	174	34	9	107.208	132.135	160	147	141	137	133	129	127	126	124	121	115	102.936	119.203	144	133	127	121	119	117	115	114	112	110	107	0	0	0.000	0.000	0	0	0	0	0.000	0	0	0	0.000	0	0	0	0	0.000	0.000	0	0	0	0	0.000	0	0	0	0.000	0	0
30	30	1885	2023.263	259.747	0.896	99	495	835	385	24	99	495	835	385	24	106.539	157.904	691	209	144	139	136	134	132	128	125	121	111	101.074	297.361	1087	358	311	297	286	274	263	251	235	214	152	1	152	2033.821	266.429	0	0	0	376	398.461	0	0	574	618.086	0	0	1	65	2034.554	265.844	0	0	0	510	505.446	0	0	797	806.277	0	0
31	31	429	1881.868	251.219	0.937	14	60	151	148	45	14	60	151	148	45	108.000	112.772	118	115	114	114	113	113	112	112	111	111	109	102.000	130.117	151	144	142	140	137	133	129	123	117	111	104	0	0	0.000	0.000	0	0	0	0	0.000	0	0	0	0.000	0	0	0	0	0.000	0.000	0	0	0	0	0.000	0	0	0	0.000	0	0
32	32	1370	57.271	260.814	0.907	975	349	10	7	4	975	349	10	7	4	106.172	142.018	207	160	154	149	145	140	135	130	127	124	117	102.776	648.399	1680	980	845	736	666	618	570	503	429	353	267	0	0	0.000	0.000	0	0	0	0	0.000	0	0	0	0.000	0	0	0	0	0.000	0.000	0	0	0	0	0.000	0	0	0	0.000	0	0
33	33	1582	947.845	267.218	0.879	32	62	186	996	281	32	62	186	996	281	110.000	144.214	171	160	154	150	147	143	141	138	134	130	122	103.071	164.707	211	186	178	173	169	165	161	155	149	142	126	0	0	0.000	0.000	0	0	0	0	0.000	0	0	0	0.000	0	0	0	0	0.000	0.000	0	0	0	0	0.000	0	0	0	0.000	0	0
34	34	1928	1171.730	270.641	0.885	14	54	884	858	67	14	54	884	858	67	110.000	141.786	887	145	122	120	119	118	117	116	115	114	112	102.817	119.713	152	126	123	121	120	119	118	117	116	114	108	1	102	1184.281	268.996	0	0	0	464	481.853	0	0	136	135.265	0	0	0	0	0.000	0.000	0	0	0	0	0.000	0	0	0	0.000	0	0
35	35	2592	112.819	273.040	0.904	1278	1019	114	121	16	1278	1019	114	121	16	107.859	240.710	2171	298	194	187	181	175	167	158	147	137	121	104.000	872.893	7173	983	902	833	762	697	628	543	472	382	178	1	166	123.102	262.534	0	0	0	1036	1117.958	0	0	3567	3759.476	0	0	1	133	123.269	262.807	0	0	0	1191	1243.398	0	0	4111	4250.782	0	0
36	36	1773	314.748	272.279	0.852	76	95	479	975	113	76	95	479	975	113	107.752	118.349	128	122	121	120	119	119	118	117	116	114	111	103.000	822.715	1215	1093	1020	942	887	832	777	705	635	554	344	0	0	0.000	0.000	0	0	0	0	0.000	0	0	0	0.000	0	0	0	0	0.000	0.000	0	0	0	0	0.000	0	0	0	0.000	0	0
37	37	1126	66.343	303.274	0.913	45	235	640	159	25	45	235	640	159	25	107.623	147.267	162	158	155	153	151	149	146	143	139	134	123	103.623	781.798	1131	1030	977	918	864	798	725	655	601	523	258	0	0	0.000	0.000	0	0	0	0	0.000	0	0	0	0.000	0	0	0	0	0.000	0.000	0	0	0	0	0.000	0	0	0	0.000	0	0
38	38	646	965.127	305.248	0.929	24	60	142	350	61	24	60	142	350	61	109.211	153.845	176	167	164	160	157	155	152	150	145	138	124	103.000	168.921	210	192	187	181	175	169	165	160	155	142	120	0	0	0.000	0.000	0	0	0	0	0.000	0	0	0	0.000	0	0	0	0	0.000	0.000	0	0	0	0	0.000	0	0	0	0.000	0	0
39	39	555	287.801	304.653	0.941	39	115	223	131	38	39	115	223	131	38	108.000	119.436	125	123	122	121	120	120	119	118	117	116	112	102.937	668.706	1030	841	789	733	698	653	620	589	550	506	373	0	0	0.000	0.000	0	0	0	0	0.000	0	0	0	0.000	0	0	0	0	0.000	0.000	0	0	0	0	0.000	0	0	0	0.000	0	0
40	40	300	809.329	310.388	0.983	14	47	112	103	20	14	47	112	103	20	109.987	114.867	119	117	116	116	115	115	114	114	114	113	111	103.483	472.340	777	706	644	572	521	470	430	375	313	246	155	0	0	0.000	0.000	0	0	0	0	0.000	0	0	0	0.000	0	0	0	0	0.000	0.000	0	0	0	0	0.000	0	0	0	0.000	0	0
41	41	1652	327.521	322.075	0.879	19	90	652	800	58	19	90	652	800	58	107.682	119.194	127	123	122	121	120	119	118	117	116	115	111	102.832	684.160	1125	974	873	785	719	665	610	560	512	457	182	0	0	0.000	0.000	0	0	0	0	0.000	0	0	0	0.000	0	0	0	0	0.000	0.000	0	0	0	0	0.000	0	0	0	0.000	0	0
42	42	1230	1176.906	328.382	0.889	37	110	687	363	15	37	110	687	363	15	110.000	140.930	459	145	142	140	138	135	132	130	127	124	118	103.411	285.452	515	353	334	320	306	287	267	248	233	217	181	1	44	1178.201	334.084	0	0	0	280	280.523	0	0	357	365.523	0	0	0	0	0.000	0.000	0	0	0	0	0.000	0	0	0	0.000	0	0
43	43	734	38.933	326.104	0.923	53	175	308	153	32	53	175	308	153	32	106.640	161.420	308	209	176	163	156	151	147	142	137	132	125	102.500	120.019	166	127	124	122	121	119	118	117	115	112	106	1	35	36.665	321.273	0	0	0	267	264.829	0	0	127	126.629	0	0	0	0	0.000	0.000	0	0	0	0	0.000	0	0	0	0.000	0	0
44	44	1134	1401.159	332.936	0.878	290	495	254	62	11	290	495	254	62	11	109.000	245.585	390	316	300	284	269	249	229	208	186	166	141	102.134	122.519	139	132	129	127	124	123	121	119	116	113	105	0	0	0.000	0.000	0	0	0	0	0.000	0	0	0	0.000	0	0	0	0	0.000	0.000	0	0	0	0	0.000	0	0	0	0.000	0	0
45	45	2269	1816.084	343.821	0.892	225	1495	442	52	11	225	1495	442	52	11	109.000	117.953	130	124	122	120	118	117	116	115	114	113	110	102.016	115.306	125	119	118	117	116	115	115	114	113	111	106	0	0	0.000	0.000	0	0	0	0	0.000	0	0	0	0.000	0	0	0	0	0.000	0.000	0	0	0	0	0.000	0	0	0	0.000	0	0
46	46	1523	809.549	343.864	0.883	56	427	726	267	19	56	427	726	267	19	109.649	117.276	128	123	120	119	117	116	116	115	114	114	110	104.295	795.282	1105	1012	955	904	856	806	757	701	648	569	357	0	0	0.000	0.000	0	0	0	0	0.000	0	0	0	0.000	0	0	0	0	0.000	0.000	0	0	0	0	0.000	0	0	0	0.000	0	0
47	47	1613	79.890	344.451	0.887	118	325	648	436	58	118	325	648	436	58	108.086	336.956	856	608	475	380	327	284	248	219	194	170	135	103.441	131.038	161	145	139	136	134	131	129	125	121	117	105	1	114	76.310	348.169	0	0	0	737	737.965	0	0	138	138.912	0	0	0	0	0.000	0.000	0	0	0	0	0.000	0	0	0	0.000	0	0
48	48	828	1881.407	355.628	0.849	150	287	233	114	34	150	287	233	114	34	108.000	129.014	147	139	136	134	132	129	127	124	121	118	111	102.708	123.383	152	136	131	128	125	123	121	118	115	112	106	0	0	0.000	0.000	0	0	0	0	0.000	0	0	0	0.000	0	0	0	0	0.000	0.000	0	0	0	0	0.000	0	0	0	0.000	0	0
49	49	1324	770.947	364.178	0.898	57	431	657	141	22	57	431	657	141	22	109.999	116.230	122	119	118	117	117	116	116	115	115	113	110	104.584	867.015	1451	1208	1125	1041	964	879	780	695	598	510	385	0	0	0.000	0.000	0	0	0	0	0.000	0	0	0	0.000	0	0	0	0	0.000	0.000	0	0	0	0	0.000	0	0	0	0.000	0	0
50	50	1831	1059.658	362.448	0.826	20	150	969	632	17	20	150	969	632	17	109.000	185.706	457	217	206	198	189	181	173	165	157	146	124	103.000	504.649	948	674	622	576	537	497	462	426	386	337	230	1	27	1045.339	367.168	0	0	0	374	374.630	0	0	827	810.815	0	0	0	0	0.000	0.000	0	0	0	0	0.000	0	0	0	0.000	0	0
51	51	1353	976.688	366.580	0.926	170	963	177	15	12	170	963	177	15	12	109.099	156.171	257	179	168	161	157	153	149	145	139	132	123	103.000	123.837	138	130	128	127	126	125	124	122	119	115	105	0	0	0.000	0.000	0	0	0	0	0.000	0	0	0	0.000	0	0	0	0	0.000	0.000	0	0	0	0	0.000	0	0	0	0.000	0	0
52	52	1839	1141.016	372.767	0.893	49	104	423	1079	157	49	104	423	1079	157	109.171	240.833	3447	262	153	147	143	140	137	133	129	124	116	103.650	316.484	1716	378	349	319	297	276	260	242	222	201	157	1	107	1142.482	367.174	0	0	0	1456	1603.776	0	0	838	852.533	0	0	1	74	1142.802	365.931	0	0	0	1559	1659.932	0	0	1042	1057.351	0	0
53	53	839	413.646	371.228	0.890	33	158	447	165	27	33	158	447	165	27	109.000	120.837	144	132	124	122	120	118	118	117	116	115	112	103.000	404.779	597	483	463	447	430	415	399	372	341	302	232	0	0	0.000	0.000	0	0	0	0	0.000	0	0	0	0.000	0	0	0	0	0.000	0.000	0	0	0	0	0.000	0	0	0	0.000	0	0
54	54	1625	553.999	386.500	0.910	83	1153	294	64	8	83	1153	294	64	8	109.163	118.430	127	122	121	120	119	118	118	117	116	115	112	103.256	2046.516	4094	2817	2599	2433	2280	2087	1876	1660	1393	1109	625	0	0	0.000	0.000	0	0	0	0	0.000	0	0	0	0.000	0	0	0	0	0.000	0.000	0	0	0	0	0.000	0	0	0	0.000	0	0
55	55	1902	452.978	400.473	0.872	31	65	292	1336	154	31	65	292	1336	154	109.000	142.657	168	158	154	150	146	143	138	135	131	127	118	103.176	185.380	244	214	206	200	193	185	178	171	163	156	130	0	0	0.000	0.000	0	0	0	0	0.000	0	0	0	0.000	0	0	0	0	0.000	0.000	0	0	0	0	0.000	0	0	0	0.000	0	0
56	56	1744	1223.873	400.563	0.881	169	1097	404	30	10	169	1097	404	30	10	110.578	511.879	11558	680	289	195	163	151	143	137	132	128	117	103.943	122.485	166	132	127	124	123	121	120	118	116	113	107	1	106	1221.484	410.310	0	0	0	4333	4795.623	0	0	145	144.321	0	0	1	17	1221.827	410.501	0	0	0	8926	8977.471	0	0	159	158.471	0	0
57	57	1395	824.174	398.200	0.890	101	566	672	16	5	101	566	672	16	5	110.000	118.520	130	124	121	120	118	118	117	116	116	115	112	105.000	757.534	1015	955	916	863	809	757	714	672	634	554	339	0	0	0.000	0.000	0	0	0	0	0.000	0	0	0	0.000	0	0	0	0	0.000	0.000	0	0	0	0	0.000	0	0	0	0.000	0	0
58	58	1113	788.442	416.775	0.779	277	426	292	84	6	277	426	292	84	6	109.700	116.011	122	119	118	117	116	116	115	115	114	114	111	105.000	661.572	887	845	803	762	722	678	629	579	523	452	324	0	0	0.000	0.000	0	0	0	0	0.000	0	0	0	0.000	0	0	0	0	0.000	0.000	0	0	0	0	0.000	0	0	0	0.000	0	0
59	59	1539	356.983	421.174	0.890	635	786	55	19	10	635	786	55	19	10	108.519	119.300	129	122	121	120	120	119	119	118	117	116	111	103.000	118.878	133	125	123	121	119	118	117	116	115	114	107	0	0	0.000	0.000	0	0	0	0	0.000	0	0	0	0.000	0	0	0	0	0.000	0.000	0	0	0	0	0.000	0	0	0	0.000	0	0
60	60	1931	555.629	438.076	0.881	56	531	1009	286	20	56	531	1009	286	20	109.821	119.695	131	124	123	121	120	120	119	118	117	115	111	103.963	1495.340	2218	1956	1825	1698	1601	1512	1423	1341	1209	986	594	0	0	0.000	0.000	0	0	0	0	0.000	0	0	0	0.000	0	0	0	0	0.000	0.000	0	0	0	0	0.000	0	0	0	0.000	0	0
61	61	543	1193.639	429.704	0.792	57	119	231	104	25	57	119	231	104	25	110.479	130.615	140	136	134	133	132	131	130	128	127	125	123	104.000	111.665	118	114	113	113	112	111	111	111	110	109	107	0	0	0.000	0.000	0	0	0	0	0.000	0	0	0	0.000	0	0	0	0	0.000	0.000	0	0	0	0	0.000	0	0	0	0.000	0	0
62	62	2173	406.645	440.567	0.909	587	1396	121	15	10	587	1396	121	15	10	108.908	122.474	137	131	127	125	123	122	120	118	117	116	113	103.208	121.110	137	127	125	124	123	122	120	119	117	115	109	0	0	0.000	0.000	0	0	0	0	0.000	0	0	0	0.000	0	0	0	0	0.000	0.000	0	0	0	0	0.000	0	0	0	0.000	0	0
63	63	1940	1910.822	445.562	0.894	47	135	1011	662	46	47	135	1011	662	46	109.000	151.967	186	172	166	163	159	153	147	141	136	131	122	103.610	1303.802	2201	1875	1667	1557	1442	1316	1169	1028	884	729	485	0	0	0.000	0.000	0	0	0	0	0.000	0	0	0	0.000	0	0	0	0	0.000	0.000	0	0	0	0	0.000	0	0	0	0.000	0	0
64	64	922	480.490	437.789	0.920	318	302	109	106	71	318	302	109	106	71	109.016	150.858	174	163	160	158	155	152	148	144	140	137	134	103.000	188.567	246	218	211	205	197	187	179	173	168	160	140	0	0	0.000	0.000	0	0	0	0	0.000	0	0	0	0.000	0	0	0	0	0.000	0.000	0	0	0	0	0.000	0	0	0	0.000	0	0
65	65	1976	1223.166	466.267	0.905	280	1169	449	32	8	280	1169	449	32	8	111.000	444.879	4655	1065	398	242	193	170	158	149	143	136	124	104.747	120.922	138	128	125	123	122	121	119	118	117	115	105	1	217	1224.010	465.122	0	0	0	1992	2213.276	0	0	129	128.742	0	0	0	0	0.000	0.000	0	0	0	0	0.000	0	0	0	0.000	0	0
66	66	1226	1866.364	474.503	0.910	106	434	582	71	10	106	434	582	71	10	109.000	118.601	132	124	121	120	119	118	117	116	116	114	111	103.732	479.343	706	614	576	535	507	479	440	417	388	349	245	0	0	0.000	0.000	0	0	0	0	0.000	0	0	0	0.000	0	0	0	0	0.000	0.000	0	0	0	0	0.000	0	0	0	0.000	0	0
67	67	1579	1950.213	478.131	0.913	22	210	1048	258	10	22	210	1048	258	10	108.579	160.852	197	187	182	175	168	161	154	147	142	136	122	104.000	1612.557	2408	2212	2098	1969	1806	1642	1461	1300	1146	993	535	0	0	0.000	0.000	0	0	0	0	0.000	0	0	0	0.000	0	0	0	0	0.000	0.000	0	0	0	0	0.000	0	0	0	0.000	0	0
68	68	423	110.002	487.864	0.918	64	93	111	111	41	64	93	111	111	41	107.000	172.239	219	205	195	187	181	175	166	158	148	137	122	102.000	135.035	161	151	148	144	141	138	134	127	121	115	105	0	0	0.000	0.000	0	0	0	0	0.000	0	0	0	0.000	0	0	0	0	0.000	0.000	0	0	0	0	0.000	0	0	0	0.000	0	0
69	69	1194	1434.119	495.874	0.898	39	147	608	340	30	39	147	608	340	30	110.201	128.686	139	136	135	133	131	129	127	125	123	120	114	105.804	503.963	750	679	627	580	538	502	460	426	388	339	252	0	0	0.000	0.000	0	0	0	0	0.000	0	0	0	0.000	0	0	0	0	0.000	0.000	0	0	0	0	0.000	0	0	0	0.000	0	0
70	70	318	782.557	490.694	0.912	30	45	101	96	42	30	45	101	96	42	110.000	122.475	129	126	125	124	123	122	122	121	121	119	115	104.060	212.836	284	252	241	232	221	211	202	193	184	176	159	0	0	0.000	0.000	0	0	0	0	0.000	0	0	0	0.000	0	0	0	0	0.000	0.000	0	0	0	0	0.000	0	0	0	0.000	0	0
71	71	1107	1388.891	499.721	0.910	33	239	603	181	32	33	239	603	181	32	110.126	132.266	151	142	140	137	135	132	130	127	125	123	116	106.874	619.349	967	868	797	744	675	609	551	500	455	376	260	0	0	0.000	0.000	0	0	0	0	0.000	0	0	0	0.000	0	0	0	0	0.000	0.000	0	0	0	0	0.000	0	0	0	0.000	0	0
72	72	848	146.322	507.420	0.886	140	311	274	95	16	140	311	274	95	16	107.000	148.973	180	164	160	156	152	149	145	143	139	132	123	103.000	130.434	153	141	137	135	132	130	128	126	124	121	109	0	0	0.000	0.000	0	0	0	0	0.000	0	0	0	0.000	0	0	0	0	0.000	0.000	0	0	0	0	0.000	0	0	0	0.000	0	0
73	73	1692	753.283	519.445	0.875	50	127	577	849	57	50	127	577	849	57	110.820	175.928	226	207	196	188	182	176	170	163	154	146	130	104.601	639.508	911	833	774	714	664	628	594	570	537	461	299	0	0	0.000	0.000	0	0	0	0	0.000	0	0	0	0.000	0	0	0	0	0.000	0.000	0	0	0	0	0.000	0	0	0	0.000	0	0
74	74	2176	1294.038	532.008	0.887	117	677	1222	92	26	117	677	1222	92	26	110.115	121.784	132	127	125	124	122	122	121	120	119	117	113	107.338	2417.068	3852	3214	2956	2815	2691	2587	2417	2107	1807	1377	454	0	0	0.000	0.000	0	0	0	0	0.000	0	0	0	0.000	0	0	0	0	0.000	0.000	0	0	0	0	0.000	0	0	0	0.000	0	0
75	75	618	919.224	530.645	0.923	27	52	306	206	16	27	52	306	206	16	111.000	122.892	131	127	126	124	124	123	122	121	120	118	116	105.196	159.236	183	172	169	167	165	162	158	154	149	142	129	0	0	0.000	0.000	0	0	0	0	0.000	0	0	0	0.000	0	0	0	0	0.000	0.000	0	0	0	0	0.000	0	0	0	0.000	0	0
76	76	327	1330.614	530.327	0.945	86	96	106	25	5	86	96	106	25	5	110.413	115.602	118	117	117	116	116	116	115	115	115	114	112	108.000	604.080	1034	910	823	738	667	584	507	445	394	344	259	0	0	0.000	0.000	0	0	0	0	0.000	0	0	0	0.000	0	0	0	0	0.000	0.000	0	0	0	0	0.000	0	0	0	0.000	0	0
77	77	1023	702.642	543.841	0.911	25	244	667	45	11	25	244	667	45	11	110.807	172.260	209	194	187	181	176	173	169	164	158	150	131	104.000	592.587	825	743	682	648	625	598	571	536	495	442	333	0	0	0.000	0.000	0	0	0	0	0.000	0	0	0	0.000	0	0	0	0	0.000	0.000	0	0	0	0	0.000	0	0	0	0.000	0	0
78	78	958	1383.468	542.152	0.900	129	322	263	179	51	129	322	263	179	51	111.000	118.782	129	124	121	120	119	118	118	117	116	115	112	108.000	617.643	1037	880	798	727	672	613	552	488	433	366	274	0	0	0.000	0.000	0	0	0	0	0.000	0	0	0	0.000	0	0	0	0	0.000	0.000	0	0	0	0	0.000	0	0	0	0.000	0	0
79	79	1746	1466.825	560.662	0.882	51	807	751	82	17	51	807	751	82	17	110.987	135.340	218	148	142	138	135	132	130	128	126	123	115	106.277	352.888	585	506	459	415	368	327	298	276	257	237	193	1	40	1475.054	555.064	0	0	0	192	191.475	0	0	450	442.225	0	0	0	0	0.000	0.000	0	0	0	0	0.000	0	0	0	0.000	0	0
80	80	329	1060.406	548.596	0.848	109	125	65	14	11	109	125	65	14	11	111.000	174.413	213	206	198	190	182	173	166	158	152	145	133	106.188	153.951	188	178	169	165	162	156	149	142	137	130	120	0	0	0.000	0.000	0	0	0	0	0.000	0	0	0	0.000	0	0	0	0	0.000	0.000	0	0	0	0	0.000	0	0	0	0.000	0	0
81	81	1601	954.130	561.032	0.860	616	840	42	30	28	616	840	42	30	28	111.400	142.625	158	152	149	147	145	143	141	139	137	133	121	106.618	240.606	340	287	275	262	254	243	231	219	205	191	156	0	0	0.000	0.000	0	0	0	0	0.000	0	0	0	0.000	0	0	0	0	0.000	0.000	0	0	0	0	0.000	0	0	0	0.000	0	0
82	82	1630	1008.166	561.524	0.906	313	782	307	130	54	313	782	307	130	54	111.788	144.531	161	155	153	151	149	146	143	140	136	131	122	107.000	272.527	364	333	315	298	287	273	260	245	231	216	168	0	0	0.000	0.000	0	0	0	0	0.000	0	0	0	0.000	0	0	0	0	0.000	0.000	0	0	0	0	0.000	0	0	0	0.000	0	0
83	83	1511	743.686	566.532	0.904	786	567	86	19	15	786	567	86	19	15	111.000	207.165	587	308	214	202	192	183	173	165	157	147	138	104.587	575.739	883	790	713	659	604	554	512	484	443	396	286	1	130	753.925	555.129	0	0	0	433	438.846	0	0	705	682.808	0	0	0	0	0.000	0.000	0	0	0	0	0.000	0	0	0	0.000	0	0
84	84	1949	1662.093	571.516	0.880	195	1495	170	40	9	195	1495	170	40	9	109.985	128.597	153	136	133	131	130	128	126	125	123	121	115	104.154	636.890	967	854	794	749	707	658	606	540	465	389	230	0	0	0.000	0.000	0	0	0	0	0.000	0	0	0	0.000	0	0	0	0	0.000	0.000	0	0	0	0	0.000	0	0	0	0.000	0	0
85	85	2626	1342.539	575.312	0.872	1130	839	376	208	47	1130	839	376	208	47	110.918	120.153	128	125	123	122	121	120	119	118	117	116	113	108.000	1370.368	2445	1919	1705	1569	1485	1385	1281	1144	988	813	545	0	0	0.000	0.000	0	0	0	0	0.000	0	0	0	0.000	0	0	0	0	0.000	0.000	0	0	0	0	0.000	0	0	0	0.000	0	0
86	86	1928	2003.511	573.827	0.859	157	678	835	201	23	157	678	835	201	23	107.978	202.045	309	247	231	221	215	206	194	180	167	152	133	103.985	2694.163	4164	3625	3376	3164	2969	2816	2623	2395	1987	1494	641	0	0	0.000	0.000	0	0	0	0	0.000	0	0	0	0.000	0	0	0	0	0.000	0.000	0	0	0	0	0.000	0	0	0	0.000	0	0
87	87	210	572.805	570.143	0.935	7	50	48	71	31	7	50	48	71	31	109.533	135.871	150	144	141	139	138	137	135	133	130	127	122	104.129	458.071	735	604	579	555	520	482	439	384	330	273	202	0	0	0.000	0.000	0	0	0	0	0.000	0	0	0	0.000	0	0	0	0	0.000	0.000	0	0	0	0	0.000	0	0	0	0.000	0	0
88	88	2387	618.943	594.938	0.876	81	1018	1084	132	29	81	1018	1084	132	29	110.000	124.270	134	130	128	127	126	124	123	122	121	119	114	104.636	816.801	1351	1124	1017	919	839	790	735	688	640	570	305	0	0	0.000	0.000	0	0	0	0	0.000	0	0	0	0.000	0	0	0	0	0.000	0.000	0	0	0	0	0.000	0	0	0	0.000	0	0
89	89	2095	693.659	594.008	0.882	12	115	830	1002	85	12	115	830	1002	85	110.754	260.916	2008	492	245	193	177	170	165	160	154	145	129	104.000	707.164	2635	957	845	759	693	652	603	555	503	443	282	2	139	690.270	610.841	109	700.592	591.173	629	666.000	944	1018.440	912	882.655	1535	1603.294	1	34	700.569	591.253	0	0	0	1543	1514.618	0	0	2155	2102.882	0	0
90	90	1235	297.219	590.566	0.897	23	54	456	626	49	23	54	456	626	49	109.287	164.590	194	186	182	177	172	166	160	154	147	140	129	105.000	567.505	764	693	667	641	616	591	560	514	460	404	284	0	0	0.000	0.000	0	0	0	0	0.000	0	0	0	0.000	0	0	0	0	0.000	0.000	0	0	0	0	0.000	0	0	0	0.000	0	0
91	91	2023	547.925	598.143	0.858	41	70	732	1010	129	41	70	732	1010	129	110.000	193.255	1434	205	175	169	163	158	153	148	143	138	125	104.130	806.802	2563	1009	946	902	855	802	738	661	571	489	372	1	103	546.606	597.096	0	0	0	696	744.738	0	0	1466	1486.709	0	0	0	0	0.000	0.000	0	0	0	0	0.000	0	0	0	0.000	0	0
92	92	1429	1430.061	596.124	0.893	233	542	513	88	24	233	542	513	88	24	111.000	128.059	148	138	133	131	129	127	126	124	121	120	116	107.454	145.283	236	170	154	148	143	140	137	134	132	129	123	0	0	0.000	0.000	0	0	0	0	0.000	0	0	0	0.000	0	0	0	0	0.000	0.000	0	0	0	0	0.000	0	0	0	0.000	0	0
93	93	1048	1027.399	599.348	0.925	513	316	154	46	4	513	316	154	46	4	111.304	144.342	159	154	151	149	147	146	144	141	138	133	123	107.000	1615.260	2209	2037	1891	1788	1716	1639	1583	1517	1354	1104	682	0	0	0.000	0.000	0	0	0	0	0.000	0	0	0	0.000	0	0	0	0	0.000	0.000	0	0	0	0	0.000	0	0	0	0.000	0	0
94	94	1330	1567.566	605.344	0.902	53	381	620	224	22	53	381	620	224	22	110.838	115.359	119	117	117	116	116	115	115	115	114	114	111	105.000	131.898	148	141	139	137	135	133	130	128	125	121	113	0	0	0.000	0.000	0	0	0	0	0.000	0	0	0	0.000	0	0	0	0	0.000	0.000	0	0	0	0	0.000	0	0	0	0.000	0	0
95	95	1868	1482.221	617.350	0.882	56	259	1033	480	11	56	259	1033	480	11	111.000	146.164	240	169	155	150	146	142	138	135	130	127	117	105.994	411.820	673	589	548	509	468	422	383	326	252	204	176	1	50	1482.727	619.223	0	0	0	221	220.680	0	0	487	485.880	0	0	0	0	0.000	0.000	0	0	0	0	0.000	0	0	0	0.000	0	0
96	96	1443	1383.161	614.320	0.877	844	311	166	74	28	844	311	166	74	28	110.805	117.786	124	121	120	119	118	118	117	117	116	115	111	107.656	940.080	1480	1313	1193	1080	1006	936	867	784	703	607	309	0	0	0.000	0.000	0	0	0	0	0.000	0	0	0	0.000	0	0	0	0	0.000	0.000	0	0	0	0	0.000	0	0	0	0.000	0	0
97	97	908	145.807	613.141	0.893	34	200	452	160	28	34	200	452	160	28	108.000	115.749	123	120	118	117	116	116	115	114	113	112	109	103.969	832.670	1070	1010	969	930	898	867	832	784	703	585	362	0	0	0.000	0.000	0	0	0	0	0.000	0	0	0	0.000	0	0	0	0	0.000	0.000	0	0	0	0	0.000	0	0	0	0.000	0	0
98	98	1896	1683.889	626.700	0.911	667	1119	48	14	6	667	1119	48	14	6	110.947	142.777	335	175	145	139	136	132	129	126	124	122	117	104.000	643.446	2528	973	750	664	616	577	534	470	390	309	223	1	152	1683.537	634.079	0	0	0	238	243.112	0	0	1601	1636.112	0	0	1	75	1684.343	633.313	0	0	0	277	272.347	0	0	1971	1966.360	0	0
99	99	1876	1003.750	633.877	0.893	1305	389	59	45	29	1305	389	59	45	29	111.111	148.010	166	159	157	154	151	149	146	144	141	134	122	106.709	2178.964	3073	2688	2546	2469	2418	2346	2219	2089	1838	1350	445	0	0	0.000	0.000	0	0	0	0	0.000	0	0	0	0.000	0	0	0	0	0.000	0.000	0	0	0	0	0.000	0	0	0	0.000	0	0
100	100	2669	264.994	639.283	0.841	286	1472	727	107	17	286	1472	727	107	17	110.274	404.605	4923	499	249	232	218	206	200	194	186	176	146	105.818	888.065	4375	1096	996	875	800	745	694	636	577	514	321	1	203	261.676	634.803	0	0	0	2370	2533.054	0	0	2487	2564.108	0	0	1	122	261.146	635.344	0	0	0	3233	3241.730	0	0	3213	3187.336	0	0
101	101	1359	1426.283	636.310	0.906	244	950	100	24	3	244	950	100	24	3	111.000	118.113	128	122	120	119	118	118	117	117	116	115	112	106.412	886.877	1256	1148	1071	1012	960	904	864	813	710	578	262	0	0	0.000	0.000	0	0	0	0	0.000	0	0	0	0.000	0	0	0	0	0.000	0.000	0	0	0	0	0.000	0	0	0	0.000	0	0
102	102	1593	192.236	641.348	0.878	27	224	868	416	35	27	224	868	416	35	109.446	117.665	127	122	121	119	118	117	117	116	115	114	111	105.126	766.084	1194	1004	912	869	816	765	710	660	604	537	310	0	0	0.000	0.000	0	0	0	0	0.000	0	0	0	0.000	0	0	0	0	0.000	0.000	0	0	0	0	0.000	0	0	0	0.000	0	0
103	103	735	1599.806	637.692	0.888	19	185	343	144	27	19	185	343	144	27	110.559	115.899	124	119	117	117	116	116	115	115	114	113	112	104.948	130.638	146	138	135	133	132	131	129	128	126	124	117	0	0	0.000	0.000	0	0	0	0	0.000	0	0	0	0.000	0	0	0	0	0.000	0.000	0	0	0	0	0.000	0	0	0	0.000	0	0
104	104	2112	323.483	655.937	0.859	320	1406	316	33	12	320	1406	316	33	12	110.013	180.638	220	207	201	196	189	182	175	168	160	151	129	104.973	1056.061	1625	1437	1346	1271	1188	1101	1008	876	728	590	383	0	0	0.000	0.000	0	0	0	0	0.000	0	0	0	0.000	0	0	0	0	0.000	0.000	0	0	0	0	0.000	0	0	0	0.000	0	0
105	105	1811	130.696	656.795	0.893	81	317	1004	326	44	81	317	1004	326	44	108.360	117.070	126	122	120	119	117	117	116	115	114	113	111	103.668	785.278	1267	1119	1002	918	847	789	710	629	557	477	362	0	0	0.000	0.000	0	0	0	0	0.000	0	0	0	0.000	0	0	0	0	0.000	0.000	0	0	0	0	0.000	0	0	0	0.000	0	0
106	106	452	1101.382	645.572	0.904	21	107	241	65	11	21	107	241	65	11	110.352	128.958	138	135	133	132	131	129	128	126	124	122	117	106.000	949.761	1258	1192	1137	1079	1026	992	950	878	772	626	391	0	0	0.000	0.000	0	0	0	0	0.000	0	0	0	0.000	0	0	0	0	0.000	0.000	0	0	0	0	0.000	0	0	0	0.000	0	0
107	107	1759	1069.269	665.251	0.867	52	133	872	605	66	52	133	872	605	66	111.392	130.426	140	136	135	134	133	132	130	128	125	123	117	106.488	1081.911	1495	1351	1295	1243	1188	1130	1058	967	864	729	428	0	0	0.000	0.000	0	0	0	0	0.000	0	0	0	0.000	0	0	0	0	0.000	0.000	0	0	0	0	0.000	0	0	0	0.000	0	0
108	108	722	1547.410	655.066	0.908	48	230	303	111	9	48	230	303	111	9	110.740	124.042	132	128	126	126	125	124	124	123	121	120	116	104.904	218.276	273	253	242	235	227	220	213	203	192	181	157	0	0	0.000	0.000	0	0	0	0	0.000	0	0	0	0.000	0	0	0	0	0.000	0.000	0	0	0	0	0.000	0	0	0	0.000	0	0
109	109	870	1393.419	657.901	0.922	8	110	506	216	11	8	110	506	216	11	111.000	118.029	125	122	120	119	118	118	117	117	116	115	113	105.754	877.649	1252	1127	1056	1012	963	895	815	743	694	614	425	0	0	0.000	0.000	0	0	0	0	0.000	0	0	0	0.000	0	0	0	0	0.000	0.000	0	0	0	0	0.000	0	0	0	0.000	0	0
110	110	1151	1453.760	663.553	0.909	194	645	201	40	49	194	645	201	40	49	111.000	134.250	152	142	140	138	137	135	133	130	128	125	120	105.413	425.586	607	527	504	482	458	435	409	379	344	309	221	0	0	0.000	0.000	0	0	0	0	0.000	0	0	0	0.000	0	0	0	0	0.000	0.000	0	0	0	0	0.000	0	0	0	0.000	0	0
111	111	1726	1502.333	672.187	0.866	59	313	911	365	38	59	313	911	365	38	110.808	142.063	451	156	138	135	133	131	129	127	126	124	118	104.917	288.388	948	356	338	314	292	265	246	232	220	208	157	1	100	1500.298	662.149	0	0	0	278	287.300	0	0	568	581.270	0	0	1	40	1500.768	661.602	0	0	0	356	348.125	0	0	723	722.125	0	0
112	112	2709	218.512	684.778	0.864	1622	844	139	35	16	1622	844	139	35	16	110.870	745.674	7299	2293	351	219	209	197	186	174	161	152	138	105.808	1060.879	5991	2666	911	816	748	660	571	501	450	372	179	1	402	223.516	685.616	0	0	0	3582	3738.211	0	0	3630	3526.460	0	0	1	330	223.767	685.986	0	0	0	4274	4329.194	0	0	4160	4040.782	0	0
113	113	1507	81.600	680.946	0.864	48	478	730	195	26	48	478	730	195	26	106.900	155.958	182	170	165	162	159	157	155	151	146	141	128	103.234	188.141	254	207	202	197	192	188	184	180	175	169	153	0	0	0.000	0.000	0	0	0	0	0.000	0	0	0	0.000	0	0	0	0	0.000	0.000	0	0	0	0	0.000	0	0	0	0.000	0	0
114	114	1610	541.000	679.782	0.882	53	106	575	703	145	53	106	575	703	145	110.064	142.470	163	154	152	150	148	145	141	136	132	127	120	103.334	788.958	1049	966	934	908	873	827	777	719	644	533	291	0	0	0.000	0.000	0	0	0	0	0.000	0	0	0	0.000	0	0	0	0	0.000	0.000	0	0	0	0	0.000	0	0	0	0.000	0	0
115	115	1587	1662.485	690.174	0.896	87	207	835	387	45	87	207	835	387	45	111.000	657.299	6026	2205	532	202	164	158	155	152	147	139	126	103.643	1710.197	11903	5310	1289	878	801	729	669	625	578	490	267	1	268	1657.708	694.938	0	0	0	2615	2897.276	0	0	6249	6015.481	0	0	1	240	1658.781	694.714	0	0	0	2862	2876.575	0	0	6778	6934.217	0	0
116	116	314	578.327	673.745	0.941	7	35	81	137	47	7	35	81	137	47	110.592	131.710	145	141	138	137	135	132	130	127	125	122	117	103.000	522.726	758	712	676	641	604	554	506	448	372	266	156	0	0	0.000	0.000	0	0	0	0	0.000	0	0	0	0.000	0	0	0	0	0.000	0.000	0	0	0	0	0.000	0	0	0	0.000	0	0
117	117	1662	1615.612	688.937	0.890	44	145	631	718	85	44	145	631	718	85	110.996	161.959	192	180	177	173	169	164	159	154	147	139	127	104.000	814.096	1101	1027	984	939	885	832	770	725	671	571	325	0	0	0.000	0.000	0	0	0	0	0.000	0	0	0	0.000	0	0	0	0	0.000	0.000	0	0	0	0	0.000	0	0	0	0.000	0	0
118	118	1678	787.937	687.882	0.877	30	410	933	221	50	30	410	933	221	50	111.000	153.129	179	171	167	162	157	153	149	144	140	137	125	104.000	1494.573	2150	1934	1798	1695	1593	1504	1415	1321	1257	1037	505	0	0	0.000	0.000	0	0	0	0	0.000	0	0	0	0.000	0	0	0	0	0.000	0.000	0	0	0	0	0.000	0	0	0	0.000	0	0
119	119	1431	1030.887	699.261	0.887	35	149	791	406	25	35	149	791	406	25	112.000	131.772	142	137	135	134	133	132	131	130	128	125	120	106.009	1128.642	1643	1452	1354	1292	1228	1157	1090	1020	900	726	492	0	0	0.000	0.000	0	0	0	0	0.000	0	0	0	0.000	0	0	0	0	0.000	0.000	0	0	0	0	0.000	0	0	0	0.000	0	0
120	120	333	750.679	688.579	0.900	11	58	117	121	23	11	58	117	121	23	111.000	134.955	147	143	141	139	137	135	133	131	129	126	122	103.336	822.652	1208	1089	1018	964	898	849	788	694	608	526	363	0	0	0.000	0.000	0	0	0	0	0.000	0	0	0	0.000	0	0	0	0	0.000	0.000	0	0	0	0	0.000	0	0	0	0.000	0	0
121	121	1695	1544.419	709.204	0.905	77	383	892	292	27	77	383	892	292	27	110.779	203.953	380	320	247	209	191	182	172	164	158	147	130	103.411	139.203	159	148	146	144	142	141	139	136	132	127	116	0	0	0.000	0.000	0	0	0	0	0.000	0	0	0	0.000	0	0	0	0	0.000	0.000	0	0	0	0	0.000	0	0	0	0.000	0	0
122	122	1827	1094.528	715.311	0.894	87	664	914	102	12	87	664	914	102	12	112.045	119.360	125	122	121	120	120	119	119	118	118	117	114	105.924	1544.710	2344	2044	1915	1801	1644	1511	1381	1282	1211	1126	785	0	0	0.000	0.000	0	0	0	0	0.000	0	0	0	0.000	0	0	0	0	0.000	0.000	0	0	0	0	0.000	0	0	0	0.000	0	0
123	123	1517	507.282	714.515	0.901	66	160	835	410	20	66	160	835	410	20	109.788	138.237	156	152	148	145	143	139	136	132	128	123	116	103.000	675.584	1048	900	812	753	708	676	653	619	553	439	254	0	0	0.000	0.000	0	0	0	0	0.000	0	0	0	0.000	0	0	0	0	0.000	0.000	0	0	0	0	0.000	0	0	0	0.000	0	0
124	124	1779	902.876	723.813	0.823	74	414	1181	64	8	74	414	1181	64	8	111.000	164.610	210	192	183	176	170	163	157	151	146	140	128	105.000	440.295	685	609	572	542	503	453	403	352	295	245	186	0	0	0.000	0.000	0	0	0	0	0.000	0	0	0	0.000	0	0	0	0	0.000	0.000	0	0	0	0	0.000	0	0	0	0.000	0	0
125	125	450	1220.134	716.212	0.939	34	59	151	155	43	34	59	151	155	43	111.000	122.376	131	127	125	124	123	123	121	120	119	118	116	103.291	307.511	438	391	364	352	337	316	289	267	243	221	168	0	0	0.000	0.000	0	0	0	0	0.000	0	0	0	0.000	0	0	0	0	0.000	0.000	0	0	0	0	0.000	0	0	0	0.000	0	0
126	126	1317	379.735	725.427	0.882	34	335	706	200	24	34	335	706	200	24	109.265	116.487	125	120	118	117	117	116	116	115	115	114	111	102.889	176.609	218	200	193	187	181	177	172	167	161	153	132	0	0	0.000	0.000	0	0	0	0	0.000	0	0	0	0.000	0	0	0	0	0.000	0.000	0	0	0	0	0.000	0	0	0	0.000	0	0
127	127	981	178.003	724.926	0.896	488	344	78	46	16	488	344	78	46	16	110.636	178.438	219	211	203	196	189	180	168	160	152	147	141	104.867	589.671	889	791	746	698	660	625	585	526	440	306	165	0	0	0.000	0.000	0	0	0	0	0.000	0	0	0	0.000	0	0	0	0	0.000	0.000	0	0	0	0	0.000	0	0	0	0.000	0	0
128	128	1900	35.809	732.579	0.909	89	194	1148	420	8	89	194	1148	420	8	106.261	123.063	206	128	126	125	124	122	121	118	116	115	110	102.877	167.834	300	201	191	179	171	165	159	153	146	137	123	1	39	50.020	735.785	0	0	0	172	172.923	0	0	222	219.718	0	0	0	0	0.000	0.000	0	0	0	0	0.000	0	0	0	0.000	0	0
129	129	1876	97.493	734.437	0.880	21	149	1034	596	42	21	149	1034	596	42	108.359	162.198	405	220	176	163	154	148	142	135	129	123	114	104.000	163.775	232	192	183	176	170	165	159	152	143	131	117	1	144	102.823	733.709	0	0	0	298	305.417	0	0	194	193.715	0	0	0	0	0.000	0.000	0	0	0	0	0.000	0	0	0	0.000	0	0
130	130	2273	233.282	737.960	0.917	897	943	221	123	53	897	943	221	123	53	110.632	276.643	345	323	308	300	293	286	277	266	249	216	142	105.143	617.455	824	762	721	698	675	651	616	572	520	437	204	0	0	0.000	0.000	0	0	0	0	0.000	0	0	0	0.000	0	0	0	0	0.000	0.000	0	0	0	0	0.000	0	0	0	0.000	0	0
131	131	912	800.711	740.803	0.891	68	77	428	293	31	68	77	428	293	31	111.000	143.321	156	152	150	147	145	143	141	140	138	135	127	104.000	1123.698	1526	1378	1301	1219	1157	1109	1057	1016	982	903	663	0	0	0.000	0.000	0	0	0	0	0.000	0	0	0	0.000	0	0	0	0	0.000	0.000	0	0	0	0	0.000	0	0	0	0.000	0	0
132	132	1534	1785.666	745.289	0.903	159	318	821	197	15	159	318	821	197	15	110.371	222.611	1128	255	222	207	198	192	187	181	172	164	143	102.831	550.381	1633	735	646	594	548	516	481	447	413	368	274	1	74	1777.500	757.147	0	0	0	658	672.216	0	0	1105	1053.797	0	0	1	10	1777.711	755.187	0	0	0	828	786.900	0	0	1489	1467.800	0	0
133	133	1087	1833.249	745.472	0.887	364	298	199	169	40	364	298	199	169	40	110.476	195.949	249	234	225	215	204	194	187	178	169	159	143	103.000	587.956	917	804	741	687	640	597	544	480	423	372	271	0	0	0.000	0.000	0	0	0	0	0.000	0	0	0	0.000	0	0	0	0	0.000	0.000	0	0	0	0	0.000	0	0	0	0.000	0	0
134	134	463	635.363	749.532	0.913	16	38	155	193	50	16	38	155	193	50	109.542	119.482	129	124	122	121	119	119	118	117	117	116	114	102.676	114.555	126	121	118	116	115	114	113	112	111	110	106	0	0	0.000	0.000	0	0	0	0	0.000	0	0	0	0.000	0	0	0	0	0.000	0.000	0	0	0	0	0.000	0	0	0	0.000	0	0
135	135	1457	853.209	761.034	0.876	57	72	435	753	111	57	72	435	753	111	110.884	124.986	135	130	129	127	126	125	124	123	121	119	114	104.855	1072.064	1672	1432	1334	1267	1193	1103	999	890	783	660	356	0	0	0.000	0.000	0	0	0	0	0.000	0	0	0	0.000	0	0	0	0	0.000	0.000	0	0	0	0	0.000	0	0	0	0.000	0	0
136	136	1300	1084.528	770.597	0.889	19	83	513	596	63	19	83	513	596	63	112.000	119.638	128	123	121	121	120	119	119	118	118	117	115	107.000	1663.014	2400	2155	2049	1954	1845	1713	1563	1405	1258	1119	667	0	0	0.000	0.000	0	0	0	0	0.000	0	0	0	0.000	0	0	0	0	0.000	0.000	0	0	0	0	0.000	0	0	0	0.000	0	0
137	137	1768	910.314	778.442	0.903	63	1112	505	42	17	63	1112	505	42	17	111.261	172.398	224	200	191	184	178	173	167	160	152	143	132	104.977	427.364	690	595	543	497	461	434	400	351	300	247	215	0	0	0.000	0.000	0	0	0	0	0.000	0	0	0	0.000	0	0	0	0	0.000	0.000	0	0	0	0	0.000	0	0	0	0.000	0	0
138	138	1502	364.750	780.740	0.875	31	134	824	438	56	31	134	824	438	56	109.364	116.136	123	118	117	117	116	116	116	115	115	114	112	102.996	181.523	225	206	200	195	190	183	176	169	161	155	136	0	0	0.000	0.000	0	0	0	0	0.000	0	0	0	0.000	0	0	0	0	0.000	0.000	0	0	0	0	0.000	0	0	0	0.000	0	0
139	139	1640	625.310	794.840	0.856	62	474	845	183	31	62	474	845	183	31	109.343	139.139	200	173	157	145	136	129	127	125	123	121	115	102.437	128.355	172	151	141	133	128	125	122	119	117	113	106	0	0	0.000	0.000	0	0	0	0	0.000	0	0	0	0.000	0	0	0	0	0.000	0.000	0	0	0	0	0.000	0	0	0	0.000	0	0
140	140	1887	1784.191	793.601	0.903	42	268	932	552	56	42	268	932	552	56	110.913	235.961	374	277	261	252	244	234	224	215	207	194	158	103.000	656.586	941	845	804	765	720	668	618	569	508	441	330	0	0	0.000	0.000	0	0	0	0	0.000	0	0	0	0.000	0	0	0	0	0.000	0.000	0	0	0	0	0.000	0	0	0	0.000	0	0
141	141	643	726.963	790.838	0.877	14	53	187	250	124	14	53	187	250	124	110.031	205.689	287	262	244	229	213	199	188	178	169	162	148	103.000	117.429	132	124	122	121	120	118	116	114	112	110	106	0	0	0.000	0.000	0	0	0	0	0.000	0	0	0	0.000	0	0	0	0	0.000	0.000	0	0	0	0	0.000	0	0	0	0.000	0	0
142	142	1992	1035.581	812.695	0.899	42	510	1174	211	21	42	510	1174	211	21	112.082	261.113	412	349	322	298	277	254	239	224	200	173	154	106.361	1619.657	3137	2536	2266	2030	1824	1640	1527	1255	867	553	385	0	0	0.000	0.000	0	0	0	0	0.000	0	0	0	0.000	0	0	0	0	0.000	0.000	0	0	0	0	0.000	0	0	0	0.000	0	0
143	143	1269	1151.759	806.981	0.901	87	767	281	74	34	87	767	281	74	34	112.000	157.296	179	172	169	166	162	159	156	151	145	140	129	105.700	1088.009	1557	1453	1384	1296	1179	1069	1004	932	820	705	426	0	0	0.000	0.000	0	0	0	0	0.000	0	0	0	0.000	0	0	0	0	0.000	0.000	0	0	0	0	0.000	0	0	0	0.000	0	0
144	144	1721	964.805	820.121	0.879	64	477	867	245	35	64	477	867	245	35	112.000	136.734	249	153	140	136	134	132	130	127	125	123	116	104.116	480.347	1247	700	599	531	483	446	411	383	342	288	233	1	86	958.603	832.608	0	0	0	205	204.930	0	0	946	919.558	0	0	0	0	0.000	0.000	0	0	0	0	0.000	0	0	0	0.000	0	0
145	145	423	339.615	809.254	0.891	7	52	125	170	57	7	52	125	170	57	108.785	114.492	118	116	116	115	115	115	114	114	113	113	111	102.310	134.397	155	148	144	141	138	135	132	128	125	121	111	0	0	0.000	0.000	0	0	0	0	0.000	0	0	0	0.000	0	0	0	0	0.000	0.000	0	0	0	0	0.000	0	0	0	0.000	0	0
146	146	1751	841.515	821.586	0.877	116	862	619	105	18	116	862	619	105	18	111.535	127.398	138	132	131	130	129	128	127	125	123	121	116	103.421	1092.986	1728	1533	1403	1284	1198	1096	1008	902	779	641	459	0	0	0.000	0.000	0	0	0	0	0.000	0	0	0	0.000	0	0	0	0	0.000	0.000	0	0	0	0	0.000	0	0	0	0.000	0	0
147	147	1772	749.253	834.273	0.898	182	949	496	66	43	182	949	496	66	43	111.000	434.942	1084	570	523	495	471	448	420	377	315	237	143	103.000	132.529	189	147	142	137	134	132	130	126	122	117	107	0	0	0.000	0.000	0	0	0	0	0.000	0	0	0	0.000	0	0	0	0	0.000	0.000	0	0	0	0	0.000	0	0	0	0.000	0	0
148	148	1382	1088.099	833.126	0.910	175	540	580	40	12	175	540	580	40	12	112.000	271.176	383	337	314	298	281	265	254	243	231	214	171	106.998	1969.456	3179	2658	2461	2300	2144	2047	1923	1712	1440	1117	743	0	0	0.000	0.000	0	0	0	0	0.000	0	0	0	0.000	0	0	0	0	0.000	0.000	0	0	0	0	0.000	0	0	0	0.000	0	0
149	149	1245	1665.190	843.574	0.903	39	85	594	474	24	39	85	594	474	24	111.000	117.670	123	120	119	119	118	118	117	117	116	115	113	102.639	426.874	635	560	503	473	439	413	389	372	349	316	260	0	0	0.000	0.000	0	0	0	0	0.000	0	0	0	0.000	0	0	0	0	0.000	0.000	0	0	0	0	0.000	0	0	0	0.000	0	0
150	150	902	1152.369	848.199	0.909	145	264	287	166	27	145	264	287	166	27	112.000	136.827	178	156	146	140	137	134	132	130	126	123	116	105.279	809.324	2448	1442	1112	916	795	695	593	524	457	387	209	0	0	0.000	0.000	0	0	0	0	0.000	0	0	0	0.000	0	0	1	22	1157.729	851.460	0	0	0	170	170.227	0	0	2096	2069.636	0	0
151	151	3056	109.038	874.529	0.850	251	1697	954	84	16	251	1697	954	84	16	108.287	376.776	498	453	427	414	402	388	375	356	323	276	207	103.803	2338.177	3222	2943	2799	2695	2596	2490	2368	2131	1806	1464	651	0	0	0.000	0.000	0	0	0	0	0.000	0	0	0	0.000	0	0	0	0	0.000	0.000	0	0	0	0	0.000	0	0	0	0.000	0	0
152	152	2448	1276.655	868.441	0.915	244	1814	315	35	5	244	1814	315	35	5	110.889	211.207	2614	192	174	168	163	159	154	148	143	138	125	103.540	586.827	2785	793	727	676	622	570	508	439	361	296	207	1	105	1268.695	878.391	0	0	0	1094	1206.505	0	0	1484	1533.029	0	0	1	44	1269.131	878.315	0	0	0	1723	1743.864	0	0	2025	2002.773	0	0
153	153	1007	982.969	865.281	0.914	25	91	543	303	17	25	91	543	303	17	111.157	132.481	143	138	137	136	135	134	132	131	128	124	116	104.226	480.084	713	644	597	558	522	493	460	418	370	297	166	0	0	0.000	0.000	0	0	0	0	0.000	0	0	0	0.000	0	0	0	0	0.000	0.000	0	0	0	0	0.000	0	0	0	0.000	0	0
154	154	1715	205.708	879.906	0.899	126	724	693	122	15	126	724	693	122	15	108.703	492.990	9864	909	307	210	192	174	162	148	138	130	118	101.972	125.363	171	141	134	130	126	123	120	118	115	113	106	2	79	201.040	892.162	98	215.296	874.585	971	1064.696	3642	4186.398	134	133.013	143	141.929	0	0	0.000	0.000	0	0	0	0	0.000	0	0	0	0.000	0	0
155	155	1750	1623.008	880.813	0.903	100	378	1137	87	15	100	378	1137	87	15	111.000	122.058	146	129	124	123	122	121	120	119	119	118	113	103.569	490.014	761	651	612	561	522	483	455	423	377	325	229	1	14	1624.719	873.864	0	0	0	143	142.000	0	0	414	412.071	0	0	0	0	0.000	0.000	0	0	0	0	0.000	0	0	0	0.000	0	0
156	156	1587	909.815	884.246	0.893	27	277	801	400	46	27	277	801	400	46	112.000	151.859	204	174	165	159	155	151	146	141	136	133	127	104.149	670.105	1140	971	861	777	710	651	600	545	472	396	315	0	0	0.000	0.000	0	0	0	0	0.000	0	0	0	0.000	0	0	0	0	0.000	0.000	0	0	0	0	0.000	0	0	0	0.000	0	0
157	157	1248	860.011	885.356	0.902	5	91	847	242	33	5	91	847	242	33	111.848	165.387	190	183	177	172	168	165	162	158	154	150	139	104.130	896.042	1188	1121	1063	1020	965	916	849	786	736	658	475	0	0	0.000	0.000	0	0	0	0	0.000	0	0	0	0.000	0	0	0	0	0.000	0.000	0	0	0	0	0.000	0	0	0	0.000	0	0
158	158	916	1670.123	886.281	0.891	235	551	97	16	6	235	551	97	16	6	110.182	118.166	124	121	120	119	118	118	118	117	117	116	113	103.711	389.717	600	504	479	453	429	399	369	336	296	256	196	0	0	0.000	0.000	0	0	0	0	0.000	0	0	0	0.000	0	0	0	0	0.000	0.000	0	0	0	0	0.000	0	0	0	0.000	0	0
159	159	2379	1060.250	899.434	0.890	275	1740	271	30	9	275	1740	271	30	9	110.987	123.082	136	129	126	125	123	122	122	121	120	118	114	105.341	686.943	1071	898	825	779	738	696	654	604	531	459	251	0	0	0.000	0.000	0	0	0	0	0.000	0	0	0	0.000	0	0	0	0	0.000	0.000	0	0	0	0	0.000	0	0	0	0.000	0	0
160	160	422	1523.383	893.506	0.942	12	77	219	93	12	12	77	219	93	12	110.000	127.813	137	135	133	131	130	128	127	125	123	120	116	104.069	1030.742	1403	1313	1257	1214	1168	1114	1055	923	805	603	325	0	0	0.000	0.000	0	0	0	0	0.000	0	0	0	0.000	0	0	0	0	0.000	0.000	0	0	0	0	0.000	0	0	0	0.000	0	0
161	161	2067	1378.522	902.498	0.856	18	516	1244	214	21	18	516	1244	214	21	111.000	154.672	587	172	149	145	143	140	137	134	130	126	121	104.751	594.708	2488	775	726	682	629	564	502	439	373	304	203	1	118	1383.684	887.717	0	0	0	350	367.915	0	0	1422	1473.712	0	0	1	48	1384.364	887.061	0	0	0	449	446.500	0	0	1934	1891.396	0	0
162	162	1714	1301.452	926.275	0.845	22	115	763	709	72	22	115	763	709	72	110.100	155.022	178	168	164	161	159	157	154	151	145	138	130	104.980	532.471	787	668	633	603	575	541	505	468	426	380	259	0	0	0.000	0.000	0	0	0	0	0.000	0	0	0	0.000	0	0	0	0	0.000	0.000	0	0	0	0	0.000	0	0	0	0.000	0	0
163	163	1936	1519.913	935.052	0.859	75	356	1200	263	9	75	356	1200	263	9	110.267	135.502	149	145	143	141	139	137	134	131	128	124	116	104.998	1304.932	2184	1863	1664	1505	1405	1305	1202	1096	978	762	329	0	0	0.000	0.000	0	0	0	0	0.000	0	0	0	0.000	0	0	0	0	0.000	0.000	0	0	0	0	0.000	0	0	0	0.000	0	0
164	164	1359	870.473	936.319	0.892	15	48	642	562	77	15	48	642	562	77	110.806	209.737	378	234	226	220	214	208	202	194	187	180	160	104.923	855.385	1329	1071	1013	970	925	868	812	757	686	607	489	0	0	0.000	0.000	0	0	0	0	0.000	0	0	0	0.000	0	0	0	0	0.000	0.000	0	0	0	0	0.000	0	0	0	0.000	0	0
165	165	1630	925.640	944.533	0.896	7	360	898	273	49	7	360	898	273	49	110.989	255.770	1632	268	242	232	224	215	202	188	174	159	140	104.209	892.977	2811	1187	1076	1027	978	908	824	717	596	481	344	1	107	906.493	947.617	0	0	0	895	937.140	0	0	1651	1630.393	0	0	0	0	0.000	0.000	0	0	0	0	0.000	0	0	0	0.000	0	0
166	166	1468	1351.615	958.979	0.868	40	181	727	467	38	40	181	727	467	38	111.168	136.275	151	144	141	140	138	137	135	133	131	128	122	105.834	562.701	879	750	700	649	606	569	520	475	420	365	287	0	0	0.000	0.000	0	0	0	0	0.000	0	0	0	0.000	0	0	0	0	0.000	0.000	0	0	0	0	0.000	0	0	0	0.000	0	0
167	167	1430	207.643	971.252	0.887	44	295	719	318	26	44	295	719	318	26	108.000	127.390	138	134	133	132	130	129	126	124	121	119	114	103.999	408.585	554	518	492	463	439	416	391	360	324	288	195	0	0	0.000	0.000	0	0	0	0	0.000	0	0	0	0.000	0	0	0	0	0.000	0.000	0	0	0	0	0.000	0	0	0	0.000	0	0
168	168	1014	44.403	973.247	0.883	50	276	491	162	18	50	276	491	162	18	105.291	115.651	134	123	118	116	115	114	114	113	112	111	109	102.000	272.974	362	338	313	295	281	271	261	248	236	217	173	1	189	42.931	969.310	0	0	0	123	123.788	0	0	322	322.942	0	0	0	0	0.000	0.000	0	0	0	0	0.000	0	0	0	0.000	0	0
169	169	1438	1498.064	987.473	0.877	19	73	448	759	119	19	73	448	759	119	110.990	132.072	144	140	137	135	134	133	131	129	126	124	118	105.008	1375.065	1966	1755	1656	1585	1506	1424	1339	1235	1081	887	507	0	0	0.000	0.000	0	0	0	0	0.000	0	0	0	0.000	0	0	0	0	0.000	0.000	0	0	0	0	0.000	0	0	0	0.000	0	0
170	170	1732	655.736	995.264	0.904	241	1078	307	44	16	241	1078	307	44	16	110.625	146.640	225	207	183	156	137	129	125	123	121	119	115	103.501	126.073	158	145	138	130	126	123	121	119	116	113	105	0	0	0.000	0.000	0	0	0	0	0.000	0	0	0	0.000	0	0	0	0	0.000	0.000	0	0	0	0	0.000	0	0	0	0.000	0	0
171	171	1550	1401.086	998.266	0.898	51	444	726	277	25	51	444	726	277	25	111.183	118.792	125	122	120	120	119	119	118	118	117	116	113	105.845	913.573	1426	1293	1197	1112	1017	911	814	723	623	533	385	0	0	0.000	0.000	0	0	0	0	0.000	0	0	0	0.000	0	0	0	0	0.000	0.000	0	0	0	0	0.000	0	0	0	0.000	0	0
172	172	1295	1056.340	1007.437	0.908	27	202	545	413	73	27	202	545	413	73	111.000	151.800	177	166	161	158	155	153	150	147	142	136	127	102.968	796.731	1277	1094	998	935	867	800	728	651	577	503	401	0	0	0.000	0.000	0	0	0	0	0.000	0	0	0	0.000	0	0	0	0	0.000	0.000	0	0	0	0	0.000	0	0	0	0.000	0	0
173	173	857	227.830	1005.506	0.919	21	95	473	230	16	21	95	473	230	16	108.000	117.958	126	123	121	120	119	118	117	116	115	114	111	103.972	306.183	435	405	379	357	331	305	281	259	233	211	165	0	0	0.000	0.000	0	0	0	0	0.000	0	0	0	0.000	0	0	0	0	0.000	0.000	0	0	0	0	0.000	0	0	0	0.000	0	0
174	174	1390	190.584	1021.171	0.905	47	161	828	301	28	47	161	828	301	28	107.863	125.299	163	136	130	127	125	123	122	121	119	118	113	103.483	385.065	616	509	469	434	412	382	355	323	290	262	199	0	0	0.000	0.000	0	0	0	0	0.000	0	0	0	0.000	0	0	0	0	0.000	0.000	0	0	0	0	0.000	0	0	0	0.000	0	0
175	175	1521	1252.525	1020.587	0.907	58	258	788	343	49	58	258	788	343	49	111.836	143.053	165	157	153	150	147	144	140	135	132	129	125	105.057	527.435	912	734	658	600	553	516	481	440	382	333	294	0	0	0.000	0.000	0	0	0	0	0.000	0	0	0	0.000	0	0	0	0	0.000	0.000	0	0	0	0	0.000	0	0	0	0.000	0	0
176	176	1085	1372.094	1037.119	0.882	27	145	491	352	50	27	145	491	352	50	111.912	118.730	124	121	120	120	119	119	118	118	117	117	114	105.133	934.756	1453	1282	1154	1067	992	924	856	768	695	635	474	0	0	0.000	0.000	0	0	0	0	0.000	0	0	0	0.000	0	0	0	0	0.000	0.000	0	0	0	0	0.000	0	0	0	0.000	0	0
177	177	1267	1970.678	1042.931	0.901	59	128	592	422	40	59	128	592	422	40	110.000	120.733	132	125	123	122	122	121	120	119	118	116	112	103.674	709.857	1008	885	835	807	776	736	683	629	572	499	321	0	0	0.000	0.000	0	0	0	0	0.000	0	0	0	0.000	0	0	0	0	0.000	0.000	0	0	0	0	0.000	0	0	0	0.000	0	0
178	178	1432	1046.727	1051.678	0.884	38	348	762	233	24	38	348	762	233	24	111.000	170.880	1001	176	159	155	152	150	147	145	142	138	127	103.943	875.786	3334	1082	975	919	871	822	771	730	681	630	477	1	70	1039.346	1058.310	0	0	0	484	507.886	0	0	1703	1831.114	0	0	1	17	1040.612	1056.582	0	0	0	519	540.176	0	0	2521	2509.412	0	0
179	179	1331	463.605	1052.089	0.887	41	119	568	500	77	41	119	568	500	77	109.772	131.051	155	142	139	137	134	131	128	125	122	120	114	104.000	135.548	162	151	147	143	139	135	132	129	124	120	110	0	0	0.000	0.000	0	0	0	0	0.000	0	0	0	0.000	0	0	0	0	0.000	0.000	0	0	0	0	0.000	0	0	0	0.000	0	0
180	180	1010	1216.348	1051.684	0.892	30	359	426	136	25	30	359	426	136	25	112.000	143.167	163	153	151	148	146	144	141	139	135	132	124	105.978	452.313	648	612	579	542	499	456	414	374	331	283	212	0	0	0.000	0.000	0	0	0	0	0.000	0	0	0	0.000	0	0	0	0	0.000	0.000	0	0	0	0	0.000	0	0	0	0.000	0	0
181	181	1840	1695.815	1062.643	0.863	183	1383	198	32	7	183	1383	198	32	7	111.755	156.383	209	168	162	159	157	156	154	152	150	145	128	104.031	122.118	136	128	126	125	123	122	121	119	118	116	110	0	0	0.000	0.000	0	0	0	0	0.000	0	0	0	0.000	0	0	0	0	0.000	0.000	0	0	0	0	0.000	0	0	0	0.000	0	0
182	182	814	507.863	1051.814	0.921	29	126	325	255	67	29	126	325	255	67	110.994	125.932	141	137	133	130	126	124	123	121	120	118	114	104.000	125.479	143	135	132	130	128	126	124	121	119	116	109	0	0	0.000	0.000	0	0	0	0	0.000	0	0	0	0.000	0	0	0	0	0.000	0.000	0	0	0	0	0.000	0	0	0	0.000	0	0
183	183	202	1080.851	1049.826	0.941	23	60	82	33	1	23	60	82	33	1	111.000	126.168	136	132	130	129	128	127	125	123	122	120	116	104.000	368.718	494	465	435	413	393	371	344	322	301	284	237	0	0	0.000	0.000	0	0	0	0	0.000	0	0	0	0.000	0	0	0	0	0.000	0.000	0	0	0	0	0.000	0	0	0	0.000	0	0
184	184	566	358.259	1059.212	0.929	61	83	224	153	34	61	83	224	153	34	108.883	115.694	120	118	117	117	116	116	115	115	114	114	111	103.322	373.269	588	535	500	459	421	376	327	284	248	209	167	0	0	0.000	0.000	0	0	0	0	0.000	0	0	0	0.000	0	0	0	0	0.000	0.000	0	0	0	0	0.000	0	0	0	0.000	0	0
185	185	1645	399.219	1073.264	0.904	60	206	928	382	40	60	206	928	382	40	109.038	117.770	134	123	120	119	117	117	116	116	115	114	112	104.000	574.080	883	737	678	633	602	578	550	516	470	410	249	0	0	0.000	0.000	0	0	0	0	0.000	0	0	0	0.000	0	0	0	0	0.000	0.000	0	0	0	0	0.000	0	0	0	0.000	0	0
186	186	1991	1183.120	1096.549	0.899	277	1386	262	34	5	277	1386	262	34	5	111.160	122.571	133	127	125	124	123	122	121	121	120	119	114	105.682	1847.132	2736	2403	2211	2057	1941	1837	1740	1631	1523	1400	675	0	0	0.000	0.000	0	0	0	0	0.000	0	0	0	0.000	0	0	0	0	0.000	0.000	0	0	0	0	0.000	0	0	0	0.000	0	0
187	187	1815	1243.474	1098.841	0.894	892	615	138	120	24	892	615	138	120	24	112.000	153.437	271	171	161	157	154	151	148	144	139	133	122	106.000	671.183	1151	941	836	767	711	642	593	549	495	446	272	1	28	1252.881	1089.971	0	0	0	245	241.679	0	0	564	555.964	0	0	0	0	0.000	0.000	0	0	0	0	0.000	0	0	0	0.000	0	0
188	188	1725	1537.897	1111.045	0.840	25	313	1098	233	17	25	313	1098	233	17	111.926	384.094	6582	431	221	207	196	187	178	170	163	156	137	105.000	816.322	5526	1017	882	804	742	697	635	582	502	418	294	1	104	1534.032	1118.341	0	0	0	2759	2947.779	0	0	2690	2811.288	0	0	1	73	1534.569	1118.368	0	0	0	3488	3496.123	0	0	3179	3304.260	0	0
189	189	1795	2014.831	1119.058	0.887	11	306	1197	233	22	11	306	1197	233	22	109.014	165.847	1143	216	136	131	129	127	125	123	121	119	114	103.007	140.350	186	155	150	148	145	141	138	133	127	123	111	1	132	2020.534	1130.331	0	0	0	532	572.826	0	0	161	159.462	0	0	0	0	0.000	0.000	0	0	0	0	0.000	0	0	0	0.000	0	0
190	190	878	1744.295	1114.601	0.932	160	438	236	13	12	160	438	236	13	12	112.000	141.465	205	183	164	148	138	131	127	125	122	120	115	104.000	124.579	142	133	131	129	128	126	124	121	117	113	108	1	135	1745.220	1110.590	0	0	0	187	185.889	0	0	131	130.933	0	0	0	0	0.000	0.000	0	0	0	0	0.000	0	0	0	0.000	0	0
191	191	2158	379.802	1129.157	0.887	210	787	805	283	29	210	787	805	283	29	110.000	136.781	559	137	135	133	132	130	128	126	124	121	115	103.816	128.297	175	134	132	131	130	129	128	126	124	120	105	1	74	399.347	1137.982	0	0	0	306	319.068	0	0	138	140.905	0	0	0	0	0.000	0.000	0	0	0	0	0.000	0	0	0	0.000	0	0
192	192	2043	438.496	1131.799	0.859	39	339	1004	551	68	39	339	1004	551	68	109.921	301.449	2965	640	181	135	131	129	127	126	124	121	115	103.637	130.015	243	147	130	127	126	124	123	122	120	118	107	1	244	434.557	1129.768	0	0	0	1286	1442.172	0	0	171	176.148	0	0	1	127	434.772	1129.608	0	0	0	2019	2023.079	0	0	199	199.126	0	0
193	193	602	1222.240	1129.524	0.932	8	12	215	320	35	8	12	215	320	35	112.000	139.377	153	148	145	144	143	141	139	136	133	129	123	105.997	620.595	852	792	759	711	665	629	600	567	499	413	287	0	0	0.000	0.000	0	0	0	0	0.000	0	0	0	0.000	0	0	0	0	0.000	0.000	0	0	0	0	0.000	0	0	0	0.000	0	0
194	194	1098	1088.995	1135.488	0.908	12	38	503	488	38	12	38	503	488	38	111.000	139.871	157	152	149	145	142	139	136	134	132	129	124	104.111	887.462	1269	1178	1130	1040	945	878	812	750	688	602	433	0	0	0.000	0.000	0	0	0	0	0.000	0	0	0	0.000	0	0	0	0	0.000	0.000	0	0	0	0	0.000	0	0	0	0.000	0	0
195	195	340	1499.869	1135.566	0.867	26	62	150	78	18	26	62	150	78	18	112.000	144.326	157	155	153	151	148	144	141	139	136	133	128	105.000	438.944	594	535	521	495	472	444	417	391	363	334	283	0	0	0.000	0.000	0	0	0	0	0.000	0	0	0	0.000	0	0	0	0	0.000	0.000	0	0	0	0	0.000	0	0	0	0.000	0	0
196	196	1467	1252.041	1151.704	0.896	21	111	682	578	46	21	111	682	578	46	112.000	142.268	158	153	151	149	146	144	141	138	134	129	119	105.136	614.287	968	838	776	715	661	608	562	507	451	403	217	0	0	0.000	0.000	0	0	0	0	0.000	0	0	0	0.000	0	0	0	0	0.000	0.000	0	0	0	0	0.000	0	0	0	0.000	0	0
197	197	1493	1528.436	1153.250	0.893	198	1040	193	25	10	198	1040	193	25	10	112.000	183.218	236	215	206	197	189	183	176	169	162	150	134	104.411	679.348	1089	956	886	802	726	679	633	564	486	391	267	0	0	0.000	0.000	0	0	0	0	0.000	0	0	0	0.000	0	0	0	0	0.000	0.000	0	0	0	0	0.000	0	0	0	0.000	0	0
198	198	1366	643.158	1157.363	0.886	139	816	330	49	16	139	816	330	49	16	111.427	504.217	9905	463	261	226	213	203	193	182	174	165	140	103.214	119.436	153	125	122	121	120	119	118	117	115	114	108	1	89	635.941	1171.646	0	0	0	3881	4273.169	0	0	128	129.629	0	0	0	0	0.000	0.000	0	0	0	0	0.000	0	0	0	0.000	0	0
199	199	1517	1042.460	1156.594	0.915	62	96	432	791	108	62	96	432	791	108	111.000	146.326	169	161	157	154	150	146	142	139	135	132	123	103.945	1047.212	1705	1473	1368	1248	1156	1054	950	838	729	621	313	0	0	0.000	0.000	0	0	0	0	0.000	0	0	0	0.000	0	0	0	0	0.000	0.000	0	0	0	0	0.000	0	0	0	0.000	0	0
200	200	637	2027.642	1162.002	0.939	37	85	230	243	26	37	85	230	243	26	109.000	122.135	131	126	125	124	123	122	121	120	119	118	114	103.002	129.058	172	137	134	133	131	130	128	125	122	119	110	0	0	0.000	0.000	0	0	0	0	0.000	0	0	0	0.000	0	0	0	0	0.000	0.000	0	0	0	0	0.000	0	0	0	0.000	0	0
201	201	1429	1890.303	1179.509	0.859	19	72	684	569	66	19	72	684	569	66	111.000	148.817	218	163	158	153	150	147	144	141	138	133	124	103.987	291.725	424	382	347	317	299	283	268	254	240	226	173	0	0	0.000	0.000	0	0	0	0	0.000	0	0	0	0.000	0	0	0	0	0.000	0.000	0	0	0	0	0.000	0	0	0	0.000	0	0
202	202	1635	1960.835	1188.157	0.920	23	74	1054	401	62	23	74	1054	401	62	110.987	132.520	143	138	136	135	134	133	132	131	129	126	116	103.373	287.658	388	360	338	322	307	290	272	255	239	214	168	0	0	0.000	0.000	0	0	0	0	0.000	0	0	0	0.000	0	0	0	0	0.000	0.000	0	0	0	0	0.000	0	0	0	0.000	0	0
203	203	2200	1930.611	1235.259	0.857	47	233	1340	525	14	47	233	1340	525	14	111.296	178.171	2009	158	136	134	132	130	128	126	124	121	116	103.896	312.616	2910	336	294	275	261	244	229	215	196	164	139	1	111	1917.604	1231.483	0	0	0	891	951.640	0	0	1251	1328.613	0	0	1	108	1918.506	1230.255	0	0	0	740	852.083	0	0	1428	1490.250	0	0
204	204	733	1892.317	1224.005	0.862	13	50	302	304	55	13	50	302	304	55	111.000	133.659	146	142	140	138	136	134	132	130	127	125	121	103.566	244.677	318	299	282	272	262	247	232	219	204	189	163	0	0	0.000	0.000	0	0	0	0	0.000	0	0	0	0.000	0	0	0	0	0.000	0.000	0	0	0	0	0.000	0	0	0	0.000	0	0
205	205	252	1085.902	1222.469	0.835	26	66	103	44	9	26	66	103	44	9	111.075	122.639	128	126	125	124	124	123	122	121	120	119	116	102.135	918.437	1142	1088	1062	1023	996	952	902	835	773	699	552	0	0	0.000	0.000	0	0	0	0	0.000	0	0	0	0.000	0	0	0	0	0.000	0.000	0	0	0	0	0.000	0	0	0	0.000	0	0
206	206	1596	55.421	1245.777	0.858	20	423	934	163	15	20	423	934	163	15	105.915	111.528	120	114	113	112	112	111	111	110	110	109	107	101.000	154.008	176	166	162	160	158	156	153	150	146	139	125	0	0	0.000	0.000	0	0	0	0	0.000	0	0	0	0.000	0	0	0	0	0.000	0.000	0	0	0	0	0.000	0	0	0	0.000	0	0
207	207	786	166.204	1239.333	0.889	76	135	113	274	171	76	135	113	274	171	107.868	125.285	134	130	129	128	127	126	125	123	121	119	115	102.000	344.838	464	433	415	400	383	358	329	300	267	238	180	0	0	0.000	0.000	0	0	0	0	0.000	0	0	0	0.000	0	0	0	0	0.000	0.000	0	0	0	0	0.000	0	0	0	0.000	0	0
208	208	2311	1977.475	1262.308	0.831	23	437	1438	339	39	23	437	1438	339	39	110.302	124.394	134	129	128	126	125	124	123	122	121	120	114	103.695	1801.346	3129	2767	2474	2293	2049	1758	1506	1300	1110	897	622	0	0	0.000	0.000	0	0	0	0	0.000	0	0	0	0.000	0	0	0	0	0.000	0.000	0	0	0	0	0.000	0	0	0	0.000	0	0
209	209	2209	716.884	1262.678	0.894	65	513	1321	258	7	65	513	1321	258	7	111.729	199.585	995	226	215	204	195	186	179	172	161	150	133	103.782	624.048	2153	885	807	741	677	611	547	486	421	328	242	1	63	725.631	1250.915	0	0	0	546	576.508	0	0	1156	1237.254	0	0	0	0	0.000	0.000	0	0	0	0	0.000	0	0	0	0.000	0	0
210	210	1473	1411.740	1269.042	0.895	32	586	767	45	10	32	586	767	45	10	112.999	124.007	140	129	127	125	124	123	123	122	121	120	117	103.636	1687.513	4923	2407	1991	1852	1728	1605	1499	1365	1176	919	505	0	0	0.000	0.000	0	0	0	0	0.000	0	0	0	0.000	0	0	0	0	0.000	0.000	0	0	0	0	0.000	0	0	0	0.000	0	0
211	211	1944	182.617	1284.091	0.885	64	41	489	1172	140	64	41	489	1172	140	108.000	253.189	2882	401	146	132	130	128	126	124	122	120	112	102.000	540.358	3526	828	504	476	455	427	399	367	315	258	193	1	172	175.839	1287.591	0	0	0	1220	1368.936	0	0	1675	1709.116	0	0	1	130	176.730	1288.176	0	0	0	1561	1512.938	0	0	1982	2075.477	0	0
212	212	1179	1466.155	1280.075	0.911	17	119	610	382	39	17	119	610	382	39	112.296	123.298	131	127	126	125	124	124	123	121	120	119	115	103.000	118.334	129	124	122	121	120	119	118	117	115	111	106	0	0	0.000	0.000	0	0	0	0	0.000	0	0	0	0.000	0	0	0	0	0.000	0.000	0	0	0	0	0.000	0	0	0	0.000	0	0
213	213	744	23.478	1283.591	0.793	34	349	304	33	11	34	349	304	33	11	104.657	117.153	126	121	120	118	118	117	116	116	115	114	110	99.991	116.390	131	123	121	120	118	116	114	113	112	110	107	0	0	0.000	0.000	0	0	0	0	0.000	0	0	0	0.000	0	0	0	0	0.000	0.000	0	0	0	0	0.000	0	0	0	0.000	0	0
214	214	1391	88.621	1291.476	0.883	11	85	795	422	55	11	85	795	422	55	106.691	112.549	118	115	114	113	113	112	112	111	111	110	107	101.216	149.615	176	165	161	157	153	150	146	142	138	134	123	0	0	0.000	0.000	0	0	0	0	0.000	0	0	0	0.000	0	0	0	0	0.000	0.000	0	0	0	0	0.000	0	0	0	0.000	0	0
215	215	390	1934.949	1282.848	0.934	12	38	86	181	62	12	38	86	181	62	111.000	117.385	121	120	119	119	118	118	117	116	116	115	112	104.000	839.692	1301	1208	1112	1020	931	844	746	655	570	500	352	0	0	0.000	0.000	0	0	0	0	0.000	0	0	0	0.000	0	0	0	0	0.000	0.000	0	0	0	0	0.000	0	0	0	0.000	0	0
216	216	1408	1615.483	1297.667	0.898	128	889	313	36	15	128	889	313	36	15	112.839	121.159	131	125	123	122	122	121	120	120	119	118	115	103.566	142.376	156	149	147	145	144	142	141	140	138	136	125	0	0	0.000	0.000	0	0	0	0	0.000	0	0	0	0.000	0	0	0	0	0.000	0.000	0	0	0	0	0.000	0	0	0	0.000	0	0
217	217	2000	759.018	1307.531	0.888	47	441	918	514	51	47	441	918	514	51	112.000	727.482	5182	2658	739	288	219	206	193	180	167	155	132	104.043	1276.610	6707	3578	1370	878	795	727	660	580	491	402	244	0	0	0.000	0.000	0	0	0	0	0.000	0	0	0	0.000	0	0	0	0	0.000	0.000	0	0	0	0	0.000	0	0	0	0.000	0	0
218	218	1851	1503.443	1311.213	0.906	8	267	1042	410	99	8	267	1042	410	99	112.024	442.860	4373	1223	260	143	132	130	128	127	125	122	116	103.736	125.736	223	149	127	123	121	119	117	116	114	113	109	1	268	1510.875	1312.337	0	0	0	1851	2126.858	0	0	165	165.157	0	0	1	167	1511.822	1312.293	0	0	0	2801	2710.479	0	0	183	183.521	0	0
219	219	2250	1558.440	1312.864	0.848	24	648	1328	179	11	24	648	1328	179	11	112.123	122.025	129	126	124	123	123	122	121	121	120	119	116	103.961	127.301	151	141	137	134	130	127	123	120	118	115	108	0	0	0.000	0.000	0	0	0	0	0.000	0	0	0	0.000	0	0	0	0	0.000	0.000	0	0	0	0	0.000	0	0	0	0.000	0	0
220	220	1575	865.348	1307.311	0.882	75	477	805	161	31	75	477	805	161	31	111.821	123.856	133	129	127	126	125	123	122	122	121	119	114	104.006	1379.937	2442	1919	1742	1585	1464	1351	1232	1081	980	878	731	0	0	0.000	0.000	0	0	0	0	0.000	0	0	0	0.000	0	0	0	0	0.000	0.000	0	0	0	0	0.000	0	0	0	0.000	0	0
221	221	645	609.135	1302.061	0.900	76	236	209	86	20	76	236	209	86	20	111.076	156.319	199	180	173	169	166	158	150	143	136	130	123	102.998	129.623	164	144	139	135	132	130	127	123	118	115	109	0	0	0.000	0.000	0	0	0	0	0.000	0	0	0	0.000	0	0	0	0	0.000	0.000	0	0	0	0	0.000	0	0	0	0.000	0	0
222	222	2757	1997.018	1321.706	0.863	31	486	1804	353	38	31	486	1804	353	38	109.569	125.240	135	130	129	128	127	126	125	123	122	119	114	103.781	1949.921	2942	2662	2562	2456	2325	2130	1838	1518	1293	1009	428	0	0	0.000	0.000	0	0	0	0	0.000	0	0	0	0.000	0	0	0	0	0.000	0.000	0	0	0	0	0.000	0	0	0	0.000	0	0
223	223	889	136.590	1310.338	0.906	78	256	357	147	25	78	256	357	147	25	107.584	134.034	150	143	141	139	137	135	133	130	126	123	118	102.000	189.367	232	214	209	202	195	190	184	179	172	163	137	0	0	0.000	0.000	0	0	0	0	0.000	0	0	0	0.000	0	0	0	0	0.000	0.000	0	0	0	0	0.000	0	0	0	0.000	0	0
224	224	1940	711.167	1334.932	0.883	1479	311	51	36	28	1479	311	51	36	28	112.000	262.669	2850	374	181	172	166	159	153	148	143	137	127	104.052	671.645	4296	892	770	690	611	525	453	397	358	311	233	1	146	722.740	1335.448	0	0	0	1251	1348.938	0	0	2164	2289.075	0	0	1	113	722.862	1335.371	0	0	0	1455	1542.115	0	0	2472	2574.796	0	0
225	225	972	822.755	1331.178	0.904	38	64	338	429	84	38	64	338	429	84	112.000	122.144	130	126	125	124	123	122	121	120	119	118	115	104.537	1691.100	2231	2113	2022	1938	1845	1745	1640	1531	1393	1190	590	0	0	0.000	0.000	0	0	0	0	0.000	0	0	0	0.000	0	0	0	0	0.000	0.000	0	0	0	0	0.000	0	0	0	0.000	0	0
226	226	733	1733.301	1343.735	0.848	27	244	302	122	26	27	244	302	122	26	112.543	265.965	1065	540	323	220	190	179	173	166	161	156	146	104.944	134.165	204	148	142	137	134	132	130	127	124	120	115	1	122	1728.520	1352.957	0	0	0	600	628.074	0	0	140	138.730	0	0	0	0	0.000	0.000	0	0	0	0	0.000	0	0	0	0.000	0	0
227	227	1608	120.076	1352.791	0.894	15	173	852	500	34	15	173	852	500	34	107.386	141.284	162	154	149	146	143	141	138	136	133	131	122	101.685	200.192	270	240	229	219	209	201	190	178	169	163	150	0	0	0.000	0.000	0	0	0	0	0.000	0	0	0	0.000	0	0	0	0	0.000	0.000	0	0	0	0	0.000	0	0	0	0.000	0	0
228	228	1219	279.590	1347.295	0.905	58	83	730	287	33	58	83	730	287	33	109.000	114.660	123	117	116	115	115	114	114	113	113	112	111	102.000	218.668	291	267	253	241	229	218	207	195	183	172	151	0	0	0.000	0.000	0	0	0	0	0.000	0	0	0	0.000	0	0	0	0	0.000	0.000	0	0	0	0	0.000	0	0	0	0.000	0	0
229	229	1646	548.542	1364.463	0.898	122	1202	265	15	6	122	1202	265	15	6	110.923	127.242	135	131	130	129	129	128	127	126	125	122	114	103.235	243.399	313	282	271	263	254	244	235	226	215	202	171	0	0	0.000	0.000	0	0	0	0	0.000	0	0	0	0.000	0	0	0	0	0.000	0.000	0	0	0	0	0.000	0	0	0	0.000	0	0
230	230	1870	1538.229	1374.418	0.898	89	442	1162	136	11	89	442	1162	136	11	112.888	121.427	130	125	123	122	122	121	121	120	120	118	115	104.644	138.065	161	150	146	141	139	137	135	133	131	128	120	0	0	0.000	0.000	0	0	0	0	0.000	0	0	0	0.000	0	0	0	0	0.000	0.000	0	0	0	0	0.000	0	0	0	0.000	0	0
231	231	1555	1660.339	1374.284	0.919	838	333	265	81	16	838	333	265	81	16	113.828	120.932	128	124	123	122	121	121	120	120	119	118	115	106.081	954.918	1584	1269	1158	1091	1031	974	906	834	742	629	326	0	0	0.000	0.000	0	0	0	0	0.000	0	0	0	0.000	0	0	0	0	0.000	0.000	0	0	0	0	0.000	0	0	0	0.000	0	0
232	232	2087	1804.351	1391.945	0.864	46	374	1232	338	44	46	374	1232	338	44	111.916	121.759	131	126	124	123	122	122	121	120	119	118	115	104.601	837.288	1347	1198	1083	997	923	844	765	680	577	457	331	0	0	0.000	0.000	0	0	0	0	0.000	0	0	0	0.000	0	0	0	0	0.000	0.000	0	0	0	0	0.000	0	0	0	0.000	0	0
233	233	1704	313.919	1383.744	0.886	6	30	587	954	93	6	30	587	954	93	109.000	114.901	120	118	117	116	115	115	114	114	113	112	109	102.172	213.140	274	256	245	235	225	213	202	191	180	170	140	0	0	0.000	0.000	0	0	0	0	0.000	0	0	0	0.000	0	0	0	0	0.000	0.000	0	0	0	0	0.000	0	0	0	0.000	0	0
234	234	1332	655.676	1381.224	0.892	49	181	617	388	79	49	181	617	388	79	111.000	143.437	165	156	153	150	146	143	140	137	134	131	127	104.622	817.532	1178	1067	999	941	889	833	771	696	620	549	465	0	0	0.000	0.000	0	0	0	0	0.000	0	0	0	0.000	0	0	0	0	0.000	0.000	0	0	0	0	0.000	0	0	0	0.000	0	0
235	235	1085	1306.240	1386.163	0.897	22	118	454	410	61	22	118	454	410	61	113.000	120.586	125	124	122	122	121	120	120	119	119	118	115	104.001	141.156	170	154	150	147	145	142	139	136	133	127	114	0	0	0.000	0.000	0	0	0	0	0.000	0	0	0	0.000	0	0	0	0	0.000	0.000	0	0	0	0	0.000	0	0	0	0.000	0	0
236	236	1922	1383.477	1392.215	0.889	353	1231	264	29	6	353	1231	264	29	6	112.899	129.711	148	143	139	134	129	127	125	124	123	121	117	104.169	122.835	136	130	128	126	124	123	121	120	118	116	105	0	0	0.000	0.000	0	0	0	0	0.000	0	0	0	0.000	0	0	0	0	0.000	0.000	0	0	0	0	0.000	0	0	0	0.000	0	0
237	237	738	165.219	1390.086	0.741	12	126	423	151	19	12	126	423	151	19	107.000	143.902	174	157	152	148	145	143	140	138	135	133	128	102.260	209.799	288	265	255	240	226	206	189	179	171	157	136	0	0	0.000	0.000	0	0	0	0	0.000	0	0	0	0.000	0	0	0	0	0.000	0.000	0	0	0	0	0.000	0	0	0	0.000	0	0
238	238	913	1041.325	1397.841	0.902	51	287	486	64	12	51	287	486	64	12	112.844	127.548	155	136	132	130	128	126	124	123	122	121	118	104.792	430.343	600	533	508	483	458	437	415	387	359	311	230	0	0	0.000	0.000	0	0	0	0	0.000	0	0	0	0.000	0	0	0	0	0.000	0.000	0	0	0	0	0.000	0	0	0	0.000	0	0
239	239	2000	1133.559	1412.482	0.900	1678	266	30	9	8	1678	266	30	9	8	114.347	637.373	5438	1897	728	360	241	202	183	174	168	160	135	106.766	854.954	4068	1720	993	765	702	637	574	516	460	399	202	1	297	1137.975	1413.236	0	0	0	2411	2659.613	0	0	2041	2140.838	0	0	1	170	1139.252	1412.963	0	0	0	3334	3383.465	0	0	2605	2702.859	0	0
240	240	338	695.359	1395.069	0.914	62	99	118	51	6	62	99	118	51	6	111.828	122.109	130	125	124	123	123	123	122	121	120	118	115	105.000	262.293	536	312	293	280	269	260	250	238	223	202	143	0	0	0.000	0.000	0	0	0	0	0.000	0	0	0	0.000	0	0	0	0	0.000	0.000	0	0	0	0	0.000	0	0	0	0.000	0	0
241	241	2009	576.047	1422.680	0.883	102	294	1510	72	10	102	294	1510	72	10	110.761	126.999	136	132	131	130	129	128	127	125	123	121	115	104.265	231.890	326	299	277	260	242	228	215	202	189	173	146	0	0	0.000	0.000	0	0	0	0	0.000	0	0	0	0.000	0	0	0	0	0.000	0.000	0	0	0	0	0.000	0	0	0	0.000	0	0
242	242	378	1514.770	1409.188	0.828	100	120	52	65	34	100	120	52	65	34	111.807	119.606	123	122	121	120	120	119	119	119	118	118	115	105.000	135.169	148	140	139	138	137	135	134	133	131	129	126	0	0	0.000	0.000	0	0	0	0	0.000	0	0	0	0.000	0	0	0	0	0.000	0.000	0	0	0	0	0.000	0	0	0	0.000	0	0
243	243	728	1634.320	1425.313	0.831	16	170	288	185	60	16	170	288	185	60	114.146	229.238	484	301	286	267	250	234	207	181	161	150	139	106.971	2481.150	6894	3775	3573	3324	3048	2669	2155	1624	1092	723	509	0	0	0.000	0.000	0	0	0	0	0.000	0	0	0	0.000	0	0	0	0	0.000	0.000	0	0	0	0	0.000	0	0	0	0.000	0	0
244	244	1707	686.435	1429.109	0.908	31	241	1105	277	22	31	241	1105	277	22	111.000	151.679	176	165	160	156	153	151	149	146	144	141	129	105.000	793.115	1271	1151	1050	962	871	787	705	628	563	458	198	0	0	0.000	0.000	0	0	0	0	0.000	0	0	0	0.000	0	0	0	0	0.000	0.000	0	0	0	0	0.000	0	0	0	0.000	0	0
245	245	1454	1322.081	1429.638	0.884	36	323	914	137	7	36	323	914	137	7	113.000	123.779	161	131	125	123	122	122	121	121	120	119	116	104.899	147.273	167	158	155	152	149	147	144	142	140	137	125	1	152	1330.451	1425.247	0	0	0	139	140.572	0	0	147	146.625	0	0	0	0	0.000	0.000	0	0	0	0	0.000	0	0	0	0.000	0	0
246	246	2294	1580.697	1439.277	0.896	1618	485	56	42	21	1618	485	56	42	21	113.636	123.976	135	131	129	127	125	123	122	121	120	119	115	105.731	161.754	184	173	170	167	165	163	161	159	156	147	123	0	0	0.000	0.000	0	0	0	0	0.000	0	0	0	0.000	0	0	0	0	0.000	0.000	0	0	0	0	0.000	0	0	0	0.000	0	0
247	247	2588	1704.792	1454.979	0.883	176	236	1269	815	55	176	236	1269	815	55	114.305	299.709	1444	453	292	276	263	248	234	218	199	182	156	106.912	2602.794	7811	3583	3258	3099	2874	2618	2302	1950	1526	1111	725	1	178	1716.226	1444.112	0	0	0	891	912.854	0	0	5533	5494.045	0	0	0	0	0.000	0.000	0	0	0	0	0.000	0	0	0	0.000	0	0
248	248	2372	1818.429	1457.785	0.890	84	972	932	218	106	84	972	932	218	106	111.777	123.894	134	128	127	126	125	124	123	122	121	120	115	105.690	1100.361	1607	1399	1326	1270	1203	1142	1068	984	875	737	420	0	0	0.000	0.000	0	0	0	0	0.000	0	0	0	0.000	0	0	0	0	0.000	0.000	0	0	0	0	0.000	0	0	0	0.000	0	0
249	249	421	1915.006	1440.686	0.920	65	133	129	70	16	65	133	129	70	16	111.401	261.542	369	318	301	287	273	259	244	235	227	208	171	104.000	177.741	223	203	194	186	181	176	171	166	163	157	136	0	0	0.000	0.000	0	0	0	0	0.000	0	0	0	0.000	0	0	0	0	0.000	0.000	0	0	0	0	0.000	0	0	0	0.000	0	0
250	250	1234	1384.763	1459.339	0.870	98	611	404	87	14	98	611	404	87	14	112.773	123.376	131	127	126	125	124	123	123	122	122	120	115	105.000	1038.860	1683	1417	1296	1199	1117	1025	942	863	781	684	485	0	0	0.000	0.000	0	0	0	0	0.000	0	0	0	0.000	0	0	0	0	0.000	0.000	0	0	0	0	0.000	0	0	0	0.000	0	0
251	251	1578	916.889	1463.041	0.891	241	1018	241	29	21	241	1018	241	29	21	113.000	163.885	192	181	176	171	166	163	160	157	153	149	135	105.000	638.499	987	896	825	749	682	613	563	518	473	420	323	0	0	0.000	0.000	0	0	0	0	0.000	0	0	0	0.000	0	0	0	0	0.000	0.000	0	0	0	0	0.000	0	0	0	0.000	0	0
252	252	2095	1128.571	1456.494	0.911	857	592	448	129	28	857	592	448	129	28	115.000	3233.221	27536	14655	3068	392	231	217	205	193	177	162	137	107.000	712.108	4418	2721	660	274	256	247	235	217	195	174	138	1	452	1130.301	1452.196	0	0	0	13022	13743.571	0	0	2411	2422.137	0	0	1	453	1130.450	1452.154	0	0	0	12841	13659.157	0	0	2405	2421.664	0	0
253	253	900	93.780	1472.080	0.898	80	300	346	123	41	80	300	346	123	41	106.759	159.640	227	193	183	171	160	153	148	145	139	133	122	102.591	128.514	171	146	138	134	129	126	123	120	118	115	106	0	0	0.000	0.000	0	0	0	0	0.000	0	0	0	0.000	0	0	0	0	0.000	0.000	0	0	0	0	0.000	0	0	0	0.000	0	0
254	254	1701	228.108	1477.076	0.887	1480	153	29	15	5	1480	153	29	15	5	108.000	141.502	159	155	152	149	146	142	138	134	131	128	118	103.433	475.213	687	631	597	563	527	484	442	398	351	301	226	0	0	0.000	0.000	0	0	0	0	0.000	0	0	0	0.000	0	0	0	0	0.000	0.000	0	0	0	0	0.000	0	0	0	0.000	0	0
255	255	1109	1654.236	1481.102	0.920	540	166	140	139	112	540	166	140	139	112	114.768	167.035	183	179	176	173	171	169	167	164	160	151	128	107.000	259.485	361	304	291	275	265	257	250	243	233	218	184	0	0	0.000	0.000	0	0	0	0	0.000	0	0	0	0.000	0	0	0	0	0.000	0.000	0	0	0	0	0.000	0	0	0	0.000	0	0
256	256	1231	1033.989	1478.989	0.875	351	734	108	13	5	351	734	108	13	5	113.000	194.943	894	282	192	174	163	156	151	146	142	137	129	105.448	182.568	364	232	203	190	182	173	165	157	150	144	132	1	110	1035.725	1478.096	0	0	0	483	510.209	0	0	281	282.455	0	0	1	28	1036.495	1478.044	0	0	0	740	717.286	0	0	336	330.643	0	0
257	257	753	817.400	1476.905	0.925	33	67	336	224	74	33	67	336	224	74	112.607	152.518	177	166	159	156	154	153	151	148	145	141	132	104.878	521.971	771	686	602	572	545	519	496	471	431	376	271	0	0	0.000	0.000	0	0	0	0	0.000	0	0	0	0.000	0	0	0	0	0.000	0.000	0	0	0	0	0.000	0	0	0	0.000	0	0
258	258	1618	616.214	1488.095	0.887	64	597	822	106	6	64	597	822	106	6	110.376	122.860	131	127	125	125	124	123	122	121	120	119	115	104.727	163.855	199	185	179	174	169	165	161	155	148	140	128	0	0	0.000	0.000	0	0	0	0	0.000	0	0	0	0.000	0	0	0	0	0.000	0.000	0	0	0	0	0.000	0	0	0	0.000	0	0
259	259	2045	861.508	1489.528	0.874	135	889	901	78	3	135	889	901	78	3	112.265	162.937	196	183	178	173	168	164	159	152	147	141	132	105.751	661.910	1065	948	883	829	767	686	597	510	431	360	202	0	0	0.000	0.000	0	0	0	0	0.000	0	0	0	0.000	0	0	0	0	0.000	0.000	0	0	0	0	0.000	0	0	0	0.000	0	0
260	260	1496	1450.904	1494.690	0.885	107	747	600	11	3	107	747	600	11	3	112.366	146.394	166	159	156	153	151	147	143	140	137	133	127	105.000	127.400	144	136	133	131	130	128	126	124	122	118	111	0	0	0.000	0.000	0	0	0	0	0.000	0	0	0	0.000	0	0	0	0	0.000	0.000	0	0	0	0	0.000	0	0	0	0.000	0	0
261	261	787	1355.745	1491.357	0.925	31	193	347	171	32	31	193	347	171	32	113.000	123.499	142	129	126	124	123	122	122	121	120	120	116	105.297	175.934	232	207	194	187	180	173	168	163	158	150	131	0	0	0.000	0.000	0	0	0	0	0.000	0	0	0	0.000	0	0	0	0	0.000	0.000	0	0	0	0	0.000	0	0	0	0.000	0	0
262	262	995	1212.409	1497.219	0.916	24	259	468	202	29	24	259	468	202	29	114.945	183.995	220	206	201	196	189	183	179	175	171	159	142	104.925	1112.438	1536	1416	1353	1277	1197	1113	1042	973	892	807	471	0	0	0.000	0.000	0	0	0	0	0.000	0	0	0	0.000	0	0	0	0	0.000	0.000	0	0	0	0	0.000	0	0	0	0.000	0	0
263	263	1497	123.017	1505.379	0.869	79	612	643	118	13	79	612	643	118	13	106.857	114.567	123	118	117	116	115	114	114	113	113	112	109	103.000	635.288	920	811	778	746	707	661	611	554	484	404	245	0	0	0.000	0.000	0	0	0	0	0.000	0	0	0	0.000	0	0	0	0	0.000	0.000	0	0	0	0	0.000	0	0	0	0.000	0	0
264	264	1495	504.529	1505.140	0.871	1257	175	21	12	11	1257	175	21	12	11	110.088	118.896	130	123	121	120	119	118	118	117	116	116	112	105.000	130.180	146	138	136	134	132	130	128	127	125	123	113	0	0	0.000	0.000	0	0	0	0	0.000	0	0	0	0.000	0	0	0	0	0.000	0.000	0	0	0	0	0.000	0	0	0	0.000	0	0
265	265	1723	1576.039	1503.949	0.861	82	361	921	282	32	82	361	921	282	32	114.119	469.938	4154	555	422	386	367	351	337	321	304	275	209	105.438	124.744	141	131	128	127	125	125	123	123	121	120	111	1	95	1578.982	1493.992	0	0	0	1900	2075.084	0	0	127	127.221	0	0	0	0	0.000	0.000	0	0	0	0	0.000	0	0	0	0.000	0	0
266	266	1714	176.288	1505.154	0.872	24	126	884	608	42	24	126	884	608	42	108.000	144.604	176	160	154	150	148	145	142	139	136	130	115	103.320	534.826	828	744	669	618	566	515	471	434	402	371	256	0	0	0.000	0.000	0	0	0	0	0.000	0	0	0	0.000	0	0	0	0	0.000	0.000	0	0	0	0	0.000	0	0	0	0.000	0	0
267	267	2160	563.410	1513.672	0.869	80	755	968	296	20	80	755	968	296	20	111.000	122.927	130	127	125	125	124	123	122	122	120	119	114	104.797	138.871	162	151	147	144	141	138	136	134	131	128	114	0	0	0.000	0.000	0	0	0	0	0.000	0	0	0	0.000	0	0	0	0	0.000	0.000	0	0	0	0	0.000	0	0	0	0.000	0	0
268	268	1538	791.696	1508.915	0.898	33	60	559	784	71	33	60	559	784	71	112.265	169.047	695	206	163	160	156	149	142	137	133	131	125	104.542	206.069	461	245	231	222	215	205	192	177	163	156	145	1	101	803.444	1506.079	0	0	0	406	421.614	0	0	313	318.832	0	0	0	0	0.000	0.000	0	0	0	0	0.000	0	0	0	0.000	0	0
269	269	2199	1150.808	1519.194	0.899	464	1641	32	27	12	464	1641	32	27	12	114.643	179.424	224	212	206	200	193	183	172	160	150	143	128	105.764	202.037	268	252	242	230	212	202	193	177	163	151	132	0	0	0.000	0.000	0	0	0	0	0.000	0	0	0	0.000	0	0	0	0	0.000	0.000	0	0	0	0	0.000	0	0	0	0.000	0	0
270	270	1472	1254.417	1520.097	0.877	3	111	673	564	96	3	111	673	564	96	113.769	174.338	214	203	196	187	181	175	167	160	152	147	137	104.995	987.361	1544	1363	1261	1172	1075	988	891	794	687	623	486	0	0	0.000	0.000	0	0	0	0	0.000	0	0	0	0.000	0	0	0	0	0.000	0.000	0	0	0	0	0.000	0	0	0	0.000	0	0
271	271	1057	1025.579	1520.145	0.894	75	113	563	272	18	75	113	563	272	18	112.286	152.917	179	169	165	160	156	153	149	146	141	136	129	105.001	193.993	237	220	213	207	201	195	189	184	177	165	140	0	0	0.000	0.000	0	0	0	0	0.000	0	0	0	0.000	0	0	0	0	0.000	0.000	0	0	0	0	0.000	0	0	0	0.000	0	0
272	272	1610	1489.499	1532.204	0.882	758	642	58	82	20	758	642	58	82	20	112.643	148.119	170	163	159	156	153	149	145	141	136	132	126	105.000	132.373	166	145	140	136	134	132	130	128	126	122	109	0	0	0.000	0.000	0	0	0	0	0.000	0	0	0	0.000	0	0	0	0	0.000	0.000	0	0	0	0	0.000	0	0	0	0.000	0	0
273	273	1105	1615.883	1528.299	0.881	201	711	104	51	20	201	711	104	51	20	114.024	154.164	171	162	159	157	156	155	153	151	149	146	137	105.857	208.651	265	241	230	223	217	210	203	194	185	175	155	0	0	0.000	0.000	0	0	0	0	0.000	0	0	0	0.000	0	0	0	0	0.000	0.000	0	0	0	0	0.000	0	0	0	0.000	0	0
274	274	2432	1347.356	1538.806	0.887	65	1153	970	157	20	65	1153	970	157	20	112.701	120.200	127	123	122	121	121	120	119	119	118	117	115	104.797	137.057	164	150	145	141	139	136	134	132	130	127	116	0	0	0.000	0.000	0	0	0	0	0.000	0	0	0	0.000	0	0	0	0	0.000	0.000	0	0	0	0	0.000	0	0	0	0.000	0	0
275	275	991	891.230	1536.052	0.922	21	71	585	257	38	21	71	585	257	38	111.517	135.357	146	141	140	139	138	137	135	133	131	127	121	105.000	219.746	283	254	245	238	232	225	215	205	193	178	136	0	0	0.000	0.000	0	0	0	0	0.000	0	0	0	0.000	0	0	0	0	0.000	0.000	0	0	0	0	0.000	0	0	0	0.000	0	0
276	276	1522	845.371	1535.220	0.839	22	154	967	333	19	22	154	967	333	19	112.156	139.639	483	140	136	134	133	132	130	128	126	124	118	105.005	208.413	705	241	227	218	209	201	193	184	175	165	127	1	70	847.352	1522.223	0	0	0	284	290.129	0	0	367	386.500	0	0	1	24	847.131	1522.106	0	0	0	371	360.250	0	0	502	494.333	0	0
277	277	1538	1711.245	1544.920	0.872	27	123	887	421	49	27	123	887	421	49	113.000	142.362	158	150	148	147	145	144	142	140	136	132	124	105.832	541.414	736	672	643	610	579	547	514	484	446	399	300	0	0	0.000	0.000	0	0	0	0	0.000	0	0	0	0.000	0	0	0	0	0.000	0.000	0	0	0	0	0.000	0	0	0	0.000	0	0
278	278	2583	127.356	1560.949	0.893	560	1601	314	56	14	560	1601	314	56	14	106.829	117.036	126	123	121	119	117	116	115	114	114	113	109	102.798	715.870	1089	983	900	846	785	714	643	574	516	467	314	0	0	0.000	0.000	0	0	0	0	0.000	0	0	0	0.000	0	0	0	0	0.000	0.000	0	0	0	0	0.000	0	0	0	0.000	0	0
279	279	2051	1562.260	1552.163	0.822	358	1538	123	8	3	358	1538	123	8	3	113.527	161.204	181	172	169	166	164	162	159	157	153	150	135	104.324	238.807	308	278	268	259	250	241	231	222	209	194	163	0	0	0.000	0.000	0	0	0	0	0.000	0	0	0	0.000	0	0	0	0	0.000	0.000	0	0	0	0	0.000	0	0	0	0.000	0	0
280	280	1354	802.891	1559.660	0.889	8	131	748	411	35	8	131	748	411	35	112.003	149.434	166	160	157	154	153	151	148	145	141	137	127	104.368	209.569	263	240	232	225	218	211	204	196	188	176	145	0	0	0.000	0.000	0	0	0	0	0.000	0	0	0	0.000	0	0	0	0	0.000	0.000	0	0	0	0	0.000	0	0	0	0.000	0	0
281	281	1417	1193.412	1560.464	0.893	44	340	738	263	20	44	340	738	263	20	113.697	172.430	198	191	188	185	182	178	171	162	155	146	134	104.820	190.836	228	216	209	203	198	192	187	182	175	163	137	0	0	0.000	0.000	0	0	0	0	0.000	0	0	0	0.000	0	0	0	0	0.000	0.000	0	0	0	0	0.000	0	0	0	0.000	0	0
282	282	1048	540.182	1560.586	0.907	29	370	521	99	11	29	370	521	99	11	110.401	118.656	126	121	120	120	119	118	118	118	117	116	113	105.000	143.432	166	156	152	149	147	144	141	138	134	131	121	0	0	0.000	0.000	0	0	0	0	0.000	0	0	0	0.000	0	0	0	0	0.000	0.000	0	0	0	0	0.000	0	0	0	0.000	0	0
283	283	1246	1294.690	1564.643	0.864	48	443	663	51	11	48	443	663	51	11	112.946	119.943	125	122	121	121	120	120	119	119	119	118	116	104.116	145.595	170	158	155	152	149	145	143	140	136	132	120	0	0	0.000	0.000	0	0	0	0	0.000	0	0	0	0.000	0	0	0	0	0.000	0.000	0	0	0	0	0.000	0	0	0	0.000	0	0
284	284	1409	455.117	1574.426	0.903	66	469	783	51	4	66	469	783	51	4	108.930	121.919	137	130	127	124	122	121	120	119	118	117	113	104.409	1037.544	1799	1337	1241	1181	1132	1078	1014	923	789	635	394	0	0	0.000	0.000	0	0	0	0	0.000	0	0	0	0.000	0	0	0	0	0.000	0.000	0	0	0	0	0.000	0	0	0	0.000	0	0
285	285	1150	1596.849	1590.719	0.840	125	376	440	162	34	125	376	440	162	34	112.986	1197.740	25427	2247	273	191	177	168	164	161	157	152	134	103.917	129.170	183	143	137	133	129	126	124	122	120	118	111	1	101	1594.475	1605.938	0	0	0	9301	10567.693	0	0	152	151.941	0	0	0	0	0.000	0.000	0	0	0	0	0.000	0	0	0	0.000	0	0
286	286	1316	1330.405	1588.164	0.911	24	159	852	228	32	24	159	852	228	32	112.161	119.683	129	124	122	121	120	119	118	118	117	116	113	103.091	135.188	153	146	143	141	140	137	135	131	127	122	109	0	0	0.000	0.000	0	0	0	0	0.000	0	0	0	0.000	0	0	0	0	0.000	0.000	0	0	0	0	0.000	0	0	0	0.000	0	0
287	287	1588	1697.465	1598.098	0.894	61	208	990	276	16	61	208	990	276	16	112.358	140.516	157	150	147	144	142	140	139	137	134	132	124	104.293	537.315	863	731	666	612	572	532	491	449	407	362	237	0	0	0.000	0.000	0	0	0	0	0.000	0	0	0	0.000	0	0	0	0	0.000	0.000	0	0	0	0	0.000	0	0	0	0.000	0	0
288	288	985	738.584	1595.861	0.891	52	128	446	300	44	52	128	446	300	44	111.879	215.207	397	269	252	241	226	210	194	183	172	158	135	103.654	117.961	144	124	121	120	119	118	117	115	113	111	106	0	0	0.000	0.000	0	0	0	0	0.000	0	0	0	0.000	0	0	0	0	0.000	0.000	0	0	0	0	0.000	0	0	0	0.000	0	0
289	289	2619	617.516	1614.135	0.902	184	1011	938	363	68	184	1011	938	363	68	110.351	126.353	153	138	133	129	126	124	122	121	120	118	114	105.154	1786.833	3100	2445	2283	2110	1913	1752	1612	1457	1334	1205	556	0	0	0.000	0.000	0	0	0	0	0.000	0	0	0	0.000	0	0	0	0	0.000	0.000	0	0	0	0	0.000	0	0	0	0.000	0	0
290	290	2407	485.474	1617.090	0.876	67	1175	994	113	19	67	1175	994	113	19	109.432	126.777	159	139	133	129	126	124	123	121	120	118	114	104.103	1279.869	2832	1629	1519	1449	1381	1317	1245	1127	983	777	387	0	0	0.000	0.000	0	0	0	0	0.000	0	0	0	0.000	0	0	0	0	0.000	0.000	0	0	0	0	0.000	0	0	0	0.000	0	0
291	291	1324	1509.939	1629.915	0.844	27	263	693	287	32	27	263	693	287	32	112.010	121.718	130	125	124	123	122	122	121	120	120	119	116	104.000	733.657	1043	974	930	874	811	764	710	654	545	412	295	0	0	0.000	0.000	0	0	0	0	0.000	0	0	0	0.000	0	0	0	0	0.000	0.000	0	0	0	0	0.000	0	0	0	0.000	0	0
292	292	1541	351.469	1627.976	0.884	26	257	908	321	16	26	257	908	321	16	109.000	185.945	501	233	186	182	177	173	169	163	156	148	131	103.000	717.730	1018	919	869	825	781	728	669	608	553	510	333	1	70	356.354	1635.565	0	0	0	384	381.871	0	0	540	548.429	0	0	0	0	0.000	0.000	0	0	0	0	0.000	0	0	0	0.000	0	0
293	293	2796	562.124	1644.141	0.858	100	1111	1391	115	12	100	1111	1391	115	12	110.339	121.990	138	130	126	123	122	120	120	119	118	117	113	105.097	1180.687	1886	1665	1543	1438	1303	1176	1050	926	805	713	374	0	0	0.000	0.000	0	0	0	0	0.000	0	0	0	0.000	0	0	0	0	0.000	0.000	0	0	0	0	0.000	0	0	0	0.000	0	0
294	294	1103	1636.205	1656.920	0.868	410	313	262	88	10	410	313	262	88	10	113.000	2369.002	18254	6872	2619	1378	1124	944	798	685	627	574	471	104.008	134.882	177	156	148	143	139	133	128	124	121	117	110	1	159	1633.605	1667.459	0	0	0	8819	9551.252	0	0	151	152.201	0	0	0	0	0.000	0.000	0	0	0	0	0.000	0	0	0	0.000	0	0
295	295	1574	969.419	1658.665	0.906	79	1103	360	13	5	79	1103	360	13	5	111.961	147.089	238	189	157	148	142	139	135	132	129	126	120	103.000	127.753	172	150	137	132	128	124	121	118	116	114	109	0	0	0.000	0.000	0	0	0	0	0.000	0	0	0	0.000	0	0	0	0	0.000	0.000	0	0	0	0	0.000	0	0	0	0.000	0	0
296	296	2052	1409.785	1667.196	0.876	848	1071	54	12	8	848	1071	54	12	8	112.082	129.496	153	145	139	133	130	127	125	123	121	119	115	103.110	119.236	132	124	122	121	120	120	119	118	117	114	108	0	0	0.000	0.000	0	0	0	0	0.000	0	0	0	0.000	0	0	0	0	0.000	0.000	0	0	0	0	0.000	0	0	0	0.000	0	0
297	297	1212	373.097	1667.507	0.883	177	564	314	114	19	177	564	314	114	19	109.000	202.402	344	262	241	229	214	201	188	174	159	145	130	103.000	133.169	186	157	149	140	133	128	125	122	119	116	108	0	0	0.000	0.000	0	0	0	0	0.000	0	0	0	0.000	0	0	0	0	0.000	0.000	0	0	0	0	0.000	0	0	0	0.000	0	0
298	298	1085	540.780	1692.452	0.918	149	669	225	15	6	149	669	225	15	6	110.000	122.919	140	132	128	125	123	121	120	119	118	117	114	104.000	1171.492	1739	1519	1421	1339	1262	1202	1134	1051	914	758	496	0	0	0.000	0.000	0	0	0	0	0.000	0	0	0	0.000	0	0	0	0	0.000	0.000	0	0	0	0	0.000	0	0	0	0.000	0	0
299	299	728	1639.642	1698.033	0.909	118	191	213	171	22	118	191	213	171	22	112.938	137.551	156	147	144	141	139	137	135	133	131	129	122	104.365	1116.386	2292	1763	1552	1381	1188	1007	872	774	692	614	410	0	0	0.000	0.000	0	0	0	0	0.000	0	0	0	0.000	0	0	0	0	0.000	0.000	0	0	0	0	0.000	0	0	0	0.000	0	0
300	300	1616	1683.146	1708.131	0.732	80	464	797	210	39	80	464	797	210	39	112.087	126.439	137	131	130	128	127	126	125	125	124	122	117	104.000	144.293	166	157	153	148	145	143	141	139	137	134	128	0	0	0.000	0.000	0	0	0	0	0.000	0	0	0	0.000	0	0	0	0	0.000	0.000	0	0	0	0	0.000	0	0	0	0.000	0	0
301	301	818	615.330	1710.099	0.915	50	101	289	339	26	50	101	289	339	26	109.982	116.383	122	119	118	117	117	116	116	115	115	114	111	104.000	122.554	133	128	127	125	124	123	122	120	119	116	109	0	0	0.000	0.000	0	0	0	0	0.000	0	0	0	0.000	0	0	0	0	0.000	0.000	0	0	0	0	0.000	0	0	0	0.000	0	0
302	302	1024	878.115	1725.399	0.904	49	378	427	141	12	49	378	427	141	12	111.645	168.657	194	186	181	176	173	170	166	162	157	150	135	103.227	708.322	975	907	841	797	752	709	671	640	585	513	335	0	0	0.000	0.000	0	0	0	0	0.000	0	0	0	0.000	0	0	0	0	0.000	0.000	0	0	0	0	0.000	0	0	0	0.000	0	0
303	303	1243	582.624	1731.660	0.903	357	505	226	111	16	357	505	226	111	16	110.953	116.151	121	118	117	117	116	116	116	115	115	114	112	104.000	121.388	133	127	125	124	123	122	120	119	118	116	110	0	0	0.000	0.000	0	0	0	0	0.000	0	0	0	0.000	0	0	0	0	0.000	0.000	0	0	0	0	0.000	0	0	0	0.000	0	0
304	304	1642	536.285	1749.738	0.907	36	176	618	735	43	36	176	618	735	43	110.511	117.815	129	124	122	119	118	117	116	115	115	114	111	103.892	120.782	136	127	125	124	123	121	120	118	116	114	106	0	0	0.000	0.000	0	0	0	0	0.000	0	0	0	0.000	0	0	0	0	0.000	0.000	0	0	0	0	0.000	0	0	0	0.000	0	0
305	305	377	938.212	1743.392	0.912	53	138	130	41	10	53	138	130	41	10	112.000	135.483	144	139	138	137	136	136	135	134	133	131	128	102.424	160.756	176	170	167	165	162	161	159	157	155	153	145	0	0	0.000	0.000	0	0	0	0	0.000	0	0	0	0.000	0	0	0	0	0.000	0.000	0	0	0	0	0.000	0	0	0	0.000	0	0
306	306	1093	1724.792	1761.651	0.900	38	85	678	258	17	38	85	678	258	17	112.000	121.569	132	127	124	123	122	121	120	119	118	117	115	104.000	143.782	170	158	155	153	150	147	144	140	135	122	104	0	0	0.000	0.000	0	0	0	0	0.000	0	0	0	0.000	0	0	0	0	0.000	0.000	0	0	0	0	0.000	0	0	0	0.000	0	0
307	307	1650	867.977	1773.448	0.886	31	452	880	247	9	31	452	880	247	9	112.000	164.318	202	191	183	178	172	165	157	151	144	138	127	103.962	701.572	1101	985	904	832	767	710	640	569	494	409	330	0	0	0.000	0.000	0	0	0	0	0.000	0	0	0	0.000	0	0	0	0	0.000	0.000	0	0	0	0	0.000	0	0	0	0.000	0	0
308	308	950	959.231	1763.500	0.868	23	209	430	229	39	23	209	430	229	39	112.000	152.289	302	199	162	149	144	140	138	135	132	129	120	103.000	154.025	192	168	164	160	157	154	151	148	144	140	123	1	89	962.705	1766.536	0	0	0	234	237.674	0	0	167	166.618	0	0	0	0	0.000	0.000	0	0	0	0	0.000	0	0	0	0.000	0	0
309	309	2200	1647.565	1775.173	0.865	71	652	1168	238	17	71	652	1168	238	17	111.799	120.911	132	126	124	123	122	121	120	119	118	117	112	104.000	154.416	189	172	166	162	158	155	152	149	146	136	113	0	0	0.000	0.000	0	0	0	0	0.000	0	0	0	0.000	0	0	0	0	0.000	0.000	0	0	0	0	0.000	0	0	0	0.000	0	0
310	310	1102	1086.442	1777.270	0.833	691	352	24	11	9	691	352	24	11	9	111.938	159.813	247	215	201	189	169	148	134	125	121	120	117	102.460	125.588	165	150	144	140	133	121	113	109	107	106	103	0	0	0.000	0.000	0	0	0	0	0.000	0	0	0	0.000	0	0	0	0	0.000	0.000	0	0	0	0	0.000	0	0	0	0.000	0	0
311	311	2412	1762.501	1798.393	0.883	63	1503	734	60	14	63	1503	734	60	14	112.322	120.641	132	127	124	122	120	120	119	118	118	117	114	103.583	429.390	710	631	569	506	455	408	370	335	305	264	201	0	0	0.000	0.000	0	0	0	0	0.000	0	0	0	0.000	0	0	0	0	0.000	0.000	0	0	0	0	0.000	0	0	0	0.000	0	0
312	312	1622	1001.528	1794.202	0.863	185	1135	263	16	4	185	1135	263	16	4	112.000	139.721	278	153	141	138	136	135	133	131	129	127	121	103.000	170.236	267	195	185	179	173	168	163	158	153	145	130	1	67	1004.066	1792.003	0	0	0	218	218.672	0	0	218	216.955	0	0	0	0	0.000	0.000	0	0	0	0	0.000	0	0	0	0.000	0	0
313	313	1562	364.448	1807.572	0.899	207	756	402	135	27	207	756	402	135	27	108.876	396.869	5659	413	309	288	272	256	238	223	208	190	165	102.000	122.958	161	138	130	126	122	120	118	117	115	113	107	1	85	378.623	1813.327	0	0	0	2212	2505.659	0	0	133	132.541	0	0	0	0	0.000	0.000	0	0	0	0	0.000	0	0	0	0.000	0	0
314	314	1194	958.575	1804.945	0.917	58	95	539	430	40	58	95	539	430	40	112.000	140.109	159	151	149	147	144	141	138	134	131	127	120	103.000	168.485	204	189	183	179	175	171	167	161	153	143	124	0	0	0.000	0.000	0	0	0	0	0.000	0	0	0	0.000	0	0	0	0	0.000	0.000	0	0	0	0	0.000	0	0	0	0.000	0	0
315	315	1508	1266.622	1818.657	0.892	100	969	384	26	7	100	969	384	26	7	112.000	177.879	769	244	170	160	155	149	145	140	136	130	122	103.000	125.152	139	132	130	129	127	126	125	123	120	117	109	1	120	1273.508	1828.423	0	0	0	437	452.750	0	0	130	130.467	0	0	0	0	0.000	0.000	0	0	0	0	0.000	0	0	0	0.000	0	0
316	316	2581	1509.471	1838.125	0.878	381	1976	170	10	5	381	1976	170	10	5	113.945	1130.430	22615	1514	333	258	237	226	216	206	195	180	150	102.695	138.827	313	147	140	137	135	133	131	128	126	123	107	1	199	1523.853	1826.428	0	0	0	9877	10680.447	0	0	212	216.447	0	0	1	121	1523.466	1825.552	0	0	0	13647	13321.529	0	0	248	246.802	0	0
317	317	1657	228.359	1832.670	0.894	460	1081	50	23	13	460	1081	50	23	13	107.722	119.441	144	127	121	120	119	118	117	116	116	115	111	101.000	797.140	1302	1093	987	923	863	789	728	679	605	510	282	1	21	228.646	1836.218	0	0	0	141	140.619	0	0	669	654.571	0	0	0	0	0.000	0.000	0	0	0	0	0.000	0	0	0	0.000	0	0
318	318	837	1795.122	1835.197	0.908	51	68	212	422	67	51	68	212	422	67	112.087	121.787	133	126	124	123	122	122	121	120	119	118	113	104.000	530.178	801	686	639	602	569	544	513	470	413	347	230	0	0	0.000	0.000	0	0	0	0	0.000	0	0	0	0.000	0	0	0	0	0.000	0.000	0	0	0	0	0.000	0	0	0	0.000	0	0
319	319	2215	791.956	1861.366	0.897	205	1698	246	21	11	205	1698	246	21	11	111.233	160.256	194	185	177	170	165	159	154	148	144	138	130	107.667	860.439	1425	1247	1133	1034	951	861	768	676	579	482	309	0	0	0.000	0.000	0	0	0	0	0.000	0	0	0	0.000	0	0	0	0	0.000	0.000	0	0	0	0	0.000	0	0	0	0.000	0	0
320	320	1741	738.064	1858.868	0.896	570	448	575	103	3	570	448	575	103	3	111.964	151.608	169	162	160	157	155	153	150	147	143	139	127	109.000	319.402	461	415	383	355	334	315	294	276	257	236	205	0	0	0.000	0.000	0	0	0	0	0.000	0	0	0	0.000	0	0	0	0	0.000	0.000	0	0	0	0	0.000	0	0	0	0.000	0	0
321	321	501	1470.070	1856.553	0.866	117	140	146	76	20	117	140	146	76	20	113.862	163.050	236	185	178	172	168	163	157	151	147	141	131	102.998	114.331	129	119	118	117	115	114	113	112	111	109	106	0	0	0.000	0.000	0	0	0	0	0.000	0	0	0	0.000	0	0	0	0	0.000	0.000	0	0	0	0	0.000	0	0	0	0.000	0	0
322	322	1458	842.391	1868.915	0.869	34	379	751	237	21	34	379	751	237	21	111.000	118.704	124	122	120	120	119	118	118	117	117	116	113	106.238	835.855	1256	1055	996	938	890	843	789	735	691	603	359	0	0	0.000	0.000	0	0	0	0	0.000	0	0	0	0.000	0	0	0	0	0.000	0.000	0	0	0	0	0.000	0	0	0	0.000	0	0
323	323	1460	1483.024	1895.125	0.916	176	758	401	71	24	176	758	401	71	24	114.807	205.947	727	277	205	197	191	186	175	164	156	147	129	102.442	128.368	156	135	133	131	130	128	127	126	124	121	111	1	103	1485.724	1891.492	0	0	0	487	493.864	0	0	134	136.718	0	0	0	0	0.000	0.000	0	0	0	0	0.000	0	0	0	0.000	0	0
324	324	1462	886.370	1902.001	0.862	1255	170	7	6	4	1255	170	7	6	4	110.632	119.157	130	124	122	120	119	118	118	117	117	116	114	104.510	893.528	1299	1170	1077	1017	957	890	818	751	697	637	511	0	0	0.000	0.000	0	0	0	0	0.000	0	0	0	0.000	0	0	0	0	0.000	0.000	0	0	0	0	0.000	0	0	0	0.000	0	0
325	325	2792	711.007	1929.888	0.784	697	1533	447	55	18	697	1533	447	55	18	111.098	194.119	1950	186	172	165	161	156	152	146	138	129	120	108.540	358.101	1551	485	435	392	359	334	305	272	238	205	164	1	120	695.446	1929.530	0	0	0	888	946.283	0	0	898	895.208	0	0	1	73	695.796	1930.643	0	0	0	1153	1114.329	0	0	1076	1095.534	0	0
326	326	1491	665.237	1934.220	0.889	485	416	326	179	65	485	416	326	179	65	110.801	236.555	3562	277	168	158	154	148	144	141	138	133	126	108.529	189.170	288	217	211	205	200	192	183	174	163	156	145	1	72	652.519	1929.546	0	0	0	1377	1524.819	0	0	179	178.861	0	0	0	0	0.000	0.000	0	0	0	0	0.000	0	0	0	0.000	0	0
327	327	461	1478.760	1936.396	0.917	36	80	197	122	19	36	80	197	122	19	116.677	232.447	248	244	241	239	237	234	231	227	223	219	209	103.000	120.727	131	127	125	123	122	121	119	118	117	116	109	0	0	0.000	0.000	0	0	0	0	0.000	0	0	0	0.000	0	0	0	0	0.000	0.000	0	0	0	0	0.000	0	0	0	0.000	0	0
328	328	1212	907.934	1946.484	0.891	248	773	152	17	5	248	773	152	17	5	110.144	117.993	124	121	120	119	118	118	117	117	116	115	112	103.375	1118.587	1547	1353	1282	1240	1198	1155	1110	1055	973	788	503	0	0	0.000	0.000	0	0	0	0	0.000	0	0	0	0.000	0	0	0	0	0.000	0.000	0	0	0	0	0.000	0	0	0	0.000	0	0
329	329	623	1000.453	1948.750	0.918	118	167	184	116	28	118	167	184	116	28	111.000	195.928	324	270	247	223	203	185	170	158	146	138	127	102.684	130.666	161	153	147	140	135	131	125	119	115	111	105	0	0	0.000	0.000	0	0	0	0	0.000	0	0	0	0.000	0	0	0	0	0.000	0.000	0	0	0	0	0.000	0	0	0	0.000	0	0
330	330	2081	306.698	1969.644	0.851	98	1564	326	28	17	98	1564	326	28	17	106.081	171.563	211	195	188	183	178	173	168	161	152	145	132	101.000	116.026	130	121	119	118	117	116	115	114	112	111	106	0	0	0.000	0.000	0	0	0	0	0.000	0	0	0	0.000	0	0	0	0	0.000	0.000	0	0	0	0	0.000	0	0	0	0.000	0	0
331	331	2614	1692.551	1969.443	0.890	1651	732	88	65	15	1651	732	88	65	15	113.439	1467.126	13781	5846	795	267	242	225	211	198	185	171	153	112.825	1946.487	12667	5749	1680	1225	1057	945	837	735	636	531	322	1	484	1683.305	1964.497	0	0	0	6457	6836.087	0	0	6263	6502.812	0	0	1	400	1683.458	1964.454	0	0	0	7731	7869.443	0	0	7220	7401.038	0	0
332	332	1915	1635.910	1996.949	0.845	151	912	709	96	13	151	912	709	96	13	119.375	319.396	419	381	364	347	329	314	304	292	279	261	231	113.268	1035.295	1440	1331	1235	1178	1119	1070	1008	900	795	713	544	0	0	0.000	0.000	0	0	0	0	0.000	0	0	0	0.000	0	0	0	0	0.000	0.000	0	0	0	0	0.000	0	0	0	0.000	0	0
333	333	448	1598.930	2001.210	0.935	77	103	121	115	21	77	103	121	115	21	123.185	206.518	225	218	215	213	211	208	205	202	199	194	179	111.105	283.442	397	340	319	311	304	294	277	257	238	214	170	0	0	0.000	0.000	0	0	0	0	0.000	0	0	0	0.000	0	0	0	0	0.000	0.000	0	0	0	0	0.000	0	0	0	0.000	0	0
334	334	1108	1101.473	2027.878	0.902	191	683	174	33	10	191	683	174	33	10	108.423	262.503	416	333	308	294	284	274	256	230	203	176	144	101.783	123.781	197	157	135	126	121	117	114	110	108	106	103	0	0	0.000	0.000	0	0	0	0	0.000	0	0	0	0.000	0	0	1	131	1101.729	2023.529	0	0	0	284	285.603	0	0	169	170.802	0	0
