 	cell	area	x	y	circ	BFI_lev_b1	BFI_lev_b2	BFI_lev_b3	BFI_lev_b4	BFI_lev_b5	BFO_lev_b1	BFO_lev_b2	BFO_lev_b3	BFO_lev_b4	BFO_lev_b5	RFP_int_bg	RFP_int_mean	RFP_int_b0	RFP_int_b1	RFP_int_b2	RFP_int_b3	RFP_int_b4	RFP_int_b5	RFP_int_b6	RFP_int_b7	RFP_int_b8	RFP_int_b9	RFP_int_b10	GFP_int_bg	GFP_int_mean	GFP_int_b0	GFP_int_b1	GFP_int_b2	GFP_int_b3	GFP_int_b4	GFP_int_b5	GFP_int_b6	GFP_int_b7	GFP_int_b8	GFP_int_b9	GFP_int_b10	inRFPnfoci	f1_inRFParea	f1_inRFPx	f1_inRFPy	f2_inRFParea	f2_inRFPx	f2_inRFPy	f1_inRFP_toRFPmed	f1_inRFP_toRFPmean	f2_inRFP_toRFPmed	f2_inRFP_toRFPmean	f1_inRFP_toGFPmed	f1_inRFP_toGFPmean	f2_inRFP_toGFPmed	f2_inRFP_toGFPmean	inGFPnfoci	f1_inGFParea	f1_inGFPx	f1_inGFPy	f2_inGFParea	f2_inGFPx	f2_inGFPy	f1_inGFP_toRFPmed	f1_inGFP_toRFPmean	f2_inGFP_toRFPmed	f2_inGFP_toRFPmean	f1_inGFP_toGFPmed	f1_inGFP_toGFPmean	f2_inGFP_toGFPmed	f2_inGFP_toGFPmean
1	1	1731	243.856	32.832	0.868	633	865	134	46	23	633	865	134	46	23	101.389	113.077	145	122	117	114	112	111	110	109	108	108	104	109.996	1092.338	1596	1365	1289	1228	1172	1117	1055	979	894	775	473	0	0	0.000	0.000	0	0	0	0	0.000	0	0	0	0.000	0	0	0	0	0	0	0	0	0	0	0	0	0	0	0	0	0
2	2	1049	919.142	34.147	0.896	177	532	212	90	24	177	532	212	90	24	103.492	123.218	132	129	127	126	125	124	122	120	118	116	113	104.000	167.269	210	195	188	182	176	169	161	153	145	138	130	0	0	0.000	0.000	0	0	0	0	0.000	0	0	0	0.000	0	0	0	0	0	0	0	0	0	0	0	0	0	0	0	0	0
3	3	1559	1548.118	37.033	0.884	55	342	1046	71	12	55	342	1046	71	12	102.913	108.259	113	110	110	109	109	108	108	107	107	106	104	103.155	348.505	588	479	432	406	380	349	319	282	249	219	181	0	0	0.000	0.000	0	0	0	0	0.000	0	0	0	0.000	0	0	0	0	0	0	0	0	0	0	0	0	0	0	0	0	0
4	4	1534	387.261	42.621	0.877	39	269	851	311	25	39	269	851	311	25	103.596	157.704	192	182	174	168	165	161	155	147	139	131	120	108.235	502.479	666	606	579	557	532	505	482	466	443	388	254	0	0	0.000	0.000	0	0	0	0	0.000	0	0	0	0.000	0	0	0	0	0	0	0	0	0	0	0	0	0	0	0	0	0
5	5	875	1799.722	39.949	0.943	65	88	329	315	57	65	88	329	315	57	101.589	108.374	113	111	110	109	109	108	108	107	107	106	103	102.330	2499.733	4030	3716	3388	3104	2816	2489	2145	1903	1638	1313	895	0	0	0.000	0.000	0	0	0	0	0.000	0	0	0	0.000	0	0	0	0	0	0	0	0	0	0	0	0	0	0	0	0	0
6	6	1268	501.523	42.494	0.883	173	422	501	112	31	173	422	501	112	31	103.440	108.844	115	111	110	110	109	109	108	108	108	107	103	105.667	531.073	744	670	615	570	547	527	509	481	449	407	292	0	0	0.000	0.000	0	0	0	0	0.000	0	0	0	0.000	0	0	0	0	0	0	0	0	0	0	0	0	0	0	0	0	0
7	7	2440	1464.042	54.140	0.896	24	322	1728	316	10	24	322	1728	316	10	104.320	211.353	1216	254	227	214	202	191	181	170	159	148	125	105.868	1079.837	1833	1551	1430	1312	1198	1096	1000	877	712	540	345	1	76	1457.470	63.889	0	0	0	664	694.250	0	0	1472	1453.395	0	0	0	0	0	0	0	0	0	0	0	0	0	0	0	0	0
8	8	1108	573.257	48.476	0.916	19	56	208	646	154	19	56	208	646	154	103.624	110.234	117	113	112	111	110	110	110	109	108	108	105	103.743	611.309	811	735	716	700	677	645	608	565	498	420	286	0	0	0.000	0.000	0	0	0	0	0.000	0	0	0	0.000	0	0	0	0	0	0	0	0	0	0	0	0	0	0	0	0	0
9	9	2242	1135.139	69.250	0.879	198	1109	756	102	38	198	1109	756	102	38	104.330	115.079	122	119	118	117	116	115	114	113	112	111	109	104.781	4753.108	7575	6827	6459	6011	5598	5087	4483	3773	3099	2044	748	0	0	0.000	0.000	0	0	0	0	0.000	0	0	0	0.000	0	0	0	0	0	0	0	0	0	0	0	0	0	0	0	0	0
10	10	3411	880.752	74.816	0.895	53	673	2204	384	38	53	673	2204	384	38	104.920	208.008	266	245	234	227	221	214	206	196	179	159	134	104.042	1924.022	2835	2530	2400	2275	2174	2066	1898	1693	1427	1062	530	0	0	0.000	0.000	0	0	0	0	0.000	0	0	0	0.000	0	0	0	0	0	0	0	0	0	0	0	0	0	0	0	0	0
11	11	786	1512.653	63.732	0.914	38	149	383	179	11	38	149	383	179	11	103.681	127.550	145	139	135	133	130	127	125	122	120	117	111	105.919	500.347	785	703	654	601	545	493	446	403	359	302	213	0	0	0.000	0.000	0	0	0	0	0.000	0	0	0	0.000	0	0	0	0	0	0	0	0	0	0	0	0	0	0	0	0	0
12	12	1493	1594.886	75.694	0.883	38	216	860	329	15	38	216	860	329	15	104.000	108.708	114	110	110	109	109	109	108	108	108	107	105	103.962	595.137	1079	882	777	678	605	546	501	461	431	397	294	0	0	0.000	0.000	0	0	0	0	0.000	0	0	0	0.000	0	0	0	0	0	0	0	0	0	0	0	0	0	0	0	0	0
13	13	3287	955.354	82.856	0.859	91	240	1310	1485	73	91	240	1310	1485	73	104.977	464.611	3479	1347	288	215	206	198	187	172	157	143	118	104.000	1407.869	2395	2044	1896	1780	1672	1529	1317	1126	845	571	191	1	546	948.329	95.329	0	0	0	1760	1830.245	0	0	1720	1626.242	0	0	0	0	0	0	0	0	0	0	0	0	0	0	0	0	0
14	14	719	474.889	73.050	0.919	115	174	175	153	83	115	174	175	153	83	104.285	109.787	114	112	111	111	110	110	109	109	108	107	105	105.477	498.111	669	624	592	563	536	502	476	442	406	364	284	0	0	0.000	0.000	0	0	0	0	0.000	0	0	0	0.000	0	0	0	0	0	0	0	0	0	0	0	0	0	0	0	0	0
15	15	1934	1821.187	84.282	0.882	434	1245	188	24	10	434	1245	188	24	10	102.980	113.733	121	117	116	115	115	114	113	112	111	110	107	103.000	3105.441	7192	4983	4461	4044	3540	3020	2538	2037	1583	1290	862	0	0	0.000	0.000	0	0	0	0	0.000	0	0	0	0.000	0	0	0	0	0	0	0	0	0	0	0	0	0	0	0	0	0
16	16	2020	1941.784	92.012	0.885	56	90	746	995	97	56	90	746	995	97	102.001	108.240	115	111	110	109	109	108	108	107	107	106	103	101.998	1035.920	1884	1566	1400	1249	1134	1028	913	800	674	540	312	0	0	0.000	0.000	0	0	0	0	0.000	0	0	0	0.000	0	0	0	0	0	0	0	0	0	0	0	0	0	0	0	0	0
17	17	1953	379.508	94.964	0.870	46	163	991	682	39	46	163	991	682	39	104.889	152.642	196	177	171	164	158	151	145	139	134	130	120	105.992	509.872	866	736	663	611	563	511	454	398	343	289	229	0	0	0.000	0.000	0	0	0	0	0.000	0	0	0	0.000	0	0	0	0	0	0	0	0	0	0	0	0	0	0	0	0	0
18	18	1392	518.587	94.346	0.895	45	103	509	649	62	45	103	509	649	62	105.093	163.691	205	196	187	178	170	162	156	149	143	134	121	105.792	1713.931	2617	2377	2216	2088	1938	1728	1513	1356	1199	1045	698	0	0	0.000	0.000	0	0	0	0	0.000	0	0	0	0.000	0	0	0	0	0	0	0	0	0	0	0	0	0	0	0	0	0
19	19	1771	1396.813	101.525	0.907	51	80	552	989	71	51	80	552	989	71	105.140	169.711	623	279	175	146	140	136	132	127	123	118	111	108.112	966.242	1520	1384	1284	1162	1049	939	839	763	680	595	363	1	218	1395.970	107.135	0	0	0	364	382.427	0	0	947	968.697	0	0	0	0	0	0	0	0	0	0	0	0	0	0	0	0	0
20	20	1962	1451.222	106.995	0.892	362	446	943	155	19	362	446	943	155	19	105.606	127.246	140	136	134	132	131	129	126	122	120	117	109	109.135	947.718	1474	1304	1195	1132	1061	963	861	776	672	573	334	0	0	0.000	0.000	0	0	0	0	0.000	0	0	0	0.000	0	0	0	0	0	0	0	0	0	0	0	0	0	0	0	0	0
21	21	2282	1091.088	114.301	0.906	46	324	1610	264	6	46	324	1610	264	6	104.002	116.614	126	122	120	119	118	117	115	114	113	111	108	105.953	4616.368	8009	7100	6526	5974	5348	4768	3978	3275	2686	2060	1161	0	0	0.000	0.000	0	0	0	0	0.000	0	0	0	0.000	0	0	0	0	0	0	0	0	0	0	0	0	0	0	0	0	0
22	22	2155	324.716	111.761	0.916	31	308	974	713	92	31	308	974	713	92	104.777	219.291	318	275	253	239	228	217	206	195	181	168	146	106.326	595.414	1123	931	796	706	645	582	517	442	365	301	227	0	0	0.000	0.000	0	0	0	0	0.000	0	0	0	0.000	0	0	0	0	0	0	0	0	0	0	0	0	0	0	0	0	0
23	23	2244	620.458	116.758	0.899	48	106	1039	901	110	48	106	1039	901	110	105.086	550.800	8097	1038	234	191	183	174	166	158	150	142	129	108.065	1744.961	3047	2606	2422	2217	1994	1723	1491	1313	1108	902	492	1	215	629.180	110.327	0	0	0	3350	3730.512	0	0	2295	2064.293	0	0	0	0	0	0	0	0	0	0	0	0	0	0	0	0	0
24	24	1088	1626.684	113.213	0.884	49	124	515	332	37	49	124	515	332	37	104.000	110.087	115	112	111	111	110	110	110	109	109	108	106	103.988	845.253	1188	1126	1059	1005	937	867	806	731	632	532	276	0	0	0.000	0.000	0	0	0	0	0.000	0	0	0	0.000	0	0	0	0	0	0	0	0	0	0	0	0	0	0	0	0	0
25	25	1286	1979.590	126.611	0.926	65	87	349	623	146	65	87	349	623	146	102.446	108.269	113	110	110	109	109	108	108	107	107	106	103	101.380	1382.845	2009	1890	1755	1669	1559	1443	1323	1184	995	783	325	0	0	0.000	0.000	0	0	0	0	0.000	0	0	0	0.000	0	0	0	0	0	0	0	0	0	0	0	0	0	0	0	0	0
26	26	901	1354.976	123.316	0.908	265	467	118	30	9	265	467	118	30	9	105.000	127.152	144	135	133	131	129	128	126	124	121	117	113	107.953	1466.840	2315	2103	1895	1771	1635	1501	1341	1169	991	826	589	0	0	0.000	0.000	0	0	0	0	0.000	0	0	0	0.000	0	0	0	0	0	0	0	0	0	0	0	0	0	0	0	0	0
27	27	1228	1831.152	129.187	0.903	188	428	415	149	26	188	428	415	149	26	103.792	110.724	117	113	112	112	111	111	110	110	109	108	106	103.000	2222.103	3701	3222	2913	2651	2428	2230	1997	1772	1532	1260	713	0	0	0.000	0.000	0	0	0	0	0.000	0	0	0	0.000	0	0	0	0	0	0	0	0	0	0	0	0	0	0	0	0	0
28	28	1793	669.460	134.541	0.900	218	607	855	68	15	218	607	855	68	15	105.854	167.441	206	189	185	180	175	170	165	159	151	139	121	107.910	2214.288	3045	2858	2735	2634	2482	2314	2129	1901	1716	1402	770	0	0	0.000	0.000	0	0	0	0	0.000	0	0	0	0.000	0	0	0	0	0	0	0	0	0	0	0	0	0	0	0	0	0
29	29	1528	1045.499	137.402	0.921	39	109	947	388	12	39	109	947	388	12	104.969	115.647	124	121	119	118	116	115	114	113	112	111	108	105.625	4443.222	7217	6210	5596	5227	4888	4536	4133	3655	3125	2622	1730	0	0	0.000	0.000	0	0	0	0	0.000	0	0	0	0.000	0	0	0	0	0	0	0	0	0	0	0	0	0	0	0	0	0
30	30	2239	516.282	147.254	0.889	30	145	974	987	62	30	145	974	987	62	106.000	175.439	224	204	194	186	181	175	169	164	158	147	125	106.783	1700.862	2846	2467	2217	2006	1808	1643	1489	1343	1189	1034	687	0	0	0.000	0.000	0	0	0	0	0.000	0	0	0	0.000	0	0	0	0	0	0	0	0	0	0	0	0	0	0	0	0	0
31	31	491	408.439	134.835	0.903	56	215	129	68	13	56	215	129	68	13	105.000	115.308	122	120	119	117	116	115	114	113	112	111	109	104.012	120.574	141	127	124	123	121	120	119	118	116	114	109	0	0	0.000	0.000	0	0	0	0	0.000	0	0	0	0.000	0	0	0	0	0	0	0	0	0	0	0	0	0	0	0	0	0
32	32	2225	568.863	148.674	0.900	20	166	1434	543	23	20	166	1434	543	23	105.998	157.503	205	182	173	168	162	156	150	146	142	136	120	108.360	1183.278	2208	1826	1594	1409	1242	1122	1016	909	797	676	425	0	0	0.000	0.000	0	0	0	0	0.000	0	0	0	0.000	0	0	0	0	0	0	0	0	0	0	0	0	0	0	0	0	0
33	33	2090	730.242	157.268	0.874	33	93	727	1041	156	33	93	727	1041	156	105.000	115.025	123	119	118	117	116	115	114	113	112	111	108	106.371	4510.879	6831	5721	5490	5281	5048	4773	4421	3987	3473	2743	1645	0	0	0.000	0.000	0	0	0	0	0.000	0	0	0	0.000	0	0	0	0	0	0	0	0	0	0	0	0	0	0	0	0	0
34	34	1050	472.342	151.115	0.897	7	51	247	613	115	7	51	247	613	115	105.291	111.271	118	114	113	112	112	111	110	110	110	109	108	105.687	136.601	200	145	143	141	139	137	135	132	130	127	117	0	0	0.000	0.000	0	0	0	0	0.000	0	0	0	0.000	0	0	0	0	0	0	0	0	0	0	0	0	0	0	0	0	0
35	35	1451	1483.289	152.525	0.897	869	445	68	34	18	869	445	68	34	18	105.740	119.043	182	124	121	119	118	117	116	115	114	113	111	110.634	823.811	1327	1197	1103	1017	920	841	760	654	536	418	301	1	50	1472.127	156.179	0	0	0	157	155.320	0	0	1226	1179.760	0	0	0	0	0	0	0	0	0	0	0	0	0	0	0	0	0
36	36	2124	1015.234	200.620	0.880	79	502	1339	149	6	79	502	1339	149	6	105.000	159.862	272	180	171	168	164	159	155	148	141	134	113	105.046	1757.476	3325	2642	2362	2158	1951	1762	1575	1357	1118	856	475	0	0	0.000	0.000	0	0	0	0	0.000	0	0	0	0.000	0	0	0	0	0	0	0	0	0	0	0	0	0	0	0	0	0
37	37	613	976.757	186.948	0.908	30	109	407	49	5	30	109	407	49	5	105.000	143.532	170	162	158	153	149	144	140	136	131	122	112	104.370	1553.641	2524	2259	2050	1873	1703	1543	1418	1268	1091	826	468	0	0	0.000	0.000	0	0	0	0	0.000	0	0	0	0.000	0	0	0	0	0	0	0	0	0	0	0	0	0	0	0	0	0
38	38	1521	1472.221	195.585	0.899	1128	228	90	50	13	1128	228	90	50	13	106.000	138.430	356	169	136	131	129	128	126	124	122	118	111	111.000	1046.738	1734	1429	1324	1210	1126	1049	967	881	756	635	450	1	113	1460.716	193.396	0	0	0	241	248.805	0	0	1538	1525.602	0	0	0	0	0	0	0	0	0	0	0	0	0	0	0	0	0
39	39	1708	548.890	200.447	0.905	59	77	631	835	71	59	77	631	835	71	105.656	175.164	208	202	198	194	188	180	171	161	150	139	126	108.079	1825.903	2415	2301	2225	2144	2079	1996	1859	1639	1378	1084	511	0	0	0.000	0.000	0	0	0	0	0.000	0	0	0	0.000	0	0	0	0	0	0	0	0	0	0	0	0	0	0	0	0	0
40	40	2169	774.307	201.063	0.876	50	763	1071	210	26	50	763	1071	210	26	105.000	115.505	122	119	118	117	116	116	115	114	113	112	107	104.999	3921.668	6148	5403	4930	4571	4268	3987	3672	3299	2845	2422	1305	0	0	0.000	0.000	0	0	0	0	0.000	0	0	0	0.000	0	0	0	0	0	0	0	0	0	0	0	0	0	0	0	0	0
41	41	1698	479.231	202.532	0.873	33	277	944	373	31	33	277	944	373	31	105.000	127.541	681	128	117	115	114	113	112	111	110	109	106	105.543	138.738	161	149	145	142	140	138	136	134	132	130	121	1	82	486.540	208.192	0	0	0	337	358.659	0	0	153	151.366	0	0	0	0	0	0	0	0	0	0	0	0	0	0	0	0	0
42	42	1586	1362.204	206.091	0.891	979	457	64	38	33	979	457	64	38	33	105.631	118.738	130	125	123	121	120	118	117	116	115	113	108	109.216	1638.906	2745	2505	2227	1981	1778	1604	1414	1247	1052	866	607	0	0	0.000	0.000	0	0	0	0	0.000	0	0	0	0.000	0	0	0	0	0	0	0	0	0	0	0	0	0	0	0	0	0
43	43	650	1315.116	198.511	0.934	289	188	131	20	11	289	188	131	20	11	105.000	115.538	122	119	118	117	116	115	115	114	113	112	111	106.845	1190.697	1586	1508	1443	1371	1294	1215	1131	1053	954	832	584	0	0	0.000	0.000	0	0	0	0	0.000	0	0	0	0.000	0	0	0	0	0	0	0	0	0	0	0	0	0	0	0	0	0
44	44	608	413.097	204.808	0.913	144	225	130	76	21	144	225	130	76	21	104.493	174.970	289	236	209	190	176	164	154	147	139	133	124	104.000	144.349	194	173	165	159	151	142	134	128	124	120	112	0	0	0.000	0.000	0	0	0	0	0.000	0	0	0	0.000	0	0	0	0	0	0	0	0	0	0	0	0	0	0	0	0	0
45	45	1932	1070.615	219.736	0.904	46	85	389	1171	202	46	85	389	1171	202	104.993	153.237	184	173	169	164	159	155	151	146	138	128	113	105.451	2116.629	3574	3041	2754	2514	2307	2112	1895	1664	1470	1259	591	0	0	0.000	0.000	0	0	0	0	0.000	0	0	0	0.000	0	0	0	0	0	0	0	0	0	0	0	0	0	0	0	0	0
46	46	1779	1417.891	222.269	0.883	648	942	156	8	3	648	942	156	8	3	105.979	118.687	128	123	121	120	119	118	118	117	116	115	110	110.610	1350.953	2562	2136	1910	1673	1492	1321	1160	1018	808	570	420	0	0	0.000	0.000	0	0	0	0	0.000	0	0	0	0.000	0	0	0	0	0	0	0	0	0	0	0	0	0	0	0	0	0
47	47	2559	600.078	227.801	0.870	54	312	1597	515	35	54	312	1597	515	35	105.986	497.531	4865	1828	246	133	126	123	121	119	117	115	111	109.078	1715.596	2524	2316	2208	2087	1938	1811	1661	1446	1175	942	509	1	514	597.990	220.720	0	0	0	1810	1941.508	0	0	2242	2174.288	0	0	0	0	0	0	0	0	0	0	0	0	0	0	0	0	0
48	48	513	1112.643	216.188	0.943	16	64	140	242	44	16	64	140	242	44	104.244	127.517	142	139	135	132	129	127	125	123	121	118	113	104.992	1304.400	1979	1846	1698	1579	1454	1333	1203	1078	930	722	408	0	0	0.000	0.000	0	0	0	0	0.000	0	0	0	0.000	0	0	0	0	0	0	0	0	0	0	0	0	0	0	0	0	0
49	49	719	1458.176	230.335	0.898	480	129	61	26	13	480	129	61	26	13	106.000	137.175	155	149	146	144	142	139	136	133	127	122	113	110.847	1145.908	2012	1855	1689	1561	1450	1272	961	663	500	407	298	0	0	0.000	0.000	0	0	0	0	0.000	0	0	0	0.000	0	0	0	0	0	0	0	0	0	0	0	0	0	0	0	0	0
50	50	1955	289.260	245.316	0.913	50	417	1094	336	27	50	417	1094	336	27	103.826	109.765	114	112	111	111	110	110	109	109	108	108	105	102.927	1030.126	1768	1513	1367	1223	1139	1048	950	845	684	515	299	0	0	0.000	0.000	0	0	0	0	0.000	0	0	0	0.000	0	0	0	0	0	0	0	0	0	0	0	0	0	0	0	0	0
51	51	1932	479.606	270.855	0.888	29	477	1294	85	8	29	477	1294	85	8	105.000	119.774	144	131	125	122	120	118	117	115	114	112	105	104.008	131.792	149	138	136	135	133	132	131	129	127	124	113	0	0	0.000	0.000	0	0	0	0	0.000	0	0	0	0.000	0	0	0	0	0	0	0	0	0	0	0	0	0	0	0	0	0
52	52	2995	641.897	282.485	0.896	65	633	1682	500	58	65	633	1682	500	58	106.000	138.283	823	136	128	126	125	124	122	120	117	114	108	107.079	2069.051	3158	2875	2750	2582	2406	2204	1994	1762	1390	906	498	1	128	648.655	286.685	0	0	0	403	437.008	0	0	2181	2234.125	0	0	0	0	0	0	0	0	0	0	0	0	0	0	0	0	0
53	53	2502	573.547	284.816	0.896	121	292	1403	586	43	121	292	1403	586	43	105.739	1243.455	9957	5681	932	275	234	223	211	196	178	163	130	106.054	576.632	859	767	726	687	637	592	547	502	438	340	176	0	0	0.000	0.000	0	0	0	0	0.000	0	0	0	0.000	0	0	0	0	0	0	0	0	0	0	0	0	0	0	0	0	0
54	54	1515	983.787	285.696	0.883	50	359	915	160	8	50	359	915	160	8	105.000	111.650	120	116	114	113	112	111	110	110	109	109	106	102.688	121.843	135	128	126	125	123	122	121	119	118	116	109	0	0	0.000	0.000	0	0	0	0	0.000	0	0	0	0.000	0	0	0	0	0	0	0	0	0	0	0	0	0	0	0	0	0
55	55	1427	435.501	299.081	0.921	20	31	433	776	139	20	31	433	776	139	105.000	116.214	126	121	119	118	117	116	115	114	113	111	108	103.098	135.598	153	144	142	140	138	136	134	132	130	126	113	0	0	0.000	0.000	0	0	0	0	0.000	0	0	0	0.000	0	0	0	0	0	0	0	0	0	0	0	0	0	0	0	0	0
56	56	2168	293.542	308.607	0.880	19	319	1451	286	45	19	319	1451	286	45	103.998	110.696	117	114	113	112	111	110	110	110	109	108	105	102.774	942.347	1638	1399	1277	1166	1055	948	849	742	590	449	299	0	0	0.000	0.000	0	0	0	0	0.000	0	0	0	0.000	0	0	0	0	0	0	0	0	0	0	0	0	0	0	0	0	0
57	57	1417	1657.719	308.490	0.896	67	306	656	328	36	67	306	656	328	36	104.000	111.498	120	116	114	113	112	111	110	110	109	108	106	102.698	154.554	190	173	168	163	158	153	150	146	141	137	124	0	0	0.000	0.000	0	0	0	0	0.000	0	0	0	0.000	0	0	0	0	0	0	0	0	0	0	0	0	0	0	0	0	0
58	58	1564	689.107	313.490	0.904	109	703	642	69	12	109	703	642	69	12	105.928	111.457	117	114	113	112	112	111	111	111	110	109	107	104.729	1198.632	2187	1683	1547	1435	1325	1206	1077	937	806	665	399	0	0	0.000	0.000	0	0	0	0	0.000	0	0	0	0.000	0	0	0	0	0	0	0	0	0	0	0	0	0	0	0	0	0
59	59	2255	934.247	314.584	0.895	79	558	1089	435	55	79	558	1089	435	55	104.776	112.066	119	115	114	113	112	112	111	111	110	110	107	102.708	126.367	140	133	131	129	128	127	125	124	122	120	108	0	0	0.000	0.000	0	0	0	0	0.000	0	0	0	0.000	0	0	0	0	0	0	0	0	0	0	0	0	0	0	0	0	0
60	60	2664	521.714	323.509	0.881	29	142	1136	1193	116	29	142	1136	1193	116	105.253	212.965	275	252	244	237	231	222	212	198	178	157	136	103.651	622.761	883	813	777	745	706	662	607	541	457	357	249	0	0	0.000	0.000	0	0	0	0	0.000	0	0	0	0.000	0	0	0	0	0	0	0	0	0	0	0	0	0	0	0	0	0
61	61	692	300.680	356.359	0.910	12	53	113	428	74	12	53	113	428	74	104.000	108.994	112	110	110	110	109	109	109	108	108	108	106	102.558	643.399	929	877	823	773	715	655	596	537	470	382	269	0	0	0.000	0.000	0	0	0	0	0.000	0	0	0	0.000	0	0	0	0	0	0	0	0	0	0	0	0	0	0	0	0	0
62	62	284	1031.103	384.545	0.966	9	36	91	103	37	9	36	91	103	37	105.000	114.993	121	119	118	117	116	115	114	113	112	112	110	102.993	669.683	1022	956	893	819	746	666	589	536	471	393	274	0	0	0.000	0.000	0	0	0	0	0.000	0	0	0	0.000	0	0	0	0	0	0	0	0	0	0	0	0	0	0	0	0	0
63	63	1453	1044.502	418.662	0.852	16	187	995	214	17	16	187	995	214	17	105.920	134.929	688	135	131	129	127	124	122	119	118	116	110	103.216	1106.499	1832	1505	1348	1209	1116	1075	1028	952	869	770	559	1	58	1047.682	403.546	0	0	0	331	355.052	0	0	1074	1051.190	0	0	0	0	0	0	0	0	0	0	0	0	0	0	0	0	0
64	64	1654	536.409	428.793	0.832	48	82	655	768	76	48	82	655	768	76	105.000	123.701	409	126	120	119	117	116	115	114	113	112	108	102.474	417.553	667	578	541	508	467	432	388	336	283	230	185	1	85	546.803	433.150	0	0	0	231	238.412	0	0	531	515.929	0	0	0	0	0	0	0	0	0	0	0	0	0	0	0	0	0
65	65	462	445.982	433.053	0.924	37	49	102	176	92	37	49	102	176	92	105.000	110.279	114	112	111	111	111	110	110	110	109	109	106	104.123	206.874	261	244	238	231	222	213	205	189	177	158	123	0	0	0.000	0.000	0	0	0	0	0.000	0	0	0	0.000	0	0	0	0	0	0	0	0	0	0	0	0	0	0	0	0	0
66	66	1206	1280.705	444.449	0.898	8	97	704	342	29	8	97	704	342	29	106.352	273.320	2352	641	176	125	119	117	115	114	113	112	109	102.966	125.278	143	135	132	129	127	125	123	121	120	117	108	1	161	1275.013	439.255	0	0	0	1081	1160.012	0	0	134	133.714	0	0	0	0	0	0	0	0	0	0	0	0	0	0	0	0	0
67	67	2213	366.205	459.150	0.916	1641	244	146	133	32	1641	244	146	133	32	105.027	357.011	6990	324	163	157	152	149	145	143	140	133	118	106.451	2288.867	3862	3392	3037	2712	2482	2288	2070	1861	1557	1179	697	1	126	378.931	464.945	0	0	0	3036	3296.262	0	0	3253	2954.841	0	0	0	0	0	0	0	0	0	0	0	0	0	0	0	0	0
68	68	1899	454.007	473.831	0.867	32	117	480	1120	110	32	117	480	1120	110	104.844	123.256	429	126	123	122	120	119	117	115	114	112	108	104.246	513.506	721	678	649	623	593	554	488	419	355	301	200	1	58	458.690	459.531	0	0	0	236	249.862	0	0	652	633.431	0	0	0	0	0	0	0	0	0	0	0	0	0	0	0	0	0
69	69	1388	1156.976	465.832	0.878	11	27	447	798	82	11	27	447	798	82	105.901	149.472	207	170	163	157	153	149	144	139	135	131	121	103.000	433.366	653	585	532	487	454	422	394	366	339	312	224	0	0	0.000	0.000	0	0	0	0	0.000	0	0	0	0.000	0	0	0	0	0	0	0	0	0	0	0	0	0	0	0	0	0
70	70	2338	708.165	479.154	0.911	74	229	656	1115	225	74	229	656	1115	225	106.000	174.467	208	198	194	189	184	178	171	163	155	145	124	104.000	2891.075	3971	3709	3602	3516	3364	3175	2828	2406	2060	1682	953	0	0	0.000	0.000	0	0	0	0	0.000	0	0	0	0.000	0	0	0	0	0	0	0	0	0	0	0	0	0	0	0	0	0
71	71	1687	1047.619	480.778	0.862	9	233	842	509	61	9	233	842	509	61	106.000	179.480	1437	224	134	129	127	124	121	119	117	114	109	103.453	1685.020	2689	2381	2217	2100	1960	1758	1544	1351	1112	841	458	1	137	1041.378	475.923	0	0	0	677	728.693	0	0	2160	2088.723	0	0	0	0	0	0	0	0	0	0	0	0	0	0	0	0	0
72	72	1372	1217.361	482.216	0.901	19	63	576	619	76	19	63	576	619	76	106.009	249.835	2633	398	154	135	130	127	125	123	121	119	113	103.006	368.598	552	494	466	438	411	387	356	317	265	204	150	1	128	1217.247	490.786	0	0	0	1139	1274.820	0	0	512	498.023	0	0	0	0	0	0	0	0	0	0	0	0	0	0	0	0	0
73	73	1581	1312.786	481.033	0.883	55	517	870	66	33	55	517	870	66	33	106.016	123.039	332	127	121	120	118	117	116	115	113	112	110	103.012	128.445	144	136	134	132	131	129	128	126	124	119	107	1	84	1327.524	484.417	0	0	0	202	213.595	0	0	132	131.595	0	0	0	0	0	0	0	0	0	0	0	0	0	0	0	0	0
74	74	469	149.289	478.799	0.834	55	95	188	112	15	55	95	188	112	15	104.000	194.119	251	234	223	212	202	192	184	175	167	156	143	102.000	120.808	146	135	128	124	120	118	117	115	114	112	107	0	0	0.000	0.000	0	0	0	0	0.000	0	0	0	0.000	0	0	0	0	0	0	0	0	0	0	0	0	0	0	0	0	0
75	75	443	1273.927	480.844	0.959	8	51	121	197	57	8	51	121	197	57	106.242	111.361	115	113	112	112	112	111	111	111	110	110	108	103.036	111.817	120	116	114	113	112	112	111	110	110	108	106	0	0	0.000	0.000	0	0	0	0	0.000	0	0	0	0.000	0	0	0	0	0	0	0	0	0	0	0	0	0	0	0	0	0
76	76	958	831.713	494.766	0.904	56	508	247	97	30	56	508	247	97	30	105.851	112.347	119	115	114	113	113	112	112	111	110	110	108	103.000	132.992	154	142	139	137	136	134	132	130	127	121	110	0	0	0.000	0.000	0	0	0	0	0.000	0	0	0	0.000	0	0	0	0	0	0	0	0	0	0	0	0	0	0	0	0	0
77	77	2292	338.467	511.131	0.910	1661	434	83	43	21	1661	434	83	43	21	105.140	147.879	187	163	156	153	150	148	145	143	139	132	117	107.000	2854.490	4420	3906	3608	3332	3108	2894	2700	2474	2174	1715	763	0	0	0.000	0.000	0	0	0	0	0.000	0	0	0	0.000	0	0	0	0	0	0	0	0	0	0	0	0	0	0	0	0	0
78	78	2161	1844.193	509.235	0.889	129	501	1381	112	10	129	501	1381	112	10	105.000	116.201	129	121	120	118	117	116	115	114	113	112	108	103.000	1980.077	3535	2930	2573	2416	2237	2045	1816	1573	1230	940	576	0	0	0.000	0.000	0	0	0	0	0.000	0	0	0	0.000	0	0	0	0	0	0	0	0	0	0	0	0	0	0	0	0	0
79	79	1539	874.813	516.409	0.863	65	420	769	234	24	65	420	769	234	24	106.000	111.731	118	114	113	112	112	112	111	111	110	110	107	102.895	133.053	153	145	141	138	135	132	130	128	126	123	109	0	0	0.000	0.000	0	0	0	0	0.000	0	0	0	0.000	0	0	0	0	0	0	0	0	0	0	0	0	0	0	0	0	0
80	80	1989	745.963	523.580	0.875	39	108	721	950	133	39	108	721	950	133	105.997	207.107	1162	261	201	191	185	176	166	154	143	132	118	104.012	2629.325	3782	3505	3394	3255	3095	2844	2567	2278	1852	1308	492	1	117	750.788	534.565	0	0	0	628	681.308	0	0	3385	3324.778	0	0	0	0	0	0	0	0	0	0	0	0	0	0	0	0	0
81	81	1818	1790.507	534.445	0.889	100	421	1028	228	6	100	421	1028	228	6	105.000	118.791	128	124	122	121	120	119	118	117	116	113	108	103.143	2300.203	3569	3183	2892	2690	2530	2338	2131	1928	1700	1382	939	0	0	0.000	0.000	0	0	0	0	0.000	0	0	0	0.000	0	0	0	0	0	0	0	0	0	0	0	0	0	0	0	0	0
82	82	795	1231.491	524.907	0.918	22	71	338	285	60	22	71	338	285	60	105.951	119.670	126	124	123	122	121	120	119	118	117	115	111	104.000	309.153	438	372	351	331	316	306	297	285	269	251	198	0	0	0.000	0.000	0	0	0	0	0.000	0	0	0	0.000	0	0	0	0	0	0	0	0	0	0	0	0	0	0	0	0	0
83	83	583	1269.541	533.544	0.915	51	80	238	165	39	51	80	238	165	39	106.000	120.326	151	129	124	122	121	119	117	116	114	113	110	104.000	110.859	118	114	113	112	111	111	110	110	109	108	106	0	0	0.000	0.000	0	0	0	0	0.000	0	0	0	0.000	0	0	0	0	0	0	0	0	0	0	0	0	0	0	0	0	0
84	84	1780	1636.720	546.617	0.912	77	1308	324	36	11	77	1308	324	36	11	105.873	114.654	124	119	117	116	115	114	114	113	112	111	109	102.434	191.849	271	229	219	209	199	188	180	173	166	158	140	0	0	0.000	0.000	0	0	0	0	0.000	0	0	0	0.000	0	0	0	0	0	0	0	0	0	0	0	0	0	0	0	0	0
85	85	1761	488.458	557.676	0.906	223	711	557	213	24	223	711	557	213	24	105.000	116.867	141	127	122	119	116	115	114	112	111	111	107	104.896	859.536	1586	1134	1048	983	927	876	817	748	667	525	253	1	15	489.242	563.839	0	0	0	137	136.600	0	0	972	989.467	0	0	0	0	0	0	0	0	0	0	0	0	0	0	0	0	0
86	86	1658	1348.312	559.376	0.919	645	832	76	36	44	645	832	76	36	44	105.544	124.917	407	131	120	118	117	116	115	114	113	112	108	104.000	543.001	844	766	698	645	598	558	509	449	380	308	226	1	88	1334.822	556.019	0	0	0	237	248.295	0	0	688	685.500	0	0	0	0	0	0	0	0	0	0	0	0	0	0	0	0	0
87	87	2238	671.914	588.200	0.900	80	224	1294	570	27	80	224	1294	570	27	106.000	199.023	245	233	228	223	214	203	194	182	168	154	135	103.697	791.536	1112	1045	1012	977	924	850	778	679	553	411	266	0	0	0.000	0.000	0	0	0	0	0.000	0	0	0	0.000	0	0	0	0	0	0	0	0	0	0	0	0	0	0	0	0	0
88	88	2009	727.615	584.362	0.871	55	115	1119	645	39	55	115	1119	645	39	105.929	272.642	1589	468	252	224	209	200	189	179	166	149	126	104.020	767.726	1090	1002	954	902	853	801	739	669	578	481	283	1	179	715.360	580.256	0	0	0	898	926.235	0	0	938	927.285	0	0	0	0	0	0	0	0	0	0	0	0	0	0	0	0	0
89	89	1897	1303.735	585.549	0.899	9	117	1043	630	62	9	117	1043	630	62	106.000	136.153	381	180	133	125	122	121	119	118	116	114	110	104.659	489.145	727	659	612	581	547	508	455	394	347	305	216	1	191	1297.632	574.083	0	0	0	239	249.822	0	0	571	547.634	0	0	0	0	0	0	0	0	0	0	0	0	0	0	0	0	0
90	90	1673	102.751	598.963	0.900	51	708	839	20	15	51	708	839	20	15	103.000	131.316	152	141	139	137	135	132	130	126	123	119	110	101.787	189.282	255	230	214	203	194	187	179	171	165	156	137	0	0	0.000	0.000	0	0	0	0	0.000	0	0	0	0.000	0	0	0	0	0	0	0	0	0	0	0	0	0	0	0	0	0
91	91	2293	516.675	607.086	0.866	81	361	1198	560	47	81	361	1198	560	47	105.000	113.271	121	117	116	115	114	113	112	112	111	110	107	105.787	794.566	1365	1093	1011	934	849	786	725	659	584	479	307	0	0	0.000	0.000	0	0	0	0	0.000	0	0	0	0.000	0	0	0	0	0	0	0	0	0	0	0	0	0	0	0	0	0
92	92	1545	1251.893	607.498	0.911	57	178	1125	146	10	57	178	1125	146	10	106.000	120.558	130	125	123	122	122	121	120	119	117	115	111	105.000	609.981	777	730	706	679	651	626	599	570	530	463	299	0	0	0.000	0.000	0	0	0	0	0.000	0	0	0	0.000	0	0	0	0	0	0	0	0	0	0	0	0	0	0	0	0	0
93	93	1721	353.632	609.693	0.895	53	600	893	127	13	53	600	893	127	13	105.000	177.041	249	206	198	190	184	176	168	160	154	148	131	106.000	2342.608	3863	3412	3166	2957	2685	2375	2083	1764	1482	1184	911	0	0	0.000	0.000	0	0	0	0	0.000	0	0	0	0.000	0	0	0	0	0	0	0	0	0	0	0	0	0	0	0	0	0
94	94	2485	414.860	616.863	0.893	57	285	1068	912	119	57	285	1068	912	119	104.901	184.185	228	215	208	201	195	190	182	172	158	145	123	105.159	2668.600	4143	3726	3496	3278	3056	2819	2530	2254	1841	1266	781	0	0	0.000	0.000	0	0	0	0	0.000	0	0	0	0.000	0	0	0	0	0	0	0	0	0	0	0	0	0	0	0	0	0
95	95	649	1191.512	621.533	0.885	313	229	46	44	12	313	229	46	44	12	106.000	114.974	125	118	117	116	115	115	114	114	113	112	109	105.119	793.946	1381	1206	1012	918	852	783	704	622	540	454	339	0	0	0.000	0.000	0	0	0	0	0.000	0	0	0	0.000	0	0	0	0	0	0	0	0	0	0	0	0	0	0	0	0	0
96	96	1873	60.576	639.584	0.890	26	221	1247	340	12	26	221	1247	340	12	102.676	131.797	150	145	142	139	135	131	129	126	123	119	110	102.000	194.243	255	242	233	222	210	195	181	166	156	147	123	0	0	0.000	0.000	0	0	0	0	0.000	0	0	0	0.000	0	0	0	0	0	0	0	0	0	0	0	0	0	0	0	0	0
97	97	801	1214.379	638.200	0.892	94	473	153	46	21	94	473	153	46	21	106.000	143.572	208	181	174	162	150	136	126	121	117	115	111	105.000	731.951	1030	928	875	833	790	743	694	635	581	531	401	1	13	1214.122	631.124	0	0	0	200	199.615	0	0	734	741.692	0	0	0	0	0	0	0	0	0	0	0	0	0	0	0	0	0
98	98	681	107.087	640.420	0.922	25	59	146	327	110	25	59	146	327	110	103.112	116.053	125	121	120	118	117	116	115	114	113	111	108	101.952	155.482	191	182	178	174	168	160	152	141	132	120	107	0	0	0.000	0.000	0	0	0	0	0.000	0	0	0	0.000	0	0	0	0	0	0	0	0	0	0	0	0	0	0	0	0	0
99	99	1942	1921.198	654.028	0.883	25	237	730	846	58	25	237	730	846	58	105.000	222.859	327	289	266	249	232	218	207	195	183	163	134	102.421	764.575	1353	1104	995	910	829	749	676	589	520	448	279	0	0	0.000	0.000	0	0	0	0	0.000	0	0	0	0.000	0	0	0	0	0	0	0	0	0	0	0	0	0	0	0	0	0
100	100	1577	484.073	648.189	0.878	114	986	395	36	15	114	986	395	36	15	104.971	111.159	120	115	113	112	111	111	110	110	109	109	106	105.588	812.490	1381	1170	1105	1037	933	810	700	600	523	453	289	0	0	0.000	0.000	0	0	0	0	0.000	0	0	0	0.000	0	0	0	0	0	0	0	0	0	0	0	0	0	0	0	0	0
101	101	2173	1167.059	659.936	0.886	131	316	1009	621	52	131	316	1009	621	52	106.000	1173.647	10757	5052	1165	217	143	137	133	131	129	124	114	105.670	1765.058	2585	2326	2202	2083	1946	1819	1660	1513	1319	1130	556	0	0	0.000	0.000	0	0	0	0	0.000	0	0	0	0.000	0	0	0	0	0	0	0	0	0	0	0	0	0	0	0	0	0
102	102	1306	539.050	657.830	0.924	43	280	601	311	50	43	280	601	311	50	105.000	112.211	121	117	114	113	112	112	111	110	110	109	107	105.244	787.220	1153	990	918	864	835	803	760	715	653	563	388	0	0	0.000	0.000	0	0	0	0	0.000	0	0	0	0.000	0	0	0	0	0	0	0	0	0	0	0	0	0	0	0	0	0
103	103	253	143.971	659.282	0.921	19	63	45	78	45	19	63	45	78	45	104.000	110.320	117	113	112	112	111	111	110	109	108	108	106	102.775	380.866	553	506	468	436	405	383	351	325	291	265	216	0	0	0.000	0.000	0	0	0	0	0.000	0	0	0	0.000	0	0	0	0	0	0	0	0	0	0	0	0	0	0	0	0	0
104	104	939	1299.722	675.470	0.914	201	337	297	70	16	201	337	297	70	16	105.653	115.018	124	119	118	117	116	115	114	113	112	111	108	103.471	997.102	1378	1252	1194	1141	1089	1030	962	892	815	689	423	0	0	0.000	0.000	0	0	0	0	0.000	0	0	0	0.000	0	0	0	0	0	0	0	0	0	0	0	0	0	0	0	0	0
105	105	507	506.964	679.683	0.889	34	90	171	173	31	34	90	171	173	31	105.000	109.254	113	111	110	110	110	109	109	109	108	108	105	105.008	188.712	227	210	203	199	195	189	184	178	174	167	150	0	0	0.000	0.000	0	0	0	0	0.000	0	0	0	0.000	0	0	0	0	0	0	0	0	0	0	0	0	0	0	0	0	0
106	106	1130	1958.152	686.723	0.934	105	518	385	85	11	105	518	385	85	11	104.020	239.784	346	298	283	268	258	243	225	211	195	175	132	102.000	901.234	1510	1279	1166	1064	976	900	813	730	637	521	336	0	0	0.000	0.000	0	0	0	0	0.000	0	0	0	0.000	0	0	0	0	0	0	0	0	0	0	0	0	0	0	0	0	0
107	107	1915	155.979	696.526	0.852	29	152	885	704	112	29	152	885	704	112	103.990	126.860	139	135	133	131	130	128	126	123	121	117	109	103.000	1217.317	2194	1727	1566	1414	1294	1194	1093	985	867	729	244	0	0	0.000	0.000	0	0	0	0	0.000	0	0	0	0.000	0	0	0	0	0	0	0	0	0	0	0	0	0	0	0	0	0
108	108	1638	1892.284	710.518	0.839	819	516	172	68	32	819	516	172	68	32	105.000	121.704	168	140	127	122	119	117	116	115	114	113	109	102.852	186.674	262	233	225	216	206	194	178	158	140	132	121	0	0	0.000	0.000	0	0	0	0	0.000	0	0	0	0.000	0	0	0	0	0	0	0	0	0	0	0	0	0	0	0	0	0
109	109	1709	493.994	716.744	0.902	23	381	1090	172	13	23	381	1090	172	13	104.806	110.728	118	114	113	112	111	110	110	109	109	108	105	104.056	300.126	432	387	362	338	317	297	277	257	240	222	184	0	0	0.000	0.000	0	0	0	0	0.000	0	0	0	0.000	0	0	0	0	0	0	0	0	0	0	0	0	0	0	0	0	0
110	110	1385	538.649	739.692	0.891	53	184	828	290	9	53	184	828	290	9	105.000	110.318	115	113	112	111	111	110	110	109	109	108	106	102.953	275.402	389	343	322	304	290	277	263	247	228	206	150	0	0	0.000	0.000	0	0	0	0	0.000	0	0	0	0.000	0	0	0	0	0	0	0	0	0	0	0	0	0	0	0	0	0
111	111	1898	129.786	744.568	0.842	33	344	1307	174	9	33	344	1307	174	9	103.987	129.350	434	135	132	128	126	124	122	120	118	116	108	103.000	977.976	1788	1605	1435	1256	1097	939	769	642	556	458	294	1	63	120.232	729.513	0	0	0	257	262.794	0	0	1418	1394.603	0	0	0	0	0	0	0	0	0	0	0	0	0	0	0	0	0
112	112	929	460.155	752.720	0.847	32	118	406	315	48	32	118	406	315	48	105.000	116.756	134	125	121	119	116	115	114	113	113	112	108	103.013	1749.127	3264	2494	2214	2045	1886	1748	1605	1424	1210	989	730	0	0	0.000	0.000	0	0	0	0	0.000	0	0	0	0.000	0	0	0	0	0	0	0	0	0	0	0	0	0	0	0	0	0
113	113	1680	1215.003	759.394	0.834	44	162	1108	298	39	44	162	1108	298	39	106.000	124.491	166	131	129	127	126	125	123	121	118	116	111	104.000	1314.095	2060	1731	1627	1528	1450	1356	1242	1134	1001	813	354	0	0	0.000	0.000	0	0	0	0	0.000	0	0	0	0.000	0	0	0	0	0	0	0	0	0	0	0	0	0	0	0	0	0
114	114	2111	1645.758	759.024	0.897	492	1325	180	48	13	492	1325	180	48	13	106.044	115.511	134	122	118	116	115	114	113	113	112	111	108	102.655	166.742	234	192	183	178	173	168	161	155	147	139	125	2	72	1632.744	770.709	304	1654.782	763.429	120	119.903	125	125.105	172	172.944	183	181.454	0	0	0	0	0	0	0	0	0	0	0	0	0	0	0
115	115	1338	786.976	773.933	0.904	130	635	460	59	17	130	635	460	59	17	106.868	293.438	691	414	335	313	295	274	257	235	217	192	158	103.892	126.114	137	131	130	129	128	127	126	125	122	119	112	0	0	0.000	0.000	0	0	0	0	0.000	0	0	0	0.000	0	0	0	0	0	0	0	0	0	0	0	0	0	0	0	0	0
116	116	1356	113.649	791.898	0.908	46	76	666	521	25	46	76	666	521	25	103.990	123.968	137	133	131	129	127	125	122	119	117	114	109	103.000	1045.861	1566	1448	1373	1277	1194	1103	985	833	701	576	380	0	0	0.000	0.000	0	0	0	0	0.000	0	0	0	0.000	0	0	0	0	0	0	0	0	0	0	0	0	0	0	0	0	0
117	117	1055	1135.947	794.338	0.884	35	30	265	607	105	35	30	265	607	105	106.652	176.926	211	199	193	188	183	179	173	167	161	153	133	104.000	524.124	686	641	616	583	553	524	495	468	442	408	311	0	0	0.000	0.000	0	0	0	0	0.000	0	0	0	0.000	0	0	0	0	0	0	0	0	0	0	0	0	0	0	0	0	0
118	118	1365	1534.158	808.019	0.918	395	762	150	22	4	395	762	150	22	4	106.338	118.824	128	123	122	120	119	119	118	117	116	115	111	104.958	1758.396	2711	2437	2170	1981	1859	1723	1585	1467	1350	1200	890	0	0	0.000	0.000	0	0	0	0	0.000	0	0	0	0.000	0	0	0	0	0	0	0	0	0	0	0	0	0	0	0	0	0
119	119	1870	807.549	820.470	0.892	179	873	661	106	8	179	873	661	106	8	107.000	733.940	11559	996	498	417	371	341	315	298	278	251	225	104.000	129.386	176	137	133	131	129	128	126	125	124	122	116	1	120	805.571	804.699	0	0	0	4912	5362.908	0	0	149	149.833	0	0	0	0	0	0	0	0	0	0	0	0	0	0	0	0	0
120	120	2019	863.923	840.788	0.870	234	140	891	687	29	234	140	891	687	29	107.000	120.668	137	129	125	122	121	120	118	117	116	115	110	105.137	1479.832	2026	1904	1846	1778	1681	1594	1502	1349	1101	771	516	0	0	0.000	0.000	0	0	0	0	0.000	0	0	0	0.000	0	0	0	0	0	0	0	0	0	0	0	0	0	0	0	0	0
121	121	1453	1507.396	847.312	0.901	90	199	789	312	39	90	199	789	312	39	106.131	116.595	127	122	120	118	117	116	115	114	113	112	108	104.499	1777.635	2948	2486	2356	2207	2034	1878	1647	1397	1128	895	609	0	0	0.000	0.000	0	0	0	0	0.000	0	0	0	0.000	0	0	0	0	0	0	0	0	0	0	0	0	0	0	0	0	0
122	122	1601	1558.942	850.613	0.897	86	521	807	150	10	86	521	807	150	10	106.953	117.605	127	122	120	119	118	117	117	116	115	113	109	104.891	1508.630	2269	2059	1911	1750	1634	1517	1395	1276	1132	967	499	0	0	0.000	0.000	0	0	0	0	0.000	0	0	0	0.000	0	0	0	0	0	0	0	0	0	0	0	0	0	0	0	0	0
123	123	1645	1162.147	848.899	0.888	62	253	1026	246	23	62	253	1026	246	23	106.000	181.817	255	213	204	195	189	183	176	168	159	146	132	103.719	513.430	802	711	669	622	573	532	486	427	356	272	190	0	0	0.000	0.000	0	0	0	0	0.000	0	0	0	0.000	0	0	0	0	0	0	0	0	0	0	0	0	0	0	0	0	0
124	124	223	1194.168	851.659	0.923	57	47	85	25	7	57	47	85	25	7	106.000	155.574	179	172	168	166	164	160	155	149	140	131	114	103.000	321.022	457	438	407	389	372	348	306	264	221	180	137	0	0	0.000	0.000	0	0	0	0	0.000	0	0	0	0.000	0	0	0	0	0	0	0	0	0	0	0	0	0	0	0	0	0
125	125	1996	715.616	883.688	0.821	38	337	1076	458	44	38	337	1076	458	44	106.000	136.221	753	139	120	118	117	116	115	114	113	112	110	104.000	1422.666	2722	2140	1895	1746	1583	1427	1274	1093	870	659	412	1	125	707.905	875.612	0	0	0	361	395.736	0	0	2185	2109.784	0	0	0	0	0	0	0	0	0	0	0	0	0	0	0	0	0
126	126	1710	891.575	891.227	0.880	94	140	966	456	10	94	140	966	456	10	106.125	117.632	134	123	121	119	118	117	116	115	114	113	110	104.474	1223.571	1988	1729	1643	1533	1410	1269	1099	932	794	656	262	0	0	0.000	0.000	0	0	0	0	0.000	0	0	0	0.000	0	0	0	0	0	0	0	0	0	0	0	0	0	0	0	0	0
127	127	1143	758.120	911.691	0.878	138	434	404	125	15	138	434	404	125	15	106.449	155.201	225	190	176	167	159	150	143	138	133	129	116	104.000	127.700	160	142	137	133	128	125	123	121	119	116	109	0	0	0.000	0.000	0	0	0	0	0.000	0	0	0	0.000	0	0	0	0	0	0	0	0	0	0	0	0	0	0	0	0	0
128	128	1688	1453.535	910.909	0.869	66	739	716	96	22	66	739	716	96	22	107.000	167.387	993	246	138	129	127	126	124	123	121	118	111	103.000	717.611	1050	970	928	887	844	780	699	605	486	353	230	1	151	1463.966	905.518	0	0	0	478	523.801	0	0	663	637.298	0	0	0	0	0	0	0	0	0	0	0	0	0	0	0	0	0
129	129	1616	662.621	916.464	0.906	21	104	947	486	31	21	104	947	486	31	105.788	118.429	127	123	122	121	120	119	118	116	115	113	109	103.357	2328.358	3159	2948	2816	2708	2601	2427	2272	2067	1824	1525	871	0	0	0.000	0.000	0	0	0	0	0.000	0	0	0	0.000	0	0	0	0	0	0	0	0	0	0	0	0	0	0	0	0	0
130	130	1993	32.805	921.178	0.882	154	1379	366	43	26	154	1379	366	43	26	101.954	194.754	227	213	209	205	201	198	194	188	182	171	134	101.948	1392.017	1776	1674	1622	1573	1509	1445	1372	1289	1170	1004	581	0	0	0.000	0.000	0	0	0	0	0.000	0	0	0	0.000	0	0	0	0	0	0	0	0	0	0	0	0	0	0	0	0	0
131	131	473	72.442	916.926	0.913	46	103	153	124	39	46	103	153	124	39	103.000	136.670	187	155	143	140	137	135	133	129	126	122	115	102.214	645.510	1020	844	795	737	690	655	621	571	523	411	214	0	0	0.000	0.000	0	0	0	0	0.000	0	0	0	0.000	0	0	0	0	0	0	0	0	0	0	0	0	0	0	0	0	0
132	132	1486	1059.918	922.741	0.914	67	54	553	706	62	67	54	553	706	62	106.000	139.947	161	153	149	147	144	142	138	135	130	124	113	103.425	892.226	1337	1227	1118	1024	949	894	844	771	686	562	327	0	0	0.000	0.000	0	0	0	0	0.000	0	0	0	0.000	0	0	0	0	0	0	0	0	0	0	0	0	0	0	0	0	0
133	133	2414	1264.462	929.505	0.897	100	566	1534	152	13	100	566	1534	152	13	106.000	114.275	124	117	116	115	115	114	114	113	112	111	107	103.000	847.768	1160	1073	1025	972	919	871	822	754	676	578	368	0	0	0.000	0.000	0	0	0	0	0.000	0	0	0	0.000	0	0	0	0	0	0	0	0	0	0	0	0	0	0	0	0	0
134	134	1347	188.608	926.927	0.917	46	400	683	168	24	46	400	683	168	24	104.209	142.681	172	160	153	150	147	144	141	137	131	124	111	102.917	136.546	156	145	143	141	139	138	137	135	132	124	111	0	0	0.000	0.000	0	0	0	0	0.000	0	0	0	0.000	0	0	0	0	0	0	0	0	0	0	0	0	0	0	0	0	0
135	135	2698	1200.105	940.856	0.900	115	677	1478	323	60	115	677	1478	323	60	106.000	115.793	127	122	120	117	115	115	114	113	112	112	108	102.994	673.612	1226	1063	976	871	769	674	568	466	374	282	215	0	0	0.000	0.000	0	0	0	0	0.000	0	0	0	0.000	0	0	0	0	0	0	0	0	0	0	0	0	0	0	0	0	0
136	136	1777	1107.301	941.376	0.914	69	462	1031	163	16	69	462	1031	163	16	105.989	161.174	602	227	155	144	140	137	134	131	127	122	113	102.990	647.914	1099	856	784	746	700	653	604	546	483	417	243	1	160	1108.576	937.790	0	0	0	350	366.119	0	0	566	557.913	0	0	0	0	0	0	0	0	0	0	0	0	0	0	0	0	0
137	137	1475	230.665	940.674	0.907	96	438	821	89	10	96	438	821	89	10	105.000	847.715	13973	1938	452	208	155	142	139	137	133	127	114	102.805	118.899	158	125	122	120	119	118	117	116	114	112	104	1	139	233.601	931.251	0	0	0	5634	6274.065	0	0	133	135.288	0	0	1	13	233.734	930.345	0	0	0	11715	11502.769	0	0	152	150.923	0	0
138	138	402	1305.016	937.647	0.933	52	65	142	122	13	52	65	142	122	13	106.000	111.022	115	113	112	112	111	111	111	110	110	109	108	102.473	318.612	562	513	469	434	391	329	257	198	154	124	109	0	0	0.000	0.000	0	0	0	0	0.000	0	0	0	0.000	0	0	0	0	0	0	0	0	0	0	0	0	0	0	0	0	0
139	139	1938	76.759	957.715	0.885	279	1359	253	11	3	279	1359	253	11	3	103.146	249.244	1724	296	221	208	202	197	192	186	175	162	123	102.685	1258.099	2044	1762	1606	1493	1393	1293	1192	1079	891	650	235	1	117	62.408	950.008	0	0	0	939	950.615	0	0	1219	1187.906	0	0	0	0	0	0	0	0	0	0	0	0	0	0	0	0	0
140	140	1560	1468.670	955.985	0.915	27	44	422	886	147	27	44	422	886	147	107.000	128.028	144	137	134	133	131	129	126	123	121	118	113	103.000	843.749	1106	1036	995	955	912	870	829	783	709	605	323	0	0	0.000	0.000	0	0	0	0	0.000	0	0	0	0.000	0	0	0	0	0	0	0	0	0	0	0	0	0	0	0	0	0
141	141	1766	800.599	958.545	0.895	56	588	889	188	15	56	588	889	188	15	106.000	127.201	140	133	132	131	129	128	127	125	122	120	111	103.963	1180.150	1673	1539	1458	1387	1297	1223	1135	1021	895	752	440	0	0	0.000	0.000	0	0	0	0	0.000	0	0	0	0.000	0	0	0	0	0	0	0	0	0	0	0	0	0	0	0	0	0
142	142	1130	1380.321	962.678	0.891	89	547	360	104	12	89	547	360	104	12	107.000	186.025	303	242	223	205	191	179	167	157	149	142	126	103.000	123.561	155	134	130	128	126	123	121	118	116	113	108	0	0	0.000	0.000	0	0	0	0	0.000	0	0	0	0.000	0	0	0	0	0	0	0	0	0	0	0	0	0	0	0	0	0
143	143	453	1162.248	959.226	0.939	29	74	83	155	98	29	74	83	155	98	105.907	110.634	115	112	111	111	111	111	110	110	110	109	108	102.614	352.185	516	468	431	402	374	344	325	300	275	247	210	0	0	0.000	0.000	0	0	0	0	0.000	0	0	0	0.000	0	0	0	0	0	0	0	0	0	0	0	0	0	0	0	0	0
144	144	342	230.754	980.488	0.931	29	93	110	84	18	29	93	110	84	18	105.000	115.450	120	118	117	117	116	116	115	114	114	113	109	103.936	110.883	117	114	113	112	112	111	110	109	109	107	104	0	0	0.000	0.000	0	0	0	0	0.000	0	0	0	0.000	0	0	0	0	0	0	0	0	0	0	0	0	0	0	0	0	0
145	145	1724	147.981	1006.483	0.834	26	333	948	343	32	26	333	948	343	32	104.226	133.490	187	141	138	136	134	133	131	129	127	123	114	103.963	463.024	701	602	550	518	488	460	431	406	371	331	263	0	0	0.000	0.000	0	0	0	0	0.000	0	0	0	0.000	0	0	0	0	0	0	0	0	0	0	0	0	0	0	0	0	0
146	146	1944	819.601	1010.940	0.899	10	92	992	727	71	10	92	992	727	71	106.087	163.631	790	224	153	141	137	133	130	127	123	119	113	102.776	1159.648	1922	1634	1500	1388	1288	1204	1092	975	815	614	246	1	164	819.028	1014.658	0	0	0	413	439.006	0	0	1261	1247.768	0	0	0	0	0	0	0	0	0	0	0	0	0	0	0	0	0
147	147	1945	191.850	1030.205	0.835	8	56	959	828	56	8	56	959	828	56	105.000	141.706	399	156	143	140	137	133	130	128	125	121	111	105.162	418.989	711	602	563	519	471	419	363	309	270	240	185	1	98	196.284	1043.746	0	0	0	269	274.265	0	0	635	625.990	0	0	0	0	0	0	0	0	0	0	0	0	0	0	0	0	0
148	148	1671	1492.341	1037.936	0.869	27	137	1109	341	27	27	137	1109	341	27	107.000	115.952	125	120	119	117	116	115	115	114	113	112	109	102.000	142.668	164	155	152	149	147	145	142	139	134	127	113	0	0	0.000	0.000	0	0	0	0	0.000	0	0	0	0.000	0	0	0	0	0	0	0	0	0	0	0	0	0	0	0	0	0
149	149	1108	1103.496	1059.205	0.856	18	205	524	309	26	18	205	524	309	26	106.000	129.569	494	132	125	123	122	120	118	117	116	115	112	102.047	1011.199	1641	1422	1314	1220	1134	1044	940	821	683	536	421	1	54	1109.729	1069.575	0	0	0	275	280.167	0	0	1382	1332.704	0	0	0	0	0	0	0	0	0	0	0	0	0	0	0	0	0
150	150	2455	263.168	1070.379	0.877	90	110	1196	925	96	90	110	1196	925	96	105.000	119.132	127	123	122	121	120	119	119	118	117	115	108	107.807	2475.295	3813	3455	3204	2984	2745	2529	2267	1994	1703	1435	981	0	0	0.000	0.000	0	0	0	0	0.000	0	0	0	0.000	0	0	0	0	0	0	0	0	0	0	0	0	0	0	0	0	0
151	151	1701	1788.343	1063.492	0.887	43	478	974	170	9	43	478	974	170	9	106.126	113.474	118	116	115	114	114	113	113	112	112	111	109	103.462	514.670	753	714	682	634	580	527	465	409	357	295	210	0	0	0.000	0.000	0	0	0	0	0.000	0	0	0	0.000	0	0	0	0	0	0	0	0	0	0	0	0	0	0	0	0	0
152	152	1407	157.113	1074.262	0.897	20	191	807	340	19	20	191	807	340	19	104.282	134.404	151	146	144	141	139	136	134	130	125	118	106	105.372	531.670	754	667	626	594	567	543	515	483	442	378	246	0	0	0.000	0.000	0	0	0	0	0.000	0	0	0	0.000	0	0	0	0	0	0	0	0	0	0	0	0	0	0	0	0	0
153	153	1843	1891.298	1076.276	0.915	33	678	929	150	11	33	678	929	150	11	106.000	122.456	134	130	128	126	124	123	121	119	117	115	109	102.401	758.113	1562	1055	949	869	798	733	681	628	552	469	329	0	0	0.000	0.000	0	0	0	0	0.000	0	0	0	0.000	0	0	0	0	0	0	0	0	0	0	0	0	0	0	0	0	0
154	154	822	1060.806	1076.690	0.890	31	241	319	182	34	31	241	319	182	34	106.000	115.684	122	120	119	118	117	116	114	113	112	111	109	102.139	305.712	500	410	373	347	328	307	284	262	235	203	163	0	0	0.000	0.000	0	0	0	0	0.000	0	0	0	0.000	0	0	0	0	0	0	0	0	0	0	0	0	0	0	0	0	0
155	155	1300	1746.741	1089.149	0.916	90	164	644	344	23	90	164	644	344	23	106.130	117.723	138	129	125	120	117	115	114	113	113	112	108	104.825	476.190	691	596	560	529	505	481	457	431	398	342	215	0	0	0.000	0.000	0	0	0	0	0.000	0	0	0	0.000	0	0	0	0	0	0	0	0	0	0	0	0	0	0	0	0	0
156	156	1417	205.999	1092.539	0.908	11	45	468	771	93	11	45	468	771	93	105.000	112.433	121	116	114	113	113	112	112	111	110	109	107	107.655	1351.912	1878	1753	1657	1590	1518	1407	1286	1162	1021	854	578	0	0	0.000	0.000	0	0	0	0	0.000	0	0	0	0.000	0	0	0	0	0	0	0	0	0	0	0	0	0	0	0	0	0
157	157	1517	1026.024	1091.419	0.901	162	618	679	27	8	162	618	679	27	8	106.000	116.078	123	120	118	118	117	116	115	115	114	112	110	101.664	437.251	733	634	582	538	482	433	394	335	281	243	211	0	0	0.000	0.000	0	0	0	0	0.000	0	0	0	0.000	0	0	0	0	0	0	0	0	0	0	0	0	0	0	0	0	0
158	158	1442	1138.953	1104.833	0.887	111	726	527	51	5	111	726	527	51	5	106.000	158.441	1141	177	126	124	123	122	121	120	119	117	110	102.392	1271.479	1747	1586	1479	1421	1354	1288	1200	1133	1058	950	702	1	104	1134.064	1109.332	0	0	0	519	559.615	0	0	1535	1440.288	0	0	0	0	0	0	0	0	0	0	0	0	0	0	0	0	0
159	159	338	1085.417	1094.974	0.953	46	84	108	81	17	46	84	108	81	17	106.000	110.311	114	113	112	111	111	110	110	109	109	108	107	103.000	174.692	251	202	193	186	179	174	169	163	156	147	139	0	0	0.000	0.000	0	0	0	0	0.000	0	0	0	0.000	0	0	0	0	0	0	0	0	0	0	0	0	0	0	0	0	0
160	160	964	1672.808	1115.877	0.892	265	306	256	97	26	265	306	256	97	26	106.901	116.904	126	121	120	119	118	117	116	115	114	113	110	104.373	1599.985	2218	2023	1921	1822	1733	1634	1525	1415	1285	1129	738	0	0	0.000	0.000	0	0	0	0	0.000	0	0	0	0.000	0	0	0	0	0	0	0	0	0	0	0	0	0	0	0	0	0
161	161	242	1386.019	1103.719	0.808	7	20	65	99	46	7	20	65	99	46	107.000	116.599	122	119	118	118	117	116	116	115	115	114	113	102.033	121.893	128	125	124	123	122	122	121	120	120	119	115	0	0	0.000	0.000	0	0	0	0	0.000	0	0	0	0.000	0	0	0	0	0	0	0	0	0	0	0	0	0	0	0	0	0
162	162	1786	1062.901	1126.276	0.905	119	263	1040	322	13	119	263	1040	322	13	106.340	117.994	127	123	121	120	119	118	117	116	114	113	109	103.000	471.358	713	637	593	562	523	489	447	395	333	273	223	0	0	0.000	0.000	0	0	0	0	0.000	0	0	0	0.000	0	0	0	0	0	0	0	0	0	0	0	0	0	0	0	0	0
163	163	1613	173.415	1133.545	0.881	12	73	825	650	25	12	73	825	650	25	104.983	110.621	116	113	112	112	111	110	110	109	109	108	106	107.776	798.706	1609	1347	1186	1021	854	708	620	524	444	364	266	0	0	0.000	0.000	0	0	0	0	0.000	0	0	0	0.000	0	0	0	0	0	0	0	0	0	0	0	0	0	0	0	0	0
164	164	1464	125.288	1141.848	0.890	31	31	338	933	102	31	31	338	933	102	104.021	111.165	121	115	113	112	111	111	110	110	109	108	106	105.454	1279.635	2002	1797	1646	1513	1386	1282	1148	1022	911	793	519	0	0	0.000	0.000	0	0	0	0	0.000	0	0	0	0.000	0	0	0	0	0	0	0	0	0	0	0	0	0	0	0	0	0
165	165	1878	1754.545	1141.160	0.887	56	364	988	397	37	56	364	988	397	37	106.923	137.578	379	146	143	141	138	136	133	131	128	124	113	105.774	1916.592	2977	2731	2513	2264	2090	1883	1711	1547	1392	1218	489	1	36	1751.927	1161.545	0	0	0	256	253.444	0	0	1307	1325.472	0	0	0	0	0	0	0	0	0	0	0	0	0	0	0	0	0
166	166	2101	1805.475	1154.076	0.865	25	170	1102	718	43	25	170	1102	718	43	106.807	139.417	157	150	148	146	144	142	139	136	131	123	113	104.343	2529.075	3708	3337	3102	2907	2755	2620	2448	2228	1962	1589	800	0	0	0.000	0.000	0	0	0	0	0.000	0	0	0	0.000	0	0	0	0	0	0	0	0	0	0	0	0	0	0	0	0	0
167	167	2099	1684.724	1163.688	0.872	127	570	1224	125	12	127	570	1224	125	12	107.554	120.240	137	124	123	122	121	121	120	119	117	116	108	104.899	2406.666	3917	3395	3175	2955	2746	2496	2221	1908	1584	1241	840	0	0	0.000	0.000	0	0	0	0	0.000	0	0	0	0.000	0	0	0	0	0	0	0	0	0	0	0	0	0	0	0	0	0
168	168	1947	275.970	1171.066	0.909	260	1150	480	13	5	260	1150	480	13	5	106.033	275.998	3008	416	164	156	153	151	149	146	143	139	128	110.915	3808.620	5340	4906	4639	4401	4161	3903	3639	3296	2943	2568	1677	1	165	291.684	1177.851	0	0	0	1332	1446.309	0	0	4812	4646.982	0	0	0	0	0	0	0	0	0	0	0	0	0	0	0	0	0
169	169	1618	342.446	1171.462	0.891	756	655	117	51	11	756	655	117	51	11	106.295	171.528	523	263	185	160	151	144	140	137	132	127	121	109.456	2017.274	2861	2619	2459	2324	2169	2000	1861	1712	1595	1451	1052	0	0	0.000	0.000	0	0	0	0	0.000	0	0	0	0.000	0	0	0	0	0	0	0	0	0	0	0	0	0	0	0	0	0
170	170	796	1737.428	1179.457	0.921	159	186	232	137	61	159	186	232	137	61	107.000	136.259	151	146	143	141	140	138	135	132	129	125	117	105.470	1727.897	2530	2298	2190	2054	1937	1783	1625	1474	1294	1031	566	0	0	0.000	0.000	0	0	0	0	0.000	0	0	0	0.000	0	0	0	0	0	0	0	0	0	0	0	0	0	0	0	0	0
171	171	1570	144.923	1183.257	0.911	686	453	206	154	42	686	453	206	154	42	104.399	111.832	117	114	114	113	112	112	111	111	110	109	105	107.994	1307.298	2179	1934	1774	1586	1427	1263	1119	998	867	742	514	0	0	0.000	0.000	0	0	0	0	0.000	0	0	0	0.000	0	0	0	0	0	0	0	0	0	0	0	0	0	0	0	0	0
172	172	2080	1088.736	1189.902	0.864	168	715	1066	71	17	168	715	1066	71	17	107.360	188.050	412	245	209	193	185	177	169	160	153	146	129	103.033	124.270	270	130	125	123	122	121	120	120	118	117	109	1	61	1091.999	1193.427	0	0	0	357	359.639	0	0	121	121.393	0	0	0	0	0	0	0	0	0	0	0	0	0	0	0	0	0
173	173	457	1834.330	1187.978	0.928	14	75	152	161	46	14	75	152	161	46	106.000	116.409	124	121	119	118	117	116	115	115	114	113	111	103.239	855.175	1314	1237	1140	1051	957	863	775	685	599	455	289	0	0	0.000	0.000	0	0	0	0	0.000	0	0	0	0.000	0	0	0	0	0	0	0	0	0	0	0	0	0	0	0	0	0
174	174	1829	1636.576	1203.209	0.898	85	880	733	75	23	85	880	733	75	23	107.000	225.153	331	277	255	240	226	216	209	203	197	188	154	103.788	732.067	1424	1101	956	846	758	686	623	568	516	446	323	0	0	0.000	0.000	0	0	0	0	0.000	0	0	0	0.000	0	0	0	0	0	0	0	0	0	0	0	0	0	0	0	0	0
175	175	2822	1298.771	1220.142	0.881	105	747	1508	362	45	105	747	1508	362	45	108.000	855.686	18851	700	163	148	145	142	139	136	131	125	111	106.084	3033.034	5099	4266	4037	3783	3448	3065	2779	2529	2137	1483	816	1	214	1301.972	1238.694	0	0	0	8103	8921.664	0	0	4105	3991.589	0	0	0	0	0	0	0	0	0	0	0	0	0	0	0	0	0
176	176	1411	1048.287	1214.028	0.904	45	629	597	90	17	45	629	597	90	17	107.974	156.459	340	234	183	157	142	135	130	126	124	121	117	103.392	760.094	1381	1138	1030	946	864	759	623	531	451	406	356	1	210	1046.125	1218.129	0	0	0	248	253.938	0	0	723	739.071	0	0	0	0	0	0	0	0	0	0	0	0	0	0	0	0	0
177	177	1805	1360.164	1218.009	0.900	77	149	906	611	29	77	149	906	611	29	107.467	159.710	982	160	155	152	149	145	141	138	134	125	111	105.208	3679.243	5417	4878	4610	4389	4131	3897	3551	3095	2642	2206	1156	1	67	1349.415	1210.893	0	0	0	486	502.552	0	0	4430	4409.821	0	0	0	0	0	0	0	0	0	0	0	0	0	0	0	0	0
178	178	2103	363.942	1222.748	0.854	65	120	1403	465	12	65	120	1403	465	12	105.934	138.563	154	148	146	145	143	142	139	136	130	124	111	108.469	2405.627	3654	3165	3019	2869	2695	2471	2279	2065	1843	1424	705	0	0	0.000	0.000	0	0	0	0	0.000	0	0	0	0.000	0	0	0	0	0	0	0	0	0	0	0	0	0	0	0	0	0
179	179	1979	287.980	1229.778	0.876	999	340	324	233	64	999	340	324	233	64	106.292	148.919	175	164	161	158	154	150	146	143	137	130	122	111.000	4015.834	6494	5580	5222	4807	4412	4035	3690	3332	2917	2233	1486	0	0	0.000	0.000	0	0	0	0	0.000	0	0	0	0.000	0	0	0	0	0	0	0	0	0	0	0	0	0	0	0	0	0
180	180	1789	213.264	1232.930	0.881	203	1188	274	94	7	203	1188	274	94	7	105.673	332.466	450	398	363	350	339	329	319	309	298	278	232	110.894	1061.523	1609	1389	1226	1181	1134	1075	1012	937	865	750	505	0	0	0.000	0.000	0	0	0	0	0.000	0	0	0	0.000	0	0	0	0	0	0	0	0	0	0	0	0	0	0	0	0	0
181	181	1827	993.401	1228.144	0.882	167	1082	431	91	21	167	1082	431	91	21	106.838	206.100	2434	230	147	144	141	137	134	131	129	126	121	102.689	120.044	134	126	124	123	121	120	119	117	116	115	106	1	105	978.193	1223.745	0	0	0	1051	1136.848	0	0	127	127.448	0	0	0	0	0	0	0	0	0	0	0	0	0	0	0	0	0
182	182	1953	1774.126	1230.741	0.858	23	188	1250	425	35	23	188	1250	425	35	107.000	125.857	138	132	130	129	128	127	125	124	121	118	112	104.000	984.449	1662	1437	1327	1220	1093	989	912	791	658	467	331	0	0	0.000	0.000	0	0	0	0	0.000	0	0	0	0.000	0	0	0	0	0	0	0	0	0	0	0	0	0	0	0	0	0
183	183	232	86.168	1220.686	0.940	64	113	37	6	2	64	113	37	6	2	103.000	109.237	114	112	111	110	110	109	109	108	108	107	105	104.004	111.668	122	118	115	113	112	111	110	109	108	107	105	0	0	0.000	0.000	0	0	0	0	0.000	0	0	0	0.000	0	0	0	0	0	0	0	0	0	0	0	0	0	0	0	0	0
184	184	2059	1090.363	1240.991	0.896	41	231	1373	349	25	41	231	1373	349	25	107.754	127.934	138	135	133	131	130	129	127	126	123	119	112	103.990	1137.680	1561	1415	1367	1324	1278	1217	1144	1037	916	724	342	0	0	0.000	0.000	0	0	0	0	0.000	0	0	0	0.000	0	0	0	0	0	0	0	0	0	0	0	0	0	0	0	0	0
185	185	939	1179.734	1242.326	0.875	72	368	426	53	7	72	368	426	53	7	106.761	115.805	122	119	118	117	116	116	115	114	114	113	110	104.637	1225.825	1725	1499	1422	1384	1339	1281	1208	1096	1003	892	529	0	0	0.000	0.000	0	0	0	0	0.000	0	0	0	0.000	0	0	0	0	0	0	0	0	0	0	0	0	0	0	0	0	0
186	186	898	94.126	1248.482	0.896	235	378	177	66	27	235	378	177	66	27	103.050	132.461	172	153	137	132	130	129	128	127	125	122	112	104.390	133.324	160	148	143	135	133	131	129	128	126	123	116	0	0	0.000	0.000	0	0	0	0	0.000	0	0	0	0.000	0	0	0	0	0	0	0	0	0	0	0	0	0	0	0	0	0
187	187	1910	1042.884	1263.104	0.872	32	60	801	927	56	32	60	801	927	56	107.352	133.763	147	141	138	137	135	134	132	131	129	127	120	103.357	126.573	221	131	129	127	126	125	124	123	121	120	114	0	0	0.000	0.000	0	0	0	0	0.000	0	0	0	0.000	0	0	0	0	0	0	0	0	0	0	0	0	0	0	0	0	0
188	188	504	961.635	1250.622	0.959	23	49	132	207	81	23	49	132	207	81	106.929	120.077	128	125	124	123	122	120	119	118	116	115	111	102.000	113.653	120	116	115	115	114	114	113	113	112	111	108	0	0	0.000	0.000	0	0	0	0	0.000	0	0	0	0.000	0	0	0	0	0	0	0	0	0	0	0	0	0	0	0	0	0
189	189	1953	1649.854	1262.772	0.849	88	546	1070	199	11	88	546	1070	199	11	106.804	117.552	140	127	121	118	117	115	115	114	113	112	109	103.517	1070.718	2018	1488	1392	1303	1214	1138	1039	893	702	504	280	0	0	0.000	0.000	0	0	0	0	0.000	0	0	0	0.000	0	0	0	0	0	0	0	0	0	0	0	0	0	0	0	0	0
190	190	1848	1827.034	1262.535	0.879	130	335	1125	196	26	130	335	1125	196	26	106.714	127.389	139	133	132	131	130	129	127	125	122	119	113	103.254	962.708	1651	1372	1216	1109	1032	970	888	795	681	579	404	0	0	0.000	0.000	0	0	0	0	0.000	0	0	0	0.000	0	0	0	0	0	0	0	0	0	0	0	0	0	0	0	0	0
191	191	1715	1706.315	1268.638	0.908	41	327	1044	245	17	41	327	1044	245	17	106.773	114.345	127	119	116	115	114	114	113	113	112	111	109	103.021	698.700	1217	971	915	856	785	710	639	558	468	383	308	0	0	0.000	0.000	0	0	0	0	0.000	0	0	0	0.000	0	0	0	0	0	0	0	0	0	0	0	0	0	0	0	0	0
192	192	2281	1218.548	1278.740	0.889	88	682	1217	243	15	88	682	1217	243	15	107.470	117.998	129	123	121	120	119	118	117	116	115	113	110	106.676	1324.619	2497	1826	1655	1532	1408	1316	1227	1110	985	798	371	0	0	0.000	0.000	0	0	0	0	0.000	0	0	0	0.000	0	0	0	0	0	0	0	0	0	0	0	0	0	0	0	0	0
193	193	2289	1278.286	1286.032	0.877	815	1347	38	31	5	815	1347	38	31	5	108.000	134.003	286	141	134	132	131	130	128	127	125	121	112	107.832	2968.841	4457	3885	3615	3386	3224	3033	2824	2627	2388	2033	641	1	91	1266.164	1277.509	0	0	0	219	222.429	0	0	3260	3234.319	0	0	0	0	0	0	0	0	0	0	0	0	0	0	0	0	0
194	194	1797	272.001	1282.815	0.875	60	1046	582	68	17	60	1046	582	68	17	106.192	150.605	170	164	162	158	155	152	150	146	140	132	124	109.860	4024.393	6007	5661	5328	4938	4546	4078	3741	3280	2799	2214	1234	0	0	0.000	0.000	0	0	0	0	0.000	0	0	0	0.000	0	0	0	0	0	0	0	0	0	0	0	0	0	0	0	0	0
195	195	1442	141.671	1282.358	0.912	14	145	952	289	17	14	145	952	289	17	104.069	112.192	119	115	114	113	113	112	111	111	110	109	107	106.732	919.261	1507	1377	1223	1097	985	911	850	741	595	475	388	0	0	0.000	0.000	0	0	0	0	0.000	0	0	0	0.000	0	0	0	0	0	0	0	0	0	0	0	0	0	0	0	0	0
196	196	2720	219.398	1296.635	0.884	78	1003	1428	124	26	78	1003	1428	124	26	106.192	2061.514	31734	5327	899	391	352	321	296	270	240	189	149	109.337	844.278	1503	1280	1150	1049	959	881	778	667	491	340	235	1	284	230.249	1294.643	0	0	0	13496	14900.655	0	0	919	905.606	0	0	0	0	0	0	0	0	0	0	0	0	0	0	0	0	0
197	197	667	1788.851	1275.055	0.899	88	227	313	21	4	88	227	313	21	4	107.000	118.574	129	123	121	121	120	119	118	116	115	114	111	103.495	671.468	1010	920	844	792	744	688	629	568	497	401	260	0	0	0.000	0.000	0	0	0	0	0.000	0	0	0	0.000	0	0	0	0	0	0	0	0	0	0	0	0	0	0	0	0	0
198	198	1147	427.520	1295.854	0.910	43	58	563	348	114	43	58	563	348	114	105.311	134.533	146	142	140	139	137	135	133	131	129	125	116	105.168	1812.987	2509	2349	2253	2137	2038	1926	1786	1590	1366	1082	664	0	0	0.000	0.000	0	0	0	0	0.000	0	0	0	0.000	0	0	0	0	0	0	0	0	0	0	0	0	0	0	0	0	0
199	199	2119	382.996	1319.149	0.864	38	154	1081	759	28	38	154	1081	759	28	105.944	146.197	415	176	145	142	138	134	131	128	125	122	115	106.350	1829.254	2916	2677	2459	2279	2108	1890	1689	1448	1147	848	603	1	141	377.279	1312.975	0	0	0	276	284.035	0	0	1992	1999.695	0	0	0	0	0	0	0	0	0	0	0	0	0	0	0	0	0
200	200	782	169.016	1311.768	0.919	15	61	146	459	84	15	61	146	459	84	104.743	110.781	115	112	112	112	111	111	110	110	110	109	107	106.945	619.526	940	828	763	716	666	619	584	542	492	394	267	0	0	0.000	0.000	0	0	0	0	0.000	0	0	0	0.000	0	0	0	0	0	0	0	0	0	0	0	0	0	0	0	0	0
201	201	2609	1420.118	1325.512	0.900	520	1669	333	45	7	520	1669	333	45	7	107.624	1231.095	27280	2109	230	164	159	155	152	148	141	133	117	103.028	151.058	200	168	160	157	154	152	149	146	141	133	109	1	198	1413.038	1341.660	0	0	0	10996	12372.343	0	0	175	175.146	0	0	0	0	0	0	0	0	0	0	0	0	0	0	0	0	0
202	202	1519	1111.371	1337.807	0.888	43	501	720	212	27	43	501	720	212	27	107.000	120.494	168	131	122	120	119	118	117	116	115	114	110	103.000	525.103	761	707	662	611	563	521	471	438	401	357	242	1	73	1105.034	1346.917	0	0	0	151	150.575	0	0	707	696.315	0	0	0	0	0	0	0	0	0	0	0	0	0	0	0	0	0
203	203	1656	723.914	1350.152	0.871	22	193	855	508	40	22	193	855	508	40	106.655	171.691	207	193	187	182	177	173	168	163	157	147	132	102.001	171.441	212	194	188	183	177	172	165	160	154	149	137	0	0	0.000	0.000	0	0	0	0	0.000	0	0	0	0.000	0	0	0	0	0	0	0	0	0	0	0	0	0	0	0	0	0
204	204	2270	345.155	1363.966	0.881	66	464	1387	294	13	66	464	1387	294	13	105.388	153.358	880	163	139	137	135	133	129	126	123	119	113	106.172	2187.893	3241	3078	2932	2770	2602	2351	2114	1802	1380	935	615	1	121	356.028	1377.878	0	0	0	454	480.653	0	0	2494	2292.140	0	0	0	0	0	0	0	0	0	0	0	0	0	0	0	0	0
205	205	1779	216.790	1366.971	0.877	38	137	1381	170	32	38	137	1381	170	32	105.510	178.232	345	247	205	182	171	165	160	155	147	137	122	107.007	1294.206	2124	1925	1787	1664	1524	1386	1189	972	757	538	366	0	0	0.000	0.000	0	0	0	0	0.000	0	0	0	0.000	0	0	0	0	0	0	0	0	0	0	0	0	0	0	0	0	0
206	206	1735	1188.574	1362.681	0.868	45	299	1166	165	25	45	299	1166	165	25	107.074	131.326	150	142	139	137	135	133	130	126	122	119	110	104.181	1423.334	2243	2050	1918	1819	1702	1560	1373	1125	841	572	363	0	0	0.000	0.000	0	0	0	0	0.000	0	0	0	0.000	0	0	0	0	0	0	0	0	0	0	0	0	0	0	0	0	0
207	207	2305	1361.474	1364.820	0.871	224	1458	494	73	13	224	1458	494	73	13	108.000	174.572	2236	200	156	146	142	140	137	134	130	125	114	104.104	147.267	166	157	155	153	151	149	147	144	140	134	110	1	70	1343.559	1372.191	0	0	0	880	952.671	0	0	149	150.186	0	0	0	0	0	0	0	0	0	0	0	0	0	0	0	0	0
208	208	273	1732.473	1362.070	0.703	25	110	90	35	6	25	110	90	35	6	107.000	113.674	119	117	116	115	114	113	113	112	112	111	109	102.000	147.938	167	159	155	153	150	148	146	144	140	137	130	0	0	0.000	0.000	0	0	0	0	0.000	0	0	0	0.000	0	0	0	0	0	0	0	0	0	0	0	0	0	0	0	0	0
209	209	1708	176.321	1395.570	0.902	13	45	921	665	30	13	45	921	665	30	104.003	152.511	180	170	162	159	156	154	151	146	141	136	120	104.913	1630.392	2490	2257	2043	1903	1792	1658	1519	1365	1211	974	508	0	0	0.000	0.000	0	0	0	0	0.000	0	0	0	0.000	0	0	0	0	0	0	0	0	0	0	0	0	0	0	0	0	0
210	210	814	700.575	1390.600	0.897	32	61	285	365	56	32	61	285	365	56	105.699	161.214	195	178	172	168	166	164	159	154	148	142	129	102.591	160.114	193	180	172	167	163	159	156	153	150	143	129	0	0	0.000	0.000	0	0	0	0	0.000	0	0	0	0.000	0	0	0	0	0	0	0	0	0	0	0	0	0	0	0	0	0
211	211	901	978.300	1393.492	0.905	14	216	522	114	15	14	216	522	114	15	107.000	115.274	119	118	117	116	116	115	115	114	114	113	110	102.979	126.107	145	136	132	129	127	125	123	122	120	118	111	0	0	0.000	0.000	0	0	0	0	0.000	0	0	0	0.000	0	0	0	0	0	0	0	0	0	0	0	0	0	0	0	0	0
212	212	1450	254.188	1396.720	0.914	898	467	18	17	13	898	467	18	17	13	105.214	153.581	243	190	165	156	152	148	144	140	136	130	121	106.763	843.134	1529	1254	1152	1065	967	869	760	632	507	378	273	0	0	0.000	0.000	0	0	0	0	0.000	0	0	0	0.000	0	0	0	0	0	0	0	0	0	0	0	0	0	0	0	0	0
213	213	773	1689.512	1401.023	0.913	8	141	463	125	16	8	141	463	125	16	107.614	174.565	230	203	192	186	181	176	169	160	152	146	137	102.000	161.122	200	188	176	171	166	163	158	151	141	134	126	0	0	0.000	0.000	0	0	0	0	0.000	0	0	0	0.000	0	0	0	0	0	0	0	0	0	0	0	0	0	0	0	0	0
214	214	1059	1277.016	1411.529	0.887	49	65	384	439	98	49	65	384	439	98	106.839	113.266	120	116	115	114	113	113	113	112	112	111	108	104.007	235.420	312	281	266	256	247	238	227	216	202	186	159	0	0	0.000	0.000	0	0	0	0	0.000	0	0	0	0.000	0	0	0	0	0	0	0	0	0	0	0	0	0	0	0	0	0
215	215	1044	350.449	1412.960	0.926	21	65	452	456	26	21	65	452	456	26	105.000	127.219	138	135	134	132	130	128	126	123	120	118	111	104.742	2086.624	2719	2579	2489	2415	2332	2220	2082	1933	1646	1361	807	0	0	0.000	0.000	0	0	0	0	0.000	0	0	0	0.000	0	0	0	0	0	0	0	0	0	0	0	0	0	0	0	0	0
216	216	2040	1007.242	1428.648	0.870	47	363	1169	389	30	47	363	1169	389	30	106.736	114.746	122	117	116	116	115	115	114	114	113	112	109	102.690	131.283	150	140	138	136	134	132	129	128	126	122	111	0	0	0.000	0.000	0	0	0	0	0.000	0	0	0	0.000	0	0	0	0	0	0	0	0	0	0	0	0	0	0	0	0	0
217	217	2021	1727.712	1426.129	0.859	194	945	666	145	20	194	945	666	145	20	107.377	199.796	268	238	228	217	206	196	188	181	173	165	142	102.000	174.282	230	205	198	191	183	173	165	157	152	144	120	0	0	0.000	0.000	0	0	0	0	0.000	0	0	0	0.000	0	0	0	0	0	0	0	0	0	0	0	0	0	0	0	0	0
218	218	1180	1421.374	1428.527	0.907	23	373	551	177	29	23	373	551	177	29	108.000	170.756	195	187	183	180	177	175	170	164	157	149	134	103.975	2516.367	3587	3309	3159	2995	2814	2640	2417	2154	1866	1503	890	0	0	0.000	0.000	0	0	0	0	0.000	0	0	0	0.000	0	0	0	0	0	0	0	0	0	0	0	0	0	0	0	0	0
219	219	1172	1675.522	1436.262	0.905	43	235	638	200	13	43	235	638	200	13	107.043	200.432	263	235	225	215	205	198	192	185	178	169	141	102.000	196.805	279	245	229	215	203	193	184	175	166	157	132	0	0	0.000	0.000	0	0	0	0	0.000	0	0	0	0.000	0	0	0	0	0	0	0	0	0	0	0	0	0	0	0	0	0
220	220	495	442.400	1438.604	0.942	21	103	280	75	7	21	103	280	75	7	105.451	136.820	149	146	144	142	141	140	137	132	129	125	113	103.008	119.398	128	125	124	122	121	120	119	118	116	112	104	0	0	0.000	0.000	0	0	0	0	0.000	0	0	0	0.000	0	0	0	0	0	0	0	0	0	0	0	0	0	0	0	0	0
221	221	1587	1302.689	1450.569	0.896	60	1353	137	12	8	60	1353	137	12	8	107.607	113.381	119	116	115	114	114	113	113	112	112	111	108	104.125	292.972	400	356	337	322	310	295	279	263	247	229	194	0	0	0.000	0.000	0	0	0	0	0.000	0	0	0	0.000	0	0	0	0	0	0	0	0	0	0	0	0	0	0	0	0	0
222	222	1529	211.350	1454.400	0.897	17	342	792	308	37	17	342	792	308	37	104.114	127.194	138	134	132	131	131	130	128	126	121	116	108	104.027	1041.986	1480	1347	1243	1160	1099	1045	978	906	844	761	524	0	0	0.000	0.000	0	0	0	0	0.000	0	0	0	0.000	0	0	0	0	0	0	0	0	0	0	0	0	0	0	0	0	0
223	223	1300	1112.681	1451.669	0.897	60	171	734	285	23	60	171	734	285	23	107.000	200.178	252	230	223	216	211	207	201	193	179	156	122	103.000	295.842	383	344	328	321	314	304	294	281	263	229	168	0	0	0.000	0.000	0	0	0	0	0.000	0	0	0	0.000	0	0	0	0	0	0	0	0	0	0	0	0	0	0	0	0	0
224	224	1435	512.917	1458.851	0.890	352	692	237	93	39	352	692	237	93	39	106.739	134.603	157	143	140	139	137	135	133	131	129	125	112	104.460	1429.949	2042	1845	1752	1675	1596	1500	1384	1212	1055	922	627	0	0	0.000	0.000	0	0	0	0	0.000	0	0	0	0.000	0	0	0	0	0	0	0	0	0	0	0	0	0	0	0	0	0
225	225	1583	405.556	1459.213	0.908	15	81	875	561	27	15	81	875	561	27	105.000	147.321	222	162	158	155	153	149	144	139	132	127	120	102.974	127.515	142	134	132	131	129	128	127	125	123	120	107	0	0	0.000	0.000	0	0	0	0	0.000	0	0	0	0.000	0	0	0	0	0	0	0	0	0	0	0	0	0	0	0	0	0
226	226	1698	464.324	1472.954	0.880	73	392	838	315	37	73	392	838	315	37	106.041	151.456	196	165	159	156	153	150	148	145	142	139	126	104.169	126.637	138	133	131	130	128	126	125	124	122	121	115	0	0	0.000	0.000	0	0	0	0	0.000	0	0	0	0.000	0	0	0	0	0	0	0	0	0	0	0	0	0	0	0	0	0
227	227	2425	1407.422	1476.722	0.885	23	399	1280	647	27	23	399	1280	647	27	108.000	168.079	192	184	181	178	175	172	167	161	154	146	128	104.512	2387.313	3228	3078	3009	2916	2750	2551	2338	2086	1725	1349	623	0	0	0.000	0.000	0	0	0	0	0.000	0	0	0	0.000	0	0	0	0	0	0	0	0	0	0	0	0	0	0	0	0	0
228	228	821	978.976	1467.936	0.904	12	45	313	356	79	12	45	313	356	79	107.061	115.099	121	118	117	116	116	115	114	114	113	112	110	102.000	133.464	151	143	140	139	137	135	134	131	126	120	109	0	0	0.000	0.000	0	0	0	0	0.000	0	0	0	0.000	0	0	0	0	0	0	0	0	0	0	0	0	0	0	0	0	0
229	229	1364	1694.986	1474.342	0.906	64	303	644	301	28	64	303	644	301	28	107.000	203.030	272	246	233	223	212	204	193	182	171	160	147	101.989	179.776	233	214	207	199	190	182	173	165	153	137	125	0	0	0.000	0.000	0	0	0	0	0.000	0	0	0	0.000	0	0	0	0	0	0	0	0	0	0	0	0	0	0	0	0	0
230	230	2231	689.136	1483.776	0.891	164	1239	721	40	6	164	1239	721	40	6	106.551	137.209	156	149	146	144	142	140	137	133	128	119	110	103.000	1074.905	1513	1414	1346	1277	1207	1127	1041	949	849	645	223	0	0	0.000	0.000	0	0	0	0	0.000	0	0	0	0.000	0	0	0	0	0	0	0	0	0	0	0	0	0	0	0	0	0
231	231	2404	754.493	1490.185	0.854	44	564	1394	318	35	44	564	1394	318	35	107.000	135.556	218	150	143	140	138	136	132	127	121	117	113	102.718	807.111	1466	1243	1109	1009	922	852	743	622	453	303	210	1	26	756.238	1493.048	0	0	0	204	204.385	0	0	978	948.115	0	0	0	0	0	0	0	0	0	0	0	0	0	0	0	0	0
232	232	1611	177.737	1490.979	0.870	471	1055	26	8	7	471	1055	26	8	7	103.996	130.835	146	141	139	137	134	131	128	126	124	119	111	102.351	1340.169	2014	1830	1724	1584	1502	1407	1253	1116	957	779	439	0	0	0.000	0.000	0	0	0	0	0.000	0	0	0	0.000	0	0	0	0	0	0	0	0	0	0	0	0	0	0	0	0	0
233	233	1294	1084.383	1488.181	0.923	30	81	376	723	56	30	81	376	723	56	107.046	186.259	240	223	212	206	194	183	173	168	162	153	134	102.491	267.509	389	351	335	313	289	264	241	222	205	189	158	0	0	0.000	0.000	0	0	0	0	0.000	0	0	0	0.000	0	0	0	0	0	0	0	0	0	0	0	0	0	0	0	0	0
234	234	1230	546.813	1500.707	0.925	357	648	130	64	16	357	648	130	64	16	106.354	141.907	235	152	148	146	144	141	139	137	132	125	113	104.201	1447.227	2053	1833	1742	1666	1564	1481	1377	1277	1186	1020	601	0	0	0.000	0.000	0	0	0	0	0.000	0	0	0	0.000	0	0	0	0	0	0	0	0	0	0	0	0	0	0	0	0	0
235	235	1782	230.392	1510.808	0.828	82	360	781	474	45	82	360	781	474	45	104.789	127.315	142	135	133	131	130	128	127	124	121	118	108	102.308	1060.284	1645	1516	1393	1278	1184	1090	1004	881	709	532	381	0	0	0.000	0.000	0	0	0	0	0.000	0	0	0	0.000	0	0	0	0	0	0	0	0	0	0	0	0	0	0	0	0	0
236	236	1664	1302.369	1509.429	0.908	182	1234	192	16	15	182	1234	192	16	15	108.000	113.934	124	117	115	115	114	113	113	113	112	111	109	104.644	641.220	1026	907	845	788	718	650	579	507	427	357	263	1	55	1291.287	1501.026	0	0	0	121	120.527	0	0	537	555.709	0	0	0	0	0	0	0	0	0	0	0	0	0	0	0	0	0
237	237	1328	505.487	1510.833	0.901	365	627	206	70	41	365	627	206	70	41	106.562	173.660	895	276	151	135	132	130	129	127	124	120	111	104.797	1129.847	1828	1655	1568	1454	1299	1174	1037	888	696	484	343	1	150	513.685	1513.137	0	0	0	445	474.313	0	0	1591	1461.367	0	0	0	0	0	0	0	0	0	0	0	0	0	0	0	0	0
238	238	2390	1374.657	1525.708	0.870	28	323	1269	656	61	28	323	1269	656	61	108.000	176.972	1041	196	188	181	174	166	158	149	142	136	122	104.956	2113.799	3338	3055	2913	2754	2539	2278	1924	1570	1227	915	471	1	57	1377.703	1520.471	0	0	0	563	569.772	0	0	2733	2650.158	0	0	0	0	0	0	0	0	0	0	0	0	0	0	0	0	0
239	239	1687	106.954	1533.338	0.840	45	488	986	118	14	45	488	986	118	14	103.108	109.854	118	112	111	111	110	110	109	109	108	108	104	101.686	782.770	1260	1091	1001	926	855	791	734	661	557	447	264	0	0	0.000	0.000	0	0	0	0	0.000	0	0	0	0.000	0	0	0	0	0	0	0	0	0	0	0	0	0	0	0	0	0
240	240	1416	419.533	1540.985	0.878	30	222	831	286	20	30	222	831	286	20	104.292	112.297	119	116	114	113	113	112	111	111	110	109	106	103.006	1839.456	3072	2702	2595	2489	2270	2013	1660	1338	961	682	420	0	0	0.000	0.000	0	0	0	0	0.000	0	0	0	0.000	0	0	0	0	0	0	0	0	0	0	0	0	0	0	0	0	0
241	241	1203	1337.599	1561.499	0.898	159	359	581	66	9	159	359	581	66	9	108.000	173.138	202	191	187	184	180	176	172	167	159	148	128	104.076	2548.457	3387	3208	3113	2986	2807	2607	2467	2336	2088	1648	750	0	0	0.000	0.000	0	0	0	0	0.000	0	0	0	0.000	0	0	0	0	0	0	0	0	0	0	0	0	0	0	0	0	0
242	242	1537	906.671	1565.103	0.909	64	66	550	748	79	64	66	550	748	79	106.993	166.754	984	232	141	133	129	127	125	123	120	116	111	104.000	1920.547	2941	2723	2551	2404	2223	1991	1781	1547	1271	1001	506	1	137	919.911	1570.369	0	0	0	482	516.876	0	0	2256	2168.438	0	0	0	0	0	0	0	0	0	0	0	0	0	0	0	0	0
243	243	2226	40.381	1600.024	0.843	204	1590	366	23	12	204	1590	366	23	12	102.000	120.363	134	126	123	122	121	120	119	118	117	116	110	101.000	438.863	691	604	543	500	467	429	394	362	331	300	235	0	0	0.000	0.000	0	0	0	0	0.000	0	0	0	0.000	0	0	0	0	0	0	0	0	0	0	0	0	0	0	0	0	0
244	244	1511	1436.411	1601.612	0.915	49	94	730	583	33	49	94	730	583	33	107.484	390.268	4833	798	170	138	132	128	126	125	121	118	112	103.000	1062.357	1533	1384	1320	1248	1178	1099	1014	911	824	671	406	1	166	1430.074	1609.284	0	0	0	2055	2276.458	0	0	1318	1272.036	0	0	0	0	0	0	0	0	0	0	0	0	0	0	0	0	0
245	245	1501	875.502	1607.184	0.892	39	92	550	687	105	39	92	550	687	105	106.371	125.310	137	132	130	129	127	126	124	122	120	118	113	103.835	2096.053	2879	2665	2580	2500	2408	2299	2106	1831	1518	1197	794	0	0	0.000	0.000	0	0	0	0	0.000	0	0	0	0.000	0	0	0	0	0	0	0	0	0	0	0	0	0	0	0	0	0
246	246	2026	1488.585	1617.360	0.914	38	450	1051	429	16	38	450	1051	429	16	106.899	126.778	143	136	133	131	129	127	125	123	120	118	111	102.328	1118.912	1606	1496	1440	1391	1337	1269	1140	946	726	525	191	0	0	0.000	0.000	0	0	0	0	0.000	0	0	0	0.000	0	0	0	0	0	0	0	0	0	0	0	0	0	0	0	0	0
247	247	962	259.764	1618.740	0.858	17	53	488	366	23	17	53	488	366	23	105.000	108.857	113	111	110	109	109	109	108	108	108	107	106	101.946	227.540	286	273	267	260	249	232	216	201	189	173	142	0	0	0.000	0.000	0	0	0	0	0.000	0	0	0	0.000	0	0	0	0	0	0	0	0	0	0	0	0	0	0	0	0	0
248	248	1657	228.525	1660.669	0.859	47	1002	560	10	6	47	1002	560	10	6	104.602	109.396	115	112	111	110	110	109	109	108	108	107	105	102.007	232.515	330	292	272	256	244	234	222	208	193	173	140	0	0	0.000	0.000	0	0	0	0	0.000	0	0	0	0.000	0	0	0	0	0	0	0	0	0	0	0	0	0	0	0	0	0
249	249	1594	1673.305	1669.255	0.907	176	1024	347	10	7	176	1024	347	10	7	106.110	188.198	2560	176	149	145	143	140	136	133	128	124	113	102.000	604.875	1074	882	765	692	638	585	544	504	434	348	268	1	67	1676.505	1674.917	0	0	0	966	1101.567	0	0	799	775.179	0	0	0	0	0	0	0	0	0	0	0	0	0	0	0	0	0
250	250	756	280.820	1667.123	0.928	9	75	146	402	109	9	75	146	402	109	105.000	144.810	165	159	156	153	149	145	142	138	134	129	120	102.454	209.754	271	250	244	235	224	212	202	190	175	161	139	0	0	0.000	0.000	0	0	0	0	0.000	0	0	0	0.000	0	0	0	0	0	0	0	0	0	0	0	0	0	0	0	0	0
251	251	2561	1162.001	1679.534	0.888	197	1166	889	208	39	197	1166	889	208	39	107.226	121.317	137	129	126	123	121	120	119	118	117	116	109	103.000	2118.846	3512	2958	2763	2598	2406	2179	1963	1713	1403	1158	646	0	0	0.000	0.000	0	0	0	0	0.000	0	0	0	0.000	0	0	0	0	0	0	0	0	0	0	0	0	0	0	0	0	0
252	252	1454	317.819	1684.037	0.898	294	1003	96	24	9	294	1003	96	24	9	105.000	171.847	212	195	188	183	179	175	171	165	156	142	120	102.000	253.815	340	310	295	281	269	258	247	235	214	192	133	0	0	0.000	0.000	0	0	0	0	0.000	0	0	0	0.000	0	0	0	0	0	0	0	0	0	0	0	0	0	0	0	0	0
253	253	1269	279.132	1707.776	0.902	184	562	410	79	2	184	562	410	79	2	104.243	156.992	183	173	168	163	160	157	154	150	146	143	127	102.000	214.043	277	252	243	235	227	217	208	197	185	170	149	0	0	0.000	0.000	0	0	0	0	0.000	0	0	0	0.000	0	0	0	0	0	0	0	0	0	0	0	0	0	0	0	0	0
254	254	1411	779.880	1711.324	0.918	43	81	452	722	92	43	81	452	722	92	106.000	115.485	126	121	119	118	116	115	114	113	112	111	108	103.000	1890.420	3088	2675	2520	2373	2215	2044	1770	1445	1178	900	512	0	0	0.000	0.000	0	0	0	0	0.000	0	0	0	0.000	0	0	0	0	0	0	0	0	0	0	0	0	0	0	0	0	0
255	255	2016	972.805	1712.445	0.863	24	318	968	597	65	24	318	968	597	65	106.000	285.438	338	325	317	310	305	298	287	274	253	223	160	103.000	1424.426	1869	1764	1660	1602	1549	1493	1411	1323	1179	999	461	0	0	0.000	0.000	0	0	0	0	0.000	0	0	0	0.000	0	0	0	0	0	0	0	0	0	0	0	0	0	0	0	0	0
256	256	1430	1414.571	1710.569	0.901	32	320	653	353	43	32	320	653	353	43	107.517	160.312	502	209	166	151	146	143	140	136	132	128	121	102.952	284.968	400	359	334	319	306	291	273	251	228	207	177	1	106	1407.611	1728.714	0	0	0	318	327.538	0	0	270	262.991	0	0	0	0	0	0	0	0	0	0	0	0	0	0	0	0	0
257	257	275	1658.548	1698.467	0.925	26	51	103	75	15	26	51	103	75	15	105.575	132.225	145	141	139	137	135	133	130	128	125	124	118	101.796	412.789	542	530	513	490	461	422	387	350	313	286	231	0	0	0.000	0.000	0	0	0	0	0.000	0	0	0	0.000	0	0	0	0	0	0	0	0	0	0	0	0	0	0	0	0	0
258	258	2050	1033.253	1717.249	0.892	74	649	1128	153	8	74	649	1128	153	8	106.202	882.954	10760	2023	418	325	314	299	274	244	216	196	150	102.954	1208.737	1801	1670	1609	1542	1455	1334	1144	927	714	575	349	1	231	1028.010	1704.464	0	0	0	4782	5191.312	0	0	1544	1475.658	0	0	0	0	0	0	0	0	0	0	0	0	0	0	0	0	0
259	259	1568	828.245	1714.217	0.892	25	582	862	68	5	25	582	862	68	5	106.000	114.123	119	116	116	115	115	114	114	113	112	112	108	103.108	1887.551	3101	2681	2521	2329	2165	1985	1786	1545	1243	866	495	0	0	0.000	0.000	0	0	0	0	0.000	0	0	0	0.000	0	0	0	0	0	0	0	0	0	0	0	0	0	0	0	0	0
260	260	1660	1381.531	1745.055	0.889	11	103	910	576	21	11	103	910	576	21	107.421	140.014	615	144	139	136	134	132	129	126	123	118	113	102.775	309.994	438	400	384	368	353	327	297	266	225	185	151	1	60	1386.900	1764.790	0	0	0	333	342.483	0	0	341	314.267	0	0	0	0	0	0	0	0	0	0	0	0	0	0	0	0	0
261	261	1234	1432.727	1751.533	0.911	15	149	803	229	14	15	149	803	229	14	108.000	135.024	161	150	144	141	138	136	133	129	125	120	111	103.000	333.514	434	394	384	374	361	346	324	301	278	259	194	0	0	0.000	0.000	0	0	0	0	0.000	0	0	0	0.000	0	0	0	0	0	0	0	0	0	0	0	0	0	0	0	0	0
262	262	1977	343.482	1800.329	0.844	240	1411	246	40	15	240	1411	246	40	15	104.000	118.131	137	124	122	121	119	118	117	115	114	112	108	102.338	1473.612	2360	2015	1830	1660	1533	1425	1335	1250	1153	1027	621	0	0	0.000	0.000	0	0	0	0	0.000	0	0	0	0.000	0	0	0	0	0	0	0	0	0	0	0	0	0	0	0	0	0
263	263	2011	77.125	1796.385	0.863	63	592	1098	201	14	63	592	1098	201	14	102.030	109.079	116	112	111	110	110	109	108	108	107	106	104	100.594	129.177	152	140	137	135	132	130	128	125	122	117	103	0	0	0.000	0.000	0	0	0	0	0.000	0	0	0	0.000	0	0	0	0	0	0	0	0	0	0	0	0	0	0	0	0	0
264	264	1524	233.381	1802.908	0.923	356	786	243	74	37	356	786	243	74	37	104.000	111.046	117	114	113	112	112	111	110	110	109	108	107	101.978	203.241	271	242	230	222	216	207	196	184	174	162	141	0	0	0.000	0.000	0	0	0	0	0.000	0	0	0	0.000	0	0	0	0	0	0	0	0	0	0	0	0	0	0	0	0	0
265	265	544	1207.883	1797.352	0.923	58	145	195	111	24	58	145	195	111	24	107.000	120.656	130	126	124	123	122	121	120	118	116	115	111	102.000	119.103	132	128	126	125	123	120	117	115	112	109	104	0	0	0.000	0.000	0	0	0	0	0.000	0	0	0	0.000	0	0	0	0	0	0	0	0	0	0	0	0	0	0	0	0	0
266	266	1334	779.094	1805.261	0.913	52	186	805	246	25	52	186	805	246	25	105.762	159.849	186	176	173	170	166	162	156	151	146	141	126	104.000	617.503	920	808	763	731	691	645	595	529	457	400	198	0	0	0.000	0.000	0	0	0	0	0.000	0	0	0	0.000	0	0	0	0	0	0	0	0	0	0	0	0	0	0	0	0	0
267	267	1687	1168.614	1818.798	0.907	17	74	524	916	130	17	74	524	916	130	106.995	125.302	138	133	130	128	127	125	124	123	121	118	112	102.000	129.666	149	139	136	134	132	131	129	127	124	118	105	0	0	0.000	0.000	0	0	0	0	0.000	0	0	0	0.000	0	0	0	0	0	0	0	0	0	0	0	0	0	0	0	0	0
268	268	1519	1989.271	1826.690	0.905	116	389	825	108	44	116	389	825	108	44	104.000	113.986	133	120	116	115	113	113	112	111	111	110	107	102.000	1193.246	1952	1699	1566	1426	1298	1182	1068	958	835	697	437	1	191	1997.076	1827.563	0	0	0	123	122.921	0	0	1073	1124.639	0	0	0	0	0	0	0	0	0	0	0	0	0	0	0	0	0
269	269	2042	1081.086	1832.134	0.874	83	578	983	329	27	83	578	983	329	27	106.638	121.565	132	127	125	124	123	121	120	120	118	116	112	102.000	133.674	160	151	145	139	134	131	128	126	124	121	114	0	0	0.000	0.000	0	0	0	0	0.000	0	0	0	0.000	0	0	0	0	0	0	0	0	0	0	0	0	0	0	0	0	0
270	270	1811	1216.199	1835.781	0.886	20	176	711	803	75	20	176	711	803	75	107.000	122.405	136	130	128	126	124	122	121	119	117	115	110	102.000	128.436	149	138	135	133	131	129	127	125	121	118	106	0	0	0.000	0.000	0	0	0	0	0.000	0	0	0	0.000	0	0	0	0	0	0	0	0	0	0	0	0	0	0	0	0	0
271	271	1054	438.059	1830.011	0.885	205	605	168	32	17	205	605	168	32	17	105.000	214.345	340	277	243	230	218	207	197	188	179	169	136	102.000	140.049	183	163	152	146	140	137	134	131	128	124	112	0	0	0.000	0.000	0	0	0	0	0.000	0	0	0	0.000	0	0	0	0	0	0	0	0	0	0	0	0	0	0	0	0	0
272	272	2442	1022.260	1848.866	0.902	310	1476	566	39	8	310	1476	566	39	8	106.269	123.011	135	129	128	126	125	123	122	120	118	116	111	102.000	136.620	157	150	146	144	140	137	134	130	127	122	110	0	0	0.000	0.000	0	0	0	0	0.000	0	0	0	0.000	0	0	0	0	0	0	0	0	0	0	0	0	0	0	0	0	0
273	273	309	1144.771	1842.519	0.902	45	65	104	61	30	45	65	104	61	30	106.000	121.230	130	126	125	124	123	122	121	119	118	115	111	102.000	121.712	139	131	129	127	125	123	121	118	114	110	106	0	0	0.000	0.000	0	0	0	0	0.000	0	0	0	0.000	0	0	0	0	0	0	0	0	0	0	0	0	0	0	0	0	0
274	274	1168	1248.402	1876.174	0.886	46	396	577	119	11	46	396	577	119	11	107.000	112.390	118	114	114	113	113	112	112	112	111	110	108	102.000	122.978	136	129	127	126	125	124	122	121	118	116	107	0	0	0.000	0.000	0	0	0	0	0.000	0	0	0	0.000	0	0	0	0	0	0	0	0	0	0	0	0	0	0	0	0	0
275	275	1557	1292.272	1878.940	0.886	33	441	790	227	28	33	441	790	227	28	106.730	114.287	127	118	116	115	114	114	113	113	112	111	108	101.922	183.847	219	205	201	197	193	188	182	175	168	156	123	0	0	0.000	0.000	0	0	0	0	0.000	0	0	0	0.000	0	0	0	0	0	0	0	0	0	0	0	0	0	0	0	0	0
276	276	1686	1389.267	1891.004	0.868	63	158	795	600	49	63	158	795	600	49	106.479	115.548	122	119	118	117	116	116	115	114	113	112	109	102.550	664.947	1023	913	842	789	746	693	627	559	485	385	150	0	0	0.000	0.000	0	0	0	0	0.000	0	0	0	0.000	0	0	0	0	0	0	0	0	0	0	0	0	0	0	0	0	0
277	277	1864	185.104	1900.601	0.905	127	781	737	163	26	127	781	737	163	26	103.886	363.528	4964	504	204	189	184	179	172	163	154	144	130	101.000	128.018	153	135	133	131	129	128	127	125	124	120	109	1	134	171.478	1905.805	0	0	0	2164	2422.731	0	0	137	138.261	0	0	0	0	0	0	0	0	0	0	0	0	0	0	0	0	0
278	278	2656	762.559	1919.603	0.860	701	1800	54	31	22	701	1800	54	31	22	106.370	189.116	252	223	215	206	198	188	180	174	165	151	135	106.394	1230.073	2055	1762	1648	1523	1358	1208	1078	964	828	694	456	0	0	0.000	0.000	0	0	0	0	0.000	0	0	0	0.000	0	0	0	0	0	0	0	0	0	0	0	0	0	0	0	0	0
279	279	2244	646.074	1921.895	0.909	1512	598	40	26	19	1512	598	40	26	19	106.596	185.038	257	224	209	199	190	180	174	168	161	152	139	106.807	1085.840	2010	1618	1434	1292	1157	1052	953	859	732	594	396	0	0	0.000	0.000	0	0	0	0	0.000	0	0	0	0.000	0	0	0	0	0	0	0	0	0	0	0	0	0	0	0	0	0
280	280	1476	707.085	1924.289	0.857	728	329	208	136	53	728	329	208	136	53	106.873	206.979	408	270	244	231	216	203	186	168	158	144	125	107.000	910.317	1571	1409	1288	1157	1033	903	750	634	544	465	302	0	0	0.000	0.000	0	0	0	0	0.000	0	0	0	0.000	0	0	0	0	0	0	0	0	0	0	0	0	0	0	0	0	0
281	281	2029	586.906	1924.853	0.882	172	1346	387	70	15	172	1346	387	70	15	105.116	228.172	297	284	274	263	249	235	217	198	182	162	141	105.538	1762.499	2706	2501	2400	2254	2092	1859	1584	1326	1119	865	563	0	0	0.000	0.000	0	0	0	0	0.000	0	0	0	0.000	0	0	0	0	0	0	0	0	0	0	0	0	0	0	0	0	0
282	282	1838	2008.865	1936.054	0.878	80	175	708	735	106	80	175	708	735	106	104.000	114.063	127	119	117	116	115	114	112	112	111	110	106	101.000	484.085	783	681	607	565	527	477	434	395	357	302	201	0	0	0.000	0.000	0	0	0	0	0.000	0	0	0	0.000	0	0	0	0	0	0	0	0	0	0	0	0	0	0	0	0	0
283	283	2582	820.303	1956.952	0.856	1067	1359	55	18	12	1067	1359	55	18	12	105.770	239.649	303	282	270	260	250	242	233	221	209	196	152	104.204	1937.058	2989	2605	2419	2303	2154	1979	1826	1633	1385	1121	801	0	0	0.000	0.000	0	0	0	0	0.000	0	0	0	0.000	0	0	0	0	0	0	0	0	0	0	0	0	0	0	0	0	0
284	284	2452	476.525	1988.664	0.855	170	1386	760	94	15	170	1386	760	94	15	104.259	602.406	3956	2288	808	332	181	136	126	122	119	117	111	104.273	2112.568	3228	2819	2594	2420	2272	2151	2025	1867	1614	1329	788	0	0	0.000	0.000	0	0	0	0	0.000	0	0	0	0.000	0	0	0	0	0	0	0	0	0	0	0	0	0	0	0	0	0
285	285	2244	316.297	1986.149	0.872	369	1507	283	37	10	369	1507	283	37	10	102.918	221.395	2524	275	181	166	157	151	146	143	138	132	112	100.359	115.679	129	122	119	118	117	116	115	114	112	110	103	2	19	332.156	1992.465	121	301.677	1996.726	275	272.263	1053	1178.901	120	120.105	118	118.537	0	0	0	0	0	0	0	0	0	0	0	0	0	0	0
286	286	1416	738.561	2014.946	0.888	50	344	764	217	11	50	344	764	217	11	103.927	198.867	270	241	220	210	203	197	191	184	176	163	138	103.782	133.877	150	143	140	138	135	134	132	130	129	126	115	0	0	0.000	0.000	0	0	0	0	0.000	0	0	0	0.000	0	0	0	0	0	0	0	0	0	0	0	0	0	0	0	0	0
287	287	1737	434.134	2026.745	0.750	19	650	945	76	11	19	650	945	76	11	103.256	120.781	132	128	126	125	123	122	119	117	114	112	109	105.766	1980.417	3310	2979	2733	2452	2228	2050	1863	1527	1144	881	722	0	0	0.000	0.000	0	0	0	0	0.000	0	0	0	0.000	0	0	0	0	0	0	0	0	0	0	0	0	0	0	0	0	0
