 	cell	area	x	y	circ	BFI_lev_b1	BFI_lev_b2	BFI_lev_b3	BFI_lev_b4	BFI_lev_b5	BFO_lev_b1	BFO_lev_b2	BFO_lev_b3	BFO_lev_b4	BFO_lev_b5	RFP_int_bg	RFP_int_mean	RFP_int_b0	RFP_int_b1	RFP_int_b2	RFP_int_b3	RFP_int_b4	RFP_int_b5	RFP_int_b6	RFP_int_b7	RFP_int_b8	RFP_int_b9	RFP_int_b10	GFP_int_bg	GFP_int_mean	GFP_int_b0	GFP_int_b1	GFP_int_b2	GFP_int_b3	GFP_int_b4	GFP_int_b5	GFP_int_b6	GFP_int_b7	GFP_int_b8	GFP_int_b9	GFP_int_b10	inRFPnfoci	f1_inRFParea	f1_inRFPx	f1_inRFPy	f2_inRFParea	f2_inRFPx	f2_inRFPy	f1_inRFP_toRFPmed	f1_inRFP_toRFPmean	f2_inRFP_toRFPmed	f2_inRFP_toRFPmean	f1_inRFP_toGFPmed	f1_inRFP_toGFPmean	f2_inRFP_toGFPmed	f2_inRFP_toGFPmean	inGFPnfoci	f1_inGFParea	f1_inGFPx	f1_inGFPy	f2_inGFParea	f2_inGFPx	f2_inGFPy	f1_inGFP_toRFPmed	f1_inGFP_toRFPmean	f2_inGFP_toRFPmed	f2_inGFP_toRFPmean	f1_inGFP_toGFPmed	f1_inGFP_toGFPmean	f2_inGFP_toGFPmed	f2_inGFP_toGFPmean
1	1	1922	1994.458	32.898	0.863	26	151	1426	276	14	26	151	1426	276	14	104.373	113.736	120	117	116	115	114	114	113	112	112	111	108	102.289	978.775	1615	1431	1347	1261	1136	996	873	751	609	455	312	0	0	0.000	0.000	0	0	0	0	0.000	0	0	0	0.000	0	0	0	0	0.000	0.000	0	0	0	0	0.000	0	0	0	0.000	0	0
2	2	2067	667.383	42.202	0.902	7	344	1194	444	45	7	344	1194	444	45	107.464	350.290	5033	468	181	170	166	161	157	151	145	138	121	103.270	776.907	1231	1115	1007	946	873	794	722	632	518	401	274	1	158	679.140	29.711	0	0	0	2219	2369.006	0	0	1146	1075.329	0	0	0	0	0.000	0.000	0	0	0	0	0.000	0	0	0	0.000	0	0
3	3	2047	215.737	50.727	0.891	185	685	760	346	37	185	685	760	346	37	106.513	288.906	862	360	332	317	298	279	262	240	214	183	148	102.351	450.242	683	627	572	533	497	463	427	385	325	250	180	1	36	203.676	56.553	0	0	0	725	716.278	0	0	575	559.806	0	0	0	0	0.000	0.000	0	0	0	0	0.000	0	0	0	0.000	0	0
4	4	1606	1305.115	73.756	0.880	27	295	786	415	49	27	295	786	415	49	108.448	245.447	2441	451	180	140	136	134	131	129	126	122	114	103.573	1195.585	1892	1685	1567	1446	1341	1222	1093	980	862	641	372	1	157	1302.174	81.590	0	0	0	990	1107.994	0	0	1006	996.274	0	0	0	0	0.000	0.000	0	0	0	0	0.000	0	0	0	0.000	0	0
5	5	889	652.508	88.086	0.892	18	288	482	80	4	18	288	482	80	4	108.000	147.160	171	164	161	157	152	148	143	139	134	127	116	104.000	752.891	981	904	873	845	817	784	750	706	637	530	370	0	0	0.000	0.000	0	0	0	0	0.000	0	0	0	0.000	0	0	0	0	0.000	0.000	0	0	0	0	0.000	0	0	0	0.000	0	0
6	6	1463	1327.630	115.037	0.904	46	153	725	475	40	46	153	725	475	40	109.000	130.420	143	138	136	134	132	131	130	127	125	122	114	104.000	1214.037	1889	1743	1582	1441	1309	1196	1096	981	857	729	486	0	0	0.000	0.000	0	0	0	0	0.000	0	0	0	0.000	0	0	0	0	0.000	0.000	0	0	0	0	0.000	0	0	0	0.000	0	0
7	7	1591	1263.473	119.218	0.892	35	139	777	574	37	35	139	777	574	37	109.000	131.454	302	143	131	128	126	125	124	123	122	120	112	103.911	590.516	979	866	781	706	631	584	525	460	390	344	277	1	90	1253.512	116.614	0	0	0	207	211.889	0	0	926	921.411	0	0	0	0	0.000	0.000	0	0	0	0	0.000	0	0	0	0.000	0	0
8	8	1085	1244.692	160.989	0.909	45	75	289	575	76	45	75	289	575	76	109.076	125.429	135	131	130	128	127	125	124	123	122	120	115	103.357	575.753	904	793	711	659	607	560	512	472	440	404	262	0	0	0.000	0.000	0	0	0	0	0.000	0	0	0	0.000	0	0	0	0	0.000	0.000	0	0	0	0	0.000	0	0	0	0.000	0	0
9	9	1452	796.572	162.871	0.886	304	817	237	52	18	304	817	237	52	18	109.987	175.515	195	189	187	184	180	177	173	170	166	161	145	103.649	564.183	737	664	636	613	591	572	551	524	492	453	343	0	0	0.000	0.000	0	0	0	0	0.000	0	0	0	0.000	0	0	0	0	0.000	0.000	0	0	0	0	0.000	0	0	0	0.000	0	0
10	10	1389	710.833	181.289	0.896	13	74	508	670	87	13	74	508	670	87	109.166	118.379	127	123	121	119	118	118	117	117	116	115	112	103.763	125.474	141	134	131	129	127	125	124	122	120	118	110	0	0	0.000	0.000	0	0	0	0	0.000	0	0	0	0.000	0	0	0	0	0.000	0.000	0	0	0	0	0.000	0	0	0	0.000	0	0
11	11	1969	849.389	188.298	0.892	53	340	1133	392	20	53	340	1133	392	20	109.826	308.959	2104	750	318	199	168	158	152	146	140	134	123	103.989	452.262	680	573	542	519	496	475	448	411	359	278	211	1	269	848.457	192.009	0	0	0	1018	1097.799	0	0	445	429.015	0	0	0	0	0.000	0.000	0	0	0	0	0.000	0	0	0	0.000	0	0
12	12	1436	530.122	186.002	0.916	548	718	105	37	16	548	718	105	37	16	109.000	210.818	827	416	244	182	157	149	142	137	131	127	118	104.739	723.509	1078	969	910	859	811	755	687	603	509	434	306	1	237	528.984	193.333	0	0	0	459	488.776	0	0	510	588.810	0	0	0	0	0.000	0.000	0	0	0	0	0.000	0	0	0	0.000	0	0
13	13	2078	909.007	193.878	0.895	157	1385	447	42	7	157	1385	447	42	7	110.505	596.376	5000	1898	597	269	193	181	173	162	152	143	125	103.921	477.903	743	635	598	562	532	500	463	414	352	275	202	1	340	917.935	189.456	0	0	0	2259	2477.329	0	0	618	606.300	0	0	0	0	0.000	0.000	0	0	0	0	0.000	0	0	0	0.000	0	0
14	14	1709	1017.316	210.906	0.885	60	209	924	439	47	60	209	924	439	47	110.793	126.518	149	137	133	130	127	125	123	122	121	119	114	103.180	195.933	244	225	217	209	202	196	191	185	175	166	142	0	0	0.000	0.000	0	0	0	0	0.000	0	0	0	0.000	0	0	0	0	0.000	0.000	0	0	0	0	0.000	0	0	0	0.000	0	0
15	15	1415	127.676	214.920	0.921	80	482	722	83	15	80	482	722	83	15	107.000	114.927	125	120	117	116	115	114	114	113	112	112	109	102.164	977.104	1564	1333	1263	1190	1113	1029	923	806	676	534	318	0	0	0.000	0.000	0	0	0	0	0.000	0	0	0	0.000	0	0	0	0	0.000	0.000	0	0	0	0	0.000	0	0	0	0.000	0	0
16	16	2138	1398.983	227.010	0.846	70	324	1220	429	48	70	324	1220	429	48	110.000	210.810	2436	222	157	152	149	146	144	141	137	133	122	103.570	848.824	1339	1177	1103	1028	966	896	805	706	580	452	206	1	116	1385.876	226.592	0	0	0	1064	1141.086	0	0	1100	1026.526	0	0	0	0	0.000	0.000	0	0	0	0	0.000	0	0	0	0.000	0	0
17	17	1873	1890.656	219.786	0.894	30	129	1188	466	29	30	129	1188	466	29	108.846	119.501	221	122	119	118	117	116	116	115	114	114	111	102.979	521.572	769	649	608	580	558	529	498	464	431	388	243	1	96	1900.435	209.499	0	0	0	163	165.385	0	0	509	512.219	0	0	0	0	0.000	0.000	0	0	0	0	0.000	0	0	0	0.000	0	0
18	18	1980	679.960	229.628	0.885	18	199	1248	443	32	18	199	1248	443	32	109.141	119.280	134	126	123	120	119	118	117	117	116	115	111	104.110	129.275	145	137	135	133	132	130	128	126	123	121	112	0	0	0.000	0.000	0	0	0	0	0.000	0	0	0	0.000	0	0	0	0	0.000	0.000	0	0	0	0	0.000	0	0	0	0.000	0	0
19	19	2158	1945.909	228.173	0.881	28	240	1391	448	12	28	240	1391	448	12	108.073	150.300	1273	153	121	119	118	117	117	116	115	114	111	102.981	555.372	910	804	730	685	626	569	509	448	371	275	193	1	96	1941.339	238.022	0	0	0	632	683.479	0	0	810	770.312	0	0	0	0	0.000	0.000	0	0	0	0	0.000	0	0	0	0.000	0	0
20	20	571	1619.995	229.535	0.879	41	202	210	81	21	41	202	210	81	21	109.000	128.079	142	139	135	132	129	127	125	123	121	119	116	103.000	112.862	132	120	117	114	113	112	110	110	109	108	105	0	0	0.000	0.000	0	0	0	0	0.000	0	0	0	0.000	0	0	1	77	1617.859	224.368	0	0	0	133	132.636	0	0	121	121.377	0	0
21	21	1052	988.764	248.512	0.899	67	460	458	42	5	67	460	458	42	5	110.630	151.603	172	166	163	161	158	155	150	145	139	133	123	104.000	188.738	238	217	209	201	194	189	184	179	174	159	126	0	0	0.000	0.000	0	0	0	0	0.000	0	0	0	0.000	0	0	0	0	0.000	0.000	0	0	0	0	0.000	0	0	0	0.000	0	0
22	22	1743	149.799	260.052	0.881	898	730	48	5	4	898	730	48	5	4	107.384	116.752	134	122	119	117	116	116	115	115	114	113	110	102.000	1030.275	1939	1413	1316	1233	1139	1034	949	849	729	600	306	0	0	0.000	0.000	0	0	0	0	0.000	0	0	0	0.000	0	0	0	0	0.000	0.000	0	0	0	0	0.000	0	0	0	0.000	0	0
23	23	2006	614.124	266.556	0.879	92	931	871	59	8	92	931	871	59	8	109.389	194.196	233	224	218	210	201	192	186	180	173	165	147	104.949	4533.136	6303	6102	5875	5510	5042	4543	4185	3813	3338	2780	1714	0	0	0.000	0.000	0	0	0	0	0.000	0	0	0	0.000	0	0	0	0	0.000	0.000	0	0	0	0	0.000	0	0	0	0.000	0	0
24	24	791	1592.714	261.009	0.915	21	111	273	283	86	21	111	273	283	86	109.722	126.153	159	140	133	129	126	124	122	120	119	118	113	103.000	128.598	159	144	137	133	131	128	125	121	118	115	109	0	0	0.000	0.000	0	0	0	0	0.000	0	0	0	0.000	0	0	0	0	0.000	0.000	0	0	0	0	0.000	0	0	0	0.000	0	0
25	25	1846	1028.985	272.403	0.890	29	251	846	626	68	29	251	846	626	68	110.530	187.671	937	285	168	159	153	147	142	137	132	128	120	104.000	187.602	252	227	218	211	201	189	179	166	153	142	121	1	166	1036.868	261.010	0	0	0	516	544.892	0	0	229	223.042	0	0	0	0	0.000	0.000	0	0	0	0	0.000	0	0	0	0.000	0	0
26	26	1886	662.493	282.900	0.843	130	1078	574	45	16	130	1078	574	45	16	109.507	117.849	126	122	120	119	118	118	117	116	116	115	112	104.826	128.499	410	135	132	130	128	126	124	123	121	120	111	0	0	0.000	0.000	0	0	0	0	0.000	0	0	0	0.000	0	0	0	0	0.000	0.000	0	0	0	0	0.000	0	0	0	0.000	0	0
27	27	2312	554.951	283.256	0.895	36	132	1148	863	96	36	132	1148	863	96	109.863	199.121	555	259	212	203	195	186	179	166	155	144	129	104.769	3073.344	5643	4913	4428	3946	3464	3029	2663	2209	1704	1248	866	1	103	560.428	277.256	0	0	0	435	441.369	0	0	2107	2194.961	0	0	0	0	0.000	0.000	0	0	0	0	0.000	0	0	0	0.000	0	0
28	28	1508	1420.527	279.787	0.909	56	303	1019	89	14	56	303	1019	89	14	109.924	137.328	158	150	148	145	141	138	134	131	127	123	116	103.000	829.958	1262	1156	1093	1042	979	884	784	659	534	407	267	0	0	0.000	0.000	0	0	0	0	0.000	0	0	0	0.000	0	0	0	0	0.000	0.000	0	0	0	0	0.000	0	0	0	0.000	0	0
29	29	1438	344.833	290.084	0.884	260	998	117	20	11	260	998	117	20	11	109.930	518.201	8393	1047	180	141	137	135	134	133	130	127	120	103.946	838.652	1230	1134	1063	1001	950	877	806	718	605	474	275	1	133	357.142	291.181	0	0	0	3360	3732.436	0	0	867	848.421	0	0	0	0	0.000	0.000	0	0	0	0	0.000	0	0	0	0.000	0	0
30	30	1102	428.275	284.580	0.915	416	378	169	95	25	416	378	169	95	25	109.723	134.803	150	143	141	140	138	136	134	131	128	124	117	104.504	1077.236	1357	1293	1257	1226	1191	1150	1101	1032	897	712	392	0	0	0.000	0.000	0	0	0	0	0.000	0	0	0	0.000	0	0	0	0	0.000	0.000	0	0	0	0	0.000	0	0	0	0.000	0	0
31	31	1779	311.165	330.970	0.914	40	137	802	691	78	40	137	802	691	78	109.000	132.649	149	141	139	137	135	134	131	129	126	123	116	103.001	1006.796	1507	1343	1255	1200	1156	1088	1001	867	723	511	364	0	0	0.000	0.000	0	0	0	0	0.000	0	0	0	0.000	0	0	0	0	0.000	0.000	0	0	0	0	0.000	0	0	0	0.000	0	0
32	32	1059	679.028	333.182	0.917	25	97	452	422	45	25	97	452	422	45	109.924	117.475	124	121	120	119	118	117	116	116	115	114	112	103.722	122.024	134	128	126	124	123	122	121	120	119	117	107	0	0	0.000	0.000	0	0	0	0	0.000	0	0	0	0.000	0	0	0	0	0.000	0.000	0	0	0	0	0.000	0	0	0	0.000	0	0
33	33	1946	55.944	348.059	0.888	542	1236	74	24	33	542	1236	74	24	33	106.377	112.339	122	116	114	113	112	112	111	111	111	110	107	101.557	365.290	572	494	454	421	390	363	336	308	274	234	178	0	0	0.000	0.000	0	0	0	0	0.000	0	0	0	0.000	0	0	0	0	0.000	0.000	0	0	0	0	0.000	0	0	0	0.000	0	0
34	34	1731	1464.946	359.871	0.907	88	804	672	102	27	88	804	672	102	27	110.000	135.343	168	154	147	141	136	132	129	127	125	122	115	103.154	5175.126	8275	7097	6468	5979	5550	5178	4746	4402	3972	3267	1623	0	0	0.000	0.000	0	0	0	0	0.000	0	0	0	0.000	0	0	0	0	0.000	0.000	0	0	0	0	0.000	0	0	0	0.000	0	0
35	35	1726	1847.384	374.374	0.898	10	279	908	439	57	10	279	908	439	57	109.488	121.067	136	126	124	123	122	121	120	119	118	116	112	103.728	1982.728	3041	2780	2633	2495	2319	2117	1899	1640	1273	881	603	0	0	0.000	0.000	0	0	0	0	0.000	0	0	0	0.000	0	0	0	0	0.000	0.000	0	0	0	0	0.000	0	0	0	0.000	0	0
36	36	1725	702.386	376.053	0.869	50	774	773	75	18	50	774	773	75	18	110.000	121.375	187	130	123	120	119	118	117	117	116	115	112	103.828	1215.850	1825	1630	1549	1454	1390	1295	1161	998	852	672	436	1	134	707.031	382.959	0	0	0	149	149.888	0	0	1405	1401.978	0	0	0	0	0.000	0.000	0	0	0	0	0.000	0	0	0	0.000	0	0
37	37	2239	1030.167	392.802	0.869	1083	798	212	82	39	1083	798	212	82	39	111.909	1144.474	11481	3170	627	537	477	417	369	328	289	241	188	105.000	632.640	1069	943	859	773	695	619	548	489	424	333	225	1	285	1033.280	373.229	0	0	0	5452	5839.856	0	0	807	776.593	0	0	0	0	0.000	0.000	0	0	0	0	0.000	0	0	0	0.000	0	0
38	38	492	1807.306	380.039	0.918	167	190	68	31	25	167	190	68	31	25	109.827	116.035	119	118	117	117	116	116	116	115	115	114	112	103.937	980.266	1437	1277	1198	1132	1064	988	902	834	771	676	488	0	0	0.000	0.000	0	0	0	0	0.000	0	0	0	0.000	0	0	0	0	0.000	0.000	0	0	0	0	0.000	0	0	0	0.000	0	0
39	39	1747	59.896	406.797	0.865	487	1126	54	42	16	487	1126	54	42	16	106.639	115.587	126	120	118	117	116	115	114	114	113	112	109	101.389	156.628	203	170	165	163	160	158	154	151	147	142	120	0	0	0.000	0.000	0	0	0	0	0.000	0	0	0	0.000	0	0	0	0	0.000	0.000	0	0	0	0	0.000	0	0	0	0.000	0	0
40	40	1886	698.752	427.565	0.894	430	1328	66	14	7	430	1328	66	14	7	110.000	133.921	510	151	126	122	121	119	118	117	116	115	113	104.000	1251.841	1905	1709	1622	1535	1446	1343	1220	1054	840	620	427	1	125	705.926	434.454	0	0	0	281	295.824	0	0	1564	1545.136	0	0	0	0	0.000	0.000	0	0	0	0	0.000	0	0	0	0.000	0	0
41	41	1558	1833.157	425.805	0.894	344	1130	54	11	5	344	1130	54	11	5	109.833	119.979	131	125	123	121	120	119	119	118	117	116	113	104.173	1864.451	3197	2820	2573	2381	2163	1941	1628	1345	1088	834	614	0	0	0.000	0.000	0	0	0	0	0.000	0	0	0	0.000	0	0	0	0	0.000	0.000	0	0	0	0	0.000	0	0	0	0.000	0	0
42	42	1850	100.794	446.415	0.842	519	868	223	103	107	519	868	223	103	107	107.729	119.086	182	130	119	117	116	116	115	114	113	112	110	102.001	149.665	180	170	166	163	160	153	145	137	130	125	117	1	185	88.533	451.487	0	0	0	146	148.200	0	0	165	160.611	0	0	0	0	0.000	0.000	0	0	0	0	0.000	0	0	0	0.000	0	0
43	43	2045	150.877	480.922	0.884	329	1456	195	14	5	329	1456	195	14	5	108.000	948.911	12393	2699	452	184	157	153	149	145	139	131	117	102.461	157.799	190	177	172	167	162	158	154	150	144	137	120	1	251	146.424	473.308	0	0	0	5453	5932.462	0	0	177	175.076	0	0	0	0	0.000	0.000	0	0	0	0	0.000	0	0	0	0.000	0	0
44	44	996	715.506	479.144	0.913	71	428	378	81	17	71	428	378	81	17	110.000	120.501	127	123	122	122	121	121	120	119	119	118	115	105.326	1520.517	2038	1912	1827	1754	1677	1589	1470	1343	1199	1016	746	0	0	0.000	0.000	0	0	0	0	0.000	0	0	0	0.000	0	0	0	0	0.000	0.000	0	0	0	0	0.000	0	0	0	0.000	0	0
45	45	1696	1789.486	484.539	0.818	25	363	869	369	29	25	363	869	369	29	110.000	139.813	677	143	125	123	122	121	120	119	119	117	114	103.446	525.511	837	729	687	647	610	567	501	421	338	270	175	1	110	1780.639	500.205	0	0	0	348	375.391	0	0	635	583.291	0	0	0	0	0.000	0.000	0	0	0	0	0.000	0	0	0	0.000	0	0
46	46	1489	1841.764	486.169	0.880	65	131	589	591	85	65	131	589	591	85	109.942	119.646	126	123	122	121	120	120	119	118	118	116	113	103.780	566.183	796	717	681	649	623	594	559	504	445	382	203	0	0	0.000	0.000	0	0	0	0	0.000	0	0	0	0.000	0	0	0	0	0.000	0.000	0	0	0	0	0.000	0	0	0	0.000	0	0
47	47	899	785.841	498.230	0.897	40	132	344	314	55	40	132	344	314	55	110.331	162.862	190	181	175	172	169	165	160	154	148	142	132	104.747	122.105	131	127	125	124	124	123	122	121	119	116	109	0	0	0.000	0.000	0	0	0	0	0.000	0	0	0	0.000	0	0	0	0	0.000	0.000	0	0	0	0	0.000	0	0	0	0.000	0	0
48	48	1706	717.810	527.131	0.883	165	792	587	119	4	165	792	587	119	4	110.600	122.509	131	127	125	124	123	122	121	121	120	119	114	106.000	1337.825	2501	2058	1768	1532	1373	1247	1144	1013	902	800	641	0	0	0.000	0.000	0	0	0	0	0.000	0	0	0	0.000	0	0	0	0	0.000	0.000	0	0	0	0	0.000	0	0	0	0.000	0	0
49	49	1574	1970.439	527.009	0.906	909	378	79	127	58	909	378	79	127	58	109.000	139.668	162	153	150	147	143	139	136	133	129	126	121	102.000	135.196	155	148	146	143	140	137	133	128	124	119	110	0	0	0.000	0.000	0	0	0	0	0.000	0	0	0	0.000	0	0	0	0	0.000	0.000	0	0	0	0	0.000	0	0	0	0.000	0	0
50	50	1381	767.128	541.292	0.866	78	645	551	72	10	78	645	551	72	10	111.000	181.102	218	208	202	196	190	182	175	167	160	153	137	105.781	125.196	135	131	129	128	127	125	124	123	122	120	110	0	0	0.000	0.000	0	0	0	0	0.000	0	0	0	0.000	0	0	0	0	0.000	0.000	0	0	0	0	0.000	0	0	0	0.000	0	0
51	51	1807	553.536	553.513	0.871	195	809	737	23	11	195	809	737	23	11	109.914	147.832	173	163	159	155	151	148	143	141	137	133	126	104.405	1397.524	2505	2155	1932	1712	1515	1404	1272	1096	865	607	396	0	0	0.000	0.000	0	0	0	0	0.000	0	0	0	0.000	0	0	0	0	0.000	0.000	0	0	0	0	0.000	0	0	0	0.000	0	0
52	52	1942	613.112	547.328	0.869	87	520	1186	88	24	87	520	1186	88	24	110.696	176.286	230	203	196	191	188	182	175	165	152	139	125	106.001	2478.206	5249	4183	3648	3167	2712	2261	1889	1576	1352	1171	574	0	0	0.000	0.000	0	0	0	0	0.000	0	0	0	0.000	0	0	0	0	0.000	0.000	0	0	0	0	0.000	0	0	0	0.000	0	0
53	53	662	50.693	553.401	0.842	53	290	241	61	9	53	290	241	61	9	105.976	116.736	126	120	119	118	117	117	116	115	115	114	110	101.154	2109.527	3353	2971	2677	2421	2218	2059	1886	1747	1566	1378	1126	0	0	0.000	0.000	0	0	0	0	0.000	0	0	0	0.000	0	0	0	0	0.000	0.000	0	0	0	0	0.000	0	0	0	0.000	0	0
54	54	1870	665.552	564.761	0.862	35	142	841	738	71	35	142	841	738	71	111.000	123.905	131	127	126	126	125	124	123	123	121	120	115	107.026	1317.393	2085	1770	1619	1495	1386	1299	1219	1137	1029	892	469	0	0	0.000	0.000	0	0	0	0	0.000	0	0	0	0.000	0	0	0	0	0.000	0.000	0	0	0	0	0.000	0	0	0	0.000	0	0
55	55	1613	148.124	576.782	0.903	82	264	827	360	56	82	264	827	360	56	108.000	198.376	267	237	224	216	209	200	189	180	170	158	143	102.361	851.250	1445	1180	1101	1032	952	868	769	673	579	487	363	0	0	0.000	0.000	0	0	0	0	0.000	0	0	0	0.000	0	0	0	0	0.000	0.000	0	0	0	0	0.000	0	0	0	0.000	0	0
56	56	1534	796.597	579.420	0.911	60	486	872	79	9	60	486	872	79	9	110.667	181.658	226	210	199	192	186	182	177	172	165	154	134	104.518	123.891	141	130	128	127	125	124	123	122	120	117	109	0	0	0.000	0.000	0	0	0	0	0.000	0	0	0	0.000	0	0	0	0	0.000	0.000	0	0	0	0	0.000	0	0	0	0.000	0	0
57	57	582	625.784	583.187	0.918	14	93	302	145	13	14	93	302	145	13	111.000	122.588	128	126	125	124	124	123	122	121	120	119	116	107.000	1147.033	1568	1450	1377	1315	1249	1179	1115	1059	983	758	402	0	0	0.000	0.000	0	0	0	0	0.000	0	0	0	0.000	0	0	0	0	0.000	0.000	0	0	0	0	0.000	0	0	0	0.000	0	0
58	58	2098	1649.237	595.631	0.880	19	442	1289	281	31	19	442	1289	281	31	111.000	269.471	2237	486	223	178	169	163	157	152	144	137	126	103.248	457.167	681	616	572	539	505	475	443	401	332	254	206	1	198	1652.633	598.595	0	0	0	1011	1119.657	0	0	458	444.126	0	0	0	0	0.000	0.000	0	0	0	0	0.000	0	0	0	0.000	0	0
59	59	1811	200.230	596.075	0.893	24	127	1043	568	20	24	127	1043	568	20	108.356	180.596	235	217	205	194	185	178	172	165	157	149	135	103.000	1059.722	1916	1597	1470	1313	1192	1058	927	791	690	501	337	0	0	0.000	0.000	0	0	0	0	0.000	0	0	0	0.000	0	0	0	0	0.000	0.000	0	0	0	0	0.000	0	0	0	0.000	0	0
60	60	1411	749.862	593.344	0.922	46	160	919	247	13	46	160	919	247	13	111.000	190.672	231	220	216	209	202	194	186	177	166	154	135	106.002	134.536	147	141	139	138	137	135	134	132	130	127	116	0	0	0.000	0.000	0	0	0	0	0.000	0	0	0	0.000	0	0	0	0	0.000	0.000	0	0	0	0	0.000	0	0	0	0.000	0	0
61	61	393	1610.763	585.212	0.948	23	87	88	144	41	23	87	88	144	41	111.000	125.962	147	131	129	128	127	126	125	124	122	120	117	103.000	222.303	319	277	265	247	237	225	211	197	182	166	145	0	0	0.000	0.000	0	0	0	0	0.000	0	0	0	0.000	0	0	0	0	0.000	0.000	0	0	0	0	0.000	0	0	0	0.000	0	0
62	62	853	242.806	597.797	0.892	82	427	263	44	13	82	427	263	44	13	108.162	190.063	232	220	208	199	194	191	188	183	173	161	137	102.287	1048.686	1581	1413	1259	1177	1117	1057	1002	931	860	688	367	0	0	0.000	0.000	0	0	0	0	0.000	0	0	0	0.000	0	0	0	0	0.000	0.000	0	0	0	0	0.000	0	0	0	0.000	0	0
63	63	2416	680.089	636.260	0.874	103	1024	1058	151	33	103	1024	1058	151	33	110.866	130.639	143	135	134	133	132	131	130	129	128	125	118	107.793	6951.921	18811	10141	8608	7940	7221	6494	5830	5196	4722	4108	2753	0	0	0.000	0.000	0	0	0	0	0.000	0	0	0	0.000	0	0	0	0	0.000	0.000	0	0	0	0	0.000	0	0	0	0.000	0	0
64	64	1900	1504.022	631.136	0.896	41	275	1166	341	45	41	275	1166	341	45	110.924	150.401	175	165	160	157	155	151	148	144	140	136	123	105.141	939.255	1590	1303	1204	1128	1039	947	842	747	663	564	322	0	0	0.000	0.000	0	0	0	0	0.000	0	0	0	0.000	0	0	0	0	0.000	0.000	0	0	0	0	0.000	0	0	0	0.000	0	0
65	65	2045	1679.991	644.720	0.875	40	132	843	864	130	40	132	843	864	130	111.000	158.692	180	172	169	167	164	161	158	155	148	140	124	104.036	529.519	761	682	635	599	563	528	497	466	431	389	200	0	0	0.000	0.000	0	0	0	0	0.000	0	0	0	0.000	0	0	0	0	0.000	0.000	0	0	0	0	0.000	0	0	0	0.000	0	0
66	66	442	1465.680	644.940	0.866	14	45	182	164	29	14	45	182	164	29	111.066	134.627	145	141	140	138	136	135	133	131	130	128	125	105.538	576.136	839	735	688	648	607	565	531	505	477	434	326	0	0	0.000	0.000	0	0	0	0	0.000	0	0	0	0.000	0	0	0	0	0.000	0.000	0	0	0	0	0.000	0	0	0	0.000	0	0
67	67	1003	1426.214	674.372	0.884	214	371	243	126	26	214	371	243	126	26	111.999	151.916	188	166	160	156	154	152	150	147	143	137	126	106.736	161.786	209	185	177	170	166	162	157	152	147	141	122	0	0	0.000	0.000	0	0	0	0	0.000	0	0	0	0.000	0	0	0	0	0.000	0.000	0	0	0	0	0.000	0	0	0	0.000	0	0
68	68	1761	1499.278	686.961	0.886	87	367	910	347	12	87	367	910	347	12	111.890	155.292	191	174	168	163	159	156	152	147	141	137	126	106.174	1066.099	1867	1619	1404	1254	1147	1042	963	860	715	556	369	0	0	0.000	0.000	0	0	0	0	0.000	0	0	0	0.000	0	0	0	0	0.000	0.000	0	0	0	0	0.000	0	0	0	0.000	0	0
69	69	1807	1021.106	698.035	0.883	42	598	957	159	15	42	598	957	159	15	111.000	118.955	126	122	121	120	119	119	118	118	117	116	113	104.864	718.380	1243	1058	963	882	821	774	698	570	421	310	221	0	0	0.000	0.000	0	0	0	0	0.000	0	0	0	0.000	0	0	0	0	0.000	0.000	0	0	0	0	0.000	0	0	0	0.000	0	0
70	70	309	1673.863	683.255	0.926	12	70	97	89	31	12	70	97	89	31	111.000	131.120	144	139	136	133	132	131	130	128	127	125	120	104.990	282.735	391	363	345	328	304	284	263	244	222	198	159	0	0	0.000	0.000	0	0	0	0	0.000	0	0	0	0.000	0	0	0	0	0.000	0.000	0	0	0	0	0.000	0	0	0	0.000	0	0
71	71	1451	1210.215	711.493	0.900	50	206	720	390	57	50	206	720	390	57	111.075	172.681	205	193	188	183	181	176	171	165	156	147	132	106.733	132.433	146	139	137	136	134	133	132	130	128	125	111	0	0	0.000	0.000	0	0	0	0	0.000	0	0	0	0.000	0	0	0	0	0.000	0.000	0	0	0	0	0.000	0	0	0	0.000	0	0
72	72	1919	485.780	717.835	0.905	82	241	1074	441	45	82	241	1074	441	45	109.925	497.830	4017	967	387	346	325	301	282	266	253	234	177	105.467	765.022	1208	1069	973	891	813	746	691	640	594	484	327	1	183	498.570	716.166	0	0	0	1977	2112.705	0	0	902	901.514	0	0	0	0	0.000	0.000	0	0	0	0	0.000	0	0	0	0.000	0	0
73	73	1683	1313.644	713.860	0.873	26	404	953	248	16	26	404	953	248	16	112.000	168.764	206	189	181	175	171	168	164	160	157	153	134	107.778	1359.075	2213	1944	1729	1530	1400	1299	1197	1093	1010	927	734	0	0	0.000	0.000	0	0	0	0	0.000	0	0	0	0.000	0	0	0	0	0.000	0.000	0	0	0	0	0.000	0	0	0	0.000	0	0
74	74	2514	1384.446	718.303	0.851	205	427	1184	590	57	205	427	1184	590	57	112.615	120.412	137	126	123	121	120	119	119	118	117	117	114	108.171	510.220	802	706	654	610	565	524	486	438	360	274	205	2	91	1366.128	731.735	172	1394.180	714.647	126	126.132	130	129.192	484	484.121	477	481.308	0	0	0.000	0.000	0	0	0	0	0.000	0	0	0	0.000	0	0
75	75	738	1890.016	715.897	0.917	37	67	229	343	45	37	67	229	343	45	110.000	118.680	124	122	121	120	119	119	118	117	117	116	111	104.484	397.744	630	548	500	456	414	384	352	326	306	276	221	0	0	0.000	0.000	0	0	0	0	0.000	0	0	0	0.000	0	0	0	0	0.000	0.000	0	0	0	0	0.000	0	0	0	0.000	0	0
76	76	480	1494.820	726.973	0.933	24	55	217	159	19	24	55	217	159	19	111.365	152.508	167	161	158	157	155	153	152	150	147	142	132	107.506	780.348	1165	1047	947	895	845	792	738	666	596	510	391	0	0	0.000	0.000	0	0	0	0	0.000	0	0	0	0.000	0	0	0	0	0.000	0.000	0	0	0	0	0.000	0	0	0	0.000	0	0
77	77	949	1434.543	742.911	0.892	265	487	154	15	5	265	487	154	15	5	112.078	121.155	130	127	124	123	122	121	120	119	118	117	113	109.367	489.893	637	593	569	548	528	501	470	440	408	365	315	0	0	0.000	0.000	0	0	0	0	0.000	0	0	0	0.000	0	0	0	0	0.000	0.000	0	0	0	0	0.000	0	0	0	0.000	0	0
78	78	1646	1863.538	751.533	0.885	21	121	694	679	107	21	121	694	679	107	110.541	122.467	131	126	125	124	124	123	122	121	120	118	114	105.000	617.968	946	810	734	678	640	614	587	549	491	441	305	0	0	0.000	0.000	0	0	0	0	0.000	0	0	0	0.000	0	0	0	0	0.000	0.000	0	0	0	0	0.000	0	0	0	0.000	0	0
79	79	1129	1472.061	747.602	0.907	35	149	260	563	102	35	149	260	563	102	111.027	119.469	130	124	122	121	120	119	118	117	117	116	114	108.983	591.334	862	768	731	691	648	599	559	514	471	383	234	0	0	0.000	0.000	0	0	0	0	0.000	0	0	0	0.000	0	0	0	0	0.000	0.000	0	0	0	0	0.000	0	0	0	0.000	0	0
80	80	1615	1033.753	756.915	0.871	60	471	837	199	14	60	471	837	199	14	112.000	168.823	204	191	185	181	176	171	164	157	151	145	132	105.686	142.341	165	153	149	147	145	143	141	138	134	131	121	0	0	0.000	0.000	0	0	0	0	0.000	0	0	0	0.000	0	0	0	0	0.000	0.000	0	0	0	0	0.000	0	0	0	0.000	0	0
81	81	1915	980.447	757.266	0.889	120	1009	649	87	13	120	1009	649	87	13	111.251	375.100	5524	543	195	173	162	155	150	147	144	139	125	104.969	145.735	180	160	155	151	148	145	142	139	136	133	123	1	150	977.907	773.457	0	0	0	2338	2590.140	0	0	162	161.913	0	0	0	0	0.000	0.000	0	0	0	0	0.000	0	0	0	0.000	0	0
82	82	1098	1150.467	764.332	0.882	111	363	404	158	37	111	363	404	158	37	111.827	149.310	211	167	156	152	149	147	145	142	139	134	124	107.556	163.656	232	181	172	167	164	162	159	156	153	149	130	0	0	0.000	0.000	0	0	0	0	0.000	0	0	0	0.000	0	0	0	0	0.000	0.000	0	0	0	0	0.000	0	0	0	0.000	0	0
83	83	778	1319.232	760.083	0.890	117	339	285	11	12	117	339	285	11	12	112.560	139.817	151	147	145	144	143	141	139	137	134	131	124	109.595	701.010	971	861	812	774	740	716	687	654	591	504	313	0	0	0.000	0.000	0	0	0	0	0.000	0	0	0	0.000	0	0	0	0	0.000	0.000	0	0	0	0	0.000	0	0	0	0.000	0	0
84	84	1916	1401.128	777.632	0.875	99	202	1087	458	37	99	202	1087	458	37	112.957	120.686	133	128	124	122	120	119	119	118	117	116	114	110.192	453.533	644	545	523	506	482	457	434	408	373	344	274	0	0	0.000	0.000	0	0	0	0	0.000	0	0	0	0.000	0	0	0	0	0.000	0.000	0	0	0	0	0.000	0	0	0	0.000	0	0
85	85	1594	550.446	787.428	0.886	103	744	580	112	15	103	744	580	112	15	109.933	121.784	131	126	124	123	122	122	121	120	119	118	114	105.999	2226.734	3037	2805	2647	2516	2396	2257	2092	1955	1806	1652	942	0	0	0.000	0.000	0	0	0	0	0.000	0	0	0	0.000	0	0	0	0	0.000	0.000	0	0	0	0	0.000	0	0	0	0.000	0	0
86	86	758	700.129	783.536	0.881	378	280	55	27	7	378	280	55	27	7	110.000	151.992	191	168	163	158	155	152	148	145	141	135	122	105.112	121.259	136	129	126	124	122	121	119	118	117	115	108	0	0	0.000	0.000	0	0	0	0	0.000	0	0	0	0.000	0	0	0	0	0.000	0.000	0	0	0	0	0.000	0	0	0	0.000	0	0
87	87	1195	899.473	791.818	0.895	135	842	169	21	10	135	842	169	21	10	110.990	126.064	145	138	131	128	126	124	123	122	120	119	115	105.000	143.296	166	156	152	149	147	145	142	139	134	128	116	0	0	0.000	0.000	0	0	0	0	0.000	0	0	0	0.000	0	0	0	0	0.000	0.000	0	0	0	0	0.000	0	0	0	0.000	0	0
88	88	1656	1362.166	812.711	0.907	25	82	923	559	25	25	82	923	559	25	113.000	219.378	2046	214	164	160	156	150	145	138	133	130	124	110.745	880.548	1570	1439	1321	1182	1025	864	699	530	439	389	288	1	136	1344.181	819.780	0	0	0	958	1024.199	0	0	1247	1198.890	0	0	0	0	0.000	0.000	0	0	0	0	0.000	0	0	0	0.000	0	0
89	89	1344	1811.239	808.546	0.900	44	548	537	177	19	44	548	537	177	19	111.000	200.516	1998	242	146	144	141	138	136	132	129	126	120	106.038	455.967	700	610	577	533	508	481	437	381	320	271	224	1	93	1811.094	824.029	0	0	0	849	921.914	0	0	491	475.258	0	0	0	0	0.000	0.000	0	0	0	0	0.000	0	0	0	0.000	0	0
90	90	1668	1264.928	820.022	0.911	730	371	335	145	62	730	371	335	145	62	114.002	190.649	242	223	216	211	203	191	181	171	164	156	140	112.000	459.800	712	644	617	594	526	454	390	342	303	270	213	0	0	0.000	0.000	0	0	0	0	0.000	0	0	0	0.000	0	0	0	0	0.000	0.000	0	0	0	0	0.000	0	0	0	0.000	0	0
91	91	1137	1761.734	811.418	0.895	47	325	509	207	20	47	325	509	207	20	110.083	136.975	180	146	144	141	139	137	134	132	129	126	120	105.956	532.894	726	667	639	615	575	534	495	465	439	388	287	0	0	0.000	0.000	0	0	0	0	0.000	0	0	0	0.000	0	0	0	0	0.000	0.000	0	0	0	0	0.000	0	0	0	0.000	0	0
92	92	1988	1156.017	827.885	0.820	42	443	1178	261	27	42	443	1178	261	27	113.361	1473.795	12017	4609	1198	652	575	521	479	449	421	365	255	109.607	922.667	1511	1288	1177	1092	989	891	821	768	698	572	380	1	310	1165.457	833.102	0	0	0	5801	6277.297	0	0	1199	1213.765	0	0	0	0	0.000	0.000	0	0	0	0	0.000	0	0	0	0.000	0	0
93	93	1751	1210.271	822.036	0.878	668	537	365	144	20	668	537	365	144	20	114.553	356.145	1302	630	383	325	302	284	270	255	238	216	179	111.209	1088.028	1808	1475	1337	1244	1163	1089	1008	924	823	704	426	1	164	1201.868	832.309	0	0	0	908	925.323	0	0	1333	1345.402	0	0	0	0	0.000	0.000	0	0	0	0	0.000	0	0	0	0.000	0	0
94	94	583	1420.415	820.030	0.877	126	143	169	102	28	126	143	169	102	28	112.753	123.882	138	131	128	126	124	123	122	121	120	119	115	111.000	387.122	513	474	453	430	409	386	366	351	334	300	227	0	0	0.000	0.000	0	0	0	0	0.000	0	0	0	0.000	0	0	0	0	0.000	0.000	0	0	0	0	0.000	0	0	0	0.000	0	0
95	95	1651	1297.613	852.006	0.885	51	131	614	745	85	51	131	614	745	85	113.574	213.432	266	246	237	227	220	214	210	204	196	175	141	112.104	601.493	836	768	721	678	633	598	567	541	504	451	269	0	0	0.000	0.000	0	0	0	0	0.000	0	0	0	0.000	0	0	0	0	0.000	0.000	0	0	0	0	0.000	0	0	0	0.000	0	0
96	96	2864	1365.410	865.383	0.894	912	1368	361	111	57	912	1368	361	111	57	112.969	281.205	453	385	337	314	294	279	263	241	218	193	139	111.061	1225.905	2166	1822	1660	1505	1360	1213	1081	936	795	677	295	0	0	0.000	0.000	0	0	0	0	0.000	0	0	0	0.000	0	0	0	0	0.000	0.000	0	0	0	0	0.000	0	0	0	0.000	0	0
97	97	2131	1252.182	874.202	0.879	56	610	1282	125	10	56	610	1282	125	10	113.963	204.984	267	245	238	231	223	212	200	184	168	152	134	111.892	528.553	853	767	730	693	641	568	469	384	302	236	169	0	0	0.000	0.000	0	0	0	0	0.000	0	0	0	0.000	0	0	0	0	0.000	0.000	0	0	0	0	0.000	0	0	0	0.000	0	0
98	98	2480	1169.275	880.799	0.877	729	1358	213	65	69	729	1358	213	65	69	113.598	513.697	798	679	645	607	566	521	477	437	391	326	223	109.822	1007.672	1556	1418	1326	1225	1131	1029	933	834	704	534	308	0	0	0.000	0.000	0	0	0	0	0.000	0	0	0	0.000	0	0	0	0	0.000	0.000	0	0	0	0	0.000	0	0	0	0.000	0	0
99	99	1536	1037.740	880.291	0.884	126	946	385	38	12	126	946	385	38	12	112.000	959.006	14732	2342	306	214	203	193	185	173	164	154	137	105.996	129.969	159	138	135	133	131	130	128	126	124	122	111	1	156	1033.237	863.862	0	0	0	6362	6761.564	0	0	134	136.942	0	0	0	0	0.000	0.000	0	0	0	0	0.000	0	0	0	0.000	0	0
100	100	2099	1851.779	886.586	0.910	1024	377	250	300	126	1024	377	250	300	126	111.063	443.883	6306	617	238	220	208	199	192	186	179	166	139	108.000	2249.476	3590	3287	2929	2625	2399	2210	2037	1820	1590	1336	578	1	159	1843.179	892.959	0	0	0	2744	3002.119	0	0	3417	3341.497	0	0	0	0	0.000	0.000	0	0	0	0	0.000	0	0	0	0.000	0	0
101	101	1752	1421.913	882.983	0.924	488	571	464	163	26	488	571	464	163	26	112.258	267.281	727	331	303	284	273	260	250	238	219	187	165	109.922	1769.237	2743	2494	2299	2130	1981	1825	1676	1514	1257	877	596	1	17	1434.841	886.554	0	0	0	614	608.882	0	0	2488	2479.412	0	0	0	0	0.000	0.000	0	0	0	0	0.000	0	0	0	0.000	0	0
102	102	2357	522.932	915.234	0.884	143	885	1056	204	21	143	885	1056	204	21	109.890	122.089	143	133	127	124	121	120	119	118	117	116	113	104.817	754.129	1147	978	929	884	829	777	728	670	588	460	213	0	0	0.000	0.000	0	0	0	0	0.000	0	0	0	0.000	0	0	0	0	0.000	0.000	0	0	0	0	0.000	0	0	0	0.000	0	0
103	103	391	1108.160	897.766	0.901	37	39	74	183	53	37	39	74	183	53	111.432	167.949	191	185	182	178	173	168	164	159	154	150	140	108.000	1375.824	1976	1850	1738	1635	1522	1396	1262	1141	1022	887	650	0	0	0.000	0.000	0	0	0	0	0.000	0	0	0	0.000	0	0	0	0	0.000	0.000	0	0	0	0	0.000	0	0	0	0.000	0	0
104	104	1870	1958.959	916.405	0.902	46	278	1332	174	8	46	278	1332	174	8	110.452	181.367	238	214	202	192	183	177	172	167	163	157	137	105.936	587.947	990	858	769	693	630	564	505	452	407	363	294	0	0	0.000	0.000	0	0	0	0	0.000	0	0	0	0.000	0	0	0	0	0.000	0.000	0	0	0	0	0.000	0	0	0	0.000	0	0
105	105	1971	1074.001	919.183	0.861	44	812	1011	48	7	44	812	1011	48	7	111.699	178.155	555	198	186	181	177	172	168	163	157	143	132	107.014	1591.504	2495	2245	2061	1911	1796	1660	1518	1332	1092	819	512	1	39	1065.071	917.891	0	0	0	393	385.333	0	0	1756	1740.308	0	0	0	0	0.000	0.000	0	0	0	0	0.000	0	0	0	0.000	0	0
106	106	1941	1224.024	926.028	0.874	80	216	994	557	54	80	216	994	557	54	112.674	218.820	286	268	253	243	232	219	207	195	183	169	153	109.489	522.914	816	744	668	614	578	530	482	422	365	303	239	0	0	0.000	0.000	0	0	0	0	0.000	0	0	0	0.000	0	0	0	0	0.000	0.000	0	0	0	0	0.000	0	0	0	0.000	0	0
107	107	1359	1699.827	926.848	0.914	7	198	892	228	6	7	198	892	228	6	111.809	130.507	143	137	135	134	133	131	130	127	125	123	117	104.408	134.270	154	141	139	138	137	135	134	132	130	125	115	0	0	0.000	0.000	0	0	0	0	0.000	0	0	0	0.000	0	0	0	0	0.000	0.000	0	0	0	0	0.000	0	0	0	0.000	0	0
108	108	2223	1164.562	940.652	0.882	5	80	963	1064	62	5	80	963	1064	62	111.725	242.652	312	288	278	266	257	245	234	222	209	190	146	107.346	635.422	919	838	797	746	686	641	601	548	484	402	237	0	0	0.000	0.000	0	0	0	0	0.000	0	0	0	0.000	0	0	0	0	0.000	0.000	0	0	0	0	0.000	0	0	0	0.000	0	0
109	109	1570	1909.383	943.396	0.874	66	415	879	178	4	66	415	879	178	4	111.716	189.498	239	218	208	199	193	188	184	180	173	162	140	106.662	612.927	972	867	777	703	637	594	558	510	472	388	302	0	0	0.000	0.000	0	0	0	0	0.000	0	0	0	0.000	0	0	0	0	0.000	0.000	0	0	0	0	0.000	0	0	0	0.000	0	0
110	110	641	1868.973	938.377	0.890	9	84	323	179	28	9	84	323	179	28	112.000	179.668	204	194	190	186	183	181	179	176	171	162	143	107.134	478.562	631	597	563	534	513	485	462	440	401	346	251	0	0	0.000	0.000	0	0	0	0	0.000	0	0	0	0.000	0	0	0	0	0.000	0.000	0	0	0	0	0.000	0	0	0	0.000	0	0
111	111	2025	1018.907	956.372	0.878	77	335	1225	293	62	77	335	1225	293	62	111.256	527.376	7826	777	261	230	216	209	200	192	182	172	140	105.386	1835.807	2786	2610	2443	2228	2036	1875	1704	1494	1251	967	760	1	163	1007.720	963.863	0	0	0	3425	3723.791	0	0	2591	2510.804	0	0	0	0	0.000	0.000	0	0	0	0	0.000	0	0	0	0.000	0	0
112	112	1594	1742.883	958.234	0.868	44	120	554	747	98	44	120	554	747	98	111.153	155.383	772	201	139	132	130	128	126	125	123	121	114	104.004	132.996	148	140	139	137	135	133	132	130	128	124	115	1	124	1736.307	959.490	0	0	0	394	418.427	0	0	137	136.161	0	0	0	0	0.000	0.000	0	0	0	0	0.000	0	0	0	0.000	0	0
113	113	978	56.395	958.928	0.919	57	201	510	179	16	57	201	510	179	16	105.189	141.070	176	162	156	149	144	140	136	131	127	122	114	101.749	2392.864	4046	3544	3241	2997	2733	2484	2157	1823	1557	1170	468	0	0	0.000	0.000	0	0	0	0	0.000	0	0	0	0.000	0	0	0	0	0.000	0.000	0	0	0	0	0.000	0	0	0	0.000	0	0
114	114	1593	1957.294	967.128	0.917	72	694	585	157	54	72	694	585	157	54	110.437	209.486	252	241	233	224	216	211	204	198	188	177	153	105.097	759.133	1045	998	943	900	840	777	721	661	583	480	277	0	0	0.000	0.000	0	0	0	0	0.000	0	0	0	0.000	0	0	0	0	0.000	0.000	0	0	0	0	0.000	0	0	0	0.000	0	0
115	115	1207	1847.809	971.304	0.888	94	632	389	56	11	94	632	389	56	11	112.000	247.980	506	439	366	310	260	214	177	151	135	126	118	106.006	160.082	247	215	200	186	172	153	140	129	119	115	109	0	0	0.000	0.000	0	0	0	0	0.000	0	0	0	0.000	0	0	0	0	0.000	0.000	0	0	0	0	0.000	0	0	0	0.000	0	0
116	116	1700	1691.755	977.413	0.859	33	360	998	234	46	33	360	998	234	46	111.121	202.742	1438	337	172	145	138	136	134	131	128	125	119	103.610	133.292	153	144	141	139	137	135	132	128	124	121	111	1	160	1697.805	979.418	0	0	0	659	729.125	0	0	138	137.625	0	0	0	0	0.000	0.000	0	0	0	0	0.000	0	0	0	0.000	0	0
117	117	523	1057.973	974.372	0.899	27	79	221	158	26	27	79	221	158	26	111.310	144.912	161	153	151	150	148	146	144	141	139	135	126	106.044	834.078	1232	1073	972	924	877	834	798	753	687	600	425	0	0	0.000	0.000	0	0	0	0	0.000	0	0	0	0.000	0	0	0	0	0.000	0.000	0	0	0	0	0.000	0	0	0	0.000	0	0
118	118	1713	232.441	997.356	0.868	26	463	1003	177	17	26	463	1003	177	17	108.099	117.086	124	120	119	118	118	117	116	116	115	114	112	103.000	655.181	1152	926	828	744	686	640	588	534	483	421	258	0	0	0.000	0.000	0	0	0	0	0.000	0	0	0	0.000	0	0	0	0	0.000	0.000	0	0	0	0	0.000	0	0	0	0.000	0	0
119	119	1603	1874.038	1019.751	0.889	38	332	670	468	70	38	332	670	468	70	111.972	177.350	224	205	199	193	185	176	168	162	156	150	137	104.424	823.661	1334	1168	1050	970	911	838	770	684	568	457	335	0	0	0.000	0.000	0	0	0	0	0.000	0	0	0	0.000	0	0	0	0	0.000	0.000	0	0	0	0	0.000	0	0	0	0.000	0	0
120	120	1772	424.670	1022.917	0.855	152	1002	481	90	13	152	1002	481	90	13	109.000	121.103	127	125	124	123	122	121	120	120	119	117	111	104.001	1227.446	1935	1680	1545	1435	1326	1210	1123	1028	913	792	489	0	0	0.000	0.000	0	0	0	0	0.000	0	0	0	0.000	0	0	0	0	0.000	0.000	0	0	0	0	0.000	0	0	0	0.000	0	0
121	121	1021	1047.408	1025.246	0.927	28	61	437	456	23	28	61	437	456	23	111.000	127.921	141	136	133	131	129	128	126	125	123	121	116	105.048	4035.266	6407	5708	5093	4850	4579	4269	3846	3284	2692	2156	1315	0	0	0.000	0.000	0	0	0	0	0.000	0	0	0	0.000	0	0	0	0	0.000	0.000	0	0	0	0	0.000	0	0	0	0.000	0	0
122	122	1427	373.492	1034.798	0.869	41	105	621	604	28	41	105	621	604	28	109.000	120.320	128	124	123	122	121	120	119	119	118	117	113	104.687	1239.364	1986	1707	1568	1454	1342	1217	1115	1020	920	813	450	0	0	0.000	0.000	0	0	0	0	0.000	0	0	0	0.000	0	0	0	0	0.000	0.000	0	0	0	0	0.000	0	0	0	0.000	0	0
123	123	1815	1092.303	1039.876	0.869	31	346	1139	226	35	31	346	1139	226	35	111.000	128.893	138	134	132	131	130	129	128	127	125	123	118	105.765	2762.923	6027	4916	4381	3815	3190	2473	1903	1480	1195	978	740	0	0	0.000	0.000	0	0	0	0	0.000	0	0	0	0.000	0	0	0	0	0.000	0.000	0	0	0	0	0.000	0	0	0	0.000	0	0
124	124	1218	1826.994	1040.903	0.912	46	85	432	582	45	46	85	432	582	45	112.000	187.154	216	210	207	203	197	191	185	177	167	156	143	103.621	986.847	1307	1230	1174	1121	1061	1005	954	894	826	692	457	0	0	0.000	0.000	0	0	0	0	0.000	0	0	0	0.000	0	0	0	0	0.000	0.000	0	0	0	0	0.000	0	0	0	0.000	0	0
125	125	965	201.407	1036.783	0.881	46	282	508	95	12	46	282	508	95	12	107.940	118.294	125	122	121	120	119	118	118	117	116	114	111	103.000	861.319	1196	1096	1041	992	937	889	847	785	680	562	340	0	0	0.000	0.000	0	0	0	0	0.000	0	0	0	0.000	0	0	0	0	0.000	0.000	0	0	0	0	0.000	0	0	0	0.000	0	0
126	126	1269	847.304	1048.858	0.872	26	103	763	330	22	26	103	763	330	22	110.938	125.741	134	130	129	128	127	126	125	124	122	120	113	104.000	1949.519	3308	2856	2615	2356	2105	1855	1642	1475	1329	1188	849	0	0	0.000	0.000	0	0	0	0	0.000	0	0	0	0.000	0	0	0	0	0.000	0.000	0	0	0	0	0.000	0	0	0	0.000	0	0
127	127	278	912.148	1065.940	0.946	45	67	64	58	44	45	67	64	58	44	111.000	153.558	171	167	165	163	160	156	152	146	141	135	126	104.000	954.770	1665	1331	1175	1119	1051	999	916	804	686	547	325	0	0	0.000	0.000	0	0	0	0	0.000	0	0	0	0.000	0	0	0	0	0.000	0.000	0	0	0	0	0.000	0	0	0	0.000	0	0
128	128	585	973.823	1074.517	0.918	23	164	197	126	61	23	164	197	126	61	111.595	117.942	123	120	119	119	118	118	118	117	117	116	113	104.658	251.585	375	325	310	300	281	259	236	213	190	162	130	0	0	0.000	0.000	0	0	0	0	0.000	0	0	0	0.000	0	0	0	0	0.000	0.000	0	0	0	0	0.000	0	0	0	0.000	0	0
129	129	1221	328.980	1080.167	0.898	327	740	109	10	10	327	740	109	10	10	109.277	125.304	136	132	130	128	127	125	124	122	121	119	115	104.856	2773.779	3947	3632	3406	3247	3041	2850	2638	2454	2165	1783	961	0	0	0.000	0.000	0	0	0	0	0.000	0	0	0	0.000	0	0	0	0	0.000	0.000	0	0	0	0	0.000	0	0	0	0.000	0	0
130	130	1576	922.027	1096.999	0.857	52	970	491	29	7	52	970	491	29	7	111.587	157.897	192	177	173	169	163	159	154	148	141	136	128	104.845	1244.096	2041	1753	1652	1552	1448	1327	1183	984	775	570	427	0	0	0.000	0.000	0	0	0	0	0.000	0	0	0	0.000	0	0	0	0	0.000	0.000	0	0	0	0	0.000	0	0	0	0.000	0	0
131	131	1188	1347.233	1092.608	0.760	163	458	368	126	58	163	458	368	126	58	113.000	196.613	917	304	178	166	160	154	150	147	144	141	129	105.714	988.805	1569	1425	1285	1152	1064	970	886	798	701	600	439	1	114	1349.871	1099.166	0	0	0	507	522.070	0	0	994	977.763	0	0	0	0	0.000	0.000	0	0	0	0	0.000	0	0	0	0.000	0	0
132	132	1631	1001.743	1101.212	0.887	37	221	761	502	75	37	221	761	502	75	111.850	118.268	133	122	120	119	118	118	117	117	116	115	114	105.494	390.453	609	536	488	456	423	395	360	322	285	246	202	1	72	1000.926	1105.686	0	0	0	127	126.708	0	0	389	397.069	0	0	0	0	0.000	0.000	0	0	0	0	0.000	0	0	0	0.000	0	0
133	133	1822	1292.201	1108.033	0.876	69	163	1118	424	17	69	163	1118	424	17	113.000	210.114	1587	212	193	186	180	175	171	166	161	154	135	105.999	1109.508	1683	1495	1377	1283	1220	1137	1042	946	827	687	451	1	84	1285.867	1100.840	0	0	0	758	802.512	0	0	1385	1379.036	0	0	0	0	0.000	0.000	0	0	0	0	0.000	0	0	0	0.000	0	0
134	134	1263	1241.229	1121.386	0.909	45	361	678	117	25	45	361	678	117	25	112.564	185.059	285	212	199	190	185	180	176	172	168	164	151	105.017	1218.229	1827	1633	1465	1327	1248	1188	1121	1064	993	876	647	0	0	0.000	0.000	0	0	0	0	0.000	0	0	0	0.000	0	0	0	0	0.000	0.000	0	0	0	0	0.000	0	0	0	0.000	0	0
135	135	983	1315.007	1141.337	0.918	26	127	575	151	88	26	127	575	151	88	113.069	148.644	162	157	154	153	152	150	148	145	142	139	133	106.253	877.043	1257	1139	1080	1030	971	909	828	748	660	566	417	0	0	0.000	0.000	0	0	0	0	0.000	0	0	0	0.000	0	0	0	0	0.000	0.000	0	0	0	0	0.000	0	0	0	0.000	0	0
136	136	1706	1020.422	1152.751	0.856	58	105	635	781	100	58	105	635	781	100	111.903	156.172	181	172	168	164	161	156	153	150	146	139	126	105.546	1172.669	1726	1572	1474	1367	1258	1174	1088	992	894	781	452	0	0	0.000	0.000	0	0	0	0	0.000	0	0	0	0.000	0	0	0	0	0.000	0.000	0	0	0	0	0.000	0	0	0	0.000	0	0
137	137	1728	1353.753	1158.127	0.849	65	272	1158	196	13	65	272	1158	196	13	113.440	171.821	219	206	193	183	177	170	165	159	150	141	131	105.977	863.686	1549	1370	1209	1073	956	834	730	634	535	394	279	0	0	0.000	0.000	0	0	0	0	0.000	0	0	0	0.000	0	0	0	0	0.000	0.000	0	0	0	0	0.000	0	0	0	0.000	0	0
138	138	1498	1433.359	1163.662	0.900	1278	121	30	19	17	1278	121	30	19	17	112.445	183.372	217	203	198	194	190	186	181	175	168	158	144	105.535	652.676	903	847	820	787	747	699	641	566	478	371	242	0	0	0.000	0.000	0	0	0	0	0.000	0	0	0	0.000	0	0	0	0	0.000	0.000	0	0	0	0	0.000	0	0	0	0.000	0	0
139	139	423	1799.220	1170.351	0.939	11	77	206	89	31	11	77	206	89	31	112.000	134.319	150	147	144	142	139	136	132	127	124	120	115	104.322	571.612	765	717	688	667	640	600	549	496	435	389	311	0	0	0.000	0.000	0	0	0	0	0.000	0	0	0	0.000	0	0	0	0	0.000	0.000	0	0	0	0	0.000	0	0	0	0.000	0	0
140	140	1244	1712.637	1183.236	0.892	99	750	345	26	3	99	750	345	26	3	112.163	144.833	209	159	154	150	147	144	141	138	135	130	125	103.792	729.328	1091	980	929	880	837	774	710	620	500	389	305	0	0	0.000	0.000	0	0	0	0	0.000	0	0	0	0.000	0	0	0	0	0.000	0.000	0	0	0	0	0.000	0	0	0	0.000	0	0
141	141	1631	1762.748	1190.712	0.911	37	251	1113	179	18	37	251	1113	179	18	112.000	449.666	6433	753	190	177	169	162	156	150	145	139	125	104.250	979.090	1539	1416	1310	1214	1106	983	850	740	656	555	343	1	149	1756.477	1203.781	0	0	0	2826	3009.872	0	0	1338	1217.550	0	0	0	0	0.000	0.000	0	0	0	0	0.000	0	0	0	0.000	0	0
142	142	938	996.917	1190.632	0.913	23	102	553	228	18	23	102	553	228	18	112.000	154.680	175	168	165	163	160	157	152	148	143	138	129	105.000	1159.112	1626	1478	1415	1353	1281	1212	1131	1027	899	745	503	0	0	0.000	0.000	0	0	0	0	0.000	0	0	0	0.000	0	0	0	0	0.000	0.000	0	0	0	0	0.000	0	0	0	0.000	0	0
143	143	1469	923.815	1198.403	0.918	43	221	732	408	42	43	221	732	408	42	111.995	121.934	134	128	126	123	122	121	120	119	119	118	112	105.000	720.138	1101	943	853	799	760	730	702	668	583	471	286	0	0	0.000	0.000	0	0	0	0	0.000	0	0	0	0.000	0	0	0	0	0.000	0.000	0	0	0	0	0.000	0	0	0	0.000	0	0
144	144	1437	1443.634	1210.505	0.898	144	770	454	26	17	144	770	454	26	17	112.854	166.951	201	185	179	175	171	167	163	158	154	149	134	105.933	542.169	931	734	675	618	573	534	492	454	407	351	283	0	0	0.000	0.000	0	0	0	0	0.000	0	0	0	0.000	0	0	0	0	0.000	0.000	0	0	0	0	0.000	0	0	0	0.000	0	0
145	145	601	419.332	1211.290	0.747	33	289	207	54	8	33	289	207	54	8	110.000	158.903	197	175	171	168	164	160	155	151	145	140	129	102.230	126.957	153	137	134	131	129	127	125	122	119	117	111	0	0	0.000	0.000	0	0	0	0	0.000	0	0	0	0.000	0	0	0	0	0.000	0.000	0	0	0	0	0.000	0	0	0	0.000	0	0
146	146	1667	672.418	1227.933	0.893	1334	175	123	19	11	1334	175	123	19	11	111.352	119.981	126	123	122	121	120	120	119	119	118	117	114	105.000	448.461	721	632	577	521	477	433	403	364	331	282	229	0	0	0.000	0.000	0	0	0	0	0.000	0	0	0	0.000	0	0	0	0	0.000	0.000	0	0	0	0	0.000	0	0	0	0.000	0	0
147	147	667	301.897	1227.936	0.825	95	360	155	37	4	95	360	155	37	4	109.372	311.712	460	426	389	356	331	310	294	267	238	203	148	103.195	166.705	216	199	189	180	173	168	163	158	148	130	111	0	0	0.000	0.000	0	0	0	0	0.000	0	0	0	0.000	0	0	0	0	0.000	0.000	0	0	0	0	0.000	0	0	0	0.000	0	0
148	148	688	719.836	1257.487	0.916	24	68	281	218	82	24	68	281	218	82	112.000	119.424	128	123	121	121	120	119	119	118	117	116	114	105.000	720.507	1080	1012	945	873	791	726	662	588	508	420	276	0	0	0.000	0.000	0	0	0	0	0.000	0	0	0	0.000	0	0	0	0	0.000	0.000	0	0	0	0	0.000	0	0	0	0.000	0	0
149	149	1637	759.725	1275.198	0.904	81	720	679	99	17	81	720	679	99	17	112.000	122.571	137	129	127	124	122	121	120	120	119	118	115	105.004	886.817	1432	1272	1111	1001	942	879	820	733	649	559	355	0	0	0.000	0.000	0	0	0	0	0.000	0	0	0	0.000	0	0	0	0	0.000	0.000	0	0	0	0	0.000	0	0	0	0.000	0	0
150	150	1691	1463.034	1270.995	0.886	14	101	862	618	55	14	101	862	618	55	112.832	124.111	147	130	126	124	124	123	122	122	121	120	115	106.324	1417.354	2319	2053	1856	1680	1548	1415	1295	1164	1002	780	516	0	0	0.000	0.000	0	0	0	0	0.000	0	0	0	0.000	0	0	0	0	0.000	0.000	0	0	0	0	0.000	0	0	0	0.000	0	0
151	151	1644	294.346	1279.076	0.900	151	1097	312	38	16	151	1097	312	38	16	109.680	139.341	158	150	147	145	143	140	138	135	131	127	121	104.563	469.154	792	700	639	579	516	462	416	346	291	248	203	0	0	0.000	0.000	0	0	0	0	0.000	0	0	0	0.000	0	0	0	0	0.000	0.000	0	0	0	0	0.000	0	0	0	0.000	0	0
152	152	483	1424.581	1265.480	0.933	42	105	174	138	15	42	105	174	138	15	112.000	120.093	125	123	121	121	121	120	120	119	119	118	115	107.000	570.108	860	798	738	683	626	567	513	459	400	353	293	0	0	0.000	0.000	0	0	0	0	0.000	0	0	0	0.000	0	0	0	0	0.000	0.000	0	0	0	0	0.000	0	0	0	0.000	0	0
153	153	1493	806.860	1301.350	0.893	79	483	731	160	10	79	483	731	160	10	112.000	122.572	140	130	126	124	122	121	120	120	119	118	114	106.536	785.752	1198	1054	989	940	876	810	738	670	580	464	308	0	0	0.000	0.000	0	0	0	0	0.000	0	0	0	0.000	0	0	0	0	0.000	0.000	0	0	0	0	0.000	0	0	0	0.000	0	0
154	154	556	1560.921	1292.707	0.943	28	83	232	184	21	28	83	232	184	21	112.896	123.405	130	127	126	125	124	123	122	122	121	120	117	106.000	1130.689	1597	1507	1421	1343	1275	1182	1059	934	819	709	565	0	0	0.000	0.000	0	0	0	0	0.000	0	0	0	0.000	0	0	0	0	0.000	0.000	0	0	0	0	0.000	0	0	0	0.000	0	0
155	155	1211	1415.150	1302.421	0.919	24	164	642	339	22	24	164	642	339	22	111.638	136.254	228	166	144	135	131	129	127	124	123	121	116	106.314	1402.285	2445	2149	1865	1612	1415	1294	1200	1114	993	909	427	1	120	1405.485	1299.421	0	0	0	186	188.683	0	0	1304	1341.108	0	0	0	0	0.000	0.000	0	0	0	0	0.000	0	0	0	0.000	0	0
156	156	1360	332.562	1304.848	0.903	253	625	364	48	32	253	625	364	48	32	109.982	146.145	163	158	156	155	152	149	145	140	135	129	120	104.529	622.807	847	794	758	720	680	650	615	570	488	388	256	0	0	0.000	0.000	0	0	0	0	0.000	0	0	0	0.000	0	0	0	0	0.000	0.000	0	0	0	0	0.000	0	0	0	0.000	0	0
157	157	1759	1335.905	1310.838	0.896	230	1365	105	35	9	230	1365	105	35	9	110.849	127.565	143	138	133	129	127	126	125	124	123	121	117	106.000	1486.013	2522	2141	1932	1762	1597	1444	1304	1158	1028	925	607	0	0	0.000	0.000	0	0	0	0	0.000	0	0	0	0.000	0	0	0	0	0.000	0.000	0	0	0	0	0.000	0	0	0	0.000	0	0
158	158	706	199.613	1310.995	0.808	100	254	226	92	23	100	254	226	92	23	109.000	159.731	208	190	178	171	164	157	151	146	141	135	126	103.547	130.650	162	146	140	137	133	130	126	124	120	117	112	0	0	0.000	0.000	0	0	0	0	0.000	0	0	0	0.000	0	0	0	0	0.000	0.000	0	0	0	0	0.000	0	0	0	0.000	0	0
159	159	1933	264.196	1319.253	0.880	194	304	885	481	29	194	304	885	481	29	110.000	146.169	167	159	157	154	152	148	143	139	135	131	120	104.922	1229.659	1845	1661	1578	1497	1392	1300	1204	1053	860	635	367	0	0	0.000	0.000	0	0	0	0	0.000	0	0	0	0.000	0	0	0	0	0.000	0.000	0	0	0	0	0.000	0	0	0	0.000	0	0
160	160	1537	1531.084	1320.753	0.906	21	129	796	499	65	21	129	796	499	65	113.000	129.584	284	133	130	129	127	125	124	123	122	120	116	106.785	1898.882	3248	2810	2573	2339	2134	1960	1745	1491	1199	906	576	1	73	1543.400	1331.911	0	0	0	195	202.260	0	0	2131	1967.740	0	0	0	0	0.000	0.000	0	0	0	0	0.000	0	0	0	0.000	0	0
161	161	1898	1590.019	1330.825	0.866	74	646	909	208	27	74	646	909	208	27	113.000	223.906	1592	407	192	154	145	140	136	134	130	126	120	105.188	2050.635	3109	2722	2605	2480	2298	2085	1862	1695	1568	1263	707	1	204	1597.748	1328.505	0	0	0	733	808.025	0	0	2471	2405.784	0	0	0	0	0.000	0.000	0	0	0	0	0.000	0	0	0	0.000	0	0
162	162	381	1488.968	1320.295	0.919	13	34	119	177	34	13	34	119	177	34	112.953	121.596	127	124	123	123	122	122	121	120	120	119	117	106.827	1343.677	1850	1762	1663	1586	1495	1380	1258	1125	1006	882	700	0	0	0.000	0.000	0	0	0	0	0.000	0	0	0	0.000	0	0	0	0	0.000	0.000	0	0	0	0	0.000	0	0	0	0.000	0	0
163	163	1181	506.767	1338.107	0.907	77	57	566	372	86	77	57	566	372	86	110.721	126.737	143	134	131	129	127	126	125	124	122	121	117	103.202	204.720	247	232	226	221	216	209	200	191	181	173	148	0	0	0.000	0.000	0	0	0	0	0.000	0	0	0	0.000	0	0	0	0	0.000	0.000	0	0	0	0	0.000	0	0	0	0.000	0	0
164	164	1676	1204.021	1355.576	0.872	10	59	509	992	71	10	59	509	992	71	112.939	152.236	175	166	161	157	154	152	149	147	144	140	127	107.809	6940.024	12916	10839	9486	8395	7463	6481	5727	5185	4584	3757	2228	0	0	0.000	0.000	0	0	0	0	0.000	0	0	0	0.000	0	0	0	0	0.000	0.000	0	0	0	0	0.000	0	0	0	0.000	0	0
165	165	1115	712.492	1349.803	0.884	63	308	517	184	28	63	308	517	184	28	111.891	669.877	10988	1214	348	265	253	234	215	198	185	172	153	104.050	124.884	156	132	129	127	126	125	123	122	121	118	108	1	92	715.328	1358.574	0	0	0	4297	4647.109	0	0	135	136.424	0	0	0	0	0.000	0.000	0	0	0	0	0.000	0	0	0	0.000	0	0
166	166	1971	892.752	1355.255	0.866	1052	663	195	30	14	1052	663	195	30	14	112.378	138.346	169	152	146	142	139	137	135	132	129	127	122	109.000	3001.706	4515	4057	3792	3534	3290	3029	2775	2480	2135	1893	1241	0	0	0.000	0.000	0	0	0	0	0.000	0	0	0	0.000	0	0	0	0	0.000	0.000	0	0	0	0	0.000	0	0	0	0.000	0	0
167	167	1483	225.017	1368.458	0.897	13	76	737	579	46	13	76	737	579	46	109.293	150.958	164	159	157	155	154	153	151	149	145	140	129	104.087	1378.618	1794	1697	1614	1551	1495	1420	1323	1234	1137	1013	716	0	0	0.000	0.000	0	0	0	0	0.000	0	0	0	0.000	0	0	0	0	0.000	0.000	0	0	0	0	0.000	0	0	0	0.000	0	0
168	168	1653	540.822	1371.481	0.899	30	310	1002	265	18	30	310	1002	265	18	111.000	131.855	186	147	137	132	130	128	127	125	124	122	117	103.969	192.289	257	234	220	208	197	187	180	173	167	159	146	1	66	539.354	1366.470	0	0	0	173	172.515	0	0	158	160.909	0	0	0	0	0.000	0.000	0	0	0	0	0.000	0	0	0	0.000	0	0
169	169	695	27.807	1374.306	0.864	41	175	341	115	15	41	175	341	115	15	104.978	128.416	157	139	134	132	130	128	126	124	121	117	111	100.869	141.935	184	158	152	147	144	141	138	135	132	127	114	0	0	0.000	0.000	0	0	0	0	0.000	0	0	0	0.000	0	0	0	0	0.000	0.000	0	0	0	0	0.000	0	0	0	0.000	0	0
170	170	1939	1472.777	1389.093	0.856	276	1154	448	19	17	276	1154	448	19	17	113.647	466.716	4432	1510	212	133	129	128	126	125	124	123	116	105.442	206.539	344	278	256	238	220	201	182	168	154	142	130	1	299	1463.499	1397.265	0	0	0	2042	2232.806	0	0	284	280.154	0	0	0	0	0.000	0.000	0	0	0	0	0.000	0	0	0	0.000	0	0
171	171	1801	1244.557	1398.780	0.885	84	241	1042	376	20	84	241	1042	376	20	112.979	152.841	181	172	166	162	158	153	149	144	138	134	126	107.081	8235.812	14144	13008	11817	10332	9254	8155	7282	6225	5005	3548	1629	0	0	0.000	0.000	0	0	0	0	0.000	0	0	0	0.000	0	0	0	0	0.000	0.000	0	0	0	0	0.000	0	0	0	0.000	0	0
172	172	211	1196.276	1389.625	0.920	7	22	70	72	32	7	22	70	72	32	112.720	139.280	150	147	144	143	141	140	138	136	134	132	126	108.000	5031.246	6907	6611	6308	5962	5456	5091	4801	4381	3966	3230	2315	0	0	0.000	0.000	0	0	0	0	0.000	0	0	0	0.000	0	0	0	0	0.000	0.000	0	0	0	0	0.000	0	0	0	0.000	0	0
173	173	500	1575.076	1411.545	0.914	24	39	175	206	51	24	39	175	206	51	112.018	119.996	125	123	122	121	120	120	119	119	118	118	116	104.140	272.502	362	333	313	297	286	272	263	246	231	216	183	0	0	0.000	0.000	0	0	0	0	0.000	0	0	0	0.000	0	0	0	0	0.000	0.000	0	0	0	0	0.000	0	0	0	0.000	0	0
174	174	1600	285.225	1426.003	0.910	254	1234	67	16	12	254	1234	67	16	12	109.996	180.632	226	204	195	189	182	177	175	171	166	161	149	104.137	242.740	349	299	275	262	251	240	230	218	205	193	163	0	0	0.000	0.000	0	0	0	0	0.000	0	0	0	0.000	0	0	0	0	0.000	0.000	0	0	0	0	0.000	0	0	0	0.000	0	0
175	175	1817	863.507	1442.156	0.889	81	827	747	107	22	81	827	747	107	22	112.695	131.387	150	141	137	135	132	130	129	127	126	124	116	106.711	3584.944	5215	4497	4206	4015	3842	3673	3499	3295	3024	2594	1071	0	0	0.000	0.000	0	0	0	0	0.000	0	0	0	0.000	0	0	0	0	0.000	0.000	0	0	0	0	0.000	0	0	0	0.000	0	0
176	176	2255	1156.034	1447.911	0.840	96	855	1139	105	8	96	855	1139	105	8	112.992	141.180	193	150	146	144	142	140	138	137	135	132	123	106.600	1734.113	3208	2755	2447	2243	1984	1740	1513	1229	939	684	493	0	0	0.000	0.000	0	0	0	0	0.000	0	0	0	0.000	0	0	0	0	0.000	0.000	0	0	0	0	0.000	0	0	0	0.000	0	0
177	177	2268	1470.745	1449.628	0.828	24	105	952	1062	83	24	105	952	1062	83	113.331	131.743	456	134	123	122	121	120	120	119	118	117	114	104.261	233.752	318	295	282	268	253	238	220	201	185	167	140	1	136	1485.453	1442.999	0	0	0	274	282.860	0	0	303	299.978	0	0	0	0	0.000	0.000	0	0	0	0	0.000	0	0	0	0.000	0	0
178	178	1537	1590.758	1448.689	0.884	26	134	777	533	33	26	134	777	533	33	112.354	124.310	136	129	127	126	125	124	123	122	121	120	117	104.000	518.707	754	684	635	589	549	516	484	457	421	372	198	0	0	0.000	0.000	0	0	0	0	0.000	0	0	0	0.000	0	0	0	0	0.000	0.000	0	0	0	0	0.000	0	0	0	0.000	0	0
179	179	2183	402.391	1453.145	0.887	165	1074	715	152	33	165	1074	715	152	33	110.986	1593.006	19119	5067	976	373	286	246	215	194	182	166	138	103.106	133.468	184	163	151	138	131	128	125	122	119	116	108	1	296	385.080	1446.322	0	0	0	8534	9122.044	0	0	144	142.530	0	0	0	0	0.000	0.000	0	0	0	0	0.000	0	0	0	0.000	0	0
180	180	2754	1086.013	1471.881	0.770	45	473	1742	417	34	45	473	1742	417	34	112.997	145.874	482	149	146	144	143	141	140	138	137	134	124	105.802	2242.708	3488	3090	2830	2640	2468	2256	2067	1881	1679	1346	820	1	58	1114.655	1478.394	0	0	0	305	309.897	0	0	2627	2512.914	0	0	0	0	0.000	0.000	0	0	0	0	0.000	0	0	0	0.000	0	0
181	181	1916	262.267	1473.707	0.889	212	799	619	200	47	212	799	619	200	47	109.943	195.983	247	222	217	212	206	200	193	185	173	161	140	103.985	507.470	750	662	625	593	563	524	484	440	388	317	223	0	0	0.000	0.000	0	0	0	0	0.000	0	0	0	0.000	0	0	0	0	0.000	0.000	0	0	0	0	0.000	0	0	0	0.000	0	0
182	182	1062	831.434	1489.550	0.890	186	398	379	65	10	186	398	379	65	10	112.274	509.377	7250	981	334	260	228	208	192	182	170	159	142	105.119	124.467	161	137	132	129	126	123	120	118	116	113	108	1	92	832.142	1481.384	0	0	0	2730	3075.848	0	0	131	133.359	0	0	0	0	0.000	0.000	0	0	0	0	0.000	0	0	0	0.000	0	0
183	183	1377	1423.386	1489.162	0.883	43	131	837	313	20	43	131	837	313	20	112.938	120.078	128	123	121	121	120	120	119	119	118	118	115	104.000	223.121	272	253	247	241	233	226	218	210	200	187	156	0	0	0.000	0.000	0	0	0	0	0.000	0	0	0	0.000	0	0	0	0	0.000	0.000	0	0	0	0	0.000	0	0	0	0.000	0	0
184	184	1494	319.411	1497.197	0.886	155	832	423	43	9	155	832	423	43	9	110.086	117.020	123	120	119	118	117	117	116	116	115	114	112	104.000	1475.671	2175	1970	1876	1790	1697	1586	1443	1294	1050	741	460	0	0	0.000	0.000	0	0	0	0	0.000	0	0	0	0.000	0	0	0	0	0.000	0.000	0	0	0	0	0.000	0	0	0	0.000	0	0
185	185	345	1151.063	1489.071	0.933	7	55	131	123	22	7	55	131	123	22	112.061	130.070	140	136	135	133	132	131	130	128	125	123	117	105.214	1377.510	2210	1966	1795	1648	1511	1386	1245	1134	965	794	518	0	0	0.000	0.000	0	0	0	0	0.000	0	0	0	0.000	0	0	0	0	0.000	0.000	0	0	0	0	0.000	0	0	0	0.000	0	0
186	186	1773	1660.492	1503.761	0.903	1536	186	21	10	7	1536	186	21	10	7	113.622	775.316	15855	951	424	344	293	253	217	189	168	150	130	103.519	130.465	175	137	135	133	132	131	129	128	125	120	107	1	113	1653.805	1492.995	0	0	0	6559	7176.540	0	0	148	149.708	0	0	0	0	0.000	0.000	0	0	0	0	0.000	0	0	0	0.000	0	0
187	187	1566	549.234	1514.490	0.891	27	532	901	70	12	27	532	901	70	12	111.443	122.288	132	128	125	124	123	122	121	120	119	118	115	103.334	1651.344	2649	2168	2009	1888	1774	1674	1531	1396	1269	1138	699	0	0	0.000	0.000	0	0	0	0	0.000	0	0	0	0.000	0	0	0	0	0.000	0.000	0	0	0	0	0.000	0	0	0	0.000	0	0
188	188	1667	1290.645	1520.038	0.887	38	808	717	57	10	38	808	717	57	10	113.493	286.475	380	347	334	321	309	297	282	260	236	206	170	105.000	1324.332	2051	1801	1689	1598	1496	1398	1266	1135	957	696	441	0	0	0.000	0.000	0	0	0	0	0.000	0	0	0	0.000	0	0	0	0	0.000	0.000	0	0	0	0	0.000	0	0	0	0.000	0	0
189	189	1629	260.922	1529.716	0.883	5	44	437	935	174	5	44	437	935	174	108.979	210.013	257	243	236	229	221	214	203	192	183	172	155	103.686	559.332	773	713	682	643	609	574	527	486	439	383	270	0	0	0.000	0.000	0	0	0	0	0.000	0	0	0	0.000	0	0	0	0	0.000	0.000	0	0	0	0	0.000	0	0	0	0.000	0	0
190	190	1683	889.584	1531.845	0.895	18	381	1066	155	33	18	381	1066	155	33	112.967	150.892	179	165	162	159	155	152	148	144	139	135	126	105.000	283.751	386	355	336	322	307	289	271	250	227	204	164	0	0	0.000	0.000	0	0	0	0	0.000	0	0	0	0.000	0	0	0	0	0.000	0.000	0	0	0	0	0.000	0	0	0	0.000	0	0
191	191	2062	1530.077	1536.100	0.894	288	1329	343	54	8	288	1329	343	54	8	113.000	183.499	248	217	206	195	186	179	173	169	164	156	136	104.000	124.871	146	135	130	127	125	124	122	121	119	118	111	0	0	0.000	0.000	0	0	0	0	0.000	0	0	0	0.000	0	0	0	0	0.000	0.000	0	0	0	0	0.000	0	0	0	0.000	0	0
192	192	1550	315.015	1547.818	0.875	102	438	693	242	45	102	438	693	242	45	109.112	118.467	130	122	120	120	119	118	117	117	116	115	110	103.805	1863.972	2933	2568	2384	2283	2127	1966	1758	1471	1246	1036	617	0	0	0.000	0.000	0	0	0	0	0.000	0	0	0	0.000	0	0	0	0	0.000	0.000	0	0	0	0	0.000	0	0	0	0.000	0	0
193	193	1886	841.112	1549.998	0.876	25	168	878	724	68	25	168	878	724	68	113.000	143.042	163	156	153	150	147	144	141	138	132	127	122	104.155	242.008	341	313	295	276	261	247	230	213	189	161	138	0	0	0.000	0.000	0	0	0	0	0.000	0	0	0	0.000	0	0	0	0	0.000	0.000	0	0	0	0	0.000	0	0	0	0.000	0	0
194	194	1307	1685.233	1549.638	0.855	37	167	693	330	48	37	167	693	330	48	112.928	125.301	136	131	129	127	126	125	124	123	122	121	115	104.581	706.335	1063	993	944	896	853	782	687	558	411	305	217	0	0	0.000	0.000	0	0	0	0	0.000	0	0	0	0.000	0	0	0	0	0.000	0.000	0	0	0	0	0.000	0	0	0	0.000	0	0
195	195	1229	1639.528	1549.396	0.919	43	89	324	662	90	43	89	324	662	90	112.661	123.550	133	127	126	125	124	123	123	122	121	121	117	104.923	722.128	1194	1024	940	854	791	724	663	595	504	410	287	0	0	0.000	0.000	0	0	0	0	0.000	0	0	0	0.000	0	0	0	0	0.000	0.000	0	0	0	0	0.000	0	0	0	0.000	0	0
196	196	1804	1320.649	1562.662	0.885	178	902	579	88	15	178	902	579	88	15	114.000	478.747	5126	710	341	321	309	297	281	259	237	204	169	104.924	1262.951	1927	1734	1626	1559	1489	1372	1218	1035	852	613	381	1	133	1327.949	1555.312	0	0	0	2367	2578.105	0	0	1566	1524.346	0	0	0	0	0.000	0.000	0	0	0	0	0.000	0	0	0	0.000	0	0
197	197	1388	1436.136	1565.391	0.911	39	348	777	169	30	39	348	777	169	30	113.000	128.854	155	137	134	132	130	128	126	125	123	122	116	104.000	1221.223	2014	1626	1515	1424	1339	1253	1170	1055	939	749	387	0	0	0.000	0.000	0	0	0	0	0.000	0	0	0	0.000	0	0	0	0	0.000	0.000	0	0	0	0	0.000	0	0	0	0.000	0	0
198	198	2064	190.673	1581.789	0.920	126	701	1128	60	9	126	701	1128	60	9	108.830	173.882	981	214	154	150	147	144	141	137	132	127	120	103.506	495.030	763	668	624	586	547	497	453	413	374	308	215	1	136	177.519	1572.787	0	0	0	502	538.581	0	0	686	663.324	0	0	0	0	0.000	0.000	0	0	0	0	0.000	0	0	0	0.000	0	0
199	199	1854	1669.776	1594.295	0.904	39	405	1131	233	11	39	405	1131	233	11	111.832	153.949	173	165	162	160	158	155	153	149	146	140	126	105.000	1177.172	1850	1605	1469	1345	1262	1182	1097	996	865	743	450	0	0	0.000	0.000	0	0	0	0	0.000	0	0	0	0.000	0	0	0	0	0.000	0.000	0	0	0	0	0.000	0	0	0	0.000	0	0
200	200	1578	141.335	1610.189	0.908	431	763	230	97	28	431	763	230	97	28	108.000	139.864	316	145	142	139	138	136	135	133	131	127	118	103.350	520.294	742	669	629	597	567	534	497	455	403	353	252	1	45	140.866	1599.819	0	0	0	232	234.333	0	0	683	675.467	0	0	0	0	0.000	0.000	0	0	0	0	0.000	0	0	0	0.000	0	0
201	201	1975	761.739	1620.052	0.889	105	749	931	130	24	105	749	931	130	24	112.000	146.827	272	168	157	151	146	142	139	135	132	127	120	103.596	427.453	830	645	567	487	436	392	350	323	302	281	174	1	32	762.798	1618.337	0	0	0	227	227.344	0	0	605	601.781	0	0	0	0	0.000	0.000	0	0	0	0	0.000	0	0	0	0.000	0	0
202	202	1490	1634.605	1624.933	0.895	94	754	304	261	44	94	754	304	261	44	110.461	136.203	157	151	147	143	139	135	132	128	126	124	115	105.000	715.782	1349	1115	934	834	777	706	608	534	465	396	307	0	0	0.000	0.000	0	0	0	0	0.000	0	0	0	0.000	0	0	0	0	0.000	0.000	0	0	0	0	0.000	0	0	0	0.000	0	0
203	203	547	1690.984	1632.371	0.874	7	77	298	128	27	7	77	298	128	27	111.313	142.618	153	150	149	147	146	144	141	139	136	134	130	104.589	886.788	1208	1078	1020	983	931	891	850	805	754	685	507	0	0	0.000	0.000	0	0	0	0	0.000	0	0	0	0.000	0	0	0	0	0.000	0.000	0	0	0	0	0.000	0	0	0	0.000	0	0
204	204	408	1372.698	1665.420	0.947	26	79	121	138	29	26	79	121	138	29	112.000	126.566	138	132	130	129	128	127	126	124	122	120	117	103.000	223.640	418	374	341	306	263	201	154	126	113	109	106	0	0	0.000	0.000	0	0	0	0	0.000	0	0	0	0.000	0	0	1	15	1370.096	1665.713	0	0	0	130	130.400	0	0	401	399.467	0	0
205	205	1028	1682.891	1671.679	0.915	63	471	394	77	9	63	471	394	77	9	111.149	128.451	141	137	135	131	129	128	126	125	123	122	116	104.053	842.615	1162	1060	987	949	903	856	805	752	688	609	415	0	0	0.000	0.000	0	0	0	0	0.000	0	0	0	0.000	0	0	0	0	0.000	0.000	0	0	0	0	0.000	0	0	0	0.000	0	0
206	206	2000	1732.505	1690.223	0.885	23	333	1101	434	65	23	333	1101	434	65	112.403	126.734	136	133	131	129	128	127	126	124	123	121	115	103.981	865.851	1458	1185	1083	1007	934	856	771	690	629	569	348	0	0	0.000	0.000	0	0	0	0	0.000	0	0	0	0.000	0	0	0	0	0.000	0.000	0	0	0	0	0.000	0	0	0	0.000	0	0
207	207	1517	1345.098	1697.252	0.877	60	540	610	234	46	60	540	610	234	46	112.885	163.581	192	182	174	169	165	163	160	158	153	147	134	102.926	682.908	1003	906	804	727	686	657	630	604	577	538	335	0	0	0.000	0.000	0	0	0	0	0.000	0	0	0	0.000	0	0	0	0	0.000	0.000	0	0	0	0	0.000	0	0	0	0.000	0	0
208	208	1097	669.474	1703.512	0.910	21	61	487	480	24	21	61	487	480	24	111.843	127.304	139	132	131	130	129	128	127	126	124	121	115	103.998	1286.340	1728	1604	1536	1472	1404	1334	1257	1152	1033	879	520	0	0	0.000	0.000	0	0	0	0	0.000	0	0	0	0.000	0	0	0	0	0.000	0.000	0	0	0	0	0.000	0	0	0	0.000	0	0
209	209	2430	725.273	1713.438	0.860	91	657	1395	228	13	91	657	1395	228	13	112.532	248.760	1745	541	235	164	143	136	133	130	127	124	116	103.857	1046.968	1710	1552	1435	1303	1172	1059	940	835	666	496	358	1	304	731.152	1708.639	0	0	0	819	893.211	0	0	1105	1056.211	0	0	0	0	0.000	0.000	0	0	0	0	0.000	0	0	0	0.000	0	0
210	210	1703	430.273	1726.874	0.886	36	301	758	476	100	36	301	758	476	100	110.000	121.200	135	128	125	123	122	121	119	119	117	116	112	104.243	2603.479	4688	3860	3663	3479	3220	2868	2500	1977	1301	704	391	0	0	0.000	0.000	0	0	0	0	0.000	0	0	0	0.000	0	0	0	0	0.000	0.000	0	0	0	0	0.000	0	0	0	0.000	0	0
211	211	1563	1562.455	1725.194	0.896	46	247	1009	219	13	46	247	1009	219	13	111.997	153.045	181	169	163	159	156	153	150	146	141	139	129	103.941	780.107	1471	1205	1026	918	825	735	651	573	509	463	336	0	0	0.000	0.000	0	0	0	0	0.000	0	0	0	0.000	0	0	0	0	0.000	0.000	0	0	0	0	0.000	0	0	0	0.000	0	0
212	212	558	1870.730	1725.336	0.916	33	92	178	210	39	33	92	178	210	39	111.446	119.756	126	123	123	122	120	120	119	118	117	116	114	103.468	609.151	931	842	779	718	663	603	550	503	444	385	299	0	0	0.000	0.000	0	0	0	0	0.000	0	0	0	0.000	0	0	0	0	0.000	0.000	0	0	0	0	0.000	0	0	0	0.000	0	0
213	213	1790	919.082	1739.423	0.914	145	1045	487	60	10	145	1045	487	60	10	112.000	126.581	164	137	132	129	126	124	123	122	121	120	115	103.000	175.218	227	204	194	187	180	174	167	162	157	150	132	1	32	905.565	1732.402	0	0	0	156	153.312	0	0	206	204.062	0	0	0	0	0.000	0.000	0	0	0	0	0.000	0	0	0	0.000	0	0
214	214	1885	1779.484	1746.539	0.869	45	486	1031	254	34	45	486	1031	254	34	112.781	766.338	15287	1278	276	186	176	169	164	160	157	148	130	104.000	133.100	157	142	139	137	135	133	131	129	127	124	111	1	143	1774.482	1745.494	0	0	0	5855	6694.776	0	0	143	140.545	0	0	0	0	0.000	0.000	0	0	0	0	0.000	0	0	0	0.000	0	0
215	215	313	1738.046	1738.285	0.840	24	87	108	69	21	24	87	108	69	21	113.000	135.767	141	139	139	138	137	136	135	134	133	131	128	103.907	120.326	127	124	123	122	121	120	119	119	118	117	114	0	0	0.000	0.000	0	0	0	0	0.000	0	0	0	0.000	0	0	0	0	0.000	0.000	0	0	0	0	0.000	0	0	0	0.000	0	0
216	216	2138	1838.676	1754.732	0.871	98	489	1101	390	31	98	489	1101	390	31	112.000	124.257	147	131	128	126	124	123	122	121	120	119	114	104.015	1326.447	1909	1796	1693	1584	1503	1396	1271	1096	925	766	521	0	0	0.000	0.000	0	0	0	0	0.000	0	0	0	0.000	0	0	0	0	0.000	0.000	0	0	0	0	0.000	0	0	0	0.000	0	0
217	217	1995	479.345	1752.870	0.863	229	829	651	199	44	229	829	651	199	44	110.000	122.937	145	131	127	124	123	122	121	119	118	117	114	105.000	3055.365	5065	3906	3727	3561	3383	3179	2929	2663	2365	2004	953	0	0	0.000	0.000	0	0	0	0	0.000	0	0	0	0.000	0	0	0	0	0.000	0.000	0	0	0	0	0.000	0	0	0	0.000	0	0
218	218	2389	702.842	1767.338	0.902	39	413	1037	718	127	39	413	1037	718	127	111.724	150.779	1280	140	128	125	124	123	122	121	120	119	115	103.999	1096.175	1849	1536	1429	1342	1243	1127	1011	868	725	556	393	1	117	689.443	1762.599	0	0	0	551	609.197	0	0	1761	1751.308	0	0	0	0	0.000	0.000	0	0	0	0	0.000	0	0	0	0.000	0	0
219	219	1649	183.886	1775.179	0.863	277	1223	105	9	14	277	1223	105	9	14	107.962	134.517	812	126	123	121	120	119	118	117	116	114	110	102.585	220.583	301	278	262	249	231	216	204	194	182	167	149	1	93	168.160	1769.023	0	0	0	391	411.441	0	0	264	252.323	0	0	0	0	0.000	0.000	0	0	0	0	0.000	0	0	0	0.000	0	0
220	220	1616	1151.090	1785.468	0.912	40	256	869	371	39	40	256	869	371	39	112.412	120.894	126	124	123	122	121	121	120	120	119	118	116	103.806	885.072	1335	1243	1191	1127	1041	936	816	697	559	426	302	0	0	0.000	0.000	0	0	0	0	0.000	0	0	0	0.000	0	0	0	0	0.000	0.000	0	0	0	0	0.000	0	0	0	0.000	0	0
221	221	2500	1810.935	1816.742	0.836	465	1850	105	21	13	465	1850	105	21	13	111.386	123.558	137	130	127	125	124	123	122	121	120	119	112	104.350	1205.995	1972	1747	1561	1459	1366	1270	1167	992	780	568	384	0	0	0.000	0.000	0	0	0	0	0.000	0	0	0	0.000	0	0	0	0	0.000	0.000	0	0	0	0	0.000	0	0	0	0.000	0	0
222	222	1612	727.991	1819.021	0.860	18	241	1062	261	11	18	241	1062	261	11	111.001	123.565	160	131	126	124	123	122	121	120	119	118	114	104.395	1367.697	1805	1718	1647	1592	1515	1434	1323	1223	1090	914	434	1	43	740.224	1822.574	0	0	0	151	149.721	0	0	1361	1367.395	0	0	0	0	0.000	0.000	0	0	0	0	0.000	0	0	0	0.000	0	0
223	223	1932	466.609	1817.312	0.798	87	1241	503	35	16	87	1241	503	35	16	109.950	190.961	242	225	215	208	201	194	187	178	165	149	135	105.000	849.371	1353	1204	1092	1015	949	882	809	717	581	425	308	0	0	0.000	0.000	0	0	0	0	0.000	0	0	0	0.000	0	0	0	0	0.000	0.000	0	0	0	0	0.000	0	0	0	0.000	0	0
224	224	1715	216.699	1826.546	0.855	141	316	1057	172	7	141	316	1057	172	7	109.000	134.243	192	148	140	137	134	132	130	127	124	122	115	102.640	239.587	343	302	286	276	262	246	230	209	185	165	143	1	27	220.108	1812.972	0	0	0	183	182.741	0	0	279	278.185	0	0	0	0	0.000	0.000	0	0	0	0	0.000	0	0	0	0.000	0	0
225	225	2377	912.723	1837.028	0.893	116	1094	954	134	13	116	1094	954	134	13	111.875	123.918	136	130	128	126	124	123	122	122	121	119	115	103.000	151.501	193	173	165	160	155	150	145	142	138	134	112	0	0	0.000	0.000	0	0	0	0	0.000	0	0	0	0.000	0	0	0	0	0.000	0.000	0	0	0	0	0.000	0	0	0	0.000	0	0
226	226	1202	1151.537	1832.584	0.915	102	365	486	166	48	102	365	486	166	48	112.238	119.898	128	123	122	121	120	120	119	119	118	117	114	105.204	749.859	1217	1114	1013	912	828	758	688	606	495	367	238	0	0	0.000	0.000	0	0	0	0	0.000	0	0	0	0.000	0	0	0	0	0.000	0.000	0	0	0	0	0.000	0	0	0	0.000	0	0
227	227	2002	651.323	1847.038	0.881	220	1058	566	96	24	220	1058	566	96	24	110.971	459.759	7639	571	256	232	222	214	204	195	184	168	138	104.388	133.136	148	140	138	137	135	134	133	131	129	125	111	1	123	642.532	1839.118	0	0	0	3297	3599.008	0	0	141	140.146	0	0	0	0	0.000	0.000	0	0	0	0	0.000	0	0	0	0.000	0	0
228	228	1333	1203.331	1841.375	0.898	62	167	656	391	27	62	167	656	391	27	112.000	121.073	130	125	124	123	121	121	120	119	119	118	114	106.082	667.692	1048	913	820	757	718	679	624	573	508	417	288	0	0	0.000	0.000	0	0	0	0	0.000	0	0	0	0.000	0	0	0	0	0.000	0.000	0	0	0	0	0.000	0	0	0	0.000	0	0
229	229	1468	173.244	1852.066	0.878	58	499	788	88	5	58	499	788	88	5	108.091	281.595	398	355	334	323	308	286	264	243	223	199	183	103.000	203.077	273	249	239	228	216	207	194	177	164	153	140	0	0	0.000	0.000	0	0	0	0	0.000	0	0	0	0.000	0	0	0	0	0.000	0.000	0	0	0	0	0.000	0	0	0	0.000	0	0
230	230	1047	547.734	1861.589	0.924	689	212	69	36	26	689	212	69	36	26	111.000	152.494	165	161	159	157	156	154	152	149	146	142	132	105.000	216.748	260	243	236	230	223	216	210	205	199	193	166	0	0	0.000	0.000	0	0	0	0	0.000	0	0	0	0.000	0	0	0	0	0.000	0.000	0	0	0	0	0.000	0	0	0	0.000	0	0
231	231	684	1987.670	1865.616	0.933	40	75	333	212	10	40	75	333	212	10	109.352	121.639	127	125	124	123	123	122	121	120	119	118	115	102.000	120.187	133	127	125	123	122	120	119	117	116	114	108	0	0	0.000	0.000	0	0	0	0	0.000	0	0	0	0.000	0	0	0	0	0.000	0.000	0	0	0	0	0.000	0	0	0	0.000	0	0
232	232	1920	1165.887	1877.561	0.876	25	57	652	1045	109	25	57	652	1045	109	111.786	119.779	126	122	121	121	120	120	119	119	118	117	115	106.423	704.656	1094	979	886	810	759	713	659	606	538	422	288	0	0	0.000	0.000	0	0	0	0	0.000	0	0	0	0.000	0	0	0	0	0.000	0.000	0	0	0	0	0.000	0	0	0	0.000	0	0
233	233	1969	1864.586	1880.153	0.876	41	327	994	492	80	41	327	994	492	80	111.852	352.770	4029	592	211	199	189	181	175	166	157	145	134	104.106	333.011	498	443	414	382	364	346	321	289	247	201	166	1	161	1862.048	1866.526	0	0	0	1878	2023.354	0	0	416	410.391	0	0	0	0	0.000	0.000	0	0	0	0	0.000	0	0	0	0.000	0	0
234	234	1913	1239.167	1876.050	0.870	204	310	836	479	46	204	310	836	479	46	111.521	119.392	125	122	121	120	120	119	119	118	118	117	115	107.710	663.851	1053	943	884	831	784	717	638	545	411	288	145	0	0	0.000	0.000	0	0	0	0	0.000	0	0	0	0.000	0	0	0	0	0.000	0.000	0	0	0	0	0.000	0	0	0	0.000	0	0
235	235	655	483.786	1872.750	0.909	185	214	189	40	12	185	214	189	40	12	110.846	146.904	162	157	155	154	153	150	147	142	137	132	123	105.000	748.134	1033	965	929	895	850	792	728	656	555	444	298	0	0	0.000	0.000	0	0	0	0	0.000	0	0	0	0.000	0	0	0	0	0.000	0.000	0	0	0	0	0.000	0	0	0	0.000	0	0
236	236	1768	588.462	1887.613	0.894	39	247	1031	373	48	39	247	1031	373	48	110.940	151.329	195	170	160	157	155	151	147	143	138	132	124	104.679	206.809	283	250	238	228	220	211	203	190	171	154	137	0	0	0.000	0.000	0	0	0	0	0.000	0	0	0	0.000	0	0	0	0	0.000	0.000	0	0	0	0	0.000	0	0	0	0.000	0	0
237	237	1352	156.446	1897.053	0.898	40	527	623	126	10	40	527	623	126	10	106.550	260.573	349	310	298	285	272	261	251	242	227	208	153	102.406	190.645	244	222	213	206	199	192	184	176	167	158	131	0	0	0.000	0.000	0	0	0	0	0.000	0	0	0	0.000	0	0	0	0	0.000	0.000	0	0	0	0	0.000	0	0	0	0.000	0	0
238	238	610	1906.333	1892.957	0.927	56	79	210	210	41	56	79	210	210	41	111.000	143.698	162	157	153	150	147	145	142	138	134	129	123	103.084	233.690	315	290	275	264	252	239	225	210	190	168	139	0	0	0.000	0.000	0	0	0	0	0.000	0	0	0	0.000	0	0	0	0	0.000	0.000	0	0	0	0	0.000	0	0	0	0.000	0	0
239	239	1539	369.199	1913.106	0.888	15	128	801	527	34	15	128	801	527	34	108.491	115.602	128	120	117	116	115	115	114	114	113	112	110	103.322	304.272	470	414	379	349	324	302	280	257	232	199	161	0	0	0.000	0.000	0	0	0	0	0.000	0	0	0	0.000	0	0	0	0	0.000	0.000	0	0	0	0	0.000	0	0	0	0.000	0	0
240	240	1605	461.476	1908.616	0.910	306	468	628	108	57	306	468	628	108	57	109.708	118.384	133	124	122	120	118	117	117	116	115	114	111	104.634	345.125	507	440	412	388	368	347	329	303	272	242	183	0	0	0.000	0.000	0	0	0	0	0.000	0	0	0	0.000	0	0	0	0	0.000	0.000	0	0	0	0	0.000	0	0	0	0.000	0	0
241	241	2570	1817.734	1918.956	0.891	10	325	1531	636	22	10	325	1531	636	22	111.996	189.674	1081	205	199	193	188	181	171	161	151	140	126	104.067	357.554	507	478	460	436	406	377	337	295	253	204	160	1	62	1820.770	1915.306	0	0	0	626	627.919	0	0	475	465.355	0	0	0	0	0.000	0.000	0	0	0	0	0.000	0	0	0	0.000	0	0
242	242	1722	632.738	1921.384	0.902	158	415	960	124	33	158	415	960	124	33	110.913	161.714	203	188	179	172	168	164	157	151	143	134	125	104.167	204.091	289	253	236	221	212	203	193	186	173	157	139	0	0	0.000	0.000	0	0	0	0	0.000	0	0	0	0.000	0	0	0	0	0.000	0.000	0	0	0	0	0.000	0	0	0	0.000	0	0
243	243	704	852.033	1916.609	0.942	24	120	427	108	12	24	120	427	108	12	111.000	165.264	183	178	176	174	172	170	166	160	153	145	129	103.000	133.085	150	143	141	139	138	136	134	131	126	117	105	0	0	0.000	0.000	0	0	0	0	0.000	0	0	0	0.000	0	0	0	0	0.000	0.000	0	0	0	0	0.000	0	0	0	0.000	0	0
244	244	1448	1295.145	1926.921	0.916	24	274	767	326	24	24	274	767	326	24	112.000	138.854	153	148	145	144	142	140	138	135	132	128	122	107.450	4788.356	7231	6590	6150	5748	5271	4826	4345	3880	3534	2976	1764	0	0	0.000	0.000	0	0	0	0	0.000	0	0	0	0.000	0	0	0	0	0.000	0.000	0	0	0	0	0.000	0	0	0	0.000	0	0
245	245	673	1206.885	1924.068	0.927	185	156	133	117	68	185	156	133	117	68	111.043	123.692	136	132	130	128	125	122	120	119	118	117	114	108.000	653.970	943	821	763	741	719	696	660	602	519	420	222	0	0	0.000	0.000	0	0	0	0	0.000	0	0	0	0.000	0	0	0	0	0.000	0.000	0	0	0	0	0.000	0	0	0	0.000	0	0
246	246	1614	813.294	1934.985	0.894	31	256	1119	170	18	31	256	1119	170	18	110.639	163.468	201	186	180	175	168	162	157	152	149	143	128	102.877	135.293	156	147	144	141	139	136	133	129	126	123	113	0	0	0.000	0.000	0	0	0	0	0.000	0	0	0	0.000	0	0	0	0	0.000	0.000	0	0	0	0	0.000	0	0	0	0.000	0	0
247	247	1633	1349.456	1942.004	0.892	16	276	1007	277	13	16	276	1007	277	13	112.130	140.228	155	150	148	146	144	142	138	135	132	129	122	106.205	4687.258	7395	6493	6057	5719	5416	4993	4515	3998	3061	2227	1436	0	0	0.000	0.000	0	0	0	0	0.000	0	0	0	0.000	0	0	0	0	0.000	0.000	0	0	0	0	0.000	0	0	0	0.000	0	0
248	248	2109	1243.301	1949.185	0.875	443	1495	115	24	8	443	1495	115	24	8	111.848	119.988	132	125	122	121	120	119	118	118	117	117	114	108.066	677.567	1051	934	884	844	793	724	645	540	429	341	214	0	0	0.000	0.000	0	0	0	0	0.000	0	0	0	0.000	0	0	0	0	0.000	0.000	0	0	0	0	0.000	0	0	0	0.000	0	0
249	249	1702	761.465	1956.039	0.899	29	359	1071	185	26	29	359	1071	185	26	109.656	159.686	199	185	180	174	167	159	152	146	140	135	124	102.884	134.247	162	150	147	143	139	135	130	126	122	118	106	0	0	0.000	0.000	0	0	0	0	0.000	0	0	0	0.000	0	0	0	0	0.000	0.000	0	0	0	0	0.000	0	0	0	0.000	0	0
250	250	837	1786.237	1954.186	0.894	41	177	427	154	20	41	177	427	154	20	110.922	176.197	199	192	188	184	181	178	174	170	165	158	142	103.838	341.989	433	408	396	383	368	353	335	314	289	257	211	0	0	0.000	0.000	0	0	0	0	0.000	0	0	0	0.000	0	0	0	0	0.000	0.000	0	0	0	0	0.000	0	0	0	0.000	0	0
251	251	1300	1175.187	1962.543	0.889	237	342	600	96	9	237	342	600	96	9	111.000	124.851	137	132	129	127	126	124	123	122	120	119	115	107.311	3130.544	5979	5142	4606	4035	3546	3070	2616	2078	1643	1302	732	0	0	0.000	0.000	0	0	0	0	0.000	0	0	0	0.000	0	0	0	0	0.000	0.000	0	0	0	0	0.000	0	0	0	0.000	0	0
252	252	1205	802.902	1981.051	0.934	6	37	413	602	123	6	37	413	602	123	109.253	173.457	201	193	189	186	182	178	171	164	156	148	132	102.877	145.415	164	156	153	152	149	148	145	142	138	131	113	0	0	0.000	0.000	0	0	0	0	0.000	0	0	0	0.000	0	0	0	0	0.000	0.000	0	0	0	0	0.000	0	0	0	0.000	0	0
253	253	1046	1274.178	1982.991	0.890	25	49	340	480	129	25	49	340	480	129	111.467	142.409	159	154	151	147	144	142	140	137	135	131	124	107.117	488.878	754	651	596	553	516	478	440	416	388	353	252	0	0	0.000	0.000	0	0	0	0	0.000	0	0	0	0.000	0	0	0	0	0.000	0.000	0	0	0	0	0.000	0	0	0	0.000	0	0
254	254	714	938.792	1993.407	0.923	27	28	264	326	53	27	28	264	326	53	110.952	128.527	139	135	134	132	130	129	127	125	124	122	116	104.000	490.569	674	597	560	543	529	509	484	450	406	353	258	0	0	0.000	0.000	0	0	0	0	0.000	0	0	0	0.000	0	0	0	0	0.000	0.000	0	0	0	0	0.000	0	0	0	0.000	0	0
255	255	1653	1237.671	2010.026	0.857	543	591	367	75	53	543	591	367	75	53	109.905	155.055	190	174	169	165	161	157	153	147	139	131	121	106.472	638.996	1017	875	835	790	751	698	621	526	411	289	182	0	0	0.000	0.000	0	0	0	0	0.000	0	0	0	0.000	0	0	0	0	0.000	0.000	0	0	0	0	0.000	0	0	0	0.000	0	0
256	256	1689	976.125	2016.142	0.906	29	94	744	702	80	29	94	744	702	80	110.214	144.382	205	163	151	148	145	143	140	137	133	128	117	104.000	677.059	1066	928	857	802	733	677	626	569	491	412	313	0	0	0.000	0.000	0	0	0	0	0.000	0	0	0	0.000	0	0	0	0	0.000	0.000	0	0	0	0	0.000	0	0	0	0.000	0	0
257	257	440	758.371	2018.671	0.941	109	208	95	17	4	109	208	95	17	4	107.314	128.423	141	135	131	130	129	128	127	126	125	124	121	101.775	109.889	118	113	112	111	110	110	109	109	108	107	105	0	0	0.000	0.000	0	0	0	0	0.000	0	0	0	0.000	0	0	0	0	0.000	0.000	0	0	0	0	0.000	0	0	0	0.000	0	0
