 	cell	area	x	y	circ	BFI_lev_b1	BFI_lev_b2	BFI_lev_b3	BFI_lev_b4	BFI_lev_b5	BFO_lev_b1	BFO_lev_b2	BFO_lev_b3	BFO_lev_b4	BFO_lev_b5	RFP_int_bg	RFP_int_mean	RFP_int_b0	RFP_int_b1	RFP_int_b2	RFP_int_b3	RFP_int_b4	RFP_int_b5	RFP_int_b6	RFP_int_b7	RFP_int_b8	RFP_int_b9	RFP_int_b10	GFP_int_bg	GFP_int_mean	GFP_int_b0	GFP_int_b1	GFP_int_b2	GFP_int_b3	GFP_int_b4	GFP_int_b5	GFP_int_b6	GFP_int_b7	GFP_int_b8	GFP_int_b9	GFP_int_b10	inRFPnfoci	f1_inRFParea	f1_inRFPx	f1_inRFPy	f2_inRFParea	f2_inRFPx	f2_inRFPy	f1_inRFP_toRFPmed	f1_inRFP_toRFPmean	f2_inRFP_toRFPmed	f2_inRFP_toRFPmean	f1_inRFP_toGFPmed	f1_inRFP_toGFPmean	f2_inRFP_toGFPmed	f2_inRFP_toGFPmean	inGFPnfoci	f1_inGFParea	f1_inGFPx	f1_inGFPy	f2_inGFParea	f2_inGFPx	f2_inGFPy	f1_inGFP_toRFPmed	f1_inGFP_toRFPmean	f2_inGFP_toRFPmed	f2_inGFP_toRFPmean	f1_inGFP_toGFPmed	f1_inGFP_toGFPmean	f2_inGFP_toGFPmed	f2_inGFP_toGFPmean
1	1	2109	368.048	24.958	0.887	135	1635	293	17	7	135	1635	293	17	7	106.125	152.629	254	192	174	161	149	142	139	136	132	127	115	102.045	139.629	201	156	150	146	142	139	136	132	127	122	111	1	55	371.594	20.152	0	0	0	229	226.527	0	0	175	176.636	0	0	0	0	0	0	0	0	0	0	0	0	0	0	0	0	0
2	2	1789	816.553	24.171	0.873	57	927	690	72	10	57	927	690	72	10	106.551	497.212	10278	588	204	187	178	171	165	159	152	142	122	102.731	122.157	197	128	126	124	123	121	120	119	118	115	108	1	118	816.514	37.958	0	0	0	3976	4419.271	0	0	133	133.797	0	0	0	0	0	0	0	0	0	0	0	0	0	0	0	0	0
3	3	2624	1086.787	55.232	0.846	40	471	1707	313	35	40	471	1707	313	35	107.241	133.976	543	140	126	124	123	122	121	120	118	117	113	104.104	2207.069	3192	2958	2786	2627	2473	2321	2139	1936	1661	1237	624	1	133	1075.072	52.300	0	0	0	304	320.075	0	0	2654	2656.549	0	0	0	0	0	0	0	0	0	0	0	0	0	0	0	0	0
4	4	1326	1916.516	60.534	0.892	41	87	586	546	36	41	87	586	546	36	105.719	219.322	264	247	240	232	224	218	213	208	202	194	165	102.000	710.387	1011	947	874	807	753	709	673	626	564	473	318	0	0	0.000	0.000	0	0	0	0	0.000	0	0	0	0.000	0	0	0	0	0	0	0	0	0	0	0	0	0	0	0	0	0
5	5	1497	741.033	64.626	0.903	70	493	735	155	20	70	493	735	155	20	107.762	118.244	135	126	123	120	118	116	116	115	114	113	109	103.891	1020.475	1551	1322	1255	1190	1104	1022	955	870	781	712	379	0	0	0.000	0.000	0	0	0	0	0.000	0	0	0	0.000	0	0	0	0	0	0	0	0	0	0	0	0	0	0	0	0	0
6	6	1851	1968.007	76.985	0.841	117	251	880	504	69	117	251	880	504	69	106.097	215.135	284	260	250	240	229	219	208	194	179	163	144	102.160	854.110	1289	1140	1077	1018	955	881	808	727	632	498	361	0	0	0.000	0.000	0	0	0	0	0.000	0	0	0	0.000	0	0	0	0	0	0	0	0	0	0	0	0	0	0	0	0	0
7	7	1740	826.071	77.042	0.863	120	1092	452	26	4	120	1092	452	26	4	108.538	319.287	404	383	359	348	341	333	316	296	272	245	191	104.296	1801.264	2349	2222	2054	1980	1925	1855	1777	1671	1531	1324	846	0	0	0.000	0.000	0	0	0	0	0.000	0	0	0	0.000	0	0	0	0	0	0	0	0	0	0	0	0	0	0	0	0	0
8	8	1199	455.797	74.317	0.898	159	459	433	96	26	159	459	433	96	26	107.502	300.871	3245	576	237	199	174	156	144	138	131	126	118	102.883	139.430	194	167	158	150	142	135	131	127	122	118	110	1	110	452.061	76.353	0	0	0	1332	1444.073	0	0	153	152.391	0	0	0	0	0	0	0	0	0	0	0	0	0	0	0	0	0
9	9	2772	1057.763	109.388	0.845	40	467	1684	486	44	40	467	1684	486	44	108.622	397.075	4132	1066	228	131	126	125	124	122	120	119	114	103.849	1990.528	3329	2969	2710	2439	2179	1929	1703	1515	1335	1109	670	1	364	1065.182	96.050	0	0	0	1824	2016.777	0	0	2459	2418.338	0	0	0	0	0	0	0	0	0	0	0	0	0	0	0	0	0
10	10	1321	1135.736	91.402	0.911	13	28	252	779	224	13	28	252	779	224	107.581	117.691	124	122	121	119	118	117	117	116	115	114	111	105.000	2439.288	3480	3211	2949	2798	2632	2470	2329	2140	1918	1601	908	0	0	0.000	0.000	0	0	0	0	0.000	0	0	0	0.000	0	0	0	0	0	0	0	0	0	0	0	0	0	0	0	0	0
11	11	2088	525.128	108.625	0.894	113	849	958	105	22	113	849	958	105	22	108.593	267.743	1668	468	237	203	195	189	182	176	170	162	137	103.052	170.173	216	196	188	182	176	169	163	157	153	147	130	1	190	520.304	92.591	0	0	0	858	920.705	0	0	171	170.626	0	0	0	0	0	0	0	0	0	0	0	0	0	0	0	0	0
12	12	1776	440.439	127.292	0.884	179	917	600	16	13	179	917	600	16	13	108.078	180.439	234	218	206	196	186	177	169	162	155	150	138	103.000	706.311	1199	1097	1011	917	801	683	581	476	406	360	278	0	0	0.000	0.000	0	0	0	0	0.000	0	0	0	0.000	0	0	0	0	0	0	0	0	0	0	0	0	0	0	0	0	0
13	13	2390	848.162	136.567	0.878	80	302	1720	232	13	80	302	1720	232	13	109.000	347.846	1387	435	416	399	382	357	321	278	238	192	154	105.249	1678.667	2654	2395	2280	2177	2049	1853	1593	1299	995	648	308	1	29	859.921	133.093	0	0	0	1058	1062.897	0	0	2163	2089.483	0	0	0	0	0	0	0	0	0	0	0	0	0	0	0	0	0
14	14	2014	763.200	134.050	0.871	6	78	872	888	136	6	78	872	888	136	109.656	214.709	304	258	244	233	224	215	205	195	184	176	141	105.869	1241.968	2011	1814	1658	1505	1366	1239	1098	957	829	703	513	0	0	0.000	0.000	0	0	0	0	0.000	0	0	0	0.000	0	0	0	0	0	0	0	0	0	0	0	0	0	0	0	0	0
15	15	1680	1161.075	138.183	0.877	1521	120	9	8	4	1521	120	9	8	4	108.199	118.227	129	124	122	120	118	118	117	116	115	114	108	104.888	2101.383	3331	2941	2733	2537	2373	2164	1933	1708	1450	1173	628	0	0	0.000	0.000	0	0	0	0	0.000	0	0	0	0.000	0	0	0	0	0	0	0	0	0	0	0	0	0	0	0	0	0
16	16	1638	2010.662	138.201	0.910	1235	314	34	18	13	1235	314	34	18	13	106.263	113.299	122	117	115	114	113	113	112	112	111	110	108	102.510	635.872	989	885	818	756	702	649	589	519	452	379	258	0	0	0.000	0.000	0	0	0	0	0.000	0	0	0	0.000	0	0	0	0	0	0	0	0	0	0	0	0	0	0	0	0	0
17	17	684	17.961	145.077	0.926	22	83	223	274	70	22	83	223	274	70	103.294	111.560	118	115	113	113	112	111	111	110	110	109	106	102.000	624.804	993	826	769	729	684	631	579	521	465	414	284	0	0	0.000	0.000	0	0	0	0	0.000	0	0	0	0.000	0	0	0	0	0	0	0	0	0	0	0	0	0	0	0	0	0
18	18	1801	493.000	159.812	0.871	38	193	1002	506	19	38	193	1002	506	19	109.000	201.661	274	241	229	220	212	203	193	181	170	160	143	103.238	619.294	980	842	773	734	691	643	590	525	432	346	266	0	0	0.000	0.000	0	0	0	0	0.000	0	0	0	0.000	0	0	0	0	0	0	0	0	0	0	0	0	0	0	0	0	0
19	19	1544	48.584	170.841	0.913	413	936	72	63	44	413	936	72	63	44	104.041	128.663	242	155	131	125	123	121	120	118	116	114	110	102.000	952.049	1535	1340	1217	1111	1029	946	866	779	689	572	373	1	129	47.356	180.132	0	0	0	190	191.992	0	0	819	859.682	0	0	0	0	0	0	0	0	0	0	0	0	0	0	0	0	0
20	20	2505	769.309	187.602	0.897	1128	1197	63	38	32	1128	1197	63	38	32	110.059	359.186	1623	762	444	309	253	237	225	215	201	181	138	105.863	1084.054	1746	1459	1348	1262	1183	1116	1030	947	823	668	308	1	335	765.962	197.443	0	0	0	937	989.627	0	0	1014	996.755	0	0	0	0	0	0	0	0	0	0	0	0	0	0	0	0	0
21	21	1773	1165.098	186.770	0.886	53	405	864	377	29	53	405	864	377	29	108.939	117.818	128	123	121	119	118	117	116	116	115	114	111	104.029	1877.908	3026	2619	2503	2374	2234	2065	1778	1455	1202	861	561	0	0	0.000	0.000	0	0	0	0	0.000	0	0	0	0.000	0	0	0	0	0	0	0	0	0	0	0	0	0	0	0	0	0
22	22	2079	1678.925	196.880	0.870	39	838	1014	132	15	39	838	1014	132	15	108.674	207.069	313	261	241	227	215	202	192	185	175	159	122	101.098	131.114	151	143	140	136	133	131	128	127	124	120	107	0	0	0.000	0.000	0	0	0	0	0.000	0	0	0	0.000	0	0	0	0	0	0	0	0	0	0	0	0	0	0	0	0	0
23	23	1517	932.440	191.040	0.897	8	122	648	644	70	8	122	648	644	70	109.000	383.254	494	472	457	441	420	396	372	353	314	260	181	103.593	1529.407	2137	1997	1912	1801	1672	1544	1427	1335	1209	1017	535	0	0	0.000	0.000	0	0	0	0	0.000	0	0	0	0.000	0	0	0	0	0	0	0	0	0	0	0	0	0	0	0	0	0
24	24	651	526.635	190.157	0.882	29	228	195	123	62	29	228	195	123	62	108.879	195.109	222	213	208	203	198	194	190	187	184	179	161	103.000	403.220	549	517	487	457	432	412	390	369	324	269	208	0	0	0.000	0.000	0	0	0	0	0.000	0	0	0	0.000	0	0	0	0	0	0	0	0	0	0	0	0	0	0	0	0	0
25	25	1278	1124.124	222.290	0.893	76	791	322	52	16	76	791	322	52	16	108.896	119.106	131	125	122	120	119	118	118	117	116	116	112	104.000	2000.930	3520	2741	2540	2359	2166	2008	1823	1670	1529	1286	565	0	0	0.000	0.000	0	0	0	0	0.000	0	0	0	0.000	0	0	0	0	0	0	0	0	0	0	0	0	0	0	0	0	0
26	26	1419	697.594	235.728	0.887	65	114	387	725	99	65	114	387	725	99	110.416	188.154	241	218	208	202	195	190	184	177	165	154	138	106.000	759.717	1229	1075	978	920	854	782	713	625	528	385	286	0	0	0.000	0.000	0	0	0	0	0.000	0	0	0	0.000	0	0	0	0	0	0	0	0	0	0	0	0	0	0	0	0	0
27	27	758	1051.519	227.220	0.942	36	311	386	11	3	36	311	386	11	3	109.000	126.735	143	135	133	130	128	126	125	123	121	119	114	104.000	328.656	439	405	386	366	352	336	316	294	273	250	173	0	0	0.000	0.000	0	0	0	0	0.000	0	0	0	0.000	0	0	0	0	0	0	0	0	0	0	0	0	0	0	0	0	0
28	28	1777	234.838	237.211	0.878	298	1301	84	39	29	298	1301	84	39	29	108.007	130.726	145	139	136	133	132	131	130	128	126	123	116	104.179	2860.990	4710	4000	3658	3395	3144	2898	2662	2400	2024	1565	1054	0	0	0.000	0.000	0	0	0	0	0.000	0	0	0	0.000	0	0	0	0	0	0	0	0	0	0	0	0	0	0	0	0	0
29	29	1089	874.381	237.933	0.864	51	149	402	398	68	51	149	402	398	68	109.932	271.056	1870	653	240	161	151	144	140	137	133	130	122	103.459	120.880	136	129	127	124	122	120	119	117	116	114	108	1	158	867.816	230.401	0	0	0	860	927.367	0	0	125	124.241	0	0	0	0	0	0	0	0	0	0	0	0	0	0	0	0	0
30	30	1623	179.363	253.403	0.892	24	200	842	493	47	24	200	842	493	47	107.998	129.442	143	138	136	134	133	130	128	125	122	120	113	103.068	3012.128	4919	4323	3942	3592	3299	3043	2757	2433	2079	1707	1206	0	0	0.000	0.000	0	0	0	0	0.000	0	0	0	0.000	0	0	0	0	0	0	0	0	0	0	0	0	0	0	0	0	0
31	31	1804	1016.554	255.821	0.847	70	957	689	37	5	70	957	689	37	5	109.005	159.761	738	227	150	136	132	129	127	125	122	120	114	103.279	381.973	568	512	486	462	430	395	358	314	270	222	183	1	170	1019.744	259.064	0	0	0	375	402.818	0	0	350	352.906	0	0	0	0	0	0	0	0	0	0	0	0	0	0	0	0	0
32	32	906	1085.740	248.044	0.898	187	421	192	72	15	187	421	192	72	15	109.000	162.098	329	199	185	175	166	154	145	138	133	128	119	104.000	358.017	822	610	478	407	365	326	285	255	221	185	135	1	26	1096.341	251.393	0	0	0	280	274.615	0	0	357	350.846	0	0	1	13	1082.270	249.643	0	0	0	197	196.692	0	0	789	784.923	0	0
33	33	1762	283.554	263.178	0.893	226	1439	57	19	5	226	1439	57	19	5	107.978	155.984	498	239	162	139	132	129	127	124	121	119	113	104.813	3992.258	6575	6131	5752	5339	4739	4156	3526	2871	2210	1476	858	1	215	290.769	260.081	0	0	0	302	315.302	0	0	5998	5788.791	0	0	0	0	0	0	0	0	0	0	0	0	0	0	0	0	0
34	34	1910	735.592	275.271	0.883	345	1279	206	48	8	345	1279	206	48	8	110.000	189.090	245	220	210	201	193	187	181	175	169	165	144	104.880	789.825	1325	1168	1038	936	857	771	700	622	539	447	329	0	0	0.000	0.000	0	0	0	0	0.000	0	0	0	0.000	0	0	0	0	0	0	0	0	0	0	0	0	0	0	0	0	0
35	35	324	202.799	290.055	0.907	16	66	134	78	26	16	66	134	78	26	108.000	168.435	188	185	184	181	176	171	165	160	155	147	132	103.957	313.981	400	375	364	354	346	330	307	282	262	235	177	0	0	0.000	0.000	0	0	0	0	0.000	0	0	0	0.000	0	0	0	0	0	0	0	0	0	0	0	0	0	0	0	0	0
36	36	1839	1089.968	304.435	0.889	48	495	950	286	25	48	495	950	286	25	109.688	122.849	155	134	126	123	122	121	120	119	117	116	113	103.007	2195.053	2967	2788	2688	2607	2484	2357	2200	2004	1683	1278	770	1	49	1079.988	307.324	0	0	0	147	147.490	0	0	2229	2260.531	0	0	0	0	0	0	0	0	0	0	0	0	0	0	0	0	0
37	37	1643	988.884	312.467	0.868	117	493	826	184	5	117	493	826	184	5	109.672	178.099	777	210	167	162	156	152	148	144	141	137	129	103.000	329.815	496	448	423	395	364	332	295	264	239	213	161	1	128	971.624	304.271	0	0	0	449	464.352	0	0	419	401.328	0	0	0	0	0	0	0	0	0	0	0	0	0	0	0	0	0
38	38	1909	1142.736	321.202	0.902	59	376	1120	298	26	59	376	1120	298	26	109.705	122.535	144	135	128	124	122	120	119	118	117	116	112	103.538	1836.375	2847	2687	2589	2455	2243	1975	1659	1338	1026	794	254	1	16	1147.885	318.193	0	0	0	141	140.938	0	0	2553	2438.625	0	0	0	0	0	0	0	0	0	0	0	0	0	0	0	0	0
39	39	737	727.277	316.463	0.931	39	90	238	339	19	39	90	238	339	19	110.000	157.562	180	175	170	167	163	160	156	151	145	136	124	104.001	657.020	915	829	792	763	726	686	636	580	524	439	283	0	0	0.000	0.000	0	0	0	0	0.000	0	0	0	0.000	0	0	0	0	0	0	0	0	0	0	0	0	0	0	0	0	0
40	40	1478	203.591	327.658	0.867	62	169	657	527	29	62	169	657	527	29	108.189	201.031	251	236	228	222	215	208	198	186	171	154	138	103.830	391.614	549	503	488	468	445	417	387	343	279	224	182	0	0	0.000	0.000	0	0	0	0	0.000	0	0	0	0.000	0	0	0	0	0	0	0	0	0	0	0	0	0	0	0	0	0
41	41	1571	654.819	343.754	0.868	46	279	890	298	25	46	279	890	298	25	109.828	234.089	1361	329	212	200	194	189	183	173	161	148	132	104.290	695.963	1182	992	897	823	760	706	644	578	480	365	287	1	107	666.207	340.462	0	0	0	739	780.224	0	0	1102	1090.084	0	0	0	0	0	0	0	0	0	0	0	0	0	0	0	0	0
42	42	1596	301.060	342.834	0.895	24	103	828	586	30	24	103	828	586	30	108.365	132.784	149	142	140	139	137	134	131	128	124	121	115	104.085	395.770	582	525	493	457	429	398	371	341	305	256	203	0	0	0.000	0.000	0	0	0	0	0.000	0	0	0	0.000	0	0	0	0	0	0	0	0	0	0	0	0	0	0	0	0	0
43	43	2242	572.061	348.545	0.874	2074	73	46	33	13	2074	73	46	33	13	108.677	118.205	127	123	121	120	118	117	117	116	116	115	113	103.822	124.086	137	130	128	127	125	124	123	122	121	118	109	0	0	0.000	0.000	0	0	0	0	0.000	0	0	0	0.000	0	0	0	0	0	0	0	0	0	0	0	0	0	0	0	0	0
44	44	2168	228.911	380.264	0.892	142	631	1183	164	13	142	631	1183	164	13	108.893	222.659	872	260	227	218	211	206	199	191	182	169	131	104.027	371.434	789	466	439	421	403	380	354	321	280	238	159	1	79	214.967	382.063	0	0	0	585	593.000	0	0	455	445.709	0	0	0	0	0	0	0	0	0	0	0	0	0	0	0	0	0
45	45	1818	612.200	383.894	0.850	106	947	683	37	6	106	947	683	37	6	110.000	156.384	188	178	173	167	161	154	150	146	142	137	124	104.382	427.816	658	584	552	525	487	435	383	342	291	252	213	0	0	0.000	0.000	0	0	0	0	0.000	0	0	0	0.000	0	0	0	0	0	0	0	0	0	0	0	0	0	0	0	0	0
46	46	729	271.722	370.559	0.910	229	166	193	105	27	229	166	193	105	27	109.000	137.882	157	150	145	141	139	137	135	133	131	128	122	104.657	338.926	451	424	408	386	364	341	321	299	273	248	203	0	0	0.000	0.000	0	0	0	0	0.000	0	0	0	0.000	0	0	0	0	0	0	0	0	0	0	0	0	0	0	0	0	0
47	47	1358	657.894	392.467	0.916	28	213	641	418	39	28	213	641	418	39	110.000	190.518	235	223	217	210	201	194	186	175	163	151	133	104.089	801.080	1131	1050	997	937	877	822	769	698	615	510	290	0	0	0.000	0.000	0	0	0	0	0.000	0	0	0	0.000	0	0	0	0	0	0	0	0	0	0	0	0	0	0	0	0	0
48	48	1550	390.261	399.894	0.879	169	1098	238	6	8	169	1098	238	6	8	109.000	115.646	124	119	118	117	116	115	115	114	113	113	111	103.000	725.012	1042	931	875	831	781	724	676	628	569	505	371	0	0	0.000	0.000	0	0	0	0	0.000	0	0	0	0.000	0	0	0	0	0	0	0	0	0	0	0	0	0	0	0	0	0
49	49	1207	170.989	395.074	0.896	399	665	83	22	5	399	665	83	22	5	107.592	160.812	251	181	171	166	161	158	156	152	147	140	127	102.675	160.696	195	176	172	169	165	162	158	153	148	143	131	0	0	0.000	0.000	0	0	0	0	0.000	0	0	0	0.000	0	0	0	0	0	0	0	0	0	0	0	0	0	0	0	0	0
50	50	212	623.706	413.506	0.851	3	48	98	42	15	3	48	98	42	15	110.000	115.340	132	118	116	116	115	115	114	114	113	113	111	104.000	126.198	366	168	124	115	112	111	110	109	109	108	106	0	0	0.000	0.000	0	0	0	0	0.000	0	0	0	0.000	0	0	0	0	0	0	0	0	0	0	0	0	0	0	0	0	0
51	51	1196	598.495	435.786	0.849	35	104	464	509	63	35	104	464	509	63	109.606	181.432	466	205	199	192	187	183	177	168	158	148	129	104.000	608.349	817	760	726	697	666	631	593	548	496	417	243	0	0	0.000	0.000	0	0	0	0	0.000	0	0	0	0.000	0	0	0	0	0	0	0	0	0	0	0	0	0	0	0	0	0
52	52	904	641.091	435.391	0.863	78	503	257	30	18	78	503	257	30	18	110.000	122.857	134	130	127	126	124	123	122	120	118	116	113	103.878	124.236	140	133	131	128	126	125	123	120	118	115	107	0	0	0.000	0.000	0	0	0	0	0.000	0	0	0	0.000	0	0	0	0	0	0	0	0	0	0	0	0	0	0	0	0	0
53	53	1595	289.199	450.605	0.898	888	598	41	16	11	888	598	41	16	11	108.720	344.354	4288	610	227	184	170	164	158	153	148	142	128	102.871	124.339	148	131	128	127	125	124	123	122	120	118	108	1	124	287.472	462.567	0	0	0	1842	2019.589	0	0	132	132.621	0	0	0	0	0	0	0	0	0	0	0	0	0	0	0	0	0
54	54	2044	547.036	459.146	0.849	53	387	1080	459	16	53	387	1080	459	16	108.395	128.608	388	137	126	123	121	119	118	118	117	116	110	103.965	681.508	960	867	823	784	744	699	651	598	539	473	224	1	123	558.868	447.701	0	0	0	230	240.626	0	0	698	695.886	0	0	0	0	0	0	0	0	0	0	0	0	0	0	0	0	0
55	55	1619	2016.332	479.425	0.874	140	697	615	126	5	140	697	615	126	5	106.267	120.449	130	125	124	123	122	121	120	119	118	116	108	102.343	1232.229	2155	1797	1581	1435	1330	1219	1113	979	844	718	498	0	0	0.000	0.000	0	0	0	0	0.000	0	0	0	0.000	0	0	0	0	0	0	0	0	0	0	0	0	0	0	0	0	0
56	56	1656	492.429	479.480	0.865	94	587	716	221	18	94	587	716	221	18	108.369	122.864	256	127	124	122	121	120	119	118	117	116	113	103.000	760.175	969	896	865	839	811	783	754	716	660	580	422	1	52	478.545	473.317	0	0	0	181	185.212	0	0	897	873.500	0	0	0	0	0	0	0	0	0	0	0	0	0	0	0	0	0
57	57	742	79.756	481.278	0.798	42	207	317	138	21	42	207	317	138	21	105.965	123.951	161	145	138	130	124	119	115	113	112	111	108	101.616	112.100	129	122	119	116	113	110	108	107	106	105	103	1	66	80.565	479.062	0	0	0	152	151.561	0	0	122	122.030	0	0	0	0	0	0	0	0	0	0	0	0	0	0	0	0	0
58	58	2165	1713.889	490.023	0.871	49	50	694	1225	107	49	50	694	1225	107	110.000	158.355	186	175	171	168	165	162	157	150	144	138	125	104.386	580.531	861	781	732	683	636	594	551	506	427	345	244	0	0	0.000	0.000	0	0	0	0	0.000	0	0	0	0.000	0	0	0	0	0	0	0	0	0	0	0	0	0	0	0	0	0
59	59	1855	951.297	491.966	0.896	42	200	784	688	115	42	200	784	688	115	110.000	171.749	950	290	158	131	126	123	122	120	118	117	112	105.000	2157.360	3775	3277	2899	2609	2475	2295	1946	1641	1371	1099	159	1	204	954.036	503.219	0	0	0	460	492.902	0	0	2504	2501.735	0	0	0	0	0	0	0	0	0	0	0	0	0	0	0	0	0
60	60	1928	1006.635	498.254	0.865	50	364	1061	393	33	50	364	1061	393	33	110.000	122.757	134	129	127	125	123	122	121	120	119	118	113	104.699	2853.650	4305	3868	3561	3305	3040	2802	2593	2419	2234	1937	1121	0	0	0.000	0.000	0	0	0	0	0.000	0	0	0	0.000	0	0	0	0	0	0	0	0	0	0	0	0	0	0	0	0	0
61	61	432	545.994	499.517	0.910	4	89	145	147	38	4	89	145	147	38	108.000	115.028	121	118	117	116	115	115	114	114	113	113	111	103.988	395.123	550	522	498	474	440	403	367	327	293	261	187	0	0	0.000	0.000	0	0	0	0	0.000	0	0	0	0.000	0	0	0	0	0	0	0	0	0	0	0	0	0	0	0	0	0
62	62	1586	1113.767	515.573	0.886	106	134	665	621	27	106	134	665	621	27	110.000	141.440	164	153	150	147	144	142	139	135	132	130	121	104.000	137.250	154	146	144	142	140	138	136	133	130	127	116	0	0	0.000	0.000	0	0	0	0	0.000	0	0	0	0.000	0	0	0	0	0	0	0	0	0	0	0	0	0	0	0	0	0
63	63	1788	1167.374	525.050	0.913	416	1238	66	28	16	416	1238	66	28	16	110.000	137.730	158	150	147	144	140	137	134	132	129	126	118	103.651	132.591	155	143	140	138	135	133	131	128	126	120	110	0	0	0.000	0.000	0	0	0	0	0.000	0	0	0	0.000	0	0	0	0	0	0	0	0	0	0	0	0	0	0	0	0	0
64	64	1714	1772.970	556.659	0.898	182	1204	244	35	21	182	1204	244	35	21	109.739	127.309	159	143	136	129	125	123	122	121	120	119	114	104.000	124.104	143	132	129	127	126	124	123	121	119	116	109	0	0	0.000	0.000	0	0	0	0	0.000	0	0	0	0.000	0	0	0	0	0	0	0	0	0	0	0	0	0	0	0	0	0
65	65	2003	473.057	563.776	0.901	1575	262	114	24	14	1575	262	114	24	14	109.000	2181.894	27125	7356	890	324	260	226	201	185	171	156	127	103.000	134.621	186	148	138	136	134	133	131	130	128	124	109	1	276	462.162	557.688	0	0	0	12300	13315.246	0	0	155	156.217	0	0	0	0	0	0	0	0	0	0	0	0	0	0	0	0	0
66	66	768	879.322	558.553	0.893	37	67	333	273	47	37	67	333	273	47	110.000	125.290	133	129	129	128	127	126	125	123	122	120	113	105.000	1430.882	1836	1771	1717	1663	1613	1530	1409	1265	1118	957	612	0	0	0.000	0.000	0	0	0	0	0.000	0	0	0	0.000	0	0	0	0	0	0	0	0	0	0	0	0	0	0	0	0	0
67	67	1335	1651.765	570.087	0.913	1079	148	41	20	14	1079	148	41	20	14	110.307	149.366	172	165	160	158	156	152	146	141	137	132	124	105.030	503.240	738	672	624	580	546	522	487	431	381	315	223	0	0	0.000	0.000	0	0	0	0	0.000	0	0	0	0.000	0	0	0	0	0	0	0	0	0	0	0	0	0	0	0	0	0
68	68	420	1190.619	566.903	0.871	67	267	64	8	3	67	267	64	8	3	109.724	283.579	423	386	353	320	291	268	251	240	226	207	167	104.000	174.498	225	210	198	187	177	169	164	159	155	149	129	0	0	0.000	0.000	0	0	0	0	0.000	0	0	0	0.000	0	0	0	0	0	0	0	0	0	0	0	0	0	0	0	0	0
69	69	2342	864.728	611.421	0.873	16	17	751	1452	50	16	17	751	1452	50	110.000	156.096	768	173	147	141	137	135	132	130	128	125	120	104.023	1531.075	2485	2276	2097	1889	1659	1467	1309	1170	1023	871	615	1	131	864.279	622.949	0	0	0	415	437.221	0	0	2007	1937.977	0	0	0	0	0	0	0	0	0	0	0	0	0	0	0	0	0
70	70	2140	1687.084	618.978	0.858	22	287	1384	385	21	22	287	1384	385	21	110.000	191.164	237	212	207	202	198	193	188	183	177	166	135	103.979	332.151	483	423	389	364	346	330	312	294	275	257	161	0	0	0.000	0.000	0	0	0	0	0.000	0	0	0	0.000	0	0	0	0	0	0	0	0	0	0	0	0	0	0	0	0	0
71	71	1482	189.664	619.291	0.870	40	116	754	510	38	40	116	754	510	38	107.000	116.528	125	120	119	118	117	116	116	115	114	113	110	103.082	240.254	308	284	271	260	252	241	232	224	212	194	147	0	0	0.000	0.000	0	0	0	0	0.000	0	0	0	0.000	0	0	0	0	0	0	0	0	0	0	0	0	0	0	0	0	0
72	72	2562	808.805	633.116	0.876	65	511	1436	475	27	65	511	1436	475	27	110.000	423.988	3448	1238	326	184	165	159	154	149	142	134	126	104.000	1364.882	2057	1886	1778	1695	1618	1516	1367	1141	850	580	394	1	401	819.047	628.394	0	0	0	1620	1745.579	0	0	1662	1638.075	0	0	0	0	0	0	0	0	0	0	0	0	0	0	0	0	0
73	73	220	156.186	637.413	0.938	19	54	62	54	28	19	54	62	54	28	107.000	115.350	122	121	119	118	116	115	114	113	113	111	108	103.000	181.264	283	251	217	187	183	173	164	156	146	139	127	0	0	0.000	0.000	0	0	0	0	0.000	0	0	0	0.000	0	0	0	0	0	0	0	0	0	0	0	0	0	0	0	0	0
74	74	1926	1732.054	658.727	0.894	134	917	729	100	8	134	917	729	100	8	110.000	197.596	259	238	230	220	211	200	188	177	166	153	136	103.000	355.826	546	493	465	438	407	373	324	279	239	198	155	0	0	0.000	0.000	0	0	0	0	0.000	0	0	0	0.000	0	0	0	0	0	0	0	0	0	0	0	0	0	0	0	0	0
75	75	1599	154.095	667.495	0.876	30	136	799	545	62	30	136	799	545	62	106.977	117.832	127	123	121	120	118	117	117	116	115	114	110	104.483	247.658	329	299	285	269	258	247	237	227	216	198	143	0	0	0.000	0.000	0	0	0	0	0.000	0	0	0	0.000	0	0	0	0	0	0	0	0	0	0	0	0	0	0	0	0	0
76	76	1720	1201.939	667.553	0.901	56	335	1080	212	9	56	335	1080	212	9	109.290	139.270	185	148	145	143	141	140	138	135	132	129	121	103.869	1303.555	2198	1856	1718	1588	1482	1387	1255	1055	807	593	414	0	0	0.000	0.000	0	0	0	0	0.000	0	0	0	0.000	0	0	0	0	0	0	0	0	0	0	0	0	0	0	0	0	0
77	77	922	258.591	662.398	0.920	31	101	412	331	31	31	101	412	331	31	107.425	124.989	138	132	130	128	126	125	124	122	120	118	114	103.756	1031.619	1533	1398	1289	1198	1093	1025	952	886	801	667	458	0	0	0.000	0.000	0	0	0	0	0.000	0	0	0	0.000	0	0	0	0	0	0	0	0	0	0	0	0	0	0	0	0	0
78	78	1303	1651.389	663.944	0.887	29	493	518	210	27	29	493	518	210	27	110.000	210.244	240	231	226	221	217	212	209	204	196	185	158	104.000	364.511	475	435	424	411	396	376	357	333	309	269	196	0	0	0.000	0.000	0	0	0	0	0.000	0	0	0	0.000	0	0	0	0	0	0	0	0	0	0	0	0	0	0	0	0	0
79	79	644	770.591	662.375	0.787	3	17	193	345	78	3	17	193	345	78	110.000	147.697	159	153	152	151	150	149	147	145	143	141	133	104.000	1467.880	1946	1802	1697	1607	1526	1460	1394	1324	1269	1175	858	0	0	0.000	0.000	0	0	0	0	0.000	0	0	0	0.000	0	0	0	0	0	0	0	0	0	0	0	0	0	0	0	0	0
80	80	1718	1502.767	681.100	0.866	49	362	788	414	68	49	362	788	414	68	110.246	141.702	220	157	149	145	143	140	138	135	131	126	116	105.193	1569.014	2575	2221	2070	1896	1733	1587	1429	1254	1093	916	296	1	11	1511.316	670.954	0	0	0	207	208.000	0	0	1877	1913.636	0	0	0	0	0	0	0	0	0	0	0	0	0	0	0	0	0
81	81	1942	1155.205	694.719	0.898	59	287	1204	335	16	59	287	1204	335	16	110.045	172.320	435	217	175	167	163	160	156	152	146	138	123	103.549	1153.619	1929	1733	1581	1397	1262	1145	1010	892	782	595	374	1	111	1159.314	698.632	0	0	0	333	336.550	0	0	628	679.721	0	0	0	0	0	0	0	0	0	0	0	0	0	0	0	0	0
82	82	1837	274.653	705.792	0.865	181	899	664	49	4	181	899	664	49	4	108.000	128.537	142	136	134	132	130	128	127	125	123	121	113	103.611	929.193	1565	1333	1230	1136	1044	948	836	714	609	512	244	0	0	0.000	0.000	0	0	0	0	0.000	0	0	0	0.000	0	0	0	0	0	0	0	0	0	0	0	0	0	0	0	0	0
83	83	1945	1414.341	704.558	0.867	55	993	771	75	8	55	993	771	75	8	111.000	815.921	10757	1785	356	249	233	222	213	201	189	177	146	106.170	3733.512	5661	5058	4670	4437	4187	3876	3503	3109	2693	2206	1222	1	213	1410.294	697.097	0	0	0	4586	5141.216	0	0	5006	4838.648	0	0	0	0	0	0	0	0	0	0	0	0	0	0	0	0	0
84	84	2193	66.238	706.992	0.868	284	1768	86	17	18	284	1768	86	17	18	105.616	195.752	1353	213	169	165	161	158	155	152	146	137	125	106.039	1942.521	3166	2819	2592	2391	2150	1972	1796	1601	1355	913	613	1	132	48.487	692.557	0	0	0	676	722.545	0	0	2490	2382.818	0	0	0	0	0	0	0	0	0	0	0	0	0	0	0	0	0
85	85	979	704.759	709.942	0.907	55	236	526	128	10	55	236	526	128	10	109.843	117.228	124	121	120	119	118	117	116	116	115	114	111	103.000	128.693	149	138	135	133	131	129	128	125	122	117	109	0	0	0.000	0.000	0	0	0	0	0.000	0	0	0	0.000	0	0	0	0	0	0	0	0	0	0	0	0	0	0	0	0	0
86	86	1021	1366.965	711.629	0.872	92	560	309	31	7	92	560	309	31	7	110.979	251.924	700	364	276	259	243	228	216	205	194	175	146	105.262	130.022	143	136	135	134	132	131	130	129	126	121	108	1	45	1363.889	704.540	0	0	0	535	545.000	0	0	133	132.711	0	0	0	0	0	0	0	0	0	0	0	0	0	0	0	0	0
87	87	1671	747.295	726.401	0.751	103	1040	415	60	19	103	1040	415	60	19	110.000	120.062	130	127	125	122	120	119	118	117	117	116	113	103.021	128.107	141	134	132	130	129	128	127	126	125	123	115	0	0	0.000	0.000	0	0	0	0	0.000	0	0	0	0.000	0	0	0	0	0	0	0	0	0	0	0	0	0	0	0	0	0
88	88	2263	1471.958	729.896	0.866	69	553	1093	432	63	69	553	1093	432	63	111.000	224.885	268	260	254	247	241	233	224	209	192	176	153	106.359	4338.898	6334	5901	5664	5366	4966	4529	4097	3653	3059	2257	1481	0	0	0.000	0.000	0	0	0	0	0.000	0	0	0	0.000	0	0	0	0	0	0	0	0	0	0	0	0	0	0	0	0	0
89	89	382	1139.188	733.306	0.861	34	126	161	49	5	34	126	161	49	5	110.804	134.605	145	141	139	138	137	135	133	131	130	128	125	103.000	803.089	1037	1002	963	925	876	828	759	707	649	571	473	0	0	0.000	0.000	0	0	0	0	0.000	0	0	0	0.000	0	0	0	0	0	0	0	0	0	0	0	0	0	0	0	0	0
90	90	1608	240.078	750.669	0.895	41	329	936	238	24	41	329	936	238	24	108.000	129.948	141	136	135	133	132	131	129	128	126	122	113	103.859	1016.437	1520	1383	1292	1195	1105	1019	943	850	755	653	412	0	0	0.000	0.000	0	0	0	0	0.000	0	0	0	0.000	0	0	0	0	0	0	0	0	0	0	0	0	0	0	0	0	0
91	91	1694	128.296	751.095	0.897	663	742	118	98	49	663	742	118	98	49	106.820	132.345	150	144	141	139	136	132	129	126	123	121	114	107.666	1046.115	1710	1500	1381	1303	1223	1123	1013	832	615	476	378	0	0	0.000	0.000	0	0	0	0	0.000	0	0	0	0.000	0	0	0	0	0	0	0	0	0	0	0	0	0	0	0	0	0
92	92	1807	703.627	758.045	0.872	117	831	683	118	15	117	831	683	118	15	110.000	119.410	138	127	123	120	119	118	117	116	116	115	110	102.628	127.926	145	134	132	130	129	128	127	125	124	122	110	1	218	704.013	759.033	0	0	0	129	129.362	0	0	126	125.472	0	0	0	0	0	0	0	0	0	0	0	0	0	0	0	0	0
93	93	1719	1379.705	754.995	0.865	101	886	624	69	13	101	886	624	69	13	111.000	255.938	406	328	301	285	271	253	236	219	203	189	172	105.788	127.272	158	135	132	130	129	127	125	124	122	120	114	0	0	0.000	0.000	0	0	0	0	0.000	0	0	0	0.000	0	0	0	0	0	0	0	0	0	0	0	0	0	0	0	0	0
94	94	1885	1431.846	761.347	0.891	28	275	1229	302	20	28	275	1229	302	20	110.942	131.540	153	140	138	136	133	131	129	127	125	123	117	106.927	2060.045	3663	3149	2839	2519	2270	2015	1770	1547	1274	1012	792	0	0	0.000	0.000	0	0	0	0	0.000	0	0	0	0.000	0	0	0	0	0	0	0	0	0	0	0	0	0	0	0	0	0
95	95	2248	1991.274	768.777	0.870	185	1224	656	126	12	185	1224	656	126	12	108.469	736.661	7120	1891	701	419	350	318	289	263	244	222	149	101.304	130.847	151	141	138	136	134	132	130	127	123	120	108	1	251	2000.347	774.723	0	0	0	3161	3427.984	0	0	135	135.279	0	0	0	0	0	0	0	0	0	0	0	0	0	0	0	0	0
96	96	1087	171.802	774.758	0.907	41	119	518	362	26	41	119	518	362	26	107.000	129.541	144	139	137	135	133	130	128	125	122	119	114	107.265	853.456	1405	1159	1059	977	921	862	806	733	658	516	310	0	0	0.000	0.000	0	0	0	0	0.000	0	0	0	0.000	0	0	0	0	0	0	0	0	0	0	0	0	0	0	0	0	0
97	97	1866	1540.665	792.070	0.860	49	199	716	744	131	49	199	716	744	131	110.434	122.967	137	132	128	125	123	122	121	120	118	117	113	104.847	783.751	1206	1069	999	915	843	779	732	681	606	506	243	0	0	0.000	0.000	0	0	0	0	0.000	0	0	0	0.000	0	0	0	0	0	0	0	0	0	0	0	0	0	0	0	0	0
98	98	1682	139.314	808.308	0.897	73	1016	506	52	7	73	1016	506	52	7	107.001	119.374	129	123	122	121	120	119	119	118	117	116	111	109.032	3096.409	5358	4471	3881	3595	3379	3072	2774	2538	2197	1805	1125	0	0	0.000	0.000	0	0	0	0	0.000	0	0	0	0.000	0	0	0	0	0	0	0	0	0	0	0	0	0	0	0	0	0
99	99	2360	47.470	810.742	0.878	104	387	1427	390	17	104	387	1427	390	17	105.899	150.340	634	181	142	138	133	130	128	127	124	120	111	113.260	1559.759	2146	2028	1945	1857	1759	1632	1492	1340	1155	947	580	1	158	48.498	825.943	0	0	0	352	372.487	0	0	1856	1838.139	0	0	0	0	0	0	0	0	0	0	0	0	0	0	0	0	0
100	100	1435	295.557	816.219	0.861	65	627	663	37	9	65	627	663	37	9	108.000	115.477	132	120	118	116	115	115	114	114	113	112	109	103.366	157.551	187	175	171	168	165	160	154	148	142	136	126	1	83	286.173	826.187	0	0	0	123	123.759	0	0	165	164.602	0	0	0	0	0	0	0	0	0	0	0	0	0	0	0	0	0
101	101	2093	1454.697	830.553	0.847	275	1389	361	19	7	275	1389	361	19	7	109.982	135.163	152	146	143	141	139	136	133	130	127	123	116	106.000	2336.978	3790	3274	3021	2797	2621	2473	2282	2017	1632	1106	673	0	0	0.000	0.000	0	0	0	0	0.000	0	0	0	0.000	0	0	0	0	0	0	0	0	0	0	0	0	0	0	0	0	0
102	102	657	1505.244	819.612	0.896	31	91	198	269	58	31	91	198	269	58	110.003	119.040	130	124	122	121	120	119	118	117	116	115	112	105.910	491.396	751	645	600	568	539	508	469	425	367	309	210	0	0	0.000	0.000	0	0	0	0	0.000	0	0	0	0.000	0	0	0	0	0	0	0	0	0	0	0	0	0	0	0	0	0
103	103	1373	249.090	838.391	0.912	14	109	644	486	90	14	109	644	486	90	108.000	113.881	122	117	115	115	114	114	113	113	112	112	110	105.044	152.336	183	172	167	164	160	155	150	144	138	130	107	0	0	0.000	0.000	0	0	0	0	0.000	0	0	0	0.000	0	0	0	0	0	0	0	0	0	0	0	0	0	0	0	0	0
104	104	907	88.896	838.418	0.865	891	8	5	1	2	891	8	5	1	2	107.369	118.310	127	123	121	120	119	118	117	116	115	114	111	112.432	805.190	1541	1400	1307	1211	1075	889	644	374	202	141	131	0	0	0.000	0.000	0	0	0	0	0.000	0	0	0	0.000	0	0	0	0	0	0	0	0	0	0	0	0	0	0	0	0	0
105	105	1649	1532.189	855.644	0.893	25	275	776	503	37	25	275	776	503	37	110.119	122.408	141	130	126	124	123	121	120	119	118	117	113	105.000	714.255	1112	995	901	820	755	696	640	590	539	476	314	0	0	0.000	0.000	0	0	0	0	0.000	0	0	0	0.000	0	0	0	0	0	0	0	0	0	0	0	0	0	0	0	0	0
106	106	2552	142.492	866.598	0.885	81	277	1707	413	28	81	277	1707	413	28	108.641	120.342	131	125	124	123	121	120	119	118	117	115	111	110.369	3254.666	6559	4441	4176	3903	3693	3460	3195	2835	2190	1569	852	0	0	0.000	0.000	0	0	0	0	0.000	0	0	0	0.000	0	0	0	0	0	0	0	0	0	0	0	0	0	0	0	0	0
107	107	349	1431.099	870.138	0.943	2	34	66	176	67	2	34	66	176	67	110.000	132.086	143	139	137	135	133	132	131	129	128	126	121	105.418	1949.092	2865	2627	2474	2305	2169	1999	1784	1598	1447	1267	840	0	0	0.000	0.000	0	0	0	0	0.000	0	0	0	0.000	0	0	0	0	0	0	0	0	0	0	0	0	0	0	0	0	0
108	108	221	255.901	877.157	0.724	16	61	84	43	8	16	61	84	43	8	108.000	113.900	116	115	115	115	114	114	114	113	113	112	111	104.348	154.810	168	163	161	159	157	156	154	152	150	146	135	0	0	0.000	0.000	0	0	0	0	0.000	0	0	0	0.000	0	0	0	0	0	0	0	0	0	0	0	0	0	0	0	0	0
109	109	1555	1334.985	890.290	0.881	58	518	706	216	32	58	518	706	216	32	110.558	120.569	134	126	123	121	120	120	119	118	118	117	113	104.000	1658.684	2646	2373	2195	2034	1915	1704	1493	1312	1094	843	634	0	0	0.000	0.000	0	0	0	0	0.000	0	0	0	0.000	0	0	0	0	0	0	0	0	0	0	0	0	0	0	0	0	0
110	110	2101	33.561	894.704	0.904	876	669	267	165	80	876	669	267	165	80	107.705	141.632	215	163	152	145	141	137	134	132	131	127	117	117.919	7399.868	10661	9691	9092	8578	8127	7714	7223	6700	5906	4687	1455	1	13	37.801	899.963	0	0	0	201	202.538	0	0	6191	6222.923	0	0	0	0	0	0	0	0	0	0	0	0	0	0	0	0	0
111	111	1869	179.098	912.342	0.889	65	518	1034	207	25	65	518	1034	207	25	108.984	121.718	133	128	126	124	122	121	120	119	118	116	111	108.220	3543.554	5890	4934	4579	4265	3893	3578	3222	2858	2501	2055	846	0	0	0.000	0.000	0	0	0	0	0.000	0	0	0	0.000	0	0	0	0	0	0	0	0	0	0	0	0	0	0	0	0	0
112	112	2738	103.569	918.123	0.905	101	705	1612	243	17	101	705	1612	243	17	109.000	416.757	1267	565	504	464	426	393	362	330	302	276	200	112.727	3486.888	6021	4925	4466	4111	3786	3493	3172	2829	2472	2037	1090	1	32	119.945	923.132	0	0	0	1100	1077.625	0	0	3950	4067.156	0	0	0	0	0	0	0	0	0	0	0	0	0	0	0	0	0
113	113	451	1359.064	920.207	0.916	15	29	186	167	44	15	29	186	167	44	111.000	118.718	124	121	120	120	119	119	118	118	117	116	114	104.000	1596.475	2422	2284	2164	2013	1858	1677	1468	1277	1025	752	455	0	0	0.000	0.000	0	0	0	0	0.000	0	0	0	0.000	0	0	0	0	0	0	0	0	0	0	0	0	0	0	0	0	0
114	114	2027	1526.376	945.225	0.842	173	849	791	154	25	173	849	791	154	25	111.000	172.630	360	195	186	179	174	170	166	161	157	150	134	104.525	1115.324	1790	1554	1420	1310	1213	1114	1022	934	829	686	414	1	16	1530.493	963.060	0	0	0	302	300.875	0	0	1353	1346.000	0	0	0	0	0	0	0	0	0	0	0	0	0	0	0	0	0
115	115	2425	50.190	952.525	0.842	91	421	1168	640	64	91	421	1168	640	64	108.306	339.831	2067	586	324	276	253	240	228	215	199	179	147	116.482	5028.273	8792	7727	6684	5856	5108	4663	4314	4006	3677	3009	1593	1	216	57.225	951.807	0	0	0	1147	1199.472	0	0	8097	7825.486	0	0	0	0	0	0	0	0	0	0	0	0	0	0	0	0	0
116	116	1398	355.689	948.376	0.902	84	354	735	183	19	84	354	735	183	19	108.989	125.673	133	130	129	128	127	126	125	124	123	121	115	103.454	1790.391	2833	2459	2330	2196	2029	1815	1593	1387	1245	1091	712	0	0	0.000	0.000	0	0	0	0	0.000	0	0	0	0.000	0	0	0	0	0	0	0	0	0	0	0	0	0	0	0	0	0
117	117	1556	1218.018	956.970	0.882	528	862	100	22	9	528	862	100	22	9	110.904	124.210	143	133	129	125	124	123	122	121	120	118	115	103.858	119.440	132	124	123	122	121	120	119	118	116	114	108	0	0	0.000	0.000	0	0	0	0	0.000	0	0	0	0.000	0	0	0	0	0	0	0	0	0	0	0	0	0	0	0	0	0
118	118	1657	1933.044	955.771	0.874	42	703	795	67	17	42	703	795	67	17	109.000	123.129	133	129	127	125	124	123	122	121	119	118	113	103.575	1342.165	2340	1901	1717	1598	1484	1335	1192	1057	930	802	604	0	0	0.000	0.000	0	0	0	0	0.000	0	0	0	0.000	0	0	0	0	0	0	0	0	0	0	0	0	0	0	0	0	0
119	119	1655	1994.578	961.823	0.846	118	781	595	114	8	118	781	595	114	8	107.727	121.747	131	127	125	124	123	122	121	120	118	116	112	102.620	1531.360	2596	2221	2042	1837	1654	1521	1380	1210	1022	838	617	0	0	0.000	0.000	0	0	0	0	0.000	0	0	0	0.000	0	0	0	0	0	0	0	0	0	0	0	0	0	0	0	0	0
120	120	1146	1099.133	966.255	0.917	50	106	553	386	31	50	106	553	386	31	111.000	118.855	127	122	121	120	119	118	118	117	117	116	114	103.000	1452.538	2009	1827	1738	1640	1547	1455	1376	1291	1210	1071	703	0	0	0.000	0.000	0	0	0	0	0.000	0	0	0	0.000	0	0	0	0	0	0	0	0	0	0	0	0	0	0	0	0	0
121	121	1893	1285.361	982.587	0.870	427	1161	227	33	9	427	1161	227	33	9	111.716	578.933	12905	559	242	232	226	220	213	205	194	184	159	103.984	150.597	186	161	157	154	152	150	148	146	144	141	133	1	108	1285.500	994.479	0	0	0	5095	5531.074	0	0	167	164.935	0	0	0	0	0	0	0	0	0	0	0	0	0	0	0	0	0
122	122	1571	1470.427	979.881	0.901	59	319	814	321	19	59	319	814	321	19	111.000	177.703	209	195	191	188	185	181	177	171	163	153	143	104.044	1232.781	1800	1591	1519	1456	1382	1295	1215	1107	939	708	481	0	0	0.000	0.000	0	0	0	0	0.000	0	0	0	0.000	0	0	0	0	0	0	0	0	0	0	0	0	0	0	0	0	0
123	123	1051	332.942	989.057	0.919	49	87	505	352	41	49	87	505	352	41	108.973	121.465	132	126	125	124	123	122	121	119	118	117	112	103.040	1538.933	2430	2175	2041	1931	1809	1628	1450	1216	971	742	519	0	0	0.000	0.000	0	0	0	0	0.000	0	0	0	0.000	0	0	0	0	0	0	0	0	0	0	0	0	0	0	0	0	0
124	124	1655	1151.060	991.963	0.858	67	388	803	329	33	67	388	803	329	33	110.166	120.216	126	123	122	121	121	120	120	119	119	118	115	103.996	1651.124	2575	2337	2208	2022	1851	1719	1533	1365	1183	820	419	0	0	0.000	0.000	0	0	0	0	0.000	0	0	0	0.000	0	0	0	0	0	0	0	0	0	0	0	0	0	0	0	0	0
125	125	1264	1958.678	993.944	0.899	9	100	578	518	38	9	100	578	518	38	108.925	122.623	135	127	126	125	124	123	122	120	119	118	112	103.043	1700.146	2521	2350	2168	2030	1881	1763	1609	1442	1234	973	507	0	0	0.000	0.000	0	0	0	0	0.000	0	0	0	0.000	0	0	0	0	0	0	0	0	0	0	0	0	0	0	0	0	0
126	126	772	1245.185	1009.279	0.868	53	389	261	42	13	53	389	261	42	13	111.361	169.585	198	189	184	179	175	170	165	160	156	150	135	104.000	134.828	149	142	139	138	136	135	134	132	130	128	122	0	0	0.000	0.000	0	0	0	0	0.000	0	0	0	0.000	0	0	0	0	0	0	0	0	0	0	0	0	0	0	0	0	0
127	127	1096	118.528	1036.934	0.886	22	84	412	493	63	22	84	412	493	63	107.688	117.041	125	121	120	119	118	117	116	115	114	113	110	107.093	1117.624	1703	1516	1417	1329	1245	1149	1060	954	802	635	383	0	0	0.000	0.000	0	0	0	0	0.000	0	0	0	0.000	0	0	0	0	0	0	0	0	0	0	0	0	0	0	0	0	0
128	128	1687	1176.238	1042.170	0.884	214	1284	141	12	7	214	1284	141	12	7	110.720	3586.686	35342	13272	3270	958	523	404	362	323	280	237	167	103.926	147.075	232	188	162	149	144	140	136	133	129	123	108	0	0	0.000	0.000	0	0	0	0	0.000	0	0	0	0.000	0	0	1	44	1183.018	1035.688	0	0	0	31924	31367.955	0	0	222	220.591	0	0
129	129	1791	1807.860	1056.920	0.908	74	824	714	118	21	74	824	714	118	21	110.733	188.640	236	220	212	207	200	192	183	174	163	152	139	103.000	144.531	167	157	154	152	149	146	142	139	134	130	113	0	0	0.000	0.000	0	0	0	0	0.000	0	0	0	0.000	0	0	0	0	0	0	0	0	0	0	0	0	0	0	0	0	0
130	130	1675	697.458	1054.539	0.871	11	135	897	544	44	11	135	897	544	44	110.935	171.869	201	191	184	180	177	173	169	165	159	151	134	103.000	454.533	672	608	565	526	492	452	421	388	357	299	212	0	0	0.000	0.000	0	0	0	0	0.000	0	0	0	0.000	0	0	0	0	0	0	0	0	0	0	0	0	0	0	0	0	0
131	131	1919	765.024	1063.755	0.853	46	462	945	380	57	46	462	945	380	57	111.000	165.236	206	188	181	177	172	167	161	155	148	138	129	102.982	429.895	663	588	551	518	483	444	398	350	302	243	189	0	0	0.000	0.000	0	0	0	0	0.000	0	0	0	0.000	0	0	0	0	0	0	0	0	0	0	0	0	0	0	0	0	0
132	132	1703	137.149	1081.895	0.870	48	372	1006	221	28	48	372	1006	221	28	107.153	177.258	1330	262	129	119	118	117	116	115	114	113	110	105.160	1119.338	1858	1653	1512	1373	1246	1136	1030	895	707	524	354	1	151	137.776	1090.759	0	0	0	660	699.768	0	0	1676	1603.232	0	0	0	0	0	0	0	0	0	0	0	0	0	0	0	0	0
133	133	1816	81.732	1088.888	0.858	56	273	921	480	44	56	273	921	480	44	106.901	120.507	155	126	123	122	121	119	118	117	116	115	111	106.435	992.104	1517	1411	1315	1180	1094	1005	914	797	672	560	376	0	0	0.000	0.000	0	0	0	0	0.000	0	0	0	0.000	0	0	0	0	0	0	0	0	0	0	0	0	0	0	0	0	0
134	134	741	307.172	1084.885	0.838	141	271	217	81	18	141	271	217	81	18	108.000	167.601	205	191	184	176	171	169	165	160	152	142	129	102.973	125.443	140	133	131	129	128	127	125	123	120	115	108	0	0	0.000	0.000	0	0	0	0	0.000	0	0	0	0.000	0	0	0	0	0	0	0	0	0	0	0	0	0	0	0	0	0
135	135	617	793.966	1093.570	0.893	7	72	298	197	31	7	72	298	197	31	111.000	160.836	183	173	170	167	165	163	161	158	152	144	129	103.000	379.549	548	475	436	416	398	380	369	351	323	274	190	0	0	0.000	0.000	0	0	0	0	0.000	0	0	0	0.000	0	0	0	0	0	0	0	0	0	0	0	0	0	0	0	0	0
136	136	1414	1793.556	1121.768	0.877	46	241	825	256	22	46	241	825	256	22	111.429	179.473	215	205	200	196	191	185	176	168	156	146	136	103.000	141.788	164	156	153	150	147	144	140	134	129	125	114	0	0	0.000	0.000	0	0	0	0	0.000	0	0	0	0.000	0	0	0	0	0	0	0	0	0	0	0	0	0	0	0	0	0
137	137	356	1692.924	1120.630	0.736	79	152	84	29	7	79	152	84	29	7	112.000	192.860	240	225	215	207	201	194	185	177	169	161	153	103.000	145.629	175	162	158	153	148	145	141	138	134	130	124	0	0	0.000	0.000	0	0	0	0	0.000	0	0	0	0.000	0	0	0	0	0	0	0	0	0	0	0	0	0	0	0	0	0
138	138	1258	1133.662	1128.352	0.917	10	69	648	452	53	10	69	648	452	53	111.955	124.307	140	132	127	125	124	124	123	122	120	119	115	104.204	3544.693	4827	4526	4299	4095	3869	3644	3425	3199	2907	2462	1011	0	0	0.000	0.000	0	0	0	0	0.000	0	0	0	0.000	0	0	0	0	0	0	0	0	0	0	0	0	0	0	0	0	0
139	139	293	1374.532	1120.439	0.792	11	43	113	95	23	11	43	113	95	23	112.000	121.672	125	124	123	123	122	122	121	121	120	119	117	105.000	362.850	420	406	400	391	380	369	356	342	329	309	272	0	0	0.000	0.000	0	0	0	0	0.000	0	0	0	0.000	0	0	0	0	0	0	0	0	0	0	0	0	0	0	0	0	0
140	140	1865	1181.267	1139.532	0.876	61	319	1068	356	35	61	319	1068	356	35	111.789	122.362	134	129	127	125	123	121	120	119	119	117	114	104.583	2506.864	4936	3856	3518	3199	2905	2652	2324	1861	1425	1004	151	0	0	0.000	0.000	0	0	0	0	0.000	0	0	0	0.000	0	0	0	0	0	0	0	0	0	0	0	0	0	0	0	0	0
141	141	1905	1412.947	1146.860	0.881	43	659	959	168	30	43	659	959	168	30	112.006	123.667	133	128	127	125	124	124	123	122	121	120	115	105.673	356.804	512	459	441	420	398	373	346	318	269	215	170	0	0	0.000	0.000	0	0	0	0	0.000	0	0	0	0.000	0	0	0	0	0	0	0	0	0	0	0	0	0	0	0	0	0
142	142	1637	1136.216	1176.372	0.862	38	746	625	162	25	38	746	625	162	25	111.701	123.557	133	129	127	126	125	123	122	121	120	119	114	105.000	3603.980	6093	5442	5035	4600	4184	3704	3195	2662	2191	1605	956	0	0	0.000	0.000	0	0	0	0	0.000	0	0	0	0.000	0	0	0	0	0	0	0	0	0	0	0	0	0	0	0	0	0
143	143	2901	1617.659	1191.542	0.895	16	188	1057	1475	122	16	188	1057	1475	122	112.569	286.989	3144	568	182	142	140	138	136	135	132	130	121	104.715	146.862	176	162	157	154	150	146	143	140	137	133	115	1	269	1630.549	1202.679	0	0	0	1324	1483.331	0	0	164	159.974	0	0	0	0	0	0	0	0	0	0	0	0	0	0	0	0	0
144	144	260	864.632	1168.904	0.899	34	77	95	38	13	34	77	95	38	13	112.000	171.954	194	184	181	179	176	173	170	167	163	158	147	105.000	139.150	161	148	144	141	140	139	138	136	134	132	125	0	0	0.000	0.000	0	0	0	0	0.000	0	0	0	0.000	0	0	0	0	0	0	0	0	0	0	0	0	0	0	0	0	0
145	145	1875	1462.954	1187.923	0.850	91	419	1012	288	43	91	419	1012	288	43	111.986	122.574	130	126	125	124	123	122	122	121	120	119	116	105.631	334.910	510	450	420	388	359	335	310	282	254	217	185	0	0	0.000	0.000	0	0	0	0	0.000	0	0	0	0.000	0	0	0	0	0	0	0	0	0	0	0	0	0	0	0	0	0
146	146	374	1655.809	1177.755	0.862	23	72	131	108	31	23	72	131	108	31	111.602	124.922	134	130	129	127	126	125	124	123	121	120	115	104.000	132.259	157	148	143	140	136	133	129	124	120	116	111	0	0	0.000	0.000	0	0	0	0	0.000	0	0	0	0.000	0	0	0	0	0	0	0	0	0	0	0	0	0	0	0	0	0
147	147	2234	1362.363	1193.104	0.875	281	1273	546	68	9	281	1273	546	68	9	111.840	123.081	132	127	126	125	124	123	122	121	121	119	114	106.000	1696.013	3192	2752	2315	2054	1852	1655	1433	1205	994	859	502	0	0	0.000	0.000	0	0	0	0	0.000	0	0	0	0.000	0	0	0	0	0	0	0	0	0	0	0	0	0	0	0	0	0
148	148	2737	1549.898	1200.349	0.845	209	1735	683	46	4	209	1735	683	46	4	112.696	944.178	7663	3389	1075	405	208	151	138	135	132	129	122	104.897	149.370	183	165	160	157	154	151	148	144	139	130	110	0	0	0.000	0.000	0	0	0	0	0.000	0	0	0	0.000	0	0	0	0	0	0	0	0	0	0	0	0	0	0	0	0	0
149	149	1604	845.787	1206.288	0.872	15	51	644	820	29	15	51	644	820	29	112.000	121.304	149	126	124	123	121	121	120	119	118	117	114	105.000	1155.197	1911	1600	1443	1329	1248	1159	1080	1001	847	669	485	0	0	0.000	0.000	0	0	0	0	0.000	0	0	0	0.000	0	0	0	0	0	0	0	0	0	0	0	0	0	0	0	0	0
150	150	253	1107.444	1194.236	0.928	16	74	80	74	8	16	74	80	74	8	111.000	118.004	121	120	119	119	118	118	118	117	117	116	114	105.000	1062.759	2046	1402	1300	1207	1128	1048	970	889	805	707	535	0	0	0.000	0.000	0	0	0	0	0.000	0	0	0	0.000	0	0	0	0	0	0	0	0	0	0	0	0	0	0	0	0	0
151	151	335	1507.490	1198.158	0.921	27	53	90	135	24	27	53	90	135	24	111.928	123.260	128	126	125	125	124	124	123	122	121	120	117	105.000	128.161	140	136	134	132	130	129	127	125	123	120	114	0	0	0.000	0.000	0	0	0	0	0.000	0	0	0	0.000	0	0	0	0	0	0	0	0	0	0	0	0	0	0	0	0	0
152	152	1951	803.441	1245.327	0.827	21	325	1390	160	32	21	325	1390	160	32	111.956	119.829	129	124	122	121	120	120	119	118	117	117	114	104.895	976.093	1550	1341	1237	1133	1055	984	915	817	705	592	336	0	0	0.000	0.000	0	0	0	0	0.000	0	0	0	0.000	0	0	0	0	0	0	0	0	0	0	0	0	0	0	0	0	0
153	153	1051	1387.841	1236.767	0.906	95	193	501	216	26	95	193	501	216	26	111.990	123.923	140	130	127	125	124	123	122	121	120	119	116	105.693	1621.437	2902	2497	2160	1929	1746	1586	1438	1278	1121	850	258	0	0	0.000	0.000	0	0	0	0	0.000	0	0	0	0.000	0	0	0	0	0	0	0	0	0	0	0	0	0	0	0	0	0
154	154	2157	861.743	1248.033	0.854	61	1030	948	55	8	61	1030	948	55	8	112.107	1311.581	18150	3404	407	307	282	261	244	226	212	195	155	105.000	1411.700	2380	2164	1996	1771	1588	1390	1195	1022	848	719	384	1	247	875.536	1236.821	0	0	0	8138	8756.000	0	0	2102	1982.895	0	0	0	0	0	0	0	0	0	0	0	0	0	0	0	0	0
155	155	1184	1510.682	1249.819	0.922	199	602	313	35	7	199	602	313	35	7	111.923	191.818	245	214	202	197	195	192	188	184	177	171	158	104.345	135.387	152	145	141	139	137	135	133	131	129	127	120	0	0	0.000	0.000	0	0	0	0	0.000	0	0	0	0.000	0	0	0	0	0	0	0	0	0	0	0	0	0	0	0	0	0
156	156	1614	1611.592	1261.209	0.904	481	1045	41	8	9	481	1045	41	8	9	112.599	169.871	213	193	187	180	174	169	164	159	154	147	132	103.410	141.043	172	158	154	149	146	142	137	133	128	124	109	0	0	0.000	0.000	0	0	0	0	0.000	0	0	0	0.000	0	0	0	0	0	0	0	0	0	0	0	0	0	0	0	0	0
157	157	833	1345.550	1261.858	0.743	49	176	336	213	41	49	176	336	213	41	111.988	126.174	137	131	130	129	128	127	125	123	121	120	116	104.954	2973.946	4867	4293	3997	3606	3220	2901	2636	2355	2111	1673	936	0	0	0.000	0.000	0	0	0	0	0.000	0	0	0	0.000	0	0	0	0	0	0	0	0	0	0	0	0	0	0	0	0	0
158	158	3016	1558.113	1279.915	0.907	209	1549	1103	80	12	209	1549	1103	80	12	113.000	193.167	2715	199	189	181	173	164	155	149	145	142	125	103.557	130.426	153	142	139	135	132	130	127	125	123	120	108	1	67	1530.379	1281.353	0	0	0	1127	1196.687	0	0	134	132.448	0	0	0	0	0	0	0	0	0	0	0	0	0	0	0	0	0
159	159	1443	760.359	1285.501	0.902	60	649	565	124	11	60	649	565	124	11	111.740	120.983	132	127	124	123	122	120	119	118	117	116	113	103.611	1027.941	1495	1354	1271	1200	1130	1060	984	892	766	632	498	0	0	0.000	0.000	0	0	0	0	0.000	0	0	0	0.000	0	0	0	0	0	0	0	0	0	0	0	0	0	0	0	0	0
160	160	1433	53.566	1290.535	0.854	15	111	685	561	30	15	111	685	561	30	106.222	116.847	137	121	119	118	117	116	115	114	114	113	107	103.438	1676.325	2553	2291	2126	1998	1911	1820	1688	1477	1138	786	554	2	111	61.391	1296.368	11	39.681	1285.780	127	126.739	120	119.455	1662	1582.423	2268	2265.727	0	0	0	0	0	0	0	0	0	0	0	0	0	0	0
161	161	1148	886.630	1289.192	0.890	31	147	522	400	34	31	147	522	400	34	111.804	291.605	391	357	338	322	307	293	280	268	246	221	171	104.085	1928.506	2793	2529	2376	2219	2058	1923	1779	1659	1514	1375	778	0	0	0.000	0.000	0	0	0	0	0.000	0	0	0	0.000	0	0	0	0	0	0	0	0	0	0	0	0	0	0	0	0	0
162	162	1669	814.986	1293.382	0.881	26	88	685	762	82	26	88	685	762	82	112.000	119.292	126	122	121	120	120	119	119	118	118	117	113	104.188	1064.367	1628	1403	1322	1261	1196	1121	1047	936	776	601	429	0	0	0.000	0.000	0	0	0	0	0.000	0	0	0	0.000	0	0	0	0	0	0	0	0	0	0	0	0	0	0	0	0	0
163	163	1718	96.600	1313.492	0.865	20	138	573	789	159	20	138	573	789	159	107.538	198.739	1969	290	130	124	122	120	119	117	116	115	111	103.402	1529.794	2554	2302	2117	1887	1681	1490	1327	1178	1001	792	493	1	147	93.702	1296.425	0	0	0	848	921.041	0	0	2174	2005.503	0	0	0	0	0	0	0	0	0	0	0	0	0	0	0	0	0
164	164	1848	1481.124	1312.043	0.901	20	113	767	801	105	20	113	767	801	105	112.000	407.102	5333	735	198	175	169	164	158	152	146	140	128	103.420	846.440	1367	1129	1068	1015	963	908	826	716	586	450	313	1	162	1485.206	1327.651	0	0	0	2394	2607.420	0	0	1155	1114.080	0	0	0	0	0	0	0	0	0	0	0	0	0	0	0	0	0
165	165	855	933.239	1314.398	0.894	36	246	367	169	16	36	246	367	169	16	111.000	131.570	144	140	137	135	133	131	129	128	126	124	120	104.000	873.620	1296	1174	1100	1015	934	855	788	739	674	598	464	0	0	0.000	0.000	0	0	0	0	0.000	0	0	0	0.000	0	0	0	0	0	0	0	0	0	0	0	0	0	0	0	0	0
166	166	1800	209.733	1337.565	0.887	50	262	825	556	77	50	262	825	556	77	108.000	114.189	123	118	116	115	114	114	113	113	112	111	109	101.884	129.817	154	144	140	136	133	129	125	122	120	117	108	0	0	0.000	0.000	0	0	0	0	0.000	0	0	0	0.000	0	0	0	0	0	0	0	0	0	0	0	0	0	0	0	0	0
167	167	737	1076.677	1330.419	0.804	425	270	15	7	5	425	270	15	7	5	111.829	194.050	382	282	231	198	175	170	166	162	158	152	145	102.311	145.094	206	170	157	148	145	142	137	134	130	127	120	1	83	1084.952	1329.982	0	0	0	307	304.880	0	0	174	176.072	0	0	0	0	0	0	0	0	0	0	0	0	0	0	0	0	0
168	168	333	494.391	1330.497	0.798	51	123	108	40	7	51	123	108	40	7	110.000	151.592	178	167	163	159	154	151	148	145	140	136	130	102.775	127.655	151	139	134	131	129	127	126	123	120	117	110	0	0	0.000	0.000	0	0	0	0	0.000	0	0	0	0.000	0	0	0	0	0	0	0	0	0	0	0	0	0	0	0	0	0
169	169	2341	136.324	1348.513	0.895	166	1534	476	98	27	166	1534	476	98	27	107.979	116.421	127	123	120	118	117	116	115	114	113	112	109	103.000	665.368	1000	877	822	774	722	665	609	558	503	460	257	0	0	0.000	0.000	0	0	0	0	0.000	0	0	0	0.000	0	0	0	0	0	0	0	0	0	0	0	0	0	0	0	0	0
170	170	750	62.717	1342.237	0.906	3	56	304	323	50	3	56	304	323	50	106.411	117.888	127	123	121	120	119	118	117	115	114	113	110	102.959	1579.117	2296	2113	1943	1785	1689	1610	1533	1402	1234	1015	522	0	0	0.000	0.000	0	0	0	0	0.000	0	0	0	0.000	0	0	0	0	0	0	0	0	0	0	0	0	0	0	0	0	0
171	171	1476	948.183	1357.826	0.873	72	398	654	290	33	72	398	654	290	33	111.160	134.551	149	142	139	137	136	134	133	132	130	128	121	104.000	1184.502	1702	1538	1452	1381	1311	1236	1106	987	886	796	535	0	0	0.000	0.000	0	0	0	0	0.000	0	0	0	0.000	0	0	0	0	0	0	0	0	0	0	0	0	0	0	0	0	0
172	172	1785	267.342	1355.708	0.854	259	1039	400	49	11	259	1039	400	49	11	107.897	115.129	122	118	117	116	115	115	114	114	113	113	111	102.541	131.020	150	140	137	135	133	131	129	127	125	122	111	0	0	0.000	0.000	0	0	0	0	0.000	0	0	0	0.000	0	0	0	0	0	0	0	0	0	0	0	0	0	0	0	0	0
173	173	2193	1487.119	1368.350	0.869	27	375	1665	85	8	27	375	1665	85	8	112.710	162.556	238	179	175	172	169	164	158	152	148	142	127	103.932	908.806	1300	1232	1165	1100	1024	948	856	761	638	513	327	0	0	0.000	0.000	0	0	0	0	0.000	0	0	0	0.000	0	0	0	0	0	0	0	0	0	0	0	0	0	0	0	0	0
174	174	1296	231.555	1382.283	0.913	46	209	695	301	17	46	209	695	301	17	108.000	113.665	119	116	115	114	114	113	113	113	112	112	110	102.147	131.410	152	141	139	136	134	132	129	126	124	121	110	0	0	0.000	0.000	0	0	0	0	0.000	0	0	0	0.000	0	0	0	0	0	0	0	0	0	0	0	0	0	0	0	0	0
175	175	1796	1281.321	1392.726	0.894	69	668	775	222	26	69	668	775	222	26	112.991	122.678	132	129	127	124	123	122	121	120	119	118	115	104.266	256.711	370	315	297	285	270	256	240	226	214	202	158	0	0	0.000	0.000	0	0	0	0	0.000	0	0	0	0.000	0	0	0	0	0	0	0	0	0	0	0	0	0	0	0	0	0
176	176	1549	1572.116	1404.696	0.888	189	1040	254	23	7	189	1040	254	23	7	112.000	2393.451	20410	9917	2780	775	359	264	201	169	153	140	129	104.017	134.870	181	150	140	137	135	133	131	128	126	123	114	0	0	0.000	0.000	0	0	0	0	0.000	0	0	0	0.000	0	0	0	0	0	0	0	0	0	0	0	0	0	0	0	0	0
177	177	1539	119.052	1426.323	0.893	109	752	550	79	16	109	752	550	79	16	107.097	193.877	449	294	243	204	180	168	159	151	145	139	126	103.000	115.771	128	121	119	118	117	115	114	113	112	111	106	1	108	117.205	1416.560	0	0	0	354	356.685	0	0	117	117.370	0	0	0	0	0	0	0	0	0	0	0	0	0	0	0	0	0
178	178	2577	1352.953	1434.164	0.856	114	288	1719	386	19	114	288	1719	386	19	113.638	204.983	344	238	226	219	211	204	198	192	184	164	139	105.882	763.773	1138	1017	955	899	835	774	710	653	591	498	289	0	0	0.000	0.000	0	0	0	0	0.000	0	0	0	0.000	0	0	0	0	0	0	0	0	0	0	0	0	0	0	0	0	0
179	179	1995	1287.418	1448.599	0.902	155	1118	455	169	53	155	1118	455	169	53	113.451	910.090	12036	2141	327	236	229	223	217	210	202	193	160	105.637	761.658	1267	980	901	849	806	755	711	663	607	537	344	1	216	1288.373	1432.892	0	0	0	5454	5995.444	0	0	1066	1043.176	0	0	0	0	0	0	0	0	0	0	0	0	0	0	0	0	0
180	180	1851	1340.709	1482.399	0.819	283	800	517	186	27	283	800	517	186	27	113.388	273.179	1130	546	336	237	201	190	182	173	166	157	142	106.000	526.156	805	680	630	600	557	518	488	454	419	378	284	0	0	0.000	0.000	0	0	0	0	0.000	0	0	0	0.000	0	0	0	0	0	0	0	0	0	0	0	0	0	0	0	0	0
181	181	1912	298.386	1493.248	0.870	406	1299	122	38	11	406	1299	122	38	11	108.097	118.280	133	123	121	120	119	118	117	116	115	114	111	103.000	349.959	552	446	408	385	367	351	336	318	293	245	167	0	0	0.000	0.000	0	0	0	0	0.000	0	0	0	0.000	0	0	0	0	0	0	0	0	0	0	0	0	0	0	0	0	0
182	182	2808	1395.714	1519.152	0.716	990	1384	185	136	62	990	1384	185	136	62	112.714	204.776	1437	361	172	140	135	133	131	130	128	125	119	106.000	605.729	977	887	817	741	676	599	530	463	402	339	228	1	275	1403.027	1505.995	0	0	0	670	732.076	0	0	902	874.553	0	0	0	0	0	0	0	0	0	0	0	0	0	0	0	0	0
183	183	2173	2003.544	1512.715	0.868	78	523	1425	93	11	78	523	1425	93	11	108.376	158.531	739	235	151	133	128	126	124	122	121	118	111	103.753	1106.741	1961	1556	1432	1324	1201	1074	975	897	791	665	294	1	195	2002.440	1521.208	0	0	0	382	411.164	0	0	1466	1423.328	0	0	0	0	0	0	0	0	0	0	0	0	0	0	0	0	0
184	184	1680	1622.891	1517.734	0.916	110	660	682	171	32	110	660	682	171	32	111.722	126.388	144	134	130	129	127	126	125	123	122	120	116	106.888	4119.955	7541	6518	6013	5615	4977	4153	3450	2762	2013	1462	1113	0	0	0.000	0.000	0	0	0	0	0.000	0	0	0	0.000	0	0	0	0	0	0	0	0	0	0	0	0	0	0	0	0	0
185	185	1754	1677.226	1524.762	0.883	117	1090	466	46	9	117	1090	466	46	9	111.330	127.131	140	132	130	129	128	127	126	125	124	122	117	106.578	5623.918	7578	7207	6944	6585	6220	5911	5498	4973	4318	3594	1449	0	0	0.000	0.000	0	0	0	0	0.000	0	0	0	0.000	0	0	0	0	0	0	0	0	0	0	0	0	0	0	0	0	0
186	186	1561	1060.897	1546.361	0.895	52	147	716	554	70	52	147	716	554	70	111.929	231.899	316	281	265	252	241	230	221	212	201	183	149	103.000	152.634	179	169	164	160	156	153	150	146	141	136	122	0	0	0.000	0.000	0	0	0	0	0.000	0	0	0	0.000	0	0	0	0	0	0	0	0	0	0	0	0	0	0	0	0	0
187	187	746	1952.678	1545.568	0.831	93	330	224	77	11	93	330	224	77	11	110.000	214.271	302	263	245	232	226	219	209	196	180	163	138	104.000	144.047	181	162	157	152	148	145	142	138	133	123	107	0	0	0.000	0.000	0	0	0	0	0.000	0	0	0	0.000	0	0	0	0	0	0	0	0	0	0	0	0	0	0	0	0	0
188	188	2645	1408.682	1597.829	0.793	64	560	1426	514	30	64	560	1426	514	30	112.000	133.724	147	143	141	139	138	136	133	130	126	121	116	105.334	676.367	1098	997	937	839	760	685	629	564	438	286	201	0	0	0.000	0.000	0	0	0	0	0.000	0	0	0	0.000	0	0	0	0	0	0	0	0	0	0	0	0	0	0	0	0	0
189	189	1113	1042.495	1590.383	0.876	32	43	405	534	85	32	43	405	534	85	112.000	276.451	342	325	317	310	302	294	277	254	230	203	162	103.000	159.831	192	180	177	174	172	168	162	154	141	124	106	0	0	0.000	0.000	0	0	0	0	0.000	0	0	0	0.000	0	0	0	0	0	0	0	0	0	0	0	0	0	0	0	0	0
190	190	1592	1891.948	1601.491	0.900	158	185	922	293	5	158	185	922	293	5	110.995	257.959	1789	548	249	169	152	147	142	139	136	131	120	103.331	725.254	1119	975	901	845	795	751	694	611	530	450	239	1	195	1900.390	1603.340	0	0	0	822	900.410	0	0	866	855.790	0	0	0	0	0	0	0	0	0	0	0	0	0	0	0	0	0
191	191	1701	326.545	1599.929	0.882	71	454	963	175	16	71	454	963	175	16	108.733	117.019	130	122	120	118	117	116	116	115	114	113	110	104.310	140.006	165	149	147	145	142	141	138	136	133	130	117	0	0	0.000	0.000	0	0	0	0	0.000	0	0	0	0.000	0	0	0	0	0	0	0	0	0	0	0	0	0	0	0	0	0
192	192	2318	1651.306	1608.622	0.883	79	283	867	962	77	79	283	867	962	77	111.811	816.755	12409	1782	284	193	177	170	162	155	147	139	126	105.182	728.348	1273	1171	1016	886	781	711	633	539	443	347	225	1	227	1652.536	1599.229	0	0	0	5539	6060.427	0	0	1187	1131.824	0	0	0	0	0	0	0	0	0	0	0	0	0	0	0	0	0
193	193	831	25.983	1616.713	0.930	210	402	174	20	10	210	402	174	20	10	103.915	124.331	138	132	130	128	127	125	123	121	118	115	108	106.313	1714.686	2612	2323	2176	1995	1857	1719	1629	1468	1285	1086	618	0	0	0.000	0.000	0	0	0	0	0.000	0	0	0	0.000	0	0	0	0	0	0	0	0	0	0	0	0	0	0	0	0	0
194	194	1734	1281.154	1625.996	0.866	934	717	19	9	5	934	717	19	9	5	112.595	128.473	144	137	134	132	130	128	126	124	123	121	117	105.524	2653.552	5025	4110	3598	3169	2788	2523	2275	2068	1848	1380	721	0	0	0.000	0.000	0	0	0	0	0.000	0	0	0	0.000	0	0	0	0	0	0	0	0	0	0	0	0	0	0	0	0	0
195	195	1331	207.689	1632.698	0.917	91	884	301	29	6	91	884	301	29	6	108.707	130.818	146	139	136	135	133	132	129	127	125	122	115	104.778	565.441	893	799	738	667	595	540	485	444	415	377	285	0	0	0.000	0.000	0	0	0	0	0.000	0	0	0	0.000	0	0	0	0	0	0	0	0	0	0	0	0	0	0	0	0	0
196	196	830	252.842	1630.166	0.862	51	148	392	202	24	51	148	392	202	24	109.000	114.904	122	117	116	116	115	115	114	114	114	113	110	104.000	122.111	135	130	128	127	126	124	122	119	115	112	106	0	0	0.000	0.000	0	0	0	0	0.000	0	0	0	0.000	0	0	0	0	0	0	0	0	0	0	0	0	0	0	0	0	0
197	197	1724	988.538	1646.350	0.883	24	701	834	102	15	24	701	834	102	15	112.421	182.510	1280	189	145	143	141	140	139	137	136	133	126	104.287	1858.811	2826	2558	2420	2286	2154	1979	1795	1531	1213	940	578	1	140	968.104	1641.436	0	0	0	606	653.443	0	0	2147	1999.057	0	0	0	0	0	0	0	0	0	0	0	0	0	0	0	0	0
198	198	2033	157.910	1648.552	0.846	277	1129	525	57	16	277	1129	525	57	16	107.463	128.302	141	136	133	130	129	128	126	125	124	122	114	104.932	616.043	1191	1049	892	748	639	543	473	413	362	325	263	0	0	0.000	0.000	0	0	0	0	0.000	0	0	0	0.000	0	0	0	0	0	0	0	0	0	0	0	0	0	0	0	0	0
199	199	1337	941.220	1654.044	0.878	213	356	648	72	23	213	356	648	72	23	112.426	136.310	187	142	139	137	136	135	134	132	130	127	121	104.485	1738.396	2567	2283	2154	2063	1966	1838	1694	1517	1301	1029	513	0	0	0.000	0.000	0	0	0	0	0.000	0	0	0	0.000	0	0	0	0	0	0	0	0	0	0	0	0	0	0	0	0	0
200	200	2095	839.220	1667.243	0.903	72	519	1126	323	17	72	519	1126	323	17	112.000	579.581	732	701	685	670	648	620	581	535	468	383	249	102.949	1538.872	2020	1894	1843	1792	1737	1657	1546	1412	1237	961	483	0	0	0.000	0.000	0	0	0	0	0.000	0	0	0	0.000	0	0	0	0	0	0	0	0	0	0	0	0	0	0	0	0	0
201	201	977	114.252	1676.057	0.896	36	304	559	52	7	36	304	559	52	7	107.000	126.088	137	133	131	129	128	126	124	123	121	119	113	105.444	578.292	960	851	801	736	657	568	490	411	361	319	264	0	0	0.000	0.000	0	0	0	0	0.000	0	0	0	0.000	0	0	0	0	0	0	0	0	0	0	0	0	0	0	0	0	0
202	202	1654	1016.284	1696.378	0.876	177	849	525	66	6	177	849	525	66	6	112.944	458.533	7079	638	257	241	229	215	202	188	173	162	147	103.510	121.841	162	130	127	125	123	121	119	117	115	114	109	1	118	1025.533	1683.509	0	0	0	3016	3196.551	0	0	136	136.483	0	0	0	0	0	0	0	0	0	0	0	0	0	0	0	0	0
203	203	2213	731.936	1696.941	0.846	331	364	1390	88	14	331	364	1390	88	14	112.754	355.587	710	454	422	398	376	357	332	308	277	239	182	103.789	376.518	554	496	470	443	416	389	358	326	280	225	178	0	0	0.000	0.000	0	0	0	0	0.000	0	0	0	0.000	0	0	0	0	0	0	0	0	0	0	0	0	0	0	0	0	0
204	204	2030	792.215	1699.054	0.860	84	791	942	154	15	84	791	942	154	15	112.262	599.528	4613	671	572	543	521	492	454	408	363	299	213	103.273	1178.642	1860	1584	1495	1434	1375	1290	1168	1009	829	563	338	1	109	782.292	1711.510	0	0	0	2588	2648.771	0	0	1603	1595.862	0	0	0	0	0	0	0	0	0	0	0	0	0	0	0	0	0
205	205	2016	1327.470	1704.041	0.883	78	336	1145	396	33	78	336	1145	396	33	113.000	153.556	170	165	162	160	158	156	153	150	145	138	123	107.029	5052.089	6499	6239	6064	5840	5617	5351	5088	4761	4127	3316	1234	0	0	0.000	0.000	0	0	0	0	0.000	0	0	0	0.000	0	0	0	0	0	0	0	0	0	0	0	0	0	0	0	0	0
206	206	1560	303.775	1706.928	0.885	92	956	441	38	10	92	956	441	38	10	109.000	119.269	128	124	122	121	120	119	118	117	117	116	112	105.927	1180.706	2211	1908	1627	1433	1240	1057	938	827	746	669	587	0	0	0.000	0.000	0	0	0	0	0.000	0	0	0	0.000	0	0	0	0	0	0	0	0	0	0	0	0	0	0	0	0	0
207	207	1261	963.412	1712.125	0.895	23	104	645	409	62	23	104	645	409	62	113.000	196.080	302	228	218	209	199	193	187	180	171	162	146	103.858	122.360	137	128	127	125	124	122	121	120	118	116	110	0	0	0.000	0.000	0	0	0	0	0.000	0	0	0	0.000	0	0	0	0	0	0	0	0	0	0	0	0	0	0	0	0	0
208	208	2389	98.130	1729.554	0.847	59	1005	1131	147	7	59	1005	1131	147	7	107.000	117.029	126	122	120	118	117	117	116	115	114	113	110	105.999	2438.692	3880	3273	3078	2921	2754	2524	2269	2030	1767	1503	810	0	0	0.000	0.000	0	0	0	0	0.000	0	0	0	0.000	0	0	0	0	0	0	0	0	0	0	0	0	0	0	0	0	0
209	209	1698	230.479	1725.628	0.805	85	1097	419	37	21	85	1097	419	37	21	108.744	117.416	125	121	120	119	118	117	117	116	115	114	111	106.273	1052.909	2110	1411	1287	1197	1113	1033	970	894	807	716	405	0	0	0.000	0.000	0	0	0	0	0.000	0	0	0	0.000	0	0	0	0	0	0	0	0	0	0	0	0	0	0	0	0	0
210	210	2300	166.585	1741.084	0.810	684	1464	48	22	19	684	1464	48	22	19	107.600	123.209	139	135	132	128	124	120	118	117	116	115	112	106.384	2061.673	4040	3071	2749	2512	2330	2100	1761	1482	1242	1100	851	0	0	0.000	0.000	0	0	0	0	0.000	0	0	0	0.000	0	0	0	0	0	0	0	0	0	0	0	0	0	0	0	0	0
211	211	1646	346.576	1743.119	0.898	278	1105	223	10	6	278	1105	223	10	6	109.000	128.636	162	146	136	132	129	126	124	122	120	118	113	105.148	1992.938	3127	2715	2486	2346	2251	2132	1974	1741	1407	1051	476	0	0	0.000	0.000	0	0	0	0	0.000	0	0	0	0.000	0	0	0	0	0	0	0	0	0	0	0	0	0	0	0	0	0
212	212	840	709.525	1741.260	0.847	631	110	49	26	17	631	110	49	26	17	112.170	338.707	451	396	378	361	352	341	326	313	299	280	234	104.000	352.006	485	418	399	382	367	355	344	323	302	276	213	0	0	0.000	0.000	0	0	0	0	0.000	0	0	0	0.000	0	0	0	0	0	0	0	0	0	0	0	0	0	0	0	0	0
213	213	1037	637.319	1745.195	0.914	23	114	558	273	41	23	114	558	273	41	110.817	117.993	125	121	120	119	118	118	117	117	116	115	113	102.914	127.119	147	136	133	132	130	128	126	123	121	116	109	0	0	0.000	0.000	0	0	0	0	0.000	0	0	0	0.000	0	0	0	0	0	0	0	0	0	0	0	0	0	0	0	0	0
214	214	583	1018.567	1748.096	0.844	37	174	226	111	23	37	174	226	111	23	111.978	150.726	179	167	162	157	153	150	147	143	139	136	130	103.000	123.300	142	132	129	126	124	123	121	120	118	115	110	0	0	0.000	0.000	0	0	0	0	0.000	0	0	0	0.000	0	0	0	0	0	0	0	0	0	0	0	0	0	0	0	0	0
215	215	1271	25.602	1761.760	0.923	24	150	770	283	26	24	150	770	283	26	106.000	113.906	123	117	116	115	115	114	113	113	112	111	107	107.750	1605.974	2640	2274	2090	1878	1746	1627	1474	1321	1126	894	500	0	0	0.000	0.000	0	0	0	0	0.000	0	0	0	0.000	0	0	0	0	0	0	0	0	0	0	0	0	0	0	0	0	0
216	216	1474	297.072	1768.346	0.906	410	905	113	14	11	410	905	113	14	11	109.000	296.029	1632	657	313	228	192	177	169	160	151	143	125	105.883	122.923	152	139	130	124	121	120	119	117	116	114	109	1	212	293.991	1763.191	0	0	0	851	899.524	0	0	132	132.896	0	0	0	0	0	0	0	0	0	0	0	0	0	0	0	0	0
217	217	1423	247.915	1772.288	0.903	39	213	816	281	40	39	213	816	281	40	108.573	118.162	126	122	121	120	119	118	117	117	116	115	112	106.444	146.700	174	159	155	152	149	147	144	141	138	134	123	0	0	0.000	0.000	0	0	0	0	0.000	0	0	0	0.000	0	0	0	0	0	0	0	0	0	0	0	0	0	0	0	0	0
218	218	1000	196.098	1791.561	0.892	18	149	392	347	74	18	149	392	347	74	107.329	141.856	157	153	151	149	146	143	140	137	132	128	120	106.727	1326.354	1864	1716	1644	1547	1443	1349	1246	1143	1026	868	669	0	0	0.000	0.000	0	0	0	0	0.000	0	0	0	0.000	0	0	0	0	0	0	0	0	0	0	0	0	0	0	0	0	0
219	219	1767	1361.550	1795.196	0.905	189	655	824	44	19	189	655	824	44	19	112.308	560.321	8962	1095	184	148	142	138	134	132	129	125	121	106.454	3385.530	6098	5165	4602	4256	3946	3561	3071	2529	1943	1394	887	1	158	1379.614	1795.028	0	0	0	3927	4284.506	0	0	5126	4833.494	0	0	0	0	0	0	0	0	0	0	0	0	0	0	0	0	0
220	220	2318	655.619	1797.981	0.862	65	997	1029	181	14	65	997	1029	181	14	110.305	129.154	146	138	135	132	130	129	127	126	124	121	114	103.752	733.374	1183	954	885	841	798	757	704	634	553	462	241	0	0	0.000	0.000	0	0	0	0	0.000	0	0	0	0.000	0	0	0	0	0	0	0	0	0	0	0	0	0	0	0	0	0
221	221	1531	1312.263	1801.161	0.916	24	478	634	279	86	24	478	634	279	86	112.022	140.660	152	147	146	144	143	142	140	137	135	133	127	106.184	5111.523	6513	6315	6179	6020	5806	5536	5126	4600	3987	3226	1910	0	0	0.000	0.000	0	0	0	0	0.000	0	0	0	0.000	0	0	0	0	0	0	0	0	0	0	0	0	0	0	0	0	0
222	222	1482	346.799	1809.267	0.878	25	220	678	458	83	25	220	678	458	83	109.000	137.854	156	147	143	141	139	137	136	134	132	130	123	105.964	202.468	261	240	228	219	210	201	193	185	177	167	152	0	0	0.000	0.000	0	0	0	0	0.000	0	0	0	0.000	0	0	0	0	0	0	0	0	0	0	0	0	0	0	0	0	0
223	223	1784	407.487	1812.862	0.885	95	631	819	182	19	95	631	819	182	19	109.000	153.254	175	166	162	158	155	153	151	149	146	141	127	104.452	254.397	346	315	294	275	261	249	238	228	216	204	175	0	0	0.000	0.000	0	0	0	0	0.000	0	0	0	0.000	0	0	0	0	0	0	0	0	0	0	0	0	0	0	0	0	0
224	224	2022	1744.407	1816.307	0.880	101	416	956	452	66	101	416	956	452	66	111.000	125.727	141	136	132	128	126	124	123	122	120	119	114	104.934	2165.731	3990	3492	3092	2717	2366	2028	1779	1533	1307	1042	561	0	0	0.000	0.000	0	0	0	0	0.000	0	0	0	0.000	0	0	0	0	0	0	0	0	0	0	0	0	0	0	0	0	0
225	225	1872	280.923	1817.926	0.834	42	229	1175	364	35	42	229	1175	364	35	108.910	117.760	125	121	120	119	118	118	117	116	115	114	111	106.386	145.538	174	163	158	154	150	145	141	137	133	129	120	0	0	0.000	0.000	0	0	0	0	0.000	0	0	0	0.000	0	0	0	0	0	0	0	0	0	0	0	0	0	0	0	0	0
226	226	1771	230.312	1833.953	0.849	156	986	533	54	4	156	986	533	54	4	108.323	166.964	845	168	163	160	157	154	150	145	141	136	126	106.296	1389.211	2137	1930	1808	1708	1577	1476	1310	1097	884	756	556	1	69	210.725	1837.049	0	0	0	449	476.580	0	0	1451	1438.623	0	0	0	0	0	0	0	0	0	0	0	0	0	0	0	0	0
227	227	984	945.912	1829.737	0.902	33	382	417	107	24	33	382	417	107	24	111.000	128.722	140	134	131	130	129	128	127	127	126	124	121	103.010	385.516	519	485	465	443	416	388	360	335	311	280	220	0	0	0.000	0.000	0	0	0	0	0.000	0	0	0	0.000	0	0	0	0	0	0	0	0	0	0	0	0	0	0	0	0	0
228	228	1769	701.196	1842.723	0.874	43	492	918	252	27	43	492	918	252	27	109.620	127.985	163	140	135	132	129	126	124	122	120	118	114	103.545	1813.075	4167	2548	2313	2095	1913	1790	1657	1486	1280	1046	474	0	0	0.000	0.000	0	0	0	0	0.000	0	0	0	0.000	0	0	0	0	0	0	0	0	0	0	0	0	0	0	0	0	0
229	229	1540	1571.169	1839.131	0.889	28	235	792	432	26	28	235	792	432	26	111.861	160.837	301	182	166	162	159	155	152	149	147	142	128	107.201	2443.539	3354	3120	2997	2890	2776	2598	2386	2150	1880	1489	1006	1	36	1572.656	1840.125	0	0	0	266	264.000	0	0	2037	2033.306	0	0	0	0	0	0	0	0	0	0	0	0	0	0	0	0	0
230	230	290	1540.205	1825.556	0.950	34	68	112	61	11	34	68	112	61	11	112.000	134.362	147	143	141	139	137	135	133	130	128	125	121	106.166	1345.776	2025	1914	1787	1661	1534	1393	1304	1162	972	664	234	0	0	0.000	0.000	0	0	0	0	0.000	0	0	0	0.000	0	0	0	0	0	0	0	0	0	0	0	0	0	0	0	0	0
231	231	1767	1641.106	1851.735	0.826	31	309	816	506	67	31	309	816	506	67	110.967	158.206	583	170	160	156	153	150	147	144	140	134	124	107.671	2676.684	3991	3530	3320	3117	2933	2740	2523	2279	2026	1731	1010	1	55	1627.669	1837.320	0	0	0	366	360.964	0	0	3112	3051.655	0	0	0	0	0	0	0	0	0	0	0	0	0	0	0	0	0
232	232	1401	1746.749	1866.465	0.876	78	666	567	37	23	78	666	567	37	23	111.000	125.082	135	130	128	127	126	125	124	123	122	120	116	105.381	3577.931	6300	5047	4560	4060	3748	3548	3354	3080	2706	2050	985	0	0	0.000	0.000	0	0	0	0	0.000	0	0	0	0.000	0	0	0	0	0	0	0	0	0	0	0	0	0	0	0	0	0
233	233	2094	278.983	1869.615	0.854	591	1371	56	13	20	591	1371	56	13	20	108.479	177.098	583	217	174	168	163	160	156	153	147	141	126	107.191	1200.691	1875	1624	1494	1371	1263	1181	1109	1025	925	798	530	1	125	271.159	1877.537	0	0	0	388	401.824	0	0	1036	1023.592	0	0	0	0	0	0	0	0	0	0	0	0	0	0	0	0	0
234	234	2263	404.938	1881.590	0.860	66	1791	310	51	15	66	1791	310	51	15	108.434	161.603	1289	160	137	136	134	133	131	129	126	123	116	105.249	2222.377	3492	3210	2897	2690	2487	2291	2079	1854	1518	1116	806	1	114	407.519	1864.824	0	0	0	565	633.228	0	0	1971	2019.298	0	0	0	0	0	0	0	0	0	0	0	0	0	0	0	0	0
235	235	1970	927.993	1881.405	0.843	92	159	450	1170	71	92	159	450	1170	71	111.000	161.426	973	199	137	133	131	129	128	126	123	121	115	103.618	371.455	529	481	452	426	408	388	365	340	289	223	165	1	135	926.589	1891.707	0	0	0	485	521.304	0	0	397	408.615	0	0	0	0	0	0	0	0	0	0	0	0	0	0	0	0	0
236	236	1592	167.806	1881.213	0.885	104	516	765	160	24	104	516	765	160	24	106.739	114.578	125	119	117	116	115	114	113	113	112	112	109	104.736	189.986	244	214	207	202	197	193	188	183	173	160	131	0	0	0.000	0.000	0	0	0	0	0.000	0	0	0	0.000	0	0	0	0	0	0	0	0	0	0	0	0	0	0	0	0	0
237	237	583	1472.058	1875.921	0.708	23	81	221	208	43	23	81	221	208	43	113.058	191.669	253	233	224	213	201	190	179	169	160	152	146	106.823	142.496	180	168	162	152	143	138	133	130	127	125	121	0	0	0.000	0.000	0	0	0	0	0.000	0	0	0	0.000	0	0	0	0	0	0	0	0	0	0	0	0	0	0	0	0	0
238	238	1072	1518.190	1892.015	0.928	28	77	485	408	50	28	77	485	408	50	116.512	177.630	220	205	198	193	187	179	172	163	155	149	131	107.927	2241.438	3201	2921	2778	2593	2437	2322	2194	2021	1803	1377	539	0	0	0.000	0.000	0	0	0	0	0.000	0	0	0	0.000	0	0	0	0	0	0	0	0	0	0	0	0	0	0	0	0	0
239	239	604	1417.375	1891.631	0.935	310	176	36	64	14	310	176	36	64	14	112.432	130.922	140	136	135	134	133	132	130	128	127	124	120	106.028	1892.594	2618	2406	2275	2152	2032	1928	1812	1699	1544	1290	796	0	0	0.000	0.000	0	0	0	0	0.000	0	0	0	0.000	0	0	0	0	0	0	0	0	0	0	0	0	0	0	0	0	0
240	240	1950	1570.694	1897.951	0.889	102	100	300	1188	228	102	100	300	1188	228	116.838	178.486	272	216	205	195	185	175	166	158	152	146	135	109.228	1873.729	3390	2836	2541	2298	2078	1856	1626	1391	1158	967	673	0	0	0.000	0.000	0	0	0	0	0.000	0	0	0	0.000	0	0	0	0	0	0	0	0	0	0	0	0	0	0	0	0	0
241	241	1619	1634.630	1901.750	0.876	232	1003	337	16	6	232	1003	337	16	6	113.216	159.981	221	183	175	169	164	161	156	148	142	136	128	109.657	1985.881	3604	3090	2730	2420	2141	1903	1693	1502	1286	972	612	0	0	0.000	0.000	0	0	0	0	0.000	0	0	0	0.000	0	0	0	0	0	0	0	0	0	0	0	0	0	0	0	0	0
242	242	1308	225.105	1905.536	0.903	30	61	389	705	103	30	61	389	705	103	107.529	119.513	127	124	123	122	121	120	119	118	116	115	109	106.067	1134.080	1660	1531	1426	1318	1254	1163	1066	956	835	705	510	0	0	0.000	0.000	0	0	0	0	0.000	0	0	0	0.000	0	0	0	0	0	0	0	0	0	0	0	0	0	0	0	0	0
243	243	784	304.415	1903.798	0.905	81	161	286	183	59	81	161	286	183	59	108.000	135.710	147	143	141	140	139	137	135	132	130	127	120	107.000	2002.672	2689	2482	2378	2276	2172	2078	1961	1803	1651	1406	879	0	0	0.000	0.000	0	0	0	0	0.000	0	0	0	0.000	0	0	0	0	0	0	0	0	0	0	0	0	0	0	0	0	0
244	244	1777	1160.351	1914.668	0.857	10	283	1010	408	42	10	283	1010	408	42	111.425	126.330	232	132	126	125	123	123	122	121	120	118	114	105.113	619.293	983	875	816	762	699	638	551	473	412	361	250	1	98	1157.156	1899.505	0	0	0	177	179.561	0	0	534	525.949	0	0	0	0	0	0	0	0	0	0	0	0	0	0	0	0	0
245	245	1588	960.565	1916.162	0.904	116	949	382	110	11	116	949	382	110	11	111.000	198.195	243	230	221	212	205	198	191	184	177	167	149	104.372	435.154	594	546	519	496	465	438	414	386	354	316	237	0	0	0.000	0.000	0	0	0	0	0.000	0	0	0	0.000	0	0	0	0	0	0	0	0	0	0	0	0	0	0	0	0	0
246	246	1453	116.900	1921.893	0.883	42	214	693	427	45	42	214	693	427	45	104.931	455.820	7037	812	260	197	162	144	136	131	127	122	114	103.284	130.139	166	153	142	136	130	126	123	121	119	116	110	1	128	114.513	1938.225	0	0	0	2809	3131.023	0	0	145	142.930	0	0	0	0	0	0	0	0	0	0	0	0	0	0	0	0	0
247	247	1601	1453.846	1920.393	0.891	295	1121	150	11	7	295	1121	150	11	7	118.211	180.066	238	215	208	201	191	179	169	161	154	144	132	107.507	2892.682	4550	4154	3779	3468	3124	2882	2688	2373	2005	1553	1254	0	0	0.000	0.000	0	0	0	0	0.000	0	0	0	0.000	0	0	0	0	0	0	0	0	0	0	0	0	0	0	0	0	0
248	248	1262	28.654	1926.167	0.912	53	485	651	34	10	53	485	651	34	10	102.243	111.247	125	118	113	112	111	110	109	109	108	108	105	100.666	110.990	119	115	114	113	112	111	110	109	108	107	104	0	0	0.000	0.000	0	0	0	0	0.000	0	0	0	0.000	0	0	0	0	0	0	0	0	0	0	0	0	0	0	0	0	0
249	249	1413	1102.794	1922.866	0.869	26	107	650	541	44	26	107	650	541	44	110.874	120.955	132	125	123	122	121	120	120	119	119	118	115	104.014	854.328	1193	1119	1036	981	922	862	810	741	674	574	435	0	0	0.000	0.000	0	0	0	0	0.000	0	0	0	0.000	0	0	0	0	0	0	0	0	0	0	0	0	0	0	0	0	0
250	250	1824	158.518	1938.603	0.879	50	246	1187	281	19	50	246	1187	281	19	105.029	115.248	128	122	119	117	115	114	114	113	112	111	107	104.573	682.561	1075	962	896	835	764	697	619	548	470	383	184	0	0	0.000	0.000	0	0	0	0	0.000	0	0	0	0.000	0	0	0	0	0	0	0	0	0	0	0	0	0	0	0	0	0
251	251	1961	203.177	1955.373	0.775	16	87	820	926	76	16	87	820	926	76	105.701	116.680	124	121	119	118	117	117	116	115	114	113	109	105.170	926.501	1583	1332	1240	1166	1063	950	832	719	611	469	262	0	0	0.000	0.000	0	0	0	0	0.000	0	0	0	0.000	0	0	0	0	0	0	0	0	0	0	0	0	0	0	0	0	0
252	252	2939	1188.844	1960.581	0.887	45	443	1703	653	38	45	443	1703	653	38	111.377	186.488	223	212	207	202	197	191	184	175	164	153	130	106.000	1028.368	1522	1434	1357	1271	1160	1049	945	843	719	560	274	0	0	0.000	0.000	0	0	0	0	0.000	0	0	0	0.000	0	0	0	0	0	0	0	0	0	0	0	0	0	0	0	0	0
253	253	1544	1643.574	1954.676	0.898	15	140	927	403	32	15	140	927	403	32	117.580	156.734	182	173	170	167	164	159	154	148	141	136	128	110.658	4179.653	6808	5935	5519	5167	4858	4493	3991	3344	2651	1920	1192	0	0	0.000	0.000	0	0	0	0	0.000	0	0	0	0.000	0	0	0	0	0	0	0	0	0	0	0	0	0	0	0	0	0
254	254	1842	1995.577	1957.897	0.843	375	1181	234	15	8	375	1181	234	15	8	107.428	342.377	448	411	392	375	359	348	335	321	303	259	186	103.410	1145.755	1794	1537	1434	1362	1277	1178	1076	932	818	694	531	0	0	0.000	0.000	0	0	0	0	0.000	0	0	0	0.000	0	0	0	0	0	0	0	0	0	0	0	0	0	0	0	0	0
255	255	1582	929.380	1968.084	0.907	41	138	956	395	25	41	138	956	395	25	110.142	195.530	669	366	228	171	150	143	140	136	132	129	123	104.917	1995.106	3232	2961	2619	2387	2229	2048	1808	1589	1344	1021	669	1	274	919.993	1966.229	0	0	0	394	406.237	0	0	2631	2438.624	0	0	0	0	0	0	0	0	0	0	0	0	0	0	0	0	0
256	256	2126	1133.553	1972.244	0.910	83	571	1283	127	27	83	571	1283	127	27	110.985	459.278	5533	1026	296	202	189	178	165	156	146	137	125	105.445	807.858	1319	1218	1134	1026	910	812	710	609	490	390	195	1	205	1137.189	1977.964	0	0	0	2392	2646.780	0	0	1001	956.020	0	0	0	0	0	0	0	0	0	0	0	0	0	0	0	0	0
257	257	1739	125.245	1984.557	0.879	22	449	1157	63	9	22	449	1157	63	9	103.150	111.397	117	114	113	112	112	111	111	110	110	109	107	102.580	750.611	1079	974	925	885	833	776	717	647	563	473	335	0	0	0.000	0.000	0	0	0	0	0.000	0	0	0	0.000	0	0	0	0	0	0	0	0	0	0	0	0	0	0	0	0	0
258	258	1648	878.023	1986.111	0.903	9	39	517	873	182	9	39	517	873	182	108.996	126.280	146	138	132	128	126	125	124	122	121	119	115	103.880	2074.259	3169	2877	2628	2481	2308	2107	1894	1709	1537	1245	824	0	0	0.000	0.000	0	0	0	0	0.000	0	0	0	0.000	0	0	0	0	0	0	0	0	0	0	0	0	0	0	0	0	0
259	259	1732	248.797	1991.005	0.794	47	422	927	266	31	47	422	927	266	31	105.666	118.766	131	124	123	122	121	119	118	116	115	113	109	104.743	1145.759	1767	1591	1525	1453	1359	1243	1106	933	750	488	332	0	0	0.000	0.000	0	0	0	0	0.000	0	0	0	0.000	0	0	0	0	0	0	0	0	0	0	0	0	0	0	0	0	0
260	260	1489	1012.586	1996.139	0.905	201	892	288	78	10	201	892	288	78	10	109.530	233.271	399	297	280	263	248	234	215	199	185	165	137	103.389	124.962	138	131	129	128	127	126	124	123	121	118	108	0	0	0.000	0.000	0	0	0	0	0.000	0	0	0	0.000	0	0	0	0	0	0	0	0	0	0	0	0	0	0	0	0	0
261	261	2609	702.075	2008.229	0.861	164	1701	652	36	16	164	1701	652	36	16	108.507	1188.248	13210	4222	705	159	130	127	126	124	123	120	113	103.747	721.610	1216	1101	983	865	775	700	616	539	485	406	302	1	393	701.105	1986.013	0	0	0	6089	6602.705	0	0	1064	936.885	0	0	0	0	0	0	0	0	0	0	0	0	0	0	0	0	0
262	262	1752	1484.401	2000.574	0.872	169	519	685	318	19	169	519	685	318	19	128.260	294.592	316	307	302	299	296	294	292	290	288	284	272	109.135	1259.453	2033	1684	1503	1425	1350	1275	1195	1100	988	797	464	0	0	0.000	0.000	0	0	0	0	0.000	0	0	0	0.000	0	0	0	0	0	0	0	0	0	0	0	0	0	0	0	0	0
263	263	2006	1648.786	2005.886	0.876	49	252	1387	265	12	49	252	1387	265	12	120.077	207.995	1152	303	188	180	173	165	154	148	143	135	126	120.158	3795.203	6579	5648	5184	4685	4261	3801	3376	2991	2535	1723	1089	1	173	1656.901	2003.506	0	0	0	589	635.977	0	0	3635	3702.988	0	0	0	0	0	0	0	0	0	0	0	0	0	0	0	0	0
264	264	2358	441.157	2009.492	0.882	136	1540	565	70	6	136	1540	565	70	6	106.383	117.497	125	121	120	119	118	118	117	116	115	114	110	103.606	3265.972	4746	4244	3957	3726	3546	3370	3196	2991	2740	2105	875	0	0	0.000	0.000	0	0	0	0	0.000	0	0	0	0.000	0	0	0	0	0	0	0	0	0	0	0	0	0	0	0	0	0
265	265	1577	1175.805	2011.369	0.860	498	1025	21	4	4	498	1025	21	4	4	110.472	228.689	293	279	271	263	252	236	217	199	182	168	147	105.954	1383.263	2083	1940	1848	1763	1666	1521	1310	1083	854	627	292	0	0	0.000	0.000	0	0	0	0	0.000	0	0	0	0.000	0	0	0	0	0	0	0	0	0	0	0	0	0	0	0	0	0
266	266	483	286.734	2009.155	0.901	38	46	312	74	8	38	46	312	74	8	105.211	117.520	124	122	120	119	119	118	117	116	115	113	109	104.195	888.174	1295	1152	1086	1032	972	894	830	777	711	597	334	0	0	0.000	0.000	0	0	0	0	0.000	0	0	0	0.000	0	0	0	0	0	0	0	0	0	0	0	0	0	0	0	0	0
267	267	1738	926.535	2021.521	0.862	18	157	916	567	51	18	157	916	567	51	108.357	127.126	273	135	126	124	123	122	121	121	120	118	114	103.500	1567.016	2650	2247	2042	1915	1775	1630	1454	1256	1049	788	486	1	89	928.606	2012.701	0	0	0	196	199.303	0	0	1998	1956.506	0	0	0	0	0	0	0	0	0	0	0	0	0	0	0	0	0
268	268	1849	1540.858	2020.745	0.832	77	133	513	1013	79	77	133	513	1013	79	130.131	337.357	1743	374	305	297	292	289	286	281	272	262	244	120.645	1078.972	1801	1648	1541	1416	1291	1153	969	756	557	424	181	1	89	1530.723	2029.963	0	0	0	1095	1123.494	0	0	1578	1513.708	0	0	0	0	0	0	0	0	0	0	0	0	0	0	0	0	0
