 	cell	area	x	y	circ	BFI_lev_b1	BFI_lev_b2	BFI_lev_b3	BFI_lev_b4	BFI_lev_b5	BFO_lev_b1	BFO_lev_b2	BFO_lev_b3	BFO_lev_b4	BFO_lev_b5	RFP_int_bg	RFP_int_mean	RFP_int_b0	RFP_int_b1	RFP_int_b2	RFP_int_b3	RFP_int_b4	RFP_int_b5	RFP_int_b6	RFP_int_b7	RFP_int_b8	RFP_int_b9	RFP_int_b10	GFP_int_bg	GFP_int_mean	GFP_int_b0	GFP_int_b1	GFP_int_b2	GFP_int_b3	GFP_int_b4	GFP_int_b5	GFP_int_b6	GFP_int_b7	GFP_int_b8	GFP_int_b9	GFP_int_b10	inRFPnfoci	f1_inRFParea	f1_inRFPx	f1_inRFPy	f2_inRFParea	f2_inRFPx	f2_inRFPy	f1_inRFP_toRFPmed	f1_inRFP_toRFPmean	f2_inRFP_toRFPmed	f2_inRFP_toRFPmean	f1_inRFP_toGFPmed	f1_inRFP_toGFPmean	f2_inRFP_toGFPmed	f2_inRFP_toGFPmean	inGFPnfoci	f1_inGFParea	f1_inGFPx	f1_inGFPy	f2_inGFParea	f2_inGFPx	f2_inGFPy	f1_inGFP_toRFPmed	f1_inGFP_toRFPmean	f2_inGFP_toRFPmed	f2_inGFP_toRFPmean	f1_inGFP_toGFPmed	f1_inGFP_toGFPmean	f2_inGFP_toGFPmed	f2_inGFP_toGFPmean
1	1	1684	1225.979	36.716	0.896	42	242	1048	293	7	42	242	1048	293	7	105.996	124.593	135	131	129	128	127	125	123	122	120	118	113	106.812	410.828	613	533	497	462	436	420	397	368	329	269	212	0	0	0.000	0.000	0	0	0	0	0.000	0	0	0	0.000	0	0	0	0	0	0	0	0	0	0	0	0	0	0	0	0	0
2	2	457	1030.717	35.692	0.901	93	197	106	37	18	93	197	106	37	18	106.943	1271.103	6539	3195	1692	1112	831	741	653	581	525	488	429	105.726	140.700	211	165	147	142	139	136	132	130	128	126	122	1	66	1027.013	33.504	0	0	0	3545	3756.758	0	0	172	169.136	0	0	0	0	0	0	0	0	0	0	0	0	0	0	0	0	0
3	3	2535	870.506	71.190	0.895	64	462	1331	568	67	64	462	1331	568	67	108.547	389.755	636	513	486	466	444	413	369	320	272	231	164	106.058	1330.420	2224	1918	1804	1688	1564	1427	1249	1026	785	599	319	0	0	0.000	0.000	0	0	0	0	0.000	0	0	0	0.000	0	0	0	0	0	0	0	0	0	0	0	0	0	0	0	0	0
4	4	1604	324.951	72.452	0.847	65	275	622	517	100	65	275	622	517	100	106.851	117.426	134	123	120	119	118	117	116	115	114	112	110	102.000	2070.171	3320	2933	2699	2522	2331	2168	1983	1757	1444	987	398	0	0	0.000	0.000	0	0	0	0	0.000	0	0	0	0.000	0	0	0	0	0	0	0	0	0	0	0	0	0	0	0	0	0
5	5	2207	812.499	82.364	0.908	147	1207	733	69	11	147	1207	733	69	11	108.541	403.601	628	525	481	463	440	414	382	345	309	271	186	104.632	1073.212	1954	1543	1437	1326	1239	1108	964	819	673	520	337	0	0	0.000	0.000	0	0	0	0	0.000	0	0	0	0.000	0	0	0	0	0	0	0	0	0	0	0	0	0	0	0	0	0
6	6	1214	1686.670	103.892	0.904	96	652	399	42	5	96	652	399	42	5	107.979	123.366	163	134	129	125	122	121	120	118	117	116	112	102.000	119.873	144	129	125	122	120	119	117	116	114	112	106	1	29	1681.304	103.469	0	0	0	153	153.586	0	0	139	138.655	0	0	0	0	0	0	0	0	0	0	0	0	0	0	0	0	0
7	7	1053	190.196	115.925	0.915	81	305	501	135	12	81	305	501	135	12	106.868	165.364	689	178	166	160	155	150	145	139	132	124	116	102.000	125.176	146	134	130	128	126	125	124	122	120	117	108	1	67	179.177	106.442	0	0	0	403	407.582	0	0	125	123.313	0	0	0	0	0	0	0	0	0	0	0	0	0	0	0	0	0
8	8	1524	59.244	133.259	0.916	54	186	747	452	49	54	186	747	452	49	104.867	113.503	122	116	115	115	114	113	113	112	111	111	107	101.962	764.299	1124	1044	981	928	870	807	736	649	536	404	228	0	0	0.000	0.000	0	0	0	0	0.000	0	0	0	0.000	0	0	0	0	0	0	0	0	0	0	0	0	0	0	0	0	0
9	9	1708	819.087	137.958	0.848	36	96	463	950	129	36	96	463	950	129	109.000	423.524	592	553	530	511	485	451	409	358	303	250	178	103.648	1416.165	1965	1840	1753	1698	1623	1524	1397	1233	1042	812	436	0	0	0.000	0.000	0	0	0	0	0.000	0	0	0	0.000	0	0	0	0	0	0	0	0	0	0	0	0	0	0	0	0	0
10	10	1712	1811.117	143.338	0.884	924	704	21	12	7	924	704	21	12	7	107.425	191.978	1784	215	152	144	140	138	135	133	129	124	114	103.047	144.273	165	154	151	148	147	145	143	141	138	134	121	1	109	1800.653	129.611	0	0	0	787	851.679	0	0	149	147.963	0	0	0	0	0	0	0	0	0	0	0	0	0	0	0	0	0
11	11	1473	305.704	157.990	0.892	168	813	399	44	17	168	813	399	44	17	107.071	116.561	125	121	119	118	117	116	116	115	114	113	108	102.000	123.952	138	132	129	127	125	124	122	121	120	118	109	0	0	0.000	0.000	0	0	0	0	0.000	0	0	0	0.000	0	0	0	0	0	0	0	0	0	0	0	0	0	0	0	0	0
12	12	1698	1936.015	164.609	0.899	74	75	211	1086	224	74	75	211	1086	224	106.487	118.850	130	123	121	120	120	119	118	117	116	114	111	103.000	2394.561	3492	3232	3036	2862	2689	2492	2289	2068	1747	1336	879	0	0	0.000	0.000	0	0	0	0	0.000	0	0	0	0.000	0	0	0	0	0	0	0	0	0	0	0	0	0	0	0	0	0
13	13	1618	689.028	174.331	0.834	37	597	863	74	14	37	597	863	74	14	108.440	271.994	2369	679	176	126	119	117	116	115	115	114	111	103.484	147.889	193	172	163	157	152	145	140	136	132	128	115	1	204	687.433	182.927	0	0	0	1135	1210.186	0	0	175	173.363	0	0	0	0	0	0	0	0	0	0	0	0	0	0	0	0	0
14	14	1644	149.518	186.369	0.904	29	255	1101	193	35	29	255	1101	193	35	107.000	304.328	2166	799	298	163	141	137	133	130	126	122	113	103.000	229.950	344	295	268	257	244	232	218	200	180	162	134	1	264	145.503	174.564	0	0	0	973	1076.864	0	0	299	290.689	0	0	0	0	0	0	0	0	0	0	0	0	0	0	0	0	0
15	15	1508	625.767	181.416	0.862	56	473	775	161	17	56	473	775	161	17	108.910	120.475	148	132	126	123	120	118	116	115	114	113	111	103.000	162.381	188	177	173	171	168	165	161	157	150	143	134	1	182	638.578	175.910	0	0	0	132	133.786	0	0	164	161.874	0	0	0	0	0	0	0	0	0	0	0	0	0	0	0	0	0
16	16	1419	734.983	187.469	0.916	25	223	744	362	27	25	223	744	362	27	109.000	116.999	131	121	120	118	117	116	116	115	114	113	110	103.011	153.734	176	167	163	161	158	156	153	151	147	137	112	1	100	734.826	182.981	0	0	0	124	124.590	0	0	155	155.510	0	0	0	0	0	0	0	0	0	0	0	0	0	0	0	0	0
17	17	1834	1822.613	194.957	0.866	109	478	949	225	42	109	478	949	225	42	108.124	198.068	998	301	178	170	161	155	150	147	143	137	120	104.064	147.161	175	159	156	153	150	148	145	141	138	134	120	1	162	1837.528	208.789	0	0	0	532	566.519	0	0	152	150.086	0	0	0	0	0	0	0	0	0	0	0	0	0	0	0	0	0
18	18	2146	46.914	214.944	0.900	162	172	1253	499	28	162	172	1253	499	28	105.842	272.107	356	334	324	311	296	282	264	245	220	193	141	103.031	2229.727	3321	3082	2917	2710	2497	2281	2100	1874	1652	1262	465	0	0	0.000	0.000	0	0	0	0	0.000	0	0	0	0.000	0	0	0	0	0	0	0	0	0	0	0	0	0	0	0	0	0
19	19	1863	782.326	211.885	0.902	376	1156	239	51	10	376	1156	239	51	10	109.000	119.709	133	126	123	122	120	119	118	117	116	115	112	103.052	121.963	132	127	125	124	123	122	121	120	119	117	110	0	0	0.000	0.000	0	0	0	0	0.000	0	0	0	0.000	0	0	0	0	0	0	0	0	0	0	0	0	0	0	0	0	0
20	20	1862	198.492	217.423	0.865	91	1357	324	43	16	91	1357	324	43	16	106.766	151.844	851	159	138	135	133	131	128	126	123	120	116	102.483	230.194	299	280	267	257	249	236	222	206	192	172	144	1	101	190.228	203.550	0	0	0	438	465.941	0	0	273	266.861	0	0	0	0	0	0	0	0	0	0	0	0	0	0	0	0	0
21	21	1463	1169.230	216.877	0.886	124	420	850	40	5	124	420	850	40	5	110.133	185.967	235	215	206	200	195	189	183	174	163	152	132	103.000	128.060	142	134	132	131	130	128	127	126	124	121	110	0	0	0.000	0.000	0	0	0	0	0.000	0	0	0	0.000	0	0	0	0	0	0	0	0	0	0	0	0	0	0	0	0	0
22	22	1832	1273.117	220.981	0.872	132	1081	469	74	33	132	1081	469	74	33	110.509	164.974	199	189	184	177	171	165	159	154	147	142	125	102.000	138.008	170	154	149	145	141	137	134	131	127	123	108	0	0	0.000	0.000	0	0	0	0	0.000	0	0	0	0.000	0	0	0	0	0	0	0	0	0	0	0	0	0	0	0	0	0
23	23	1985	134.102	241.492	0.887	101	430	1007	366	42	101	430	1007	366	42	107.000	262.401	391	352	326	307	289	265	240	214	193	173	147	103.163	845.295	1303	1211	1117	1016	944	870	779	677	572	451	337	0	0	0.000	0.000	0	0	0	0	0.000	0	0	0	0.000	0	0	0	0	0	0	0	0	0	0	0	0	0	0	0	0	0
24	24	380	163.327	220.011	0.854	69	164	72	37	32	69	164	72	37	32	107.000	120.068	134	126	123	121	120	119	118	118	117	116	114	102.995	181.618	238	206	197	190	185	181	177	171	167	159	138	0	0	0.000	0.000	0	0	0	0	0.000	0	0	0	0.000	0	0	0	0	0	0	0	0	0	0	0	0	0	0	0	0	0
25	25	1590	1794.369	245.069	0.892	158	1219	152	22	11	158	1219	152	22	11	108.761	120.971	128	124	123	123	122	121	121	120	119	117	113	105.000	1483.711	2461	2203	2015	1864	1675	1480	1295	1121	934	767	554	0	0	0.000	0.000	0	0	0	0	0.000	0	0	0	0.000	0	0	0	0	0	0	0	0	0	0	0	0	0	0	0	0	0
26	26	911	1239.954	254.740	0.923	142	167	243	256	87	142	167	243	256	87	111.000	153.499	176	169	167	164	160	155	150	144	139	135	128	102.000	132.327	157	150	145	140	136	132	129	125	120	114	107	0	0	0.000	0.000	0	0	0	0	0.000	0	0	0	0.000	0	0	0	0	0	0	0	0	0	0	0	0	0	0	0	0	0
27	27	1811	1073.623	258.325	0.883	48	1157	539	29	11	48	1157	539	29	11	109.316	120.713	128	124	123	122	122	121	120	119	118	117	114	103.782	3296.149	5804	4852	4501	4155	3827	3468	2995	2560	2038	1496	717	0	0	0.000	0.000	0	0	0	0	0.000	0	0	0	0.000	0	0	0	0	0	0	0	0	0	0	0	0	0	0	0	0	0
28	28	1855	1135.275	266.794	0.832	50	383	1013	338	35	50	383	1013	338	35	110.857	339.864	2431	585	347	272	238	225	213	201	186	162	129	102.903	118.853	136	126	123	121	120	118	117	116	115	113	107	1	164	1125.450	262.123	0	0	0	1206	1283.506	0	0	122	122.549	0	0	0	0	0	0	0	0	0	0	0	0	0	0	0	0	0
29	29	2130	1700.387	266.375	0.891	72	697	1162	129	20	72	697	1162	129	20	109.007	186.112	1459	235	152	145	142	139	137	133	129	126	117	104.063	147.513	175	160	157	154	151	148	145	142	138	134	117	1	141	1713.283	274.377	0	0	0	680	743.624	0	0	162	161.220	0	0	0	0	0	0	0	0	0	0	0	0	0	0	0	0	0
30	30	2216	75.816	271.135	0.856	60	1214	830	66	14	60	1214	830	66	14	106.907	461.120	4370	984	357	269	238	214	196	182	172	164	136	103.841	1508.144	2741	2401	2109	1887	1734	1518	1289	1052	837	695	434	1	237	85.853	276.560	0	0	0	2049	2219.814	0	0	2466	2402.591	0	0	0	0	0	0	0	0	0	0	0	0	0	0	0	0	0
31	31	1959	769.821	272.354	0.878	82	315	1095	412	20	82	315	1095	412	20	109.939	153.169	270	166	163	160	157	153	150	146	141	135	123	104.000	1727.221	2514	2331	2230	2109	1976	1817	1655	1462	1228	908	578	0	0	0.000	0.000	0	0	0	0	0.000	0	0	0	0.000	0	0	0	0	0	0	0	0	0	0	0	0	0	0	0	0	0
32	32	2108	1756.261	274.439	0.877	173	1342	519	18	6	173	1342	519	18	6	108.991	140.418	378	172	137	132	130	128	126	124	122	120	115	105.053	1397.635	2362	2065	1904	1771	1622	1460	1286	1048	832	644	343	1	172	1757.031	275.619	0	0	0	251	257.238	0	0	1009	1167.988	0	0	0	0	0	0	0	0	0	0	0	0	0	0	0	0	0
33	33	1382	1826.925	280.157	0.903	16	174	700	362	88	16	174	700	362	88	108.000	122.374	137	130	127	126	124	122	120	118	117	116	113	104.292	1610.284	2870	2455	2209	1992	1803	1593	1364	1163	989	819	588	0	0	0.000	0.000	0	0	0	0	0.000	0	0	0	0.000	0	0	0	0	0	0	0	0	0	0	0	0	0	0	0	0	0
34	34	2326	829.411	284.857	0.887	18	257	1159	784	62	18	257	1159	784	62	109.000	184.874	840	255	175	166	161	155	151	146	139	130	116	103.831	1625.851	2422	2218	2082	1963	1865	1754	1618	1452	1162	746	404	1	175	827.713	277.655	0	0	0	479	498.457	0	0	1821	1799.806	0	0	0	0	0	0	0	0	0	0	0	0	0	0	0	0	0
35	35	1729	657.514	286.301	0.893	127	892	587	79	13	127	892	587	79	13	108.564	121.920	133	127	125	124	123	122	121	120	118	116	111	103.549	2250.440	3685	2897	2716	2573	2435	2302	2159	1969	1807	1509	776	0	0	0.000	0.000	0	0	0	0	0.000	0	0	0	0.000	0	0	0	0	0	0	0	0	0	0	0	0	0	0	0	0	0
36	36	2228	154.759	303.244	0.863	55	642	1255	206	18	55	642	1255	206	18	107.141	311.191	455	414	386	364	338	314	290	261	234	202	167	103.335	1482.325	2274	2094	1956	1807	1639	1474	1343	1209	1051	839	542	0	0	0.000	0.000	0	0	0	0	0.000	0	0	0	0.000	0	0	0	0	0	0	0	0	0	0	0	0	0	0	0	0	0
37	37	1400	1044.773	306.893	0.875	46	484	775	65	11	46	484	775	65	11	109.106	121.022	131	126	124	123	122	121	120	119	118	116	113	103.000	2984.251	5259	4274	4004	3674	3384	3128	2817	2402	1937	1376	795	0	0	0.000	0.000	0	0	0	0	0.000	0	0	0	0.000	0	0	0	0	0	0	0	0	0	0	0	0	0	0	0	0	0
38	38	2025	1214.311	308.651	0.902	181	1117	519	146	23	181	1117	519	146	23	110.761	335.329	2382	779	328	220	195	183	173	160	149	138	128	102.555	133.551	159	145	143	141	139	136	132	127	123	119	108	1	267	1217.846	315.944	0	0	0	1114	1219.835	0	0	143	140.577	0	0	0	0	0	0	0	0	0	0	0	0	0	0	0	0	0
39	39	1715	1957.738	309.583	0.866	51	542	822	251	16	51	542	822	251	16	107.663	123.395	135	129	127	126	124	123	122	121	120	118	111	102.172	1375.134	2126	1892	1741	1616	1505	1383	1268	1133	992	857	605	0	0	0.000	0.000	0	0	0	0	0.000	0	0	0	0.000	0	0	0	0	0	0	0	0	0	0	0	0	0	0	0	0	0
40	40	580	468.061	308.523	0.922	228	81	138	95	33	228	81	138	95	33	109.000	166.064	196	192	186	178	171	164	158	152	149	144	138	105.000	1928.391	2953	2703	2534	2379	2223	2031	1794	1542	1272	1028	731	0	0	0.000	0.000	0	0	0	0	0.000	0	0	0	0.000	0	0	0	0	0	0	0	0	0	0	0	0	0	0	0	0	0
41	41	1914	1529.804	316.122	0.865	13	100	853	800	105	13	100	853	800	105	108.959	119.513	130	125	123	122	120	119	118	117	116	115	112	101.688	185.708	251	221	209	200	192	184	177	171	163	153	130	0	0	0.000	0.000	0	0	0	0	0.000	0	0	0	0.000	0	0	0	0	0	0	0	0	0	0	0	0	0	0	0	0	0
42	42	1398	1729.889	313.599	0.892	86	481	765	33	6	86	481	765	33	6	109.000	123.854	141	132	128	126	125	124	122	121	119	117	112	104.166	140.374	274	152	149	146	144	141	137	134	131	127	120	0	0	0.000	0.000	0	0	0	0	0.000	0	0	0	0.000	0	0	0	0	0	0	0	0	0	0	0	0	0	0	0	0	0
43	43	1334	1366.205	317.299	0.886	65	354	677	186	27	65	354	677	186	27	109.000	115.929	121	118	117	117	116	116	115	115	115	114	111	102.181	138.852	163	154	150	147	144	142	139	134	130	116	103	0	0	0.000	0.000	0	0	0	0	0.000	0	0	0	0.000	0	0	0	0	0	0	0	0	0	0	0	0	0	0	0	0	0
44	44	1299	1475.950	318.725	0.867	60	82	598	500	31	60	82	598	500	31	109.000	120.327	131	127	124	123	121	120	119	118	116	115	112	102.000	211.160	276	253	240	230	221	212	201	192	184	170	139	0	0	0.000	0.000	0	0	0	0	0.000	0	0	0	0.000	0	0	0	0	0	0	0	0	0	0	0	0	0	0	0	0	0
45	45	1052	2011.144	320.661	0.857	103	371	441	101	15	103	371	441	101	15	105.732	143.971	176	163	158	155	151	147	143	138	128	118	110	101.551	124.568	153	137	134	131	128	125	123	120	114	109	104	0	0	0.000	0.000	0	0	0	0	0.000	0	0	0	0.000	0	0	0	0	0	0	0	0	0	0	0	0	0	0	0	0	0
46	46	730	612.321	316.557	0.858	19	77	337	239	40	19	77	337	239	40	108.999	151.730	169	164	162	159	157	154	150	146	142	136	127	104.604	133.686	144	140	138	137	135	134	132	131	130	128	120	0	0	0.000	0.000	0	0	0	0	0.000	0	0	0	0.000	0	0	0	0	0	0	0	0	0	0	0	0	0	0	0	0	0
47	47	749	1140.895	323.094	0.926	196	331	196	10	5	196	331	196	10	5	111.000	207.713	359	258	249	233	217	204	190	177	166	154	140	103.000	119.742	136	129	125	122	120	118	117	116	115	113	106	0	0	0.000	0.000	0	0	0	0	0.000	0	0	0	0.000	0	0	0	0	0	0	0	0	0	0	0	0	0	0	0	0	0
48	48	2181	494.288	342.078	0.895	50	104	725	1213	55	50	104	725	1213	55	108.998	575.186	9076	838	228	214	209	204	199	194	182	162	128	105.879	2422.228	3302	3017	2908	2793	2686	2539	2404	2223	2009	1637	610	1	183	492.292	326.068	0	0	0	3815	4248.104	0	0	2858	2760.027	0	0	0	0	0	0	0	0	0	0	0	0	0	0	0	0	0
49	49	1628	717.837	345.284	0.909	333	976	240	42	11	333	976	240	42	11	109.000	122.198	141	132	128	123	121	120	119	119	118	117	112	105.426	2373.356	3355	3070	2878	2735	2607	2455	2295	2111	1877	1525	967	0	0	0.000	0.000	0	0	0	0	0.000	0	0	0	0.000	0	0	0	0	0	0	0	0	0	0	0	0	0	0	0	0	0
50	50	2001	1596.800	354.966	0.894	144	1258	510	47	7	144	1258	510	47	7	109.636	116.354	129	120	118	117	117	116	116	115	114	113	110	103.000	144.090	163	156	154	152	150	147	144	140	133	126	109	0	0	0.000	0.000	0	0	0	0	0.000	0	0	0	0.000	0	0	0	0	0	0	0	0	0	0	0	0	0	0	0	0	0
51	51	592	172.988	346.061	0.895	28	84	250	181	40	28	84	250	181	40	107.860	226.188	295	266	257	249	238	230	221	212	197	174	139	104.968	867.269	1209	1111	1059	998	948	899	854	779	662	546	364	0	0	0.000	0.000	0	0	0	0	0.000	0	0	0	0.000	0	0	0	0	0	0	0	0	0	0	0	0	0	0	0	0	0
52	52	1890	1102.398	357.813	0.810	68	474	1065	229	24	68	474	1065	229	24	110.214	340.022	1384	609	414	322	288	270	246	222	199	177	143	103.003	120.254	134	127	125	123	122	120	119	117	116	114	106	1	167	1112.807	355.260	0	0	0	918	936.180	0	0	126	125.365	0	0	0	0	0	0	0	0	0	0	0	0	0	0	0	0	0
53	53	750	1159.791	349.054	0.817	31	377	238	61	31	31	377	238	61	31	110.995	177.364	292	195	183	180	177	175	172	168	164	159	144	103.057	124.521	134	130	129	128	127	126	124	122	119	117	112	0	0	0.000	0.000	0	0	0	0	0.000	0	0	0	0.000	0	0	0	0	0	0	0	0	0	0	0	0	0	0	0	0	0
54	54	2430	121.803	367.598	0.889	202	1486	642	45	4	202	1486	642	45	4	107.578	116.316	125	121	119	118	117	116	115	114	114	113	110	104.751	1937.754	3231	2714	2453	2258	2107	1956	1820	1635	1390	1143	721	0	0	0.000	0.000	0	0	0	0	0.000	0	0	0	0.000	0	0	0	0	0	0	0	0	0	0	0	0	0	0	0	0	0
55	55	1583	618.617	368.083	0.887	97	847	542	57	9	97	847	542	57	9	109.000	151.373	318	181	160	153	148	143	138	135	131	128	121	105.854	128.418	144	136	134	132	131	129	127	125	123	121	112	1	75	622.247	370.175	0	0	0	258	258.640	0	0	130	130.080	0	0	0	0	0	0	0	0	0	0	0	0	0	0	0	0	0
56	56	1761	1960.400	366.431	0.899	321	1311	52	33	19	321	1311	52	33	19	107.879	134.700	309	159	133	130	128	126	124	122	121	119	113	102.999	1466.335	2295	2024	1864	1719	1622	1518	1401	1254	1060	802	559	1	128	1943.937	370.561	0	0	0	220	224.562	0	0	1603	1541.031	0	0	0	0	0	0	0	0	0	0	0	0	0	0	0	0	0
57	57	1606	1342.002	370.948	0.902	51	271	900	325	23	51	271	900	325	23	109.418	118.958	128	122	121	120	119	119	118	118	117	116	113	102.809	152.357	178	169	165	161	157	153	149	144	140	135	123	0	0	0.000	0.000	0	0	0	0	0.000	0	0	0	0.000	0	0	0	0	0	0	0	0	0	0	0	0	0	0	0	0	0
58	58	2261	1694.965	382.173	0.875	158	1785	209	54	20	158	1785	209	54	20	109.618	229.691	317	274	259	247	237	229	220	211	202	189	141	105.555	136.885	156	145	143	141	139	137	135	133	131	128	117	0	0	0.000	0.000	0	0	0	0	0.000	0	0	0	0.000	0	0	0	0	0	0	0	0	0	0	0	0	0	0	0	0	0
59	59	1757	191.519	387.867	0.866	87	604	696	294	39	87	604	696	294	39	107.998	120.673	132	127	125	123	122	120	119	118	117	115	110	104.785	688.138	1136	955	898	834	791	735	652	553	442	329	260	0	0	0.000	0.000	0	0	0	0	0.000	0	0	0	0.000	0	0	0	0	0	0	0	0	0	0	0	0	0	0	0	0	0
60	60	2403	514.074	398.011	0.868	1469	661	139	48	25	1469	661	139	48	25	109.000	192.296	1771	218	157	152	148	144	139	135	130	125	119	107.338	2519.736	3876	3511	3350	3153	2943	2725	2419	2027	1623	1189	649	1	140	523.564	388.774	0	0	0	789	866.500	0	0	3504	3515.371	0	0	0	0	0	0	0	0	0	0	0	0	0	0	0	0	0
61	61	1373	1634.399	395.008	0.865	65	410	645	207	17	65	410	645	207	17	109.548	116.471	131	122	118	117	116	115	115	114	114	113	110	104.497	139.248	160	150	146	144	142	140	137	134	131	128	120	1	127	1637.982	389.861	0	0	0	124	124.598	0	0	128	128.874	0	0	0	0	0	0	0	0	0	0	0	0	0	0	0	0	0
62	62	1755	720.720	399.971	0.862	49	125	717	761	66	49	125	717	761	66	109.525	199.136	1849	222	159	154	149	145	140	136	132	129	122	107.000	2486.711	3911	3523	3291	3135	2959	2735	2423	1906	1425	1146	815	1	103	705.204	395.531	0	0	0	860	920.932	0	0	3578	3485.262	0	0	0	0	0	0	0	0	0	0	0	0	0	0	0	0	0
63	63	685	818.166	392.940	0.865	32	73	263	258	47	32	73	263	258	47	110.000	124.949	137	132	130	128	126	125	123	122	120	118	114	105.136	2532.314	3830	3365	2974	2792	2585	2418	2304	2162	2035	1944	1537	0	0	0.000	0.000	0	0	0	0	0.000	0	0	0	0.000	0	0	0	0	0	0	0	0	0	0	0	0	0	0	0	0	0
64	64	569	1577.086	392.233	0.922	24	57	137	254	88	24	57	137	254	88	110.000	114.214	119	116	115	115	114	114	114	113	113	112	111	103.000	128.485	151	142	137	135	132	130	126	122	118	114	107	0	0	0.000	0.000	0	0	0	0	0.000	0	0	0	0.000	0	0	0	0	0	0	0	0	0	0	0	0	0	0	0	0	0
65	65	2231	659.129	412.288	0.869	162	989	911	110	16	162	989	911	110	16	109.842	193.364	252	230	224	218	211	202	188	173	158	146	128	106.006	132.628	150	142	139	137	135	133	131	129	126	122	113	0	0	0.000	0.000	0	0	0	0	0.000	0	0	0	0.000	0	0	0	0	0	0	0	0	0	0	0	0	0	0	0	0	0
66	66	1247	1741.990	405.388	0.906	379	303	403	112	17	379	303	403	112	17	109.447	119.165	135	126	122	120	119	118	117	117	116	115	112	106.218	285.215	455	411	351	311	289	273	258	241	219	196	140	0	0	0.000	0.000	0	0	0	0	0.000	0	0	0	0.000	0	0	0	0	0	0	0	0	0	0	0	0	0	0	0	0	0
67	67	1726	778.616	412.745	0.891	330	802	345	193	17	330	802	345	193	17	110.000	132.508	179	154	143	135	132	128	126	124	121	119	114	106.602	2486.304	4353	3776	3273	2936	2674	2459	2209	1968	1647	1294	971	0	0	0.000	0.000	0	0	0	0	0.000	0	0	0	0.000	0	0	0	0	0	0	0	0	0	0	0	0	0	0	0	0	0
68	68	2705	107.197	427.028	0.899	9	344	1841	450	21	9	344	1841	450	21	106.676	115.982	131	120	118	117	116	116	115	114	113	112	109	103.824	2426.599	3654	3333	3138	2952	2790	2616	2363	2068	1656	1168	678	0	0	0.000	0.000	0	0	0	0	0.000	0	0	0	0.000	0	0	0	0	0	0	0	0	0	0	0	0	0	0	0	0	0
69	69	687	1667.770	429.701	0.884	239	181	196	45	17	239	181	196	45	17	110.000	117.771	126	123	122	120	118	117	116	115	114	113	111	106.801	152.000	196	170	161	157	153	149	147	144	141	138	129	0	0	0.000	0.000	0	0	0	0	0.000	0	0	0	0.000	0	0	0	0	0	0	0	0	0	0	0	0	0	0	0	0	0
70	70	683	181.018	430.400	0.909	25	111	225	274	40	25	111	225	274	40	107.133	118.079	126	123	122	120	119	118	117	116	115	114	108	104.265	594.136	793	766	749	728	691	646	586	519	446	324	186	0	0	0.000	0.000	0	0	0	0	0.000	0	0	0	0.000	0	0	0	0	0	0	0	0	0	0	0	0	0	0	0	0	0
71	71	894	1749.829	445.330	0.901	731	148	7	3	3	731	148	7	3	3	109.051	117.361	125	120	119	119	118	117	117	116	115	114	110	106.964	1217.743	1920	1727	1606	1465	1301	1165	1094	1021	870	733	435	0	0	0.000	0.000	0	0	0	0	0.000	0	0	0	0.000	0	0	0	0	0	0	0	0	0	0	0	0	0	0	0	0	0
72	72	1669	743.713	450.369	0.888	61	70	808	595	96	61	70	808	595	96	110.000	148.464	170	161	156	153	150	149	147	144	140	135	125	106.860	3438.525	4312	4173	4018	3847	3658	3492	3350	3145	2950	2597	1632	0	0	0.000	0.000	0	0	0	0	0.000	0	0	0	0.000	0	0	0	0	0	0	0	0	0	0	0	0	0	0	0	0	0
73	73	641	506.305	443.275	0.879	409	90	86	31	17	409	90	86	31	17	108.292	138.852	155	150	147	144	142	140	137	134	131	127	121	107.610	1689.326	2580	2474	2330	2134	1926	1712	1503	1301	1073	857	566	0	0	0.000	0.000	0	0	0	0	0.000	0	0	0	0.000	0	0	0	0	0	0	0	0	0	0	0	0	0	0	0	0	0
74	74	1561	1581.372	459.438	0.885	56	727	665	68	11	56	727	665	68	11	109.376	117.666	125	121	120	119	118	117	117	116	115	115	110	104.378	319.145	574	456	409	372	340	311	276	247	225	200	181	0	0	0.000	0.000	0	0	0	0	0.000	0	0	0	0.000	0	0	0	0	0	0	0	0	0	0	0	0	0	0	0	0	0
75	75	2021	1727.574	487.283	0.891	184	285	827	565	117	184	285	827	565	117	109.152	119.828	129	124	122	121	120	119	119	118	117	116	112	107.460	1844.598	2779	2535	2440	2293	2129	1957	1739	1489	1227	955	547	0	0	0.000	0.000	0	0	0	0	0.000	0	0	0	0.000	0	0	0	0	0	0	0	0	0	0	0	0	0	0	0	0	0
76	76	924	1537.920	481.530	0.886	85	405	352	53	13	85	405	352	53	13	109.000	116.481	120	119	118	118	117	117	116	116	115	114	111	103.294	381.791	537	490	457	441	428	413	385	342	290	227	160	0	0	0.000	0.000	0	0	0	0	0.000	0	0	0	0.000	0	0	0	0	0	0	0	0	0	0	0	0	0	0	0	0	0
77	77	1774	696.089	533.723	0.856	26	423	1125	151	21	26	423	1125	151	21	110.000	186.348	226	210	204	199	194	189	184	178	169	155	137	105.196	1603.053	2508	2193	2033	1891	1754	1622	1499	1359	1211	973	508	0	0	0.000	0.000	0	0	0	0	0.000	0	0	0	0.000	0	0	0	0	0	0	0	0	0	0	0	0	0	0	0	0	0
78	78	1273	747.047	532.899	0.905	38	478	653	70	3	38	478	653	70	3	109.994	192.984	248	231	224	214	203	193	182	172	164	155	141	105.145	1717.775	2861	2527	2309	2175	2042	1870	1642	1333	1018	659	488	0	0	0.000	0.000	0	0	0	0	0.000	0	0	0	0.000	0	0	0	0	0	0	0	0	0	0	0	0	0	0	0	0	0
79	79	856	1613.041	528.642	0.885	29	330	385	64	27	29	330	385	64	27	109.869	124.263	139	130	128	126	125	124	123	122	120	119	113	105.423	1465.409	2122	1883	1772	1643	1546	1463	1378	1314	1187	1042	668	0	0	0.000	0.000	0	0	0	0	0.000	0	0	0	0.000	0	0	0	0	0	0	0	0	0	0	0	0	0	0	0	0	0
80	80	1025	1673.362	561.035	0.912	63	293	501	131	14	63	293	501	131	14	109.071	116.661	127	120	118	117	117	116	116	115	115	114	112	106.011	136.612	153	145	142	141	139	138	136	134	131	127	116	0	0	0.000	0.000	0	0	0	0	0.000	0	0	0	0.000	0	0	0	0	0	0	0	0	0	0	0	0	0	0	0	0	0
81	81	1674	1629.005	571.783	0.894	52	945	576	57	18	52	945	576	57	18	109.988	117.057	124	120	119	118	117	117	116	116	115	114	112	104.681	141.234	164	152	149	146	144	142	140	137	134	130	121	0	0	0.000	0.000	0	0	0	0	0.000	0	0	0	0.000	0	0	0	0	0	0	0	0	0	0	0	0	0	0	0	0	0
82	82	895	726.089	568.462	0.926	33	120	565	145	14	33	120	565	145	14	110.000	183.947	225	206	198	194	190	187	183	177	169	156	137	104.972	1451.866	2404	1973	1789	1673	1578	1465	1349	1222	1090	900	505	0	0	0.000	0.000	0	0	0	0	0.000	0	0	0	0.000	0	0	0	0	0	0	0	0	0	0	0	0	0	0	0	0	0
83	83	1996	519.709	594.899	0.871	969	876	45	29	18	969	876	45	29	18	108.731	120.816	136	128	125	122	121	120	119	118	117	116	113	104.000	1880.909	3259	2932	2578	2288	2086	1930	1757	1461	1128	795	465	0	0	0.000	0.000	0	0	0	0	0.000	0	0	0	0.000	0	0	0	0	0	0	0	0	0	0	0	0	0	0	0	0	0
84	84	1774	1081.125	629.049	0.872	26	528	1031	143	17	26	528	1031	143	17	110.000	119.399	132	126	122	120	119	118	118	117	116	116	112	102.877	212.382	286	245	237	229	222	214	207	199	192	180	124	0	0	0.000	0.000	0	0	0	0	0.000	0	0	0	0.000	0	0	0	0	0	0	0	0	0	0	0	0	0	0	0	0	0
85	85	1739	58.468	641.740	0.888	13	11	159	1215	319	13	11	159	1215	319	105.731	117.612	203	122	119	117	116	116	115	114	113	112	108	102.702	376.300	556	499	462	425	393	366	343	320	296	274	192	1	54	59.905	624.055	0	0	0	161	163.074	0	0	487	488.778	0	0	0	0	0	0	0	0	0	0	0	0	0	0	0	0	0
86	86	2170	252.602	647.860	0.869	563	1247	223	75	15	563	1247	223	75	15	107.472	486.892	7258	487	305	294	283	274	267	258	245	222	156	102.000	122.258	147	133	128	125	122	121	119	118	117	115	108	1	131	235.452	638.469	0	0	0	3076	3382.397	0	0	125	125.214	0	0	0	0	0	0	0	0	0	0	0	0	0	0	0	0	0
87	87	1697	494.694	651.053	0.863	69	1007	452	102	24	69	1007	452	102	24	108.581	121.771	138	131	126	124	122	120	119	118	117	116	111	103.999	1661.652	2608	2332	2223	2118	1988	1817	1538	1280	1037	760	471	0	0	0.000	0.000	0	0	0	0	0.000	0	0	0	0.000	0	0	0	0	0	0	0	0	0	0	0	0	0	0	0	0	0
88	88	2205	755.607	673.745	0.895	735	643	448	303	43	735	643	448	303	43	110.397	139.533	158	151	149	147	144	141	138	134	129	126	119	105.000	686.626	1082	934	890	846	794	737	661	559	452	349	231	0	0	0.000	0.000	0	0	0	0	0.000	0	0	0	0.000	0	0	0	0	0	0	0	0	0	0	0	0	0	0	0	0	0
89	89	1266	1194.312	671.636	0.874	33	425	623	134	18	33	425	623	134	18	110.000	163.486	199	181	176	171	167	163	159	155	151	145	137	103.000	123.278	134	129	127	125	124	123	122	121	120	118	110	0	0	0.000	0.000	0	0	0	0	0.000	0	0	0	0.000	0	0	0	0	0	0	0	0	0	0	0	0	0	0	0	0	0
90	90	1185	22.719	670.258	0.911	8	71	846	199	41	8	71	846	199	41	104.833	148.693	737	212	124	118	117	116	115	114	114	112	109	103.122	343.515	507	471	444	415	380	347	317	290	245	201	163	1	156	10.467	682.747	0	0	0	356	387.365	0	0	362	348.340	0	0	0	0	0	0	0	0	0	0	0	0	0	0	0	0	0
91	91	820	1277.856	675.924	0.861	136	407	215	33	9	136	407	215	33	9	110.000	205.989	287	254	235	223	211	202	194	187	178	165	145	103.000	154.378	207	174	168	162	158	153	149	146	141	135	120	0	0	0.000	0.000	0	0	0	0	0.000	0	0	0	0.000	0	0	0	0	0	0	0	0	0	0	0	0	0	0	0	0	0
92	92	512	56.179	682.049	0.915	28	34	302	120	15	28	34	302	120	15	105.932	114.840	123	118	117	116	115	115	114	113	112	111	109	102.998	305.688	442	396	367	348	327	311	296	283	251	192	125	0	0	0.000	0.000	0	0	0	0	0.000	0	0	0	0.000	0	0	0	0	0	0	0	0	0	0	0	0	0	0	0	0	0
93	93	1289	799.269	706.131	0.908	209	328	512	188	20	209	328	512	188	20	110.863	139.458	156	149	147	145	144	141	138	134	131	127	121	105.000	621.099	943	813	766	727	682	648	600	533	457	377	287	0	0	0.000	0.000	0	0	0	0	0.000	0	0	0	0.000	0	0	0	0	0	0	0	0	0	0	0	0	0	0	0	0	0
94	94	630	725.906	701.420	0.901	174	245	167	24	5	174	245	167	24	5	110.060	137.406	149	145	143	142	140	138	136	133	131	129	123	105.000	611.313	829	751	693	663	635	612	594	569	531	471	318	0	0	0.000	0.000	0	0	0	0	0.000	0	0	0	0.000	0	0	0	0	0	0	0	0	0	0	0	0	0	0	0	0	0
95	95	369	829.706	700.144	0.867	127	117	52	34	31	127	117	52	34	31	110.268	127.444	144	136	132	130	128	127	125	124	122	121	117	105.000	476.198	785	659	572	531	500	475	447	406	363	311	248	0	0	0.000	0.000	0	0	0	0	0.000	0	0	0	0.000	0	0	0	0	0	0	0	0	0	0	0	0	0	0	0	0	0
96	96	1024	1164.576	711.151	0.917	47	379	502	73	6	47	379	502	73	6	110.068	159.983	189	177	172	166	162	159	157	153	150	144	137	103.000	123.496	137	129	127	126	124	123	122	121	120	118	110	0	0	0.000	0.000	0	0	0	0	0.000	0	0	0	0.000	0	0	0	0	0	0	0	0	0	0	0	0	0	0	0	0	0
97	97	1472	1546.926	727.131	0.885	24	255	813	326	31	24	255	813	326	31	110.985	141.730	183	155	151	148	145	141	137	134	131	127	121	104.425	821.130	1254	1147	1083	1009	947	867	763	645	544	432	276	0	0	0.000	0.000	0	0	0	0	0.000	0	0	0	0.000	0	0	0	0	0	0	0	0	0	0	0	0	0	0	0	0	0
98	98	1127	858.519	722.718	0.914	89	532	283	139	60	89	532	283	139	60	110.034	141.003	160	154	151	148	145	141	138	134	131	128	124	104.512	626.410	913	834	792	754	710	653	586	516	445	373	317	0	0	0.000	0.000	0	0	0	0	0.000	0	0	0	0.000	0	0	0	0	0	0	0	0	0	0	0	0	0	0	0	0	0
99	99	1608	813.797	765.186	0.894	15	257	897	369	35	15	257	897	369	35	110.956	147.689	335	160	151	149	146	144	141	138	134	131	122	104.052	133.218	149	140	138	137	135	134	132	130	128	126	114	1	44	811.253	776.817	0	0	0	257	256.091	0	0	134	134.136	0	0	0	0	0	0	0	0	0	0	0	0	0	0	0	0	0
100	100	1791	1507.949	768.338	0.885	625	999	50	61	18	625	999	50	61	18	111.000	127.902	269	136	127	125	124	123	122	121	120	118	114	105.000	799.972	1325	1222	1074	940	857	781	715	637	536	432	265	1	105	1509.318	760.000	0	0	0	191	194.800	0	0	632	662.124	0	0	0	0	0	0	0	0	0	0	0	0	0	0	0	0	0
101	101	1811	1784.012	767.334	0.883	37	175	848	628	97	37	175	848	628	97	110.000	150.054	480	189	154	144	137	133	129	126	123	121	116	103.997	1334.312	2347	2083	1933	1747	1569	1316	1055	852	732	664	377	1	135	1775.475	762.950	0	0	0	299	308.311	0	0	776	843.822	0	0	0	0	0	0	0	0	0	0	0	0	0	0	0	0	0
102	102	1875	1559.253	776.396	0.898	50	488	851	375	75	50	488	851	375	75	110.651	302.900	3237	585	198	156	151	147	144	141	137	134	125	104.935	766.158	1356	1172	1032	922	833	744	650	573	497	414	359	1	181	1560.129	768.603	0	0	0	1384	1535.033	0	0	1056	1016.735	0	0	0	0	0	0	0	0	0	0	0	0	0	0	0	0	0
103	103	1794	1734.535	788.771	0.891	31	171	1179	359	18	31	171	1179	359	18	110.000	139.610	154	148	146	144	143	141	139	137	133	129	121	104.000	2182.213	2839	2708	2607	2517	2432	2327	2220	2053	1796	1344	660	0	0	0.000	0.000	0	0	0	0	0.000	0	0	0	0.000	0	0	0	0	0	0	0	0	0	0	0	0	0	0	0	0	0
104	104	2081	830.621	814.467	0.885	9	741	1113	146	31	9	741	1113	146	31	110.000	597.224	6546	1760	229	172	167	163	158	149	140	133	122	103.993	133.067	167	145	140	137	135	133	131	128	125	121	111	1	277	815.277	807.920	0	0	0	3036	3275.372	0	0	148	147.563	0	0	0	0	0	0	0	0	0	0	0	0	0	0	0	0	0
105	105	1545	1291.542	813.945	0.865	65	436	799	207	18	65	436	799	207	18	110.000	137.863	374	185	140	127	123	121	120	119	118	117	113	104.000	496.234	744	633	588	550	520	486	456	430	403	378	284	1	167	1292.239	804.849	0	0	0	233	244.030	0	0	415	430.904	0	0	0	0	0	0	0	0	0	0	0	0	0	0	0	0	0
106	106	1225	227.299	811.240	0.900	82	292	574	226	30	82	292	574	226	30	107.895	166.464	575	254	170	145	141	138	134	131	129	126	116	104.000	139.039	160	149	146	144	142	140	138	137	134	127	110	1	137	229.415	801.679	0	0	0	331	355.715	0	0	144	143.956	0	0	0	0	0	0	0	0	0	0	0	0	0	0	0	0	0
107	107	1745	1386.531	825.172	0.878	324	1115	209	51	19	324	1115	209	51	19	110.999	315.634	1750	482	313	285	270	251	236	221	203	178	144	104.000	953.326	1440	1267	1197	1136	1062	969	879	807	731	592	291	1	123	1392.855	826.489	0	0	0	1005	1025.976	0	0	1166	1157.276	0	0	0	0	0	0	0	0	0	0	0	0	0	0	0	0	0
108	108	2089	1598.807	825.927	0.871	31	1329	559	99	23	31	1329	559	99	23	109.937	157.872	192	176	171	166	162	157	153	150	147	140	122	104.180	605.013	1102	904	810	726	645	575	512	469	406	340	235	0	0	0.000	0.000	0	0	0	0	0.000	0	0	0	0.000	0	0	0	0	0	0	0	0	0	0	0	0	0	0	0	0	0
109	109	206	254.066	816.084	0.886	12	33	82	62	12	12	33	82	62	12	108.000	123.481	131	129	127	126	125	124	122	121	119	118	116	103.908	126.524	152	146	142	135	132	126	121	115	112	110	107	0	0	0.000	0.000	0	0	0	0	0.000	0	0	0	0.000	0	0	0	0	0	0	0	0	0	0	0	0	0	0	0	0	0
110	110	1666	1494.216	830.958	0.869	67	104	552	811	98	67	104	552	811	98	110.924	132.292	407	135	131	130	128	127	126	125	123	120	115	104.903	182.347	220	209	203	198	192	186	180	171	159	148	130	1	56	1510.621	822.390	0	0	0	239	252.179	0	0	199	193.036	0	0	0	0	0	0	0	0	0	0	0	0	0	0	0	0	0
111	111	480	157.823	834.319	0.883	31	25	101	245	60	31	25	101	245	60	107.000	120.456	127	125	123	122	121	121	120	119	117	116	114	104.000	1346.627	1789	1666	1562	1481	1417	1380	1329	1254	1129	977	779	0	0	0.000	0.000	0	0	0	0	0.000	0	0	0	0.000	0	0	0	0	0	0	0	0	0	0	0	0	0	0	0	0	0
112	112	2548	29.225	857.179	0.840	24	266	1421	758	21	24	266	1421	758	21	105.487	124.692	139	133	131	129	128	126	123	120	118	115	110	104.443	2360.672	4129	3790	3440	3033	2632	2284	1940	1609	1363	1088	669	0	0	0.000	0.000	0	0	0	0	0.000	0	0	0	0.000	0	0	0	0	0	0	0	0	0	0	0	0	0	0	0	0	0
113	113	1645	204.468	850.425	0.858	28	78	670	774	61	28	78	670	774	61	108.000	127.720	143	137	134	132	130	127	125	123	121	119	115	104.000	1680.646	2953	2576	2321	2126	1904	1667	1429	1230	1023	800	500	0	0	0.000	0.000	0	0	0	0	0.000	0	0	0	0.000	0	0	0	0	0	0	0	0	0	0	0	0	0	0	0	0	0
114	114	762	1273.388	854.282	0.906	33	51	219	387	53	33	51	219	387	53	110.000	118.874	124	122	121	120	119	119	118	118	117	116	114	103.661	535.722	776	677	626	600	568	535	504	473	438	395	296	0	0	0.000	0.000	0	0	0	0	0.000	0	0	0	0.000	0	0	0	0	0	0	0	0	0	0	0	0	0	0	0	0	0
115	115	500	1567.850	854.434	0.919	46	182	195	61	6	46	182	195	61	6	109.876	150.318	167	159	157	155	153	151	149	147	144	140	133	104.000	581.376	817	719	671	646	615	592	569	528	481	430	325	0	0	0.000	0.000	0	0	0	0	0.000	0	0	0	0.000	0	0	0	0	0	0	0	0	0	0	0	0	0	0	0	0	0
116	116	1845	1518.934	883.518	0.851	38	730	974	55	6	38	730	974	55	6	111.000	163.776	989	205	142	137	134	132	130	128	125	122	115	104.000	182.419	230	214	208	200	193	184	178	170	158	143	130	1	126	1523.924	881.964	0	0	0	486	514.206	0	0	182	179.405	0	0	0	0	0	0	0	0	0	0	0	0	0	0	0	0	0
117	117	821	168.507	882.541	0.923	38	176	404	160	32	38	176	404	160	32	107.859	121.886	145	132	128	125	123	120	118	117	115	114	111	104.000	121.546	146	134	129	126	123	120	118	115	113	112	108	0	0	0.000	0.000	0	0	0	0	0.000	0	0	0	0.000	0	0	0	0	0	0	0	0	0	0	0	0	0	0	0	0	0
118	118	260	1480.748	878.946	0.909	22	60	94	68	11	22	60	94	68	11	111.000	118.542	123	121	120	119	119	119	118	118	117	116	114	104.000	129.985	146	140	138	136	134	131	128	125	123	118	110	0	0	0.000	0.000	0	0	0	0	0.000	0	0	0	0.000	0	0	0	0	0	0	0	0	0	0	0	0	0	0	0	0	0
119	119	1815	1361.556	899.876	0.876	35	196	1096	444	16	35	196	1096	444	16	111.000	124.587	159	131	127	125	124	123	122	121	120	119	115	103.731	639.868	949	821	777	731	679	646	611	573	515	428	270	1	32	1365.666	894.131	0	0	0	151	151.500	0	0	735	716.094	0	0	0	0	0	0	0	0	0	0	0	0	0	0	0	0	0
120	120	1042	95.187	899.185	0.928	110	377	473	47	7	110	377	473	47	7	106.917	115.000	124	118	117	116	116	115	114	113	113	112	109	105.000	1892.026	3357	2769	2447	2236	2066	1903	1743	1567	1299	986	537	0	0	0.000	0.000	0	0	0	0	0.000	0	0	0	0.000	0	0	0	0	0	0	0	0	0	0	0	0	0	0	0	0	0
121	121	496	1588.979	900.178	0.819	27	134	192	115	14	27	134	192	115	14	111.000	130.927	148	143	139	136	132	129	127	125	123	122	117	103.921	121.403	132	128	126	125	123	122	120	118	116	114	110	0	0	0.000	0.000	0	0	0	0	0.000	0	0	0	0.000	0	0	0	0	0	0	0	0	0	0	0	0	0	0	0	0	0
122	122	361	27.135	905.878	0.857	47	100	117	72	14	47	100	117	72	14	105.080	119.620	126	125	124	122	122	120	119	117	115	113	112	104.626	1711.884	2296	2164	2053	1941	1848	1772	1664	1550	1366	1181	790	0	0	0.000	0.000	0	0	0	0	0.000	0	0	0	0.000	0	0	0	0	0	0	0	0	0	0	0	0	0	0	0	0	0
123	123	1493	1171.096	917.429	0.883	90	522	614	219	25	90	522	614	219	25	111.000	120.447	132	125	123	122	121	120	119	118	118	117	113	104.760	772.932	1153	1035	974	919	871	824	762	679	556	407	247	0	0	0.000	0.000	0	0	0	0	0.000	0	0	0	0.000	0	0	0	0	0	0	0	0	0	0	0	0	0	0	0	0	0
124	124	1751	369.973	923.631	0.859	21	205	880	554	48	21	205	880	554	48	109.000	165.250	197	186	180	175	171	167	162	155	150	144	126	103.000	350.478	497	453	427	402	375	354	335	310	274	234	187	0	0	0.000	0.000	0	0	0	0	0.000	0	0	0	0.000	0	0	0	0	0	0	0	0	0	0	0	0	0	0	0	0	0
125	125	1892	186.218	928.001	0.860	287	1332	217	13	8	287	1332	217	13	8	107.958	138.370	220	176	159	146	134	127	123	121	119	117	113	103.856	130.063	169	150	144	138	131	126	122	119	118	115	109	0	0	0.000	0.000	0	0	0	0	0.000	0	0	0	0.000	0	0	0	0	0	0	0	0	0	0	0	0	0	0	0	0	0
126	126	1545	1295.327	930.454	0.869	31	134	882	424	40	31	134	882	424	40	111.249	134.480	144	140	138	137	136	135	134	133	131	128	123	104.704	670.249	852	792	767	741	713	681	648	617	582	528	360	0	0	0.000	0.000	0	0	0	0	0.000	0	0	0	0.000	0	0	0	0	0	0	0	0	0	0	0	0	0	0	0	0	0
127	127	1223	51.597	928.151	0.903	9	91	520	500	67	9	91	520	500	67	105.765	112.615	120	115	114	113	113	113	112	111	111	110	108	104.793	143.629	289	155	151	149	146	143	140	137	133	128	116	0	0	0.000	0.000	0	0	0	0	0.000	0	0	0	0.000	0	0	0	0	0	0	0	0	0	0	0	0	0	0	0	0	0
128	128	1863	705.526	931.755	0.885	31	237	948	553	66	31	237	948	553	66	110.000	126.783	201	137	129	126	125	123	122	121	120	118	114	104.563	1207.853	2044	1771	1533	1395	1310	1211	1094	974	836	700	512	1	95	707.544	934.939	0	0	0	170	171.674	0	0	1647	1636.937	0	0	0	0	0	0	0	0	0	0	0	0	0	0	0	0	0
129	129	1674	323.172	935.977	0.910	76	627	829	99	20	76	627	829	99	20	108.995	157.328	183	169	166	164	161	157	155	152	149	144	133	103.000	305.090	420	377	353	339	328	314	298	278	248	217	185	0	0	0.000	0.000	0	0	0	0	0.000	0	0	0	0.000	0	0	0	0	0	0	0	0	0	0	0	0	0	0	0	0	0
130	130	1863	118.842	938.950	0.859	125	935	688	71	13	125	935	688	71	13	107.542	118.837	129	123	122	120	120	119	118	117	116	115	111	104.950	2152.106	3960	3309	2968	2658	2366	2049	1742	1530	1349	1225	774	0	0	0.000	0.000	0	0	0	0	0.000	0	0	0	0.000	0	0	0	0	0	0	0	0	0	0	0	0	0	0	0	0	0
131	131	1552	815.184	947.225	0.880	81	1034	367	34	6	81	1034	367	34	6	109.660	123.486	134	128	127	126	125	124	123	121	120	118	114	104.035	131.383	143	137	136	135	133	132	130	129	127	125	118	0	0	0.000	0.000	0	0	0	0	0.000	0	0	0	0.000	0	0	0	0	0	0	0	0	0	0	0	0	0	0	0	0	0
132	132	534	662.875	940.648	0.872	28	45	200	226	24	28	45	200	226	24	110.000	120.927	128	125	124	123	122	121	120	119	118	117	115	104.000	953.305	1325	1203	1127	1075	1035	993	934	876	790	646	377	0	0	0.000	0.000	0	0	0	0	0.000	0	0	0	0.000	0	0	0	0	0	0	0	0	0	0	0	0	0	0	0	0	0
133	133	1389	1130.670	952.170	0.893	95	547	541	158	25	95	547	541	158	25	110.999	120.252	132	126	123	122	120	119	119	118	117	116	114	105.000	705.168	1016	858	817	786	750	716	683	644	586	519	310	0	0	0.000	0.000	0	0	0	0	0.000	0	0	0	0.000	0	0	0	0	0	0	0	0	0	0	0	0	0	0	0	0	0
134	134	1328	1526.020	948.348	0.901	67	587	555	91	9	67	587	555	91	9	111.002	1058.423	17625	2364	504	323	261	233	216	202	181	165	140	103.620	130.376	181	140	136	134	132	130	129	126	123	117	107	1	120	1519.208	951.458	0	0	0	7267	7682.408	0	0	151	152.642	0	0	0	0	0	0	0	0	0	0	0	0	0	0	0	0	0
135	135	1138	1053.368	947.627	0.907	120	595	310	76	8	120	595	310	76	8	110.685	374.598	527	476	462	443	420	395	371	330	286	230	147	103.485	460.620	669	586	545	521	502	480	454	424	382	297	149	0	0	0.000	0.000	0	0	0	0	0.000	0	0	0	0.000	0	0	0	0	0	0	0	0	0	0	0	0	0	0	0	0	0
136	136	2344	1231.190	961.149	0.893	174	1413	626	63	11	174	1413	626	63	11	111.420	145.126	396	161	147	144	142	139	136	132	129	125	118	105.000	462.809	708	635	601	564	526	479	433	388	322	254	184	1	95	1231.035	960.549	0	0	0	269	277.232	0	0	451	462.484	0	0	0	0	0	0	0	0	0	0	0	0	0	0	0	0	0
137	137	1779	1277.435	982.628	0.847	30	104	1070	474	69	30	104	1070	474	69	112.000	136.078	270	151	139	136	133	130	127	125	123	121	118	105.000	430.252	729	634	577	524	466	421	376	330	282	246	201	1	109	1290.051	979.228	0	0	0	209	210.266	0	0	638	608.495	0	0	0	0	0	0	0	0	0	0	0	0	0	0	0	0	0
138	138	1794	80.782	976.644	0.869	17	242	1049	436	28	17	242	1049	436	28	106.600	113.692	121	117	116	115	114	113	113	112	112	111	108	103.739	143.108	170	160	155	151	146	142	139	136	131	127	113	0	0	0.000	0.000	0	0	0	0	0.000	0	0	0	0.000	0	0	0	0	0	0	0	0	0	0	0	0	0	0	0	0	0
139	139	697	351.966	972.616	0.912	23	179	334	136	18	23	179	334	136	18	109.000	154.032	174	167	164	162	159	156	152	147	143	139	129	103.000	332.727	413	393	379	369	356	337	318	301	287	266	217	0	0	0.000	0.000	0	0	0	0	0.000	0	0	0	0.000	0	0	0	0	0	0	0	0	0	0	0	0	0	0	0	0	0
140	140	2176	1169.130	992.117	0.909	61	660	1160	248	22	61	660	1160	248	22	111.051	327.294	3057	701	230	163	157	155	152	149	147	143	130	105.075	468.590	657	584	553	522	495	471	444	416	387	356	239	1	237	1153.181	994.513	0	0	0	1403	1527.046	0	0	569	565.595	0	0	0	0	0	0	0	0	0	0	0	0	0	0	0	0	0
141	141	1576	736.585	997.163	0.880	449	602	299	97	97	449	602	299	97	97	110.263	126.741	141	135	131	129	127	126	125	124	122	121	115	104.620	1277.578	1727	1602	1489	1422	1365	1308	1247	1165	1061	945	500	0	0	0.000	0.000	0	0	0	0	0.000	0	0	0	0.000	0	0	0	0	0	0	0	0	0	0	0	0	0	0	0	0	0
142	142	1751	815.378	1002.248	0.869	136	1273	270	22	11	136	1273	270	22	11	109.999	260.389	2244	575	220	140	128	126	123	122	120	118	114	105.618	141.412	163	156	153	150	145	141	136	133	131	128	120	1	204	819.902	1011.990	0	0	0	996	1095.887	0	0	153	150.853	0	0	0	0	0	0	0	0	0	0	0	0	0	0	0	0	0
143	143	1415	668.533	1015.124	0.867	45	411	653	253	23	45	411	653	253	23	110.648	120.917	130	125	123	123	122	121	120	119	118	117	114	104.000	1129.334	1808	1576	1473	1363	1267	1167	1043	925	760	615	481	0	0	0.000	0.000	0	0	0	0	0.000	0	0	0	0.000	0	0	0	0	0	0	0	0	0	0	0	0	0	0	0	0	0
144	144	1852	1237.271	1016.941	0.885	66	271	1092	337	52	66	271	1092	337	52	111.974	231.686	1520	467	209	157	148	143	139	135	130	125	120	104.809	523.047	838	758	698	642	578	515	465	420	350	288	182	1	216	1244.195	1007.843	0	0	0	726	798.750	0	0	627	603.014	0	0	0	0	0	0	0	0	0	0	0	0	0	0	0	0	0
145	145	2594	1115.660	1030.629	0.871	498	1967	72	18	6	498	1967	72	18	6	110.866	878.532	12224	2090	300	205	194	187	181	175	168	156	131	104.377	902.219	1457	1262	1161	1065	977	899	824	754	658	531	242	1	279	1103.532	1045.080	0	0	0	5609	6075.803	0	0	1284	1264.305	0	0	0	0	0	0	0	0	0	0	0	0	0	0	0	0	0
146	146	1513	1291.512	1028.179	0.917	23	74	626	708	41	23	74	626	708	41	112.000	140.003	178	151	147	144	142	140	137	135	132	128	121	104.347	697.420	999	899	849	815	786	739	686	622	546	420	194	0	0	0.000	0.000	0	0	0	0	0.000	0	0	0	0.000	0	0	0	0	0	0	0	0	0	0	0	0	0	0	0	0	0
147	147	1171	61.529	1032.616	0.908	19	256	612	231	31	19	256	612	231	31	105.580	136.759	271	166	150	140	133	128	124	120	117	115	110	102.950	128.036	140	136	134	132	130	129	127	125	123	119	108	1	82	51.900	1025.119	0	0	0	210	210.988	0	0	132	130.610	0	0	0	0	0	0	0	0	0	0	0	0	0	0	0	0	0
148	148	1956	1050.490	1039.185	0.853	23	504	1111	245	25	23	504	1111	245	25	111.000	202.211	227	218	214	210	206	202	199	196	192	187	159	103.326	1166.401	1549	1368	1308	1270	1230	1184	1133	1077	1017	928	733	0	0	0.000	0.000	0	0	0	0	0.000	0	0	0	0.000	0	0	0	0	0	0	0	0	0	0	0	0	0	0	0	0	0
149	149	1832	1392.326	1042.704	0.837	11	384	981	350	53	11	384	981	350	53	111.321	125.651	245	137	125	123	121	120	119	119	118	117	112	104.447	537.299	881	735	691	646	607	554	494	427	364	312	236	1	141	1407.363	1040.089	0	0	0	173	178.348	0	0	721	668.865	0	0	0	0	0	0	0	0	0	0	0	0	0	0	0	0	0
150	150	1197	757.348	1047.072	0.778	794	330	36	8	9	794	330	36	8	9	110.848	290.681	5466	215	152	145	140	137	133	130	127	122	115	104.784	126.953	169	147	136	129	125	123	121	119	118	116	110	1	78	766.248	1063.073	0	0	0	2101	2297.949	0	0	123	123.179	0	0	1	16	759.999	1023.998	0	0	0	124	123.750	0	0	163	161.875	0	0
151	151	1874	985.228	1056.801	0.901	33	227	978	554	46	33	227	978	554	46	111.000	140.023	156	151	150	148	146	143	139	133	128	125	121	103.000	634.499	1011	919	854	799	731	665	591	501	384	297	230	0	0	0.000	0.000	0	0	0	0	0.000	0	0	0	0.000	0	0	0	0	0	0	0	0	0	0	0	0	0	0	0	0	0
152	152	242	1811.759	1041.791	0.906	5	16	88	102	30	5	16	88	102	30	110.000	116.690	122	119	118	118	117	117	116	116	115	114	113	104.021	427.182	759	686	622	554	500	442	361	285	226	176	137	0	0	0.000	0.000	0	0	0	0	0.000	0	0	0	0.000	0	0	0	0	0	0	0	0	0	0	0	0	0	0	0	0	0
153	153	1613	1805.719	1073.252	0.874	62	726	745	36	8	62	726	745	36	8	110.025	120.099	132	126	122	121	120	119	119	118	117	116	113	104.925	970.036	1575	1395	1289	1184	1074	979	898	823	656	459	308	0	0	0.000	0.000	0	0	0	0	0.000	0	0	0	0.000	0	0	0	0	0	0	0	0	0	0	0	0	0	0	0	0	0
154	154	1367	1847.745	1081.983	0.831	39	281	874	138	10	39	281	874	138	10	111.000	118.538	129	123	121	120	119	118	117	117	116	115	111	105.000	869.179	1435	1272	1199	1084	965	869	772	676	556	445	245	0	0	0.000	0.000	0	0	0	0	0.000	0	0	0	0.000	0	0	0	0	0	0	0	0	0	0	0	0	0	0	0	0	0
155	155	1839	64.536	1079.839	0.855	162	1022	539	58	19	162	1022	539	58	19	105.830	152.756	426	165	159	155	150	146	143	141	139	135	123	103.000	123.919	138	130	128	126	125	124	122	121	120	118	111	1	40	52.256	1079.543	0	0	0	310	303.425	0	0	131	130.525	0	0	0	0	0	0	0	0	0	0	0	0	0	0	0	0	0
156	156	1965	812.458	1080.589	0.849	793	955	87	60	22	793	955	87	60	22	110.592	125.092	139	134	131	128	126	124	123	121	120	119	114	106.000	3358.816	6096	5177	4681	4221	3663	3223	2808	2457	2132	1727	885	0	0	0.000	0.000	0	0	0	0	0.000	0	0	0	0.000	0	0	0	0	0	0	0	0	0	0	0	0	0	0	0	0	0
157	157	1614	1345.132	1085.019	0.888	16	149	713	636	79	16	149	713	636	79	112.000	120.955	135	126	123	122	121	120	120	119	118	117	114	105.000	649.268	982	906	840	776	716	651	590	540	471	378	289	0	0	0.000	0.000	0	0	0	0	0.000	0	0	0	0.000	0	0	0	0	0	0	0	0	0	0	0	0	0	0	0	0	0
158	158	2533	332.913	1092.351	0.793	433	1616	394	31	6	433	1616	394	31	6	109.192	188.101	1627	208	190	181	173	167	160	153	145	139	133	102.993	141.757	181	160	154	150	146	142	138	132	127	124	118	1	72	311.164	1094.391	0	0	0	712	765.653	0	0	147	145.931	0	0	0	0	0	0	0	0	0	0	0	0	0	0	0	0	0
159	159	1227	277.838	1093.814	0.919	404	642	103	29	11	404	642	103	29	11	109.044	161.948	279	215	187	173	160	147	143	138	134	130	124	103.483	139.325	167	153	148	144	141	138	136	133	131	128	121	1	80	269.037	1085.267	0	0	0	246	243.912	0	0	149	147.525	0	0	0	0	0	0	0	0	0	0	0	0	0	0	0	0	0
160	160	2196	1907.948	1110.267	0.900	157	346	964	643	35	157	346	964	643	35	111.005	359.706	4628	669	185	147	141	136	132	130	127	125	118	105.901	2148.816	3253	2872	2706	2560	2395	2238	2095	1901	1646	1221	525	1	204	1898.423	1106.312	0	0	0	2053	2231.868	0	0	2801	2792.240	0	0	0	0	0	0	0	0	0	0	0	0	0	0	0	0	0
161	161	972	770.857	1103.713	0.927	150	525	230	39	14	150	525	230	39	14	111.000	124.954	138	132	129	126	125	124	123	122	122	120	114	105.002	3433.266	5430	4901	4487	4092	3817	3551	3282	2844	2346	1821	1170	0	0	0.000	0.000	0	0	0	0	0.000	0	0	0	0.000	0	0	0	0	0	0	0	0	0	0	0	0	0	0	0	0	0
162	162	1653	1422.010	1114.411	0.864	71	1013	491	21	9	71	1013	491	21	9	111.942	146.981	169	162	158	155	151	147	144	140	136	132	125	104.032	736.770	1214	1076	998	925	847	754	668	568	462	354	220	0	0	0.000	0.000	0	0	0	0	0.000	0	0	0	0.000	0	0	0	0	0	0	0	0	0	0	0	0	0	0	0	0	0
163	163	426	984.866	1098.975	0.911	19	74	179	124	19	19	74	179	124	19	111.000	126.674	134	132	130	129	128	127	126	125	123	121	117	103.000	401.427	517	479	455	439	424	410	392	370	343	311	256	0	0	0.000	0.000	0	0	0	0	0.000	0	0	0	0.000	0	0	0	0	0	0	0	0	0	0	0	0	0	0	0	0	0
164	164	1402	1213.215	1107.186	0.900	37	56	205	864	209	37	56	205	864	209	111.456	122.919	139	133	128	123	122	121	120	119	119	118	115	104.952	1120.902	1541	1402	1300	1231	1181	1134	1079	1022	962	844	445	0	0	0.000	0.000	0	0	0	0	0.000	0	0	0	0.000	0	0	0	0	0	0	0	0	0	0	0	0	0	0	0	0	0
165	165	1394	1274.348	1117.729	0.907	23	190	707	419	36	23	190	707	419	36	111.428	150.344	171	165	162	158	155	151	147	143	139	134	130	104.991	854.093	1396	1234	1121	1024	939	855	755	651	580	504	391	0	0	0.000	0.000	0	0	0	0	0.000	0	0	0	0.000	0	0	0	0	0	0	0	0	0	0	0	0	0	0	0	0	0
166	166	1807	1553.633	1134.081	0.878	60	179	981	514	36	60	179	981	514	36	111.831	133.145	145	141	139	138	136	134	131	128	126	125	122	104.000	157.651	196	181	175	169	164	159	154	148	139	132	123	0	0	0.000	0.000	0	0	0	0	0.000	0	0	0	0.000	0	0	0	0	0	0	0	0	0	0	0	0	0	0	0	0	0
167	167	1045	1952.663	1129.438	0.893	88	127	327	411	69	88	127	327	411	69	110.909	121.900	131	126	125	124	123	122	121	120	119	117	113	106.000	635.240	1019	894	824	751	688	626	560	503	454	408	269	0	0	0.000	0.000	0	0	0	0	0.000	0	0	0	0.000	0	0	0	0	0	0	0	0	0	0	0	0	0	0	0	0	0
168	168	396	1368.123	1117.350	0.913	36	129	97	90	34	36	129	97	90	34	112.000	290.116	367	350	334	322	311	298	280	263	245	223	186	105.000	153.419	181	173	169	163	160	155	150	145	138	132	120	0	0	0.000	0.000	0	0	0	0	0.000	0	0	0	0.000	0	0	0	0	0	0	0	0	0	0	0	0	0	0	0	0	0
169	169	1122	259.144	1134.258	0.902	26	156	626	280	17	26	156	626	280	17	108.746	114.598	119	117	116	115	115	114	114	114	113	113	110	104.000	608.340	1016	852	771	696	642	595	550	508	452	383	305	0	0	0.000	0.000	0	0	0	0	0.000	0	0	0	0.000	0	0	0	0	0	0	0	0	0	0	0	0	0	0	0	0	0
170	170	653	295.928	1132.996	0.922	35	159	352	89	9	35	159	352	89	9	109.000	115.300	122	118	117	116	116	115	115	114	114	113	111	103.902	628.919	909	851	808	754	697	642	587	519	461	403	222	0	0	0.000	0.000	0	0	0	0	0.000	0	0	0	0.000	0	0	0	0	0	0	0	0	0	0	0	0	0	0	0	0	0
171	171	903	1237.663	1143.158	0.924	15	52	226	470	122	15	52	226	470	122	112.000	142.526	158	151	149	147	146	144	142	139	136	132	124	104.878	694.684	1085	977	899	822	753	678	613	552	500	437	362	0	0	0.000	0.000	0	0	0	0	0.000	0	0	0	0.000	0	0	0	0	0	0	0	0	0	0	0	0	0	0	0	0	0
172	172	1740	1268.409	1175.363	0.830	28	396	981	264	30	28	396	981	264	30	111.525	154.056	174	167	163	161	159	156	154	150	146	137	120	104.093	563.707	825	736	680	633	595	558	524	494	462	409	249	0	0	0.000	0.000	0	0	0	0	0.000	0	0	0	0.000	0	0	0	0	0	0	0	0	0	0	0	0	0	0	0	0	0
173	173	1617	288.056	1174.440	0.903	13	73	419	893	193	13	73	419	893	193	108.494	115.177	121	118	117	116	116	115	115	114	114	113	110	103.932	623.428	985	900	849	791	723	649	569	473	380	301	229	0	0	0.000	0.000	0	0	0	0	0.000	0	0	0	0.000	0	0	0	0	0	0	0	0	0	0	0	0	0	0	0	0	0
174	174	2282	1971.807	1176.582	0.892	33	338	1628	231	13	33	338	1628	231	13	110.093	123.707	135	130	128	126	125	124	122	121	119	118	113	106.914	780.445	1278	1157	1079	979	875	775	690	601	508	372	280	0	0	0.000	0.000	0	0	0	0	0.000	0	0	0	0.000	0	0	0	0	0	0	0	0	0	0	0	0	0	0	0	0	0
175	175	1539	212.539	1171.593	0.913	423	861	131	64	36	423	861	131	64	36	108.006	165.870	222	183	179	175	170	167	163	160	153	144	125	103.950	140.144	169	157	153	148	145	140	135	130	127	124	118	0	0	0.000	0.000	0	0	0	0	0.000	0	0	0	0.000	0	0	0	0	0	0	0	0	0	0	0	0	0	0	0	0	0
176	176	1349	1558.404	1204.332	0.899	8	189	757	351	19	8	189	757	351	19	110.655	132.418	160	143	137	135	133	131	130	128	126	124	119	103.120	642.081	856	785	747	718	688	657	630	594	552	468	268	0	0	0.000	0.000	0	0	0	0	0.000	0	0	0	0.000	0	0	0	0	0	0	0	0	0	0	0	0	0	0	0	0	0
177	177	1112	606.526	1219.607	0.862	146	485	281	121	56	146	485	281	121	56	110.000	214.887	463	349	268	235	206	187	172	159	150	143	124	103.000	157.442	249	202	178	167	158	149	142	137	134	130	120	0	0	0.000	0.000	0	0	0	0	0.000	0	0	0	0.000	0	0	0	0	0	0	0	0	0	0	0	0	0	0	0	0	0
178	178	1561	220.619	1223.535	0.878	9	281	968	247	17	9	281	968	247	17	108.361	184.284	1363	184	176	172	165	159	151	146	141	136	128	103.713	152.482	184	172	168	164	159	153	147	142	137	131	124	1	68	234.160	1230.868	0	0	0	635	679.456	0	0	165	163.735	0	0	0	0	0	0	0	0	0	0	0	0	0	0	0	0	0
179	179	338	1277.255	1214.086	0.930	28	83	95	108	17	28	83	95	108	17	111.000	122.817	131	127	125	124	124	123	123	122	121	119	116	103.908	196.355	308	237	225	215	209	199	188	175	165	153	137	0	0	0.000	0.000	0	0	0	0	0.000	0	0	0	0.000	0	0	0	0	0	0	0	0	0	0	0	0	0	0	0	0	0
180	180	1515	2002.516	1229.296	0.812	56	405	798	208	16	56	405	798	208	16	109.941	124.788	138	131	129	127	126	125	123	122	121	119	114	106.135	1877.519	3101	2749	2467	2268	2077	1879	1711	1499	1298	1045	623	0	0	0.000	0.000	0	0	0	0	0.000	0	0	0	0.000	0	0	0	0	0	0	0	0	0	0	0	0	0	0	0	0	0
181	181	1472	1535.844	1248.778	0.902	50	195	806	372	16	50	195	806	372	16	111.632	176.560	1247	233	147	137	133	128	126	125	123	122	117	103.980	484.176	739	650	626	596	554	497	439	384	334	291	228	1	120	1540.382	1248.707	0	0	0	555	614.658	0	0	482	485.167	0	0	0	0	0	0	0	0	0	0	0	0	0	0	0	0	0
182	182	1958	279.329	1258.411	0.897	47	683	977	183	28	47	683	977	183	28	109.000	1444.131	11087	6080	1549	381	187	160	155	150	145	141	126	104.000	3313.416	4788	4335	4098	3878	3633	3365	3146	2890	2535	2081	1504	0	0	0.000	0.000	0	0	0	0	0.000	0	0	0	0.000	0	0	0	0	0	0	0	0	0	0	0	0	0	0	0	0	0
183	183	426	207.447	1260.271	0.945	16	61	151	157	29	16	61	151	157	29	108.392	123.347	132	129	127	126	124	123	122	121	120	119	114	103.000	126.373	143	136	133	130	128	126	124	122	120	118	110	0	0	0.000	0.000	0	0	0	0	0.000	0	0	0	0.000	0	0	0	0	0	0	0	0	0	0	0	0	0	0	0	0	0
184	184	1280	1981.615	1268.277	0.890	10	76	423	694	58	10	76	423	694	58	110.000	128.398	147	140	136	133	129	127	125	124	121	119	114	104.809	141.914	167	157	154	151	148	143	138	134	130	126	110	0	0	0.000	0.000	0	0	0	0	0.000	0	0	0	0.000	0	0	0	0	0	0	0	0	0	0	0	0	0	0	0	0	0
185	185	1243	867.701	1272.880	0.891	61	383	661	95	18	61	383	661	95	18	111.244	452.991	1718	862	593	478	417	359	307	268	235	201	155	103.790	136.179	169	154	147	143	139	135	132	128	125	120	110	1	93	867.640	1282.500	0	0	0	1241	1230.086	0	0	152	150.441	0	0	0	0	0	0	0	0	0	0	0	0	0	0	0	0	0
186	186	1165	1331.628	1274.666	0.900	5	69	464	505	108	5	69	464	505	108	112.000	130.132	141	138	136	134	132	130	128	126	124	123	117	104.000	241.312	341	304	284	269	255	241	226	211	196	180	156	0	0	0.000	0.000	0	0	0	0	0.000	0	0	0	0.000	0	0	0	0	0	0	0	0	0	0	0	0	0	0	0	0	0
187	187	1715	394.732	1284.670	0.860	34	233	1141	246	19	34	233	1141	246	19	110.000	128.042	160	146	138	131	126	123	122	121	120	118	114	103.000	756.155	1489	1042	915	850	794	743	688	652	576	482	276	0	0	0.000	0.000	0	0	0	0	0.000	0	0	0	0.000	0	0	0	0	0	0	0	0	0	0	0	0	0	0	0	0	0
188	188	2267	233.007	1299.396	0.823	32	684	1343	156	4	32	684	1343	156	4	109.100	250.857	3681	247	164	159	156	152	149	145	139	133	120	102.941	3331.704	4632	4249	4087	3979	3825	3633	3344	2962	2493	1954	666	1	120	244.834	1312.991	0	0	0	1592	1712.633	0	0	4070	4062.917	0	0	0	0	0	0	0	0	0	0	0	0	0	0	0	0	0
189	189	666	341.302	1300.850	0.799	70	224	268	82	11	70	224	268	82	11	109.991	195.593	518	270	204	189	180	176	170	165	159	152	137	103.453	124.848	144	134	131	129	127	125	123	121	118	116	109	1	44	345.244	1289.138	0	0	0	382	384.364	0	0	132	131.227	0	0	0	0	0	0	0	0	0	0	0	0	0	0	0	0	0
190	190	1708	1359.302	1319.695	0.861	86	600	763	214	13	86	600	763	214	13	111.556	133.313	147	140	138	136	135	134	132	131	129	126	120	103.334	255.484	361	332	315	294	272	251	231	215	202	187	159	0	0	0.000	0.000	0	0	0	0	0.000	0	0	0	0.000	0	0	0	0	0	0	0	0	0	0	0	0	0	0	0	0	0
191	191	1748	1520.750	1318.760	0.877	51	123	654	740	141	51	123	654	740	141	112.000	158.384	193	180	173	168	164	159	154	149	142	137	125	104.000	736.660	1150	1048	960	878	808	760	704	612	500	385	282	0	0	0.000	0.000	0	0	0	0	0.000	0	0	0	0.000	0	0	0	0	0	0	0	0	0	0	0	0	0	0	0	0	0
192	192	822	467.343	1319.844	0.911	152	440	125	73	15	152	440	125	73	15	110.000	120.045	126	124	122	122	121	120	119	119	118	117	114	103.742	1478.240	2471	2147	1972	1844	1695	1532	1334	1139	910	774	591	0	0	0.000	0.000	0	0	0	0	0.000	0	0	0	0.000	0	0	0	0	0	0	0	0	0	0	0	0	0	0	0	0	0
193	193	1796	1580.466	1324.863	0.876	61	908	710	55	28	61	908	710	55	28	112.000	331.395	4078	492	207	185	180	176	171	165	159	151	133	103.655	723.827	1174	1036	910	831	766	702	654	594	531	475	263	1	139	1589.976	1329.158	0	0	0	1718	1917.633	0	0	1096	1051.878	0	0	0	0	0	0	0	0	0	0	0	0	0	0	0	0	0
194	194	1373	2012.159	1325.842	0.876	11	149	777	387	22	11	149	777	387	22	109.184	132.698	363	150	130	126	124	122	121	120	119	118	112	102.870	139.760	166	155	151	148	145	141	136	132	128	123	114	1	96	2019.320	1328.671	0	0	0	229	238.219	0	0	132	134.031	0	0	0	0	0	0	0	0	0	0	0	0	0	0	0	0	0
195	195	735	1476.117	1313.895	0.918	90	44	248	263	77	90	44	248	263	77	112.782	163.463	189	180	175	171	167	164	161	157	153	147	134	104.000	718.272	1136	980	870	812	772	746	692	636	578	434	231	0	0	0.000	0.000	0	0	0	0	0.000	0	0	0	0.000	0	0	0	0	0	0	0	0	0	0	0	0	0	0	0	0	0
196	196	2032	870.046	1331.220	0.852	222	1379	360	21	7	222	1379	360	21	7	112.000	166.151	196	183	180	176	172	167	162	157	153	148	129	104.692	5006.406	9289	7401	6644	6088	5567	5092	4637	4107	3396	2330	890	0	0	0.000	0.000	0	0	0	0	0.000	0	0	0	0.000	0	0	0	0	0	0	0	0	0	0	0	0	0	0	0	0	0
197	197	1194	630.279	1324.589	0.859	2	44	442	601	83	2	44	442	601	83	111.776	192.339	254	232	222	210	199	191	182	175	165	154	140	103.008	230.110	309	291	277	263	250	235	220	202	181	161	141	0	0	0.000	0.000	0	0	0	0	0.000	0	0	0	0.000	0	0	0	0	0	0	0	0	0	0	0	0	0	0	0	0	0
198	198	509	396.786	1325.015	0.882	14	38	182	223	43	14	38	182	223	43	110.000	121.672	131	127	125	124	122	121	120	119	119	118	115	103.000	668.644	1038	788	754	726	698	675	654	624	576	520	395	0	0	0.000	0.000	0	0	0	0	0.000	0	0	0	0.000	0	0	0	0	0	0	0	0	0	0	0	0	0	0	0	0	0
199	199	1730	585.632	1350.943	0.843	8	72	714	771	127	8	72	714	771	127	111.213	200.842	233	223	217	213	208	204	198	191	184	175	153	103.052	235.545	296	267	257	250	243	236	230	222	213	202	178	0	0	0.000	0.000	0	0	0	0	0.000	0	0	0	0.000	0	0	0	0	0	0	0	0	0	0	0	0	0	0	0	0	0
200	200	386	323.540	1339.427	0.895	76	131	107	50	14	76	131	107	50	14	110.000	144.630	170	164	158	152	147	143	139	136	133	130	123	103.000	116.187	130	123	121	119	117	115	114	113	111	110	108	0	0	0.000	0.000	0	0	0	0	0.000	0	0	0	0.000	0	0	0	0	0	0	0	0	0	0	0	0	0	0	0	0	0
201	201	1785	287.415	1360.507	0.868	697	918	91	37	9	697	918	91	37	9	109.949	183.706	625	252	190	176	166	159	152	147	143	139	133	103.000	142.128	309	154	147	143	141	139	137	135	133	130	115	1	128	298.555	1355.504	0	0	0	400	417.438	0	0	148	147.820	0	0	1	20	286.791	1347.773	0	0	0	152	153.500	0	0	242	242	0	0
202	202	826	493.220	1352.778	0.920	78	369	282	63	16	78	369	282	63	16	110.015	128.740	140	136	134	132	130	128	127	126	124	122	118	104.000	398.161	546	481	452	436	421	400	380	366	354	306	212	0	0	0.000	0.000	0	0	0	0	0.000	0	0	0	0.000	0	0	0	0	0	0	0	0	0	0	0	0	0	0	0	0	0
203	203	994	1548.494	1361.452	0.912	8	88	552	315	16	8	88	552	315	16	112.000	166.814	199	187	181	176	172	168	164	159	152	145	133	103.523	687.836	1049	936	840	782	734	685	635	590	537	461	281	0	0	0.000	0.000	0	0	0	0	0.000	0	0	0	0.000	0	0	0	0	0	0	0	0	0	0	0	0	0	0	0	0	0
204	204	641	2021.566	1362.977	0.910	16	130	291	144	45	16	130	291	144	45	108.894	121.930	130	126	125	124	123	122	121	120	119	118	114	102.000	138.044	160	152	148	146	143	140	136	132	128	122	110	0	0	0.000	0.000	0	0	0	0	0.000	0	0	0	0.000	0	0	0	0	0	0	0	0	0	0	0	0	0	0	0	0	0
205	205	2060	736.602	1379.289	0.882	63	273	1138	501	46	63	273	1138	501	46	112.000	688.900	9917	1392	292	229	220	213	199	189	175	161	132	103.000	177.259	250	203	195	189	184	179	173	166	158	146	121	1	201	736.735	1383.519	0	0	0	4191	4642.194	0	0	207	204.149	0	0	0	0	0	0	0	0	0	0	0	0	0	0	0	0	0
206	206	2430	237.107	1400.815	0.892	64	1345	888	71	14	64	1345	888	71	14	108.506	120.140	128	124	122	122	121	120	120	119	118	117	113	102.590	123.189	140	130	128	126	125	123	122	120	119	116	107	0	0	0.000	0.000	0	0	0	0	0.000	0	0	0	0.000	0	0	0	0	0	0	0	0	0	0	0	0	0	0	0	0	0
207	207	2693	683.888	1407.041	0.875	232	1485	838	69	10	232	1485	838	69	10	111.413	207.987	272	250	243	234	228	220	203	182	164	152	133	103.000	176.776	221	206	202	197	192	186	175	161	146	136	110	0	0	0.000	0.000	0	0	0	0	0.000	0	0	0	0.000	0	0	0	0	0	0	0	0	0	0	0	0	0	0	0	0	0
208	208	1769	463.945	1403.481	0.890	24	190	1041	426	54	24	190	1041	426	54	110.000	118.348	126	122	121	120	119	118	117	117	116	115	111	103.941	1261.065	2109	1821	1692	1553	1390	1285	1142	1000	807	687	364	0	0	0.000	0.000	0	0	0	0	0.000	0	0	0	0.000	0	0	0	0	0	0	0	0	0	0	0	0	0	0	0	0	0
209	209	1560	325.890	1409.097	0.895	115	770	534	98	22	115	770	534	98	22	109.644	131.290	144	138	136	135	133	132	130	128	126	123	116	102.483	125.622	142	132	130	129	127	126	125	124	121	118	106	0	0	0.000	0.000	0	0	0	0	0.000	0	0	0	0.000	0	0	0	0	0	0	0	0	0	0	0	0	0	0	0	0	0
210	210	754	1125.837	1406.719	0.849	68	326	235	97	19	68	326	235	97	19	111.024	257.763	384	318	294	282	269	258	245	229	215	198	165	102.867	129.309	158	141	138	134	131	129	126	124	121	118	110	0	0	0.000	0.000	0	0	0	0	0.000	0	0	0	0.000	0	0	0	0	0	0	0	0	0	0	0	0	0	0	0	0	0
211	211	1698	517.425	1421.701	0.906	48	607	931	60	13	48	607	931	60	13	110.000	117.677	123	120	119	119	118	118	117	117	116	115	111	103.543	1423.484	1989	1827	1732	1654	1575	1487	1405	1281	1076	882	607	0	0	0.000	0.000	0	0	0	0	0.000	0	0	0	0.000	0	0	0	0	0	0	0	0	0	0	0	0	0	0	0	0	0
212	212	836	195.851	1423.623	0.925	55	118	529	108	11	55	118	529	108	11	108.000	116.644	122	120	119	118	117	117	116	115	115	113	111	101.968	120.888	133	127	125	124	123	122	121	120	117	112	104	0	0	0.000	0.000	0	0	0	0	0.000	0	0	0	0.000	0	0	0	0	0	0	0	0	0	0	0	0	0	0	0	0	0
213	213	886	1958.515	1439.653	0.916	16	76	295	457	30	16	76	295	457	30	110.000	135.426	149	143	142	140	138	136	134	132	129	126	120	103.468	1272.558	1943	1760	1583	1436	1349	1257	1164	1079	986	836	556	0	0	0.000	0.000	0	0	0	0	0.000	0	0	0	0.000	0	0	0	0	0	0	0	0	0	0	0	0	0	0	0	0	0
214	214	1914	1929.283	1474.742	0.862	10	47	759	993	80	10	47	759	993	80	110.000	141.027	160	152	150	147	145	142	139	135	132	127	122	103.996	1452.805	2389	2160	1964	1796	1632	1487	1345	1129	902	688	509	0	0	0.000	0.000	0	0	0	0	0.000	0	0	0	0.000	0	0	0	0	0	0	0	0	0	0	0	0	0	0	0	0	0
215	215	610	476.613	1461.381	0.868	72	228	204	75	18	72	228	204	75	18	110.000	250.582	332	314	298	282	266	247	235	221	207	190	164	103.000	130.098	147	138	135	134	132	131	128	126	125	121	116	0	0	0.000	0.000	0	0	0	0	0.000	0	0	0	0.000	0	0	0	0	0	0	0	0	0	0	0	0	0	0	0	0	0
216	216	1788	1980.882	1481.751	0.884	25	208	794	652	84	25	208	794	652	84	109.220	145.084	165	155	153	150	148	145	143	140	137	134	123	103.719	1520.740	2216	2070	1965	1885	1769	1628	1454	1256	1043	790	434	0	0	0.000	0.000	0	0	0	0	0.000	0	0	0	0.000	0	0	0	0	0	0	0	0	0	0	0	0	0	0	0	0	0
217	217	1132	537.184	1476.382	0.889	46	88	426	499	60	46	88	426	499	60	110.000	117.752	125	121	120	119	118	118	117	116	115	114	111	104.000	267.201	381	343	327	311	289	266	246	227	207	188	159	0	0	0.000	0.000	0	0	0	0	0.000	0	0	0	0.000	0	0	0	0	0	0	0	0	0	0	0	0	0	0	0	0	0
218	218	1656	575.936	1514.199	0.878	45	84	541	852	102	45	84	541	852	102	109.539	121.389	131	126	124	123	122	122	120	119	118	117	112	103.891	282.158	397	357	338	320	303	287	268	245	222	202	168	0	0	0.000	0.000	0	0	0	0	0.000	0	0	0	0.000	0	0	0	0	0	0	0	0	0	0	0	0	0	0	0	0	0
219	219	448	1624.172	1503.416	0.915	10	53	175	151	51	10	53	175	151	51	111.799	126.188	132	130	129	128	127	126	126	125	124	122	118	104.770	1164.536	1732	1597	1487	1380	1269	1159	1049	930	850	762	603	0	0	0.000	0.000	0	0	0	0	0.000	0	0	0	0.000	0	0	0	0	0	0	0	0	0	0	0	0	0	0	0	0	0
220	220	1531	516.144	1514.336	0.902	16	372	942	158	11	16	372	942	158	11	109.880	119.570	126	124	122	121	120	119	119	118	117	116	112	103.956	326.918	454	410	383	360	339	323	310	293	273	248	194	0	0	0.000	0.000	0	0	0	0	0.000	0	0	0	0.000	0	0	0	0	0	0	0	0	0	0	0	0	0	0	0	0	0
221	221	1823	1586.240	1523.048	0.892	42	493	1018	186	46	42	493	1018	186	46	112.000	145.883	187	156	152	150	148	146	144	142	139	135	124	104.987	2387.730	3696	3248	2950	2754	2572	2376	2211	1992	1782	1552	966	0	0	0.000	0.000	0	0	0	0	0.000	0	0	0	0.000	0	0	0	0	0	0	0	0	0	0	0	0	0	0	0	0	0
222	222	1757	427.248	1531.219	0.879	75	311	1049	269	24	75	311	1049	269	24	109.100	118.754	133	126	123	120	119	117	116	116	115	114	112	103.000	133.499	158	146	142	139	135	132	130	129	126	123	110	0	0	0.000	0.000	0	0	0	0	0.000	0	0	0	0.000	0	0	0	0	0	0	0	0	0	0	0	0	0	0	0	0	0
223	223	1549	1717.787	1532.782	0.891	35	93	569	754	67	35	93	569	754	67	111.671	159.307	450	195	155	150	147	146	144	142	139	133	122	103.920	177.158	222	201	193	188	183	179	174	168	160	152	128	1	102	1714.397	1542.006	0	0	0	307	313.020	0	0	199	195.892	0	0	0	0	0	0	0	0	0	0	0	0	0	0	0	0	0
224	224	474	1298.370	1566.444	0.897	24	66	172	174	27	24	66	172	174	27	112.842	170.196	196	188	183	179	175	170	166	162	157	152	144	104.000	457.928	598	554	532	516	500	475	438	405	378	344	282	0	0	0.000	0.000	0	0	0	0	0.000	0	0	0	0.000	0	0	0	0	0	0	0	0	0	0	0	0	0	0	0	0	0
225	225	2358	1719.696	1588.632	0.856	564	1178	468	90	19	564	1178	468	90	19	111.951	1084.056	21094	1850	226	152	146	142	139	137	134	130	122	104.676	169.205	235	194	186	180	175	170	166	157	148	140	120	1	203	1728.779	1579.035	0	0	0	8932	9875.281	0	0	209	208.429	0	0	0	0	0	0	0	0	0	0	0	0	0	0	0	0	0
226	226	1699	1338.338	1587.610	0.890	47	663	761	166	22	47	663	761	166	22	112.911	536.851	5123	1141	356	297	283	267	240	212	187	165	149	104.507	753.224	1180	1067	991	944	903	840	722	588	455	336	240	1	182	1345.490	1591.405	0	0	0	2479	2652.467	0	0	1075	1058.467	0	0	0	0	0	0	0	0	0	0	0	0	0	0	0	0	0
227	227	1465	365.276	1592.981	0.898	98	474	772	83	16	98	474	772	83	16	109.520	180.851	296	201	196	191	186	182	177	169	161	154	135	103.000	132.051	148	140	138	136	134	132	130	128	126	124	115	0	0	0.000	0.000	0	0	0	0	0.000	0	0	0	0.000	0	0	0	0	0	0	0	0	0	0	0	0	0	0	0	0	0
228	228	2017	1648.868	1610.319	0.883	134	315	577	899	55	134	315	577	899	55	111.886	245.249	2776	362	143	131	128	126	124	122	119	117	113	105.488	644.522	1188	1015	906	799	689	586	506	450	412	372	228	1	170	1635.379	1603.037	0	0	0	1281	1374.394	0	0	877	855.418	0	0	0	0	0	0	0	0	0	0	0	0	0	0	0	0	0
229	229	1773	1102.058	1618.453	0.864	30	342	866	434	74	30	342	866	434	74	111.426	136.145	153	145	143	141	139	137	135	131	129	126	119	102.877	154.067	187	171	167	163	160	156	152	147	140	133	121	0	0	0.000	0.000	0	0	0	0	0.000	0	0	0	0.000	0	0	0	0	0	0	0	0	0	0	0	0	0	0	0	0	0
230	230	1909	536.029	1615.481	0.859	44	148	1361	315	8	44	148	1361	315	8	110.051	220.701	2346	231	163	158	155	152	149	147	145	139	125	104.547	1484.975	2337	1899	1793	1701	1628	1549	1448	1337	1199	915	487	1	118	538.563	1629.370	0	0	0	1033	1120.661	0	0	1820	1786.610	0	0	0	0	0	0	0	0	0	0	0	0	0	0	0	0	0
231	231	2503	1421.500	1625.822	0.877	1186	1201	47	10	6	1186	1201	47	10	6	112.713	131.774	154	141	138	135	133	131	129	127	126	124	120	105.000	3448.921	5687	4879	4402	4067	3751	3485	3177	2842	2483	2014	798	0	0	0.000	0.000	0	0	0	0	0.000	0	0	0	0.000	0	0	0	0	0	0	0	0	0	0	0	0	0	0	0	0	0
232	232	976	1470.678	1611.315	0.899	27	309	479	124	15	27	309	479	124	15	112.345	124.991	137	131	129	127	126	124	123	122	121	120	116	104.816	2959.056	4529	3909	3623	3418	3275	3076	2814	2543	2209	1854	1150	0	0	0.000	0.000	0	0	0	0	0.000	0	0	0	0.000	0	0	0	0	0	0	0	0	0	0	0	0	0	0	0	0	0
233	233	1497	401.936	1625.097	0.872	268	858	293	40	9	268	858	293	40	9	109.741	203.884	264	231	223	217	212	205	199	192	184	174	154	103.000	140.340	162	150	148	145	143	141	139	136	133	129	119	0	0	0.000	0.000	0	0	0	0	0.000	0	0	0	0.000	0	0	0	0	0	0	0	0	0	0	0	0	0	0	0	0	0
234	234	693	492.587	1618.471	0.901	37	58	132	362	93	37	58	132	362	93	110.000	145.271	160	154	153	151	149	148	145	141	137	132	123	104.642	1241.499	1919	1644	1503	1404	1337	1259	1207	1132	979	768	435	0	0	0.000	0.000	0	0	0	0	0.000	0	0	0	0.000	0	0	0	0	0	0	0	0	0	0	0	0	0	0	0	0	0
235	235	2148	1347.128	1640.262	0.853	1449	615	20	15	9	1449	615	20	15	9	112.819	286.582	1665	322	311	303	291	273	251	226	203	180	151	104.833	941.586	1401	1292	1229	1172	1110	1027	912	767	622	447	284	1	65	1337.054	1623.755	0	0	0	951	982.923	0	0	1149	1115.877	0	0	0	0	0	0	0	0	0	0	0	0	0	0	0	0	0
236	236	1350	1157.003	1634.371	0.879	39	278	611	356	39	39	278	611	356	39	111.231	142.175	154	149	147	146	145	143	141	139	137	134	126	103.000	164.457	189	179	174	171	169	166	162	158	154	149	135	0	0	0.000	0.000	0	0	0	0	0.000	0	0	0	0.000	0	0	0	0	0	0	0	0	0	0	0	0	0	0	0	0	0
237	237	673	1729.540	1634.156	0.907	154	283	171	31	23	154	283	171	31	23	112.000	132.016	144	137	136	135	134	133	131	129	128	125	121	104.232	160.325	183	175	171	168	164	161	157	154	150	145	133	0	0	0.000	0.000	0	0	0	0	0.000	0	0	0	0.000	0	0	0	0	0	0	0	0	0	0	0	0	0	0	0	0	0
238	238	1261	1617.759	1651.904	0.916	163	487	406	145	39	163	487	406	145	39	110.268	117.199	124	120	119	118	118	117	117	116	115	114	111	105.121	553.137	816	720	687	654	616	571	531	483	432	357	147	0	0	0.000	0.000	0	0	0	0	0.000	0	0	0	0.000	0	0	0	0	0	0	0	0	0	0	0	0	0	0	0	0	0
239	239	1797	1248.847	1666.047	0.879	115	895	652	88	14	115	895	652	88	14	111.683	166.034	204	189	181	175	169	165	161	156	151	146	132	102.988	125.574	140	133	131	129	128	126	124	122	120	118	109	0	0	0.000	0.000	0	0	0	0	0.000	0	0	0	0.000	0	0	0	0	0	0	0	0	0	0	0	0	0	0	0	0	0
240	240	1737	1826.097	1668.581	0.881	201	779	569	120	28	201	779	569	120	28	111.926	122.260	134	129	126	124	123	121	120	119	119	118	114	104.000	1017.883	1588	1331	1220	1146	1086	1022	960	894	812	680	529	0	0	0.000	0.000	0	0	0	0	0.000	0	0	0	0.000	0	0	0	0	0	0	0	0	0	0	0	0	0	0	0	0	0
241	241	487	1523.450	1670.180	0.908	32	26	80	244	99	32	26	80	244	99	112.000	130.021	142	136	135	133	132	131	129	127	126	123	114	104.000	695.016	1045	949	868	776	726	682	646	611	544	475	300	0	0	0.000	0.000	0	0	0	0	0.000	0	0	0	0.000	0	0	0	0	0	0	0	0	0	0	0	0	0	0	0	0	0
242	242	700	1986.449	1677.277	0.916	23	42	62	353	203	23	42	62	353	203	110.000	137.949	151	145	144	142	141	139	137	134	132	129	122	103.387	1437.371	2291	2005	1829	1688	1550	1440	1323	1193	1028	882	513	0	0	0.000	0.000	0	0	0	0	0.000	0	0	0	0.000	0	0	0	0	0	0	0	0	0	0	0	0	0	0	0	0	0
243	243	1384	1872.574	1682.626	0.919	1068	204	48	27	20	1068	204	48	27	20	111.284	120.132	133	126	123	122	120	119	119	118	117	116	113	103.056	640.776	966	859	799	755	707	659	602	532	465	401	254	0	0	0.000	0.000	0	0	0	0	0.000	0	0	0	0.000	0	0	0	0	0	0	0	0	0	0	0	0	0	0	0	0	0
244	244	1834	1563.427	1687.132	0.869	36	554	992	194	11	36	554	992	194	11	111.101	136.682	154	146	144	143	140	138	135	132	128	125	119	104.000	962.070	1435	1332	1275	1222	1148	1048	930	783	595	438	294	0	0	0.000	0.000	0	0	0	0	0.000	0	0	0	0.000	0	0	0	0	0	0	0	0	0	0	0	0	0	0	0	0	0
245	245	1993	1950.932	1696.489	0.856	101	921	790	131	10	101	921	790	131	10	110.538	205.331	306	228	220	216	212	209	205	197	186	172	143	104.000	120.702	136	128	125	124	122	120	119	117	116	114	108	0	0	0.000	0.000	0	0	0	0	0.000	0	0	0	0.000	0	0	0	0	0	0	0	0	0	0	0	0	0	0	0	0	0
246	246	1462	1782.257	1697.885	0.866	55	583	682	104	11	55	583	682	104	11	111.000	121.924	134	128	125	124	122	121	121	120	118	117	114	103.713	1174.923	1758	1561	1477	1376	1293	1207	1120	1031	905	716	361	0	0	0.000	0.000	0	0	0	0	0.000	0	0	0	0.000	0	0	0	0	0	0	0	0	0	0	0	0	0	0	0	0	0
247	247	1643	2009.545	1715.729	0.896	204	338	421	600	43	204	338	421	600	43	109.413	143.676	163	155	152	149	147	145	142	139	135	130	125	103.079	1949.260	2915	2635	2446	2251	2128	2001	1850	1652	1438	1196	898	0	0	0.000	0.000	0	0	0	0	0.000	0	0	0	0.000	0	0	0	0	0	0	0	0	0	0	0	0	0	0	0	0	0
248	248	1689	897.343	1735.868	0.873	34	207	930	437	49	34	207	930	437	49	111.007	141.772	160	150	148	147	145	143	141	138	135	130	121	103.000	2400.804	3752	3161	2930	2755	2607	2445	2230	2015	1849	1657	807	0	0	0.000	0.000	0	0	0	0	0.000	0	0	0	0.000	0	0	0	0	0	0	0	0	0	0	0	0	0	0	0	0	0
249	249	1983	261.362	1746.349	0.892	103	837	835	143	19	103	837	835	143	19	108.857	750.531	8489	1988	524	278	237	220	210	200	186	173	145	102.000	120.422	139	128	125	123	122	120	118	117	115	113	108	1	240	265.663	1756.048	0	0	0	3696	4058.196	0	0	130	129.092	0	0	0	0	0	0	0	0	0	0	0	0	0	0	0	0	0
250	250	357	414.449	1745.485	0.884	7	39	142	146	19	7	39	142	146	19	109.000	117.493	122	121	119	118	118	117	117	116	116	115	113	102.246	936.269	1213	1122	1079	1029	982	942	896	857	798	753	558	0	0	0.000	0.000	0	0	0	0	0.000	0	0	0	0.000	0	0	0	0	0	0	0	0	0	0	0	0	0	0	0	0	0
251	251	2007	1373.576	1773.105	0.883	19	167	1041	676	68	19	167	1041	676	68	112.007	1732.784	20841	5851	776	248	195	186	177	168	157	147	138	103.268	931.845	1470	1270	1191	1117	1058	994	899	790	627	482	345	1	290	1364.378	1762.406	0	0	0	9309	10155.983	0	0	1293	1272.938	0	0	0	0	0	0	0	0	0	0	0	0	0	0	0	0	0
252	252	864	2020.525	1770.394	0.917	377	169	153	81	72	377	169	153	81	72	109.000	147.926	161	156	153	151	149	148	147	145	143	140	131	102.451	2492.631	3435	3244	3079	2885	2710	2506	2289	2090	1943	1746	1291	0	0	0.000	0.000	0	0	0	0	0.000	0	0	0	0.000	0	0	0	0	0	0	0	0	0	0	0	0	0	0	0	0	0
253	253	1818	223.139	1785.897	0.901	617	1021	82	24	21	617	1021	82	24	21	108.618	235.063	383	288	261	248	238	230	222	213	204	194	157	102.000	122.340	133	127	125	124	124	123	122	121	119	117	108	0	0	0.000	0.000	0	0	0	0	0.000	0	0	0	0.000	0	0	0	0	0	0	0	0	0	0	0	0	0	0	0	0	0
254	254	1492	420.892	1787.691	0.872	189	584	648	24	5	189	584	648	24	5	108.867	119.439	131	125	123	121	120	119	118	117	116	115	112	103.485	1304.216	2000	1774	1668	1593	1506	1411	1270	1113	872	626	444	0	0	0.000	0.000	0	0	0	0	0.000	0	0	0	0.000	0	0	0	0	0	0	0	0	0	0	0	0	0	0	0	0	0
255	255	2071	37.535	1795.452	0.843	172	1006	710	110	31	172	1006	710	110	31	103.732	116.772	125	121	120	118	118	117	116	115	114	113	109	101.006	281.521	422	371	340	319	303	285	267	247	222	189	147	0	0	0.000	0.000	0	0	0	0	0.000	0	0	0	0.000	0	0	0	0	0	0	0	0	0	0	0	0	0	0	0	0	0
256	256	1808	286.072	1797.865	0.878	121	752	719	170	15	121	752	719	170	15	109.000	248.452	530	320	285	261	245	236	226	217	204	187	152	102.920	122.825	138	128	126	125	124	123	122	121	120	117	110	0	0	0.000	0.000	0	0	0	0	0.000	0	0	0	0.000	0	0	0	0	0	0	0	0	0	0	0	0	0	0	0	0	0
257	257	949	1317.963	1801.486	0.879	86	318	457	50	9	86	318	457	50	9	112.000	150.709	194	182	171	161	152	146	140	136	133	129	122	103.000	1204.036	1898	1616	1490	1419	1328	1214	1111	1011	903	786	375	0	0	0.000	0.000	0	0	0	0	0.000	0	0	0	0.000	0	0	0	0	0	0	0	0	0	0	0	0	0	0	0	0	0
258	258	2348	1420.504	1818.094	0.888	125	691	1011	428	54	125	691	1011	428	54	112.000	189.408	223	211	208	205	202	198	193	185	169	147	129	102.844	1087.874	1614	1451	1396	1323	1234	1149	1065	963	802	549	295	0	0	0.000	0.000	0	0	0	0	0.000	0	0	0	0.000	0	0	0	0	0	0	0	0	0	0	0	0	0	0	0	0	0
259	259	724	641.378	1826.065	0.828	129	464	79	25	13	129	464	79	25	13	109.787	205.130	277	241	225	218	210	201	195	191	182	173	154	101.921	137.283	177	155	144	141	138	136	133	130	128	125	120	0	0	0.000	0.000	0	0	0	0	0.000	0	0	0	0.000	0	0	0	0	0	0	0	0	0	0	0	0	0	0	0	0	0
260	260	1808	374.921	1837.810	0.894	1491	246	18	15	10	1491	246	18	15	10	108.008	120.352	129	124	123	122	121	120	119	118	117	116	111	104.000	1303.634	1941	1766	1612	1487	1382	1278	1201	1107	1020	897	565	0	0	0.000	0.000	0	0	0	0	0.000	0	0	0	0.000	0	0	0	0	0	0	0	0	0	0	0	0	0	0	0	0	0
261	261	2035	433.994	1845.789	0.877	60	152	447	1181	162	60	152	447	1181	162	108.400	118.549	128	124	122	120	119	118	117	116	115	114	110	103.754	1303.559	2146	1938	1778	1606	1469	1364	1242	1053	793	561	387	0	0	0.000	0.000	0	0	0	0	0.000	0	0	0	0.000	0	0	0	0	0	0	0	0	0	0	0	0	0	0	0	0	0
262	262	214	34.548	1833.384	0.878	24	67	65	43	10	24	67	65	43	10	104.000	108.537	111	110	109	109	109	109	108	108	108	107	105	101.000	138.986	221	161	147	143	140	138	134	130	125	120	111	0	0	0.000	0.000	0	0	0	0	0.000	0	0	0	0.000	0	0	0	0	0	0	0	0	0	0	0	0	0	0	0	0	0
263	263	1505	327.032	1858.652	0.915	51	253	889	224	62	51	253	889	224	62	107.980	119.900	132	126	123	122	120	119	118	118	116	115	111	104.000	1266.573	1908	1711	1551	1426	1335	1258	1178	1103	1030	876	405	0	0	0.000	0.000	0	0	0	0	0.000	0	0	0	0.000	0	0	0	0	0	0	0	0	0	0	0	0	0	0	0	0	0
264	264	1739	1534.505	1937.892	0.875	82	563	862	186	15	82	563	862	186	15	116.254	255.298	291	278	273	268	263	258	253	245	238	228	203	103.000	163.979	201	188	183	178	172	166	161	152	144	136	121	0	0	0.000	0.000	0	0	0	0	0.000	0	0	0	0.000	0	0	0	0	0	0	0	0	0	0	0	0	0	0	0	0	0
265	265	445	273.624	1942.639	0.937	71	107	103	112	45	71	107	103	112	45	107.043	156.115	174	171	167	163	158	155	152	150	147	143	137	106.000	2158.717	3060	2825	2606	2463	2308	2169	2049	1872	1689	1524	1194	0	0	0.000	0.000	0	0	0	0	0.000	0	0	0	0.000	0	0	0	0	0	0	0	0	0	0	0	0	0	0	0	0	0
266	266	1996	137.091	1972.053	0.838	36	65	1280	555	20	36	65	1280	555	20	103.620	156.738	177	171	168	165	162	158	154	149	145	141	126	103.269	2271.662	3200	3003	2850	2713	2582	2411	2201	1957	1697	1273	909	0	0	0.000	0.000	0	0	0	0	0.000	0	0	0	0.000	0	0	0	0	0	0	0	0	0	0	0	0	0	0	0	0	0
267	267	1979	243.402	1965.581	0.900	943	945	22	7	6	943	945	22	7	6	106.642	187.725	222	211	206	201	196	190	183	176	169	161	143	106.000	3081.530	4569	4209	3969	3768	3528	3288	2945	2539	2064	1639	1189	0	0	0.000	0.000	0	0	0	0	0.000	0	0	0	0.000	0	0	0	0	0	0	0	0	0	0	0	0	0	0	0	0	0
268	268	376	1541.281	1978.160	0.922	61	111	90	89	19	61	111	90	89	19	120.519	271.843	283	278	276	274	273	272	270	269	268	266	259	102.981	118.625	134	126	125	124	122	120	117	115	111	109	105	0	0	0.000	0.000	0	0	0	0	0.000	0	0	0	0.000	0	0	0	0	0	0	0	0	0	0	0	0	0	0	0	0	0
269	269	1515	1389.346	1997.211	0.883	9	146	708	561	64	9	146	708	561	64	118.226	145.203	178	164	155	150	144	142	140	138	135	132	125	102.000	666.387	1057	893	810	747	694	645	603	562	522	480	329	0	0	0.000	0.000	0	0	0	0	0.000	0	0	0	0.000	0	0	0	0	0	0	0	0	0	0	0	0	0	0	0	0	0
270	270	1635	357.030	2007.998	0.873	44	408	932	211	16	44	408	932	211	16	106.109	126.955	140	133	131	130	129	128	127	125	123	119	111	104.566	606.196	844	770	737	699	664	619	572	523	478	424	268	0	0	0.000	0.000	0	0	0	0	0.000	0	0	0	0.000	0	0	0	0	0	0	0	0	0	0	0	0	0	0	0	0	0
271	271	1700	1167.888	2003.312	0.878	30	568	922	133	12	30	568	922	133	12	109.720	215.638	264	252	245	235	226	219	211	200	188	173	145	102.206	1992.901	2734	2561	2456	2311	2177	2053	1894	1729	1561	1361	747	0	0	0.000	0.000	0	0	0	0	0.000	0	0	0	0.000	0	0	0	0	0	0	0	0	0	0	0	0	0	0	0	0	0
272	272	1803	262.542	2009.506	0.878	12	130	1355	259	11	12	130	1355	259	11	105.348	169.804	207	191	187	183	180	175	167	159	150	141	126	106.183	2033.611	3019	2636	2536	2455	2351	2227	2052	1820	1484	1026	622	0	0	0.000	0.000	0	0	0	0	0.000	0	0	0	0.000	0	0	0	0	0	0	0	0	0	0	0	0	0	0	0	0	0
