 	cell	area	x	y	circ	BFI_lev_b1	BFI_lev_b2	BFI_lev_b3	BFI_lev_b4	BFI_lev_b5	BFO_lev_b1	BFO_lev_b2	BFO_lev_b3	BFO_lev_b4	BFO_lev_b5	RFP_int_bg	RFP_int_mean	RFP_int_b0	RFP_int_b1	RFP_int_b2	RFP_int_b3	RFP_int_b4	RFP_int_b5	RFP_int_b6	RFP_int_b7	RFP_int_b8	RFP_int_b9	RFP_int_b10	GFP_int_bg	GFP_int_mean	GFP_int_b0	GFP_int_b1	GFP_int_b2	GFP_int_b3	GFP_int_b4	GFP_int_b5	GFP_int_b6	GFP_int_b7	GFP_int_b8	GFP_int_b9	GFP_int_b10	inRFPnfoci	f1_inRFParea	f1_inRFPx	f1_inRFPy	f2_inRFParea	f2_inRFPx	f2_inRFPy	f1_inRFP_toRFPmed	f1_inRFP_toRFPmean	f2_inRFP_toRFPmed	f2_inRFP_toRFPmean	f1_inRFP_toGFPmed	f1_inRFP_toGFPmean	f2_inRFP_toGFPmed	f2_inRFP_toGFPmean	inGFPnfoci	f1_inGFParea	f1_inGFPx	f1_inGFPy	f2_inGFParea	f2_inGFPx	f2_inGFPy	f1_inGFP_toRFPmed	f1_inGFP_toRFPmean	f2_inGFP_toRFPmed	f2_inGFP_toRFPmean	f1_inGFP_toGFPmed	f1_inGFP_toGFPmean	f2_inGFP_toGFPmed	f2_inGFP_toGFPmean
1	1	1656	1293.053	21.685	0.843	32	380	866	320	35	32	380	866	320	35	105.564	112.100	123	115	114	113	112	112	111	111	110	109	107	100.969	572.695	777	698	666	641	616	591	561	528	482	420	226	0	0	0.000	0.000	0	0	0	0	0.000	0	0	0	0.000	0	0	0	0	0.000	0.000	0	0	0	0	0.000	0	0	0	0.000	0	0
2	2	1886	327.757	30.475	0.870	604	706	349	135	50	604	706	349	135	50	106.289	148.559	239	168	157	151	149	146	144	140	136	131	121	101.422	131.765	147	139	136	135	133	132	131	130	128	125	111	0	0	0.000	0.000	0	0	0	0	0.000	0	0	0	0.000	0	0	0	0	0.000	0.000	0	0	0	0	0.000	0	0	0	0.000	0	0
3	3	913	474.485	19.125	0.888	346	347	135	56	14	346	347	135	56	14	107.333	308.572	406	370	347	329	319	312	304	293	278	244	172	103.403	143.016	165	156	153	150	147	145	142	139	134	126	110	0	0	0.000	0.000	0	0	0	0	0.000	0	0	0	0.000	0	0	0	0	0.000	0.000	0	0	0	0	0.000	0	0	0	0.000	0	0
4	4	2262	533.660	38.211	0.832	1428	328	240	179	62	1428	328	240	179	62	108.018	1719.866	28290	4931	809	252	226	211	192	177	161	151	124	104.357	668.124	1733	1024	922	824	711	610	543	467	378	304	224	1	242	544.963	31.863	0	0	0	11131	12399.636	0	0	1240	1236.669	0	0	1	12	544.048	31.992	0	0	0	25161	24995.083	0	0	1670	1662.250	0	0
5	5	435	1248.576	31.517	0.922	6	61	162	151	48	6	61	162	151	48	106.283	113.320	121	118	116	114	114	113	112	112	111	110	107	101.057	430.437	554	521	506	493	475	452	423	388	357	304	210	0	0	0.000	0.000	0	0	0	0	0.000	0	0	0	0.000	0	0	0	0	0.000	0.000	0	0	0	0	0.000	0	0	0	0.000	0	0
6	6	3306	1718.886	65.892	0.859	255	1749	1060	165	27	255	1749	1060	165	27	104.862	117.028	130	123	122	120	117	116	115	114	113	112	108	100.930	118.441	132	123	122	120	119	119	118	117	115	113	104	0	0	0.000	0.000	0	0	0	0	0.000	0	0	0	0.000	0	0	0	0	0.000	0.000	0	0	0	0	0.000	0	0	0	0.000	0	0
7	7	1619	895.556	90.836	0.890	60	429	793	289	26	60	429	793	289	26	106.726	133.767	215	148	141	136	134	131	129	127	124	120	110	101.930	124.863	141	133	131	130	128	126	124	122	119	114	104	1	23	892.746	98.901	0	0	0	195	195.652	0	0	132	132.130	0	0	0	0	0.000	0.000	0	0	0	0	0.000	0	0	0	0.000	0	0
8	8	1583	356.601	94.615	0.884	590	825	126	17	5	590	825	126	17	5	106.998	163.666	201	186	177	172	169	164	159	153	148	142	127	102.000	129.689	147	139	136	134	132	130	128	126	124	120	109	0	0	0.000	0.000	0	0	0	0	0.000	0	0	0	0.000	0	0	0	0	0.000	0.000	0	0	0	0	0.000	0	0	0	0.000	0	0
9	9	1610	28.046	111.245	0.886	31	116	779	627	18	31	116	779	627	18	103.615	194.633	248	234	226	217	208	198	187	175	162	150	129	100.022	199.016	256	240	230	220	211	200	189	179	168	157	136	0	0	0.000	0.000	0	0	0	0	0.000	0	0	0	0.000	0	0	0	0	0.000	0.000	0	0	0	0	0.000	0	0	0	0.000	0	0
10	10	885	939.078	106.321	0.919	31	101	336	327	75	31	101	336	327	75	107.000	122.323	132	128	127	126	124	122	121	119	118	116	112	102.000	118.427	130	125	124	122	121	120	118	116	113	110	102	0	0	0.000	0.000	0	0	0	0	0.000	0	0	0	0.000	0	0	0	0	0.000	0.000	0	0	0	0	0.000	0	0	0	0.000	0	0
11	11	2459	1405.757	122.244	0.903	127	1023	1135	108	13	127	1023	1135	108	13	106.797	115.392	122	119	118	117	116	115	115	114	113	112	109	102.155	953.144	1694	1346	1239	1136	1053	978	886	766	636	527	350	0	0	0.000	0.000	0	0	0	0	0.000	0	0	0	0.000	0	0	0	0	0.000	0.000	0	0	0	0	0.000	0	0	0	0.000	0	0
12	12	1418	572.039	137.682	0.915	60	314	860	134	13	60	314	860	134	13	107.324	172.288	215	200	193	188	182	175	167	158	148	140	127	103.209	556.342	903	756	713	659	613	572	519	471	395	325	245	0	0	0.000	0.000	0	0	0	0	0.000	0	0	0	0.000	0	0	0	0	0.000	0.000	0	0	0	0	0.000	0	0	0	0.000	0	0
13	13	1766	1998.149	172.283	0.895	66	262	1090	284	19	66	262	1090	284	19	104.236	111.805	119	115	114	113	112	112	111	110	110	109	106	102.000	1661.666	2613	2393	2235	2074	1911	1741	1571	1321	1051	783	385	0	0	0.000	0.000	0	0	0	0	0.000	0	0	0	0.000	0	0	0	0	0.000	0.000	0	0	0	0	0.000	0	0	0	0.000	0	0
14	14	2391	1350.482	196.523	0.862	595	1599	121	28	10	595	1599	121	28	10	108.601	330.393	2768	693	307	211	184	173	167	162	156	144	127	102.908	135.698	167	152	145	141	137	133	131	129	127	124	112	1	248	1361.610	202.126	0	0	0	1288	1395.363	0	0	143	144.052	0	0	0	0	0.000	0.000	0	0	0	0	0.000	0	0	0	0.000	0	0
15	15	1724	1963.705	220.199	0.899	42	156	829	586	74	42	156	829	586	74	105.603	113.146	120	117	115	114	114	113	112	112	111	110	107	101.976	1560.470	2681	2358	2162	1976	1747	1522	1319	1106	964	824	636	0	0	0.000	0.000	0	0	0	0	0.000	0	0	0	0.000	0	0	0	0	0.000	0.000	0	0	0	0	0.000	0	0	0	0.000	0	0
16	16	2583	1197.806	223.343	0.909	942	1190	316	64	30	942	1190	316	64	30	109.251	982.602	12257	2981	960	394	230	188	175	165	155	143	125	104.938	267.956	490	364	327	307	290	265	242	218	199	177	130	1	311	1190.679	219.072	0	0	0	4850	5479.762	0	0	356	362.881	0	0	0	0	0.000	0.000	0	0	0	0	0.000	0	0	0	0.000	0	0
17	17	1779	1187.437	277.523	0.873	128	485	965	141	17	128	485	965	141	17	109.280	118.479	129	122	121	120	119	118	117	117	116	115	111	104.968	854.257	1313	1141	1059	989	926	857	810	740	650	549	302	0	0	0.000	0.000	0	0	0	0	0.000	0	0	0	0.000	0	0	0	0	0.000	0.000	0	0	0	0	0.000	0	0	0	0.000	0	0
18	18	615	370.369	272.667	0.935	12	54	276	200	62	12	54	276	200	62	107.000	113.860	119	116	115	115	114	114	113	113	112	111	109	102.735	718.872	1004	939	898	838	778	708	656	619	579	498	334	0	0	0.000	0.000	0	0	0	0	0.000	0	0	0	0.000	0	0	0	0	0.000	0.000	0	0	0	0	0.000	0	0	0	0.000	0	0
19	19	491	1717.463	273.872	0.921	42	80	267	85	11	42	80	267	85	11	108.000	147.267	184	171	163	156	150	146	140	135	131	128	126	102.470	114.648	128	122	118	117	115	114	113	111	110	109	106	0	0	0.000	0.000	0	0	0	0	0.000	0	0	0	0.000	0	0	0	0	0.000	0.000	0	0	0	0	0.000	0	0	0	0.000	0	0
20	20	1765	1340.332	291.959	0.885	46	245	762	627	58	46	245	762	627	58	108.680	144.423	174	159	155	151	147	144	140	137	134	131	120	104.000	408.088	600	533	499	468	438	412	379	347	317	285	205	0	0	0.000	0.000	0	0	0	0	0.000	0	0	0	0.000	0	0	0	0	0.000	0.000	0	0	0	0	0.000	0	0	0	0.000	0	0
21	21	1834	1470.382	292.731	0.858	57	141	557	935	123	57	141	557	935	123	107.926	131.782	152	143	139	137	135	132	130	126	123	120	113	102.406	171.820	223	207	200	193	185	176	165	153	142	132	107	0	0	0.000	0.000	0	0	0	0	0.000	0	0	0	0.000	0	0	0	0	0.000	0.000	0	0	0	0	0.000	0	0	0	0.000	0	0
22	22	628	1429.643	288.039	0.903	80	161	216	116	48	80	161	216	116	48	108.000	136.912	151	145	143	141	139	137	136	134	132	128	120	103.000	172.045	203	193	189	185	181	174	168	163	155	146	131	0	0	0.000	0.000	0	0	0	0	0.000	0	0	0	0.000	0	0	0	0	0.000	0.000	0	0	0	0	0.000	0	0	0	0.000	0	0
23	23	2415	333.362	306.015	0.830	74	352	1423	479	30	74	352	1423	479	30	107.000	115.463	123	119	118	117	116	115	115	114	113	112	109	102.983	1047.199	1727	1518	1354	1227	1135	1041	941	853	763	632	319	0	0	0.000	0.000	0	0	0	0	0.000	0	0	0	0.000	0	0	0	0	0.000	0.000	0	0	0	0	0.000	0	0	0	0.000	0	0
24	24	2213	393.333	318.562	0.834	60	361	1218	510	26	60	361	1218	510	26	107.000	114.168	120	117	116	115	115	114	114	113	113	112	108	103.608	973.061	1450	1303	1240	1162	1091	1025	943	848	712	524	320	0	0	0.000	0.000	0	0	0	0	0.000	0	0	0	0.000	0	0	0	0	0.000	0.000	0	0	0	0	0.000	0	0	0	0.000	0	0
25	25	2444	1264.996	327.075	0.865	76	1095	1150	47	6	76	1095	1150	47	6	109.330	134.584	152	144	142	139	137	136	133	131	127	123	117	104.543	667.633	1041	932	872	811	743	681	610	542	490	365	232	0	0	0.000	0.000	0	0	0	0	0.000	0	0	0	0.000	0	0	0	0	0.000	0.000	0	0	0	0	0.000	0	0	0	0.000	0	0
26	26	2587	1198.657	332.875	0.803	64	1272	1006	168	29	64	1272	1006	168	29	108.893	180.612	1707	201	132	129	127	126	125	124	121	118	114	104.657	650.713	2737	991	815	716	632	558	503	454	383	297	237	1	169	1188.348	342.019	0	0	0	775	840.905	0	0	1683	1700.609	0	0	1	103	1189.324	341.824	0	0	0	1043	1045.233	0	0	2010	2016.136	0	0
27	27	2663	1132.348	347.645	0.873	68	345	1594	585	17	68	345	1594	585	17	108.269	130.462	140	136	135	134	133	132	131	129	126	122	114	103.237	840.934	1155	1077	1023	964	912	860	802	742	679	583	322	0	0	0.000	0.000	0	0	0	0	0.000	0	0	0	0.000	0	0	0	0	0.000	0.000	0	0	0	0	0.000	0	0	0	0.000	0	0
28	28	1474	1475.718	339.885	0.886	66	558	767	33	14	66	558	767	33	14	108.000	139.725	159	152	150	147	144	141	137	133	129	125	118	102.763	199.020	262	239	232	224	215	206	193	178	162	148	127	0	0	0.000	0.000	0	0	0	0	0.000	0	0	0	0.000	0	0	0	0	0.000	0.000	0	0	0	0	0.000	0	0	0	0.000	0	0
29	29	1348	502.973	346.734	0.895	43	405	729	138	18	43	405	729	138	18	107.515	115.348	126	119	118	116	116	115	114	114	113	112	108	102.000	127.834	139	133	131	130	129	128	127	126	124	122	112	0	0	0.000	0.000	0	0	0	0	0.000	0	0	0	0.000	0	0	0	0	0.000	0.000	0	0	0	0	0.000	0	0	0	0.000	0	0
30	30	1279	1358.236	353.334	0.864	23	55	475	612	83	23	55	475	612	83	108.000	143.131	167	161	156	152	148	143	139	135	130	126	120	103.870	444.059	620	575	542	514	486	452	420	383	348	296	213	0	0	0.000	0.000	0	0	0	0	0.000	0	0	0	0.000	0	0	0	0	0.000	0.000	0	0	0	0	0.000	0	0	0	0.000	0	0
31	31	1401	755.202	361.521	0.909	26	338	763	231	11	26	338	763	231	11	108.464	146.286	759	152	140	136	134	132	130	128	126	123	115	103.000	636.714	1210	819	783	742	690	637	587	543	488	430	301	1	62	750.819	360.943	0	0	0	361	391.323	0	0	826	868.984	0	0	0	0	0.000	0.000	0	0	0	0	0.000	0	0	0	0.000	0	0
32	32	1827	1454.360	383.504	0.903	1295	233	159	107	23	1295	233	159	107	23	107.972	143.117	160	154	151	148	146	144	142	139	135	131	122	102.949	187.446	246	227	215	204	193	183	175	169	162	156	137	0	0	0.000	0.000	0	0	0	0	0.000	0	0	0	0.000	0	0	0	0	0.000	0.000	0	0	0	0	0.000	0	0	0	0.000	0	0
33	33	1814	785.882	400.312	0.872	46	372	978	361	24	46	372	978	361	24	109.000	139.322	243	148	143	141	139	138	136	133	129	125	113	103.000	667.840	912	827	787	751	714	679	647	608	563	497	237	1	34	795.542	388.626	0	0	0	217	214.971	0	0	760	748.441	0	0	0	0	0.000	0.000	0	0	0	0	0.000	0	0	0	0.000	0	0
34	34	1872	1720.830	396.545	0.883	14	195	1077	501	23	14	195	1077	501	23	108.000	113.564	118	116	115	114	114	114	113	113	112	112	109	102.166	122.122	135	129	127	125	124	123	121	119	117	115	107	0	0	0.000	0.000	0	0	0	0	0.000	0	0	0	0.000	0	0	0	0	0.000	0.000	0	0	0	0	0.000	0	0	0	0.000	0	0
35	35	1765	1779.538	408.758	0.888	24	227	1031	429	20	24	227	1031	429	20	108.004	113.665	123	117	115	115	114	113	113	112	112	111	109	102.780	125.451	139	133	131	129	127	125	124	122	120	118	110	0	0	0.000	0.000	0	0	0	0	0.000	0	0	0	0.000	0	0	0	0	0.000	0.000	0	0	0	0	0.000	0	0	0	0.000	0	0
36	36	1030	1855.234	426.920	0.926	16	51	532	374	39	16	51	532	374	39	107.639	122.684	131	127	126	125	124	123	122	121	119	117	113	102.812	361.499	541	460	430	411	391	369	343	320	289	249	173	0	0	0.000	0.000	0	0	0	0	0.000	0	0	0	0.000	0	0	0	0	0.000	0.000	0	0	0	0	0.000	0	0	0	0.000	0	0
37	37	612	1819.178	430.705	0.931	43	89	232	207	27	43	89	232	207	27	108.374	112.613	117	115	114	113	113	112	112	112	111	111	110	103.000	114.856	127	120	118	117	115	114	113	113	112	111	106	0	0	0.000	0.000	0	0	0	0	0.000	0	0	0	0.000	0	0	0	0	0.000	0.000	0	0	0	0	0.000	0	0	0	0.000	0	0
38	38	1455	1684.058	440.584	0.906	41	142	750	465	25	41	142	750	465	25	108.771	114.504	124	118	116	115	114	114	113	113	113	112	109	102.788	120.969	137	128	126	124	122	121	119	118	116	114	106	0	0	0.000	0.000	0	0	0	0	0.000	0	0	0	0.000	0	0	0	0	0.000	0.000	0	0	0	0	0.000	0	0	0	0.000	0	0
39	39	1537	483.485	449.834	0.909	163	842	429	58	14	163	842	429	58	14	107.997	116.668	132	123	120	118	116	115	115	114	113	113	109	103.000	1145.793	2467	1598	1429	1335	1246	1157	1038	908	780	659	413	0	0	0.000	0.000	0	0	0	0	0.000	0	0	0	0.000	0	0	0	0	0.000	0.000	0	0	0	0	0.000	0	0	0	0.000	0	0
40	40	1963	1145.675	454.288	0.883	445	1410	54	14	5	445	1410	54	14	5	108.711	137.845	250	163	142	137	134	131	129	127	125	122	113	103.000	379.358	585	508	469	440	422	400	369	313	265	227	192	1	123	1151.242	450.876	0	0	0	206	207.878	0	0	419	418.325	0	0	0	0	0.000	0.000	0	0	0	0	0.000	0	0	0	0.000	0	0
41	41	2102	1832.194	475.048	0.828	98	193	1267	485	26	98	193	1267	485	26	108.426	120.833	133	127	125	123	122	120	119	118	117	115	113	103.440	365.444	607	527	474	436	406	370	329	291	248	203	154	0	0	0.000	0.000	0	0	0	0	0.000	0	0	0	0.000	0	0	0	0	0.000	0.000	0	0	0	0	0.000	0	0	0	0.000	0	0
42	42	1645	1780.936	487.279	0.911	13	32	390	998	189	13	32	390	998	189	108.928	121.844	134	127	125	124	123	122	121	120	118	116	112	103.080	329.108	459	426	406	378	346	321	304	285	263	237	172	0	0	0.000	0.000	0	0	0	0	0.000	0	0	0	0.000	0	0	0	0	0.000	0.000	0	0	0	0	0.000	0	0	0	0.000	0	0
43	43	1567	972.657	490.965	0.889	34	124	739	577	69	34	124	739	577	69	109.000	144.953	162	156	153	151	149	147	145	141	136	129	120	104.601	1459.082	2084	1917	1807	1729	1625	1499	1350	1244	1136	944	545	0	0	0.000	0.000	0	0	0	0	0.000	0	0	0	0.000	0	0	0	0	0.000	0.000	0	0	0	0	0.000	0	0	0	0.000	0	0
44	44	1627	515.688	492.031	0.887	27	341	939	270	17	27	341	939	270	17	108.000	207.900	667	256	225	210	199	190	184	174	164	151	131	102.462	121.622	151	136	129	125	122	119	117	116	114	112	106	1	72	524.675	497.736	0	0	0	481	482.347	0	0	136	136.278	0	0	0	0	0.000	0.000	0	0	0	0	0.000	0	0	0	0.000	0	0
45	45	1467	926.245	499.857	0.877	47	725	585	76	11	47	725	585	76	11	108.999	138.450	159	149	146	143	141	139	136	134	131	127	120	104.446	1057.635	1811	1507	1388	1274	1138	1015	921	840	742	640	403	0	0	0.000	0.000	0	0	0	0	0.000	0	0	0	0.000	0	0	0	0	0.000	0.000	0	0	0	0	0.000	0	0	0	0.000	0	0
46	46	567	1137.103	495.402	0.949	51	55	198	228	27	51	55	198	228	27	109.000	118.328	125	122	121	120	119	118	117	117	116	115	111	103.000	248.176	378	327	296	274	257	246	232	218	204	176	136	0	0	0.000	0.000	0	0	0	0	0.000	0	0	0	0.000	0	0	0	0	0.000	0.000	0	0	0	0	0.000	0	0	0	0.000	0	0
47	47	1463	439.063	507.347	0.900	40	148	440	675	132	40	148	440	675	132	107.433	117.541	123	121	120	119	118	117	117	116	115	114	111	102.984	149.213	169	162	159	156	153	151	148	145	141	134	122	0	0	0.000	0.000	0	0	0	0	0.000	0	0	0	0.000	0	0	0	0	0.000	0.000	0	0	0	0	0.000	0	0	0	0.000	0	0
48	48	1027	875.513	511.186	0.886	10	102	648	237	8	10	102	648	237	8	107.946	134.016	152	143	140	138	136	134	133	130	128	124	118	103.685	1077.706	1556	1398	1309	1216	1138	1063	1001	935	861	776	567	0	0	0.000	0.000	0	0	0	0	0.000	0	0	0	0.000	0	0	0	0	0.000	0.000	0	0	0	0	0.000	0	0	0	0.000	0	0
49	49	1295	1972.335	512.477	0.901	55	121	492	578	31	55	121	492	578	31	107.000	116.120	126	121	119	117	117	116	115	114	113	112	109	102.632	1243.533	1710	1612	1517	1457	1403	1323	1180	1061	950	786	476	0	0	0.000	0.000	0	0	0	0	0.000	0	0	0	0.000	0	0	0	0	0.000	0.000	0	0	0	0	0.000	0	0	0	0.000	0	0
50	50	1625	1913.973	522.156	0.904	9	77	512	864	127	9	77	512	864	127	107.889	118.204	127	122	121	120	119	118	117	116	115	114	110	103.365	1156.495	1637	1506	1432	1345	1258	1176	1083	1007	907	764	450	0	0	0.000	0.000	0	0	0	0	0.000	0	0	0	0.000	0	0	0	0	0.000	0.000	0	0	0	0	0.000	0	0	0	0.000	0	0
51	51	1415	283.124	521.273	0.863	273	677	363	65	9	273	677	363	65	9	107.654	301.727	823	498	363	298	274	259	242	229	211	192	169	103.493	131.227	162	146	141	137	134	130	126	124	121	119	112	0	0	0.000	0.000	0	0	0	0	0.000	0	0	0	0.000	0	0	0	0	0.000	0.000	0	0	0	0	0.000	0	0	0	0.000	0	0
52	52	1107	207.459	522.838	0.919	45	135	535	335	33	45	135	535	335	33	106.909	125.272	137	132	130	128	127	126	124	122	121	119	113	103.711	778.522	1108	1015	949	900	855	797	736	659	595	524	374	0	0	0.000	0.000	0	0	0	0	0.000	0	0	0	0.000	0	0	0	0	0.000	0.000	0	0	0	0	0.000	0	0	0	0.000	0	0
53	53	2314	1807.257	537.353	0.874	67	152	1234	776	36	67	152	1234	776	36	108.600	122.344	131	128	126	125	124	123	121	120	118	116	112	103.189	314.655	480	424	401	375	349	318	286	259	233	194	162	0	0	0.000	0.000	0	0	0	0	0.000	0	0	0	0.000	0	0	0	0	0.000	0.000	0	0	0	0	0.000	0	0	0	0.000	0	0
54	54	1964	957.453	538.397	0.911	22	231	836	775	45	22	231	836	775	45	109.000	139.105	159	151	148	145	142	139	136	134	130	126	118	104.685	1124.600	1977	1744	1580	1433	1260	1094	944	816	686	553	363	0	0	0.000	0.000	0	0	0	0	0.000	0	0	0	0.000	0	0	0	0	0.000	0.000	0	0	0	0	0.000	0	0	0	0.000	0	0
55	55	1124	1584.275	548.879	0.885	34	50	307	559	156	34	50	307	559	156	108.257	127.797	142	137	134	132	130	128	126	124	121	118	113	102.968	499.508	664	617	593	571	545	512	474	435	406	373	240	0	0	0.000	0.000	0	0	0	0	0.000	0	0	0	0.000	0	0	0	0	0.000	0.000	0	0	0	0	0.000	0	0	0	0.000	0	0
56	56	249	249.368	537.426	0.895	18	98	75	34	17	18	98	75	34	17	107.297	132.056	141	138	137	135	134	133	131	130	127	125	121	104.000	120.137	129	126	124	122	121	120	119	118	117	115	111	0	0	0.000	0.000	0	0	0	0	0.000	0	0	0	0.000	0	0	0	0	0.000	0.000	0	0	0	0	0.000	0	0	0	0.000	0	0
57	57	2518	456.813	562.095	0.899	20	553	1607	271	24	20	553	1607	271	24	108.606	141.743	665	175	126	122	120	119	118	117	116	115	111	102.970	147.537	186	165	161	158	153	149	144	139	133	127	112	1	197	464.417	547.064	0	0	0	335	360.137	0	0	165	162.355	0	0	0	0	0.000	0.000	0	0	0	0	0.000	0	0	0	0.000	0	0
58	58	2585	324.055	573.003	0.902	1457	1035	13	8	5	1457	1035	13	8	5	108.075	268.219	2924	400	144	139	137	135	133	132	129	125	114	103.989	257.983	797	315	278	266	254	241	228	213	197	179	134	1	292	325.357	575.250	0	0	0	1237	1274.634	0	0	457	459.158	0	0	0	0	0.000	0.000	0	0	0	0	0.000	0	0	0	0.000	0	0
59	59	973	222.234	561.566	0.812	128	473	205	121	17	128	473	205	121	17	107.191	162.180	887	219	138	132	131	129	127	124	122	119	114	105.000	784.075	2643	1000	914	837	788	752	708	647	571	493	389	1	86	211.877	557.744	0	0	0	420	453.430	0	0	1317	1375.826	0	0	0	0	0.000	0.000	0	0	0	0	0.000	0	0	0	0.000	0	0
60	60	1745	1630.345	571.924	0.882	59	555	810	263	33	59	555	810	263	33	108.126	137.280	385	143	139	137	135	133	130	127	124	121	115	103.000	576.693	1085	768	732	689	633	570	517	472	430	370	221	1	72	1620.342	586.107	0	0	0	262	266.319	0	0	856	805.486	0	0	0	0	0.000	0.000	0	0	0	0	0.000	0	0	0	0.000	0	0
61	61	2763	1941.808	584.394	0.887	57	816	1585	238	12	57	816	1585	238	12	108.347	146.455	255	158	155	153	150	148	145	140	133	127	120	103.848	1593.559	2431	2184	2031	1916	1787	1662	1557	1405	1139	831	461	0	0	0.000	0.000	0	0	0	0	0.000	0	0	0	0.000	0	0	0	0	0.000	0.000	0	0	0	0	0.000	0	0	0	0.000	0	0
62	62	2332	506.323	608.303	0.862	732	1348	111	52	35	732	1348	111	52	35	108.226	146.980	410	205	152	135	130	128	125	123	121	118	113	103.000	143.488	173	158	155	152	149	145	141	136	131	127	113	1	253	506.067	602.236	0	0	0	263	274.561	0	0	152	152.372	0	0	0	0	0.000	0.000	0	0	0	0	0.000	0	0	0	0.000	0	0
63	63	964	1798.719	601.887	0.923	10	32	208	563	139	10	32	208	563	139	108.920	179.811	209	198	193	188	186	182	178	173	167	158	138	102.889	1532.961	2156	1933	1825	1748	1661	1565	1458	1340	1207	1092	771	0	0	0.000	0.000	0	0	0	0	0.000	0	0	0	0.000	0	0	0	0	0.000	0.000	0	0	0	0	0.000	0	0	0	0.000	0	0
64	64	1571	1861.224	607.366	0.874	7	46	630	779	77	7	46	630	779	77	108.484	118.623	125	122	121	120	120	119	118	117	116	115	112	103.792	758.245	1178	1005	925	870	816	775	714	653	585	506	275	0	0	0.000	0.000	0	0	0	0	0.000	0	0	0	0.000	0	0	0	0	0.000	0.000	0	0	0	0	0.000	0	0	0	0.000	0	0
65	65	1443	201.995	608.794	0.913	763	437	174	30	22	763	437	174	30	22	107.033	120.447	140	132	125	122	120	118	117	116	116	114	110	105.000	141.202	180	152	149	146	144	142	140	136	132	129	120	0	0	0.000	0.000	0	0	0	0	0.000	0	0	0	0.000	0	0	0	0	0.000	0.000	0	0	0	0	0.000	0	0	0	0.000	0	0
66	66	1801	859.608	621.206	0.888	150	1414	171	19	20	150	1414	171	19	20	109.000	168.824	417	188	181	177	173	167	161	155	151	144	126	103.964	900.993	1503	1311	1206	1105	996	886	802	708	595	502	288	1	19	847.624	614.384	0	0	0	329	324.842	0	0	762	775.632	0	0	0	0	0.000	0.000	0	0	0	0	0.000	0	0	0	0.000	0	0
67	67	1392	319.268	624.600	0.928	436	615	247	55	14	436	615	247	55	14	108.010	133.790	145	142	140	139	138	136	134	131	126	122	115	103.771	699.414	995	921	867	811	773	730	669	608	536	442	214	0	0	0.000	0.000	0	0	0	0	0.000	0	0	0	0.000	0	0	0	0	0.000	0.000	0	0	0	0	0.000	0	0	0	0.000	0	0
68	68	2602	1785.088	651.034	0.868	152	1062	1164	165	7	152	1062	1164	165	7	109.000	186.753	235	220	211	202	196	190	182	172	161	150	135	102.938	1673.514	2650	2386	2247	2087	1893	1720	1501	1327	1132	845	634	0	0	0.000	0.000	0	0	0	0	0.000	0	0	0	0.000	0	0	0	0	0.000	0.000	0	0	0	0	0.000	0	0	0	0.000	0	0
69	69	1911	1953.708	645.800	0.905	35	79	348	1191	226	35	79	348	1191	226	107.823	163.197	1182	161	152	150	148	145	140	134	128	122	115	103.355	1486.332	3318	2022	1913	1811	1706	1587	1481	1333	1012	671	152	1	79	1944.267	651.498	0	0	0	552	586.456	0	0	2326	2395.165	0	0	0	0	0.000	0.000	0	0	0	0	0.000	0	0	0	0.000	0	0
70	70	1809	1862.897	657.270	0.923	79	109	872	693	36	79	109	872	693	36	108.930	121.513	132	127	125	124	123	122	121	119	118	116	110	103.547	935.823	1384	1243	1188	1122	1046	965	881	782	684	566	389	0	0	0.000	0.000	0	0	0	0	0.000	0	0	0	0.000	0	0	0	0	0.000	0.000	0	0	0	0	0.000	0	0	0	0.000	0	0
71	71	1743	884.940	666.871	0.874	40	297	1000	339	24	40	297	1000	339	24	109.000	168.667	464	194	185	177	168	161	157	151	145	139	129	104.000	989.290	1580	1430	1357	1233	1105	999	885	761	639	516	406	1	36	872.784	664.609	0	0	0	339	335.750	0	0	1433	1424.972	0	0	0	0	0.000	0.000	0	0	0	0	0.000	0	0	0	0.000	0	0
72	72	627	929.971	685.384	0.897	47	59	182	239	82	47	59	182	239	82	109.123	139.381	157	150	147	144	141	139	137	135	132	130	125	104.000	660.281	992	900	805	729	670	622	596	563	535	497	381	0	0	0.000	0.000	0	0	0	0	0.000	0	0	0	0.000	0	0	0	0	0.000	0.000	0	0	0	0	0.000	0	0	0	0.000	0	0
73	73	2496	1769.343	711.821	0.877	118	1334	960	27	5	118	1334	960	27	5	108.774	174.086	573	194	177	172	168	164	159	154	148	140	123	104.000	1125.043	1882	1527	1431	1325	1234	1148	1056	951	821	671	366	1	95	1775.092	705.725	0	0	0	396	398.695	0	0	1531	1525.558	0	0	0	0	0.000	0.000	0	0	0	0	0.000	0	0	0	0.000	0	0
74	74	2842	1567.208	736.653	0.865	363	1689	705	23	2	363	1689	705	23	2	110.924	178.668	757	244	156	152	149	147	145	143	137	130	120	107.227	1549.094	3371	2174	2016	1864	1706	1556	1380	1241	1102	762	403	1	267	1580.992	727.708	0	0	0	450	467.813	0	0	2495	2463.738	0	0	0	0	0.000	0.000	0	0	0	0	0.000	0	0	0	0.000	0	0
75	75	1810	531.200	738.111	0.901	267	1335	154	10	5	267	1335	154	10	5	108.000	121.360	134	126	124	123	122	121	120	119	119	117	113	103.431	498.348	641	598	574	554	531	507	480	458	428	384	244	0	0	0.000	0.000	0	0	0	0	0.000	0	0	0	0.000	0	0	0	0	0.000	0.000	0	0	0	0	0.000	0	0	0	0.000	0	0
76	76	941	1749.042	757.386	0.906	10	83	338	399	95	10	83	338	399	95	108.555	169.652	196	190	187	183	180	174	167	160	151	142	127	104.000	1327.124	1872	1770	1700	1614	1525	1414	1292	1126	966	728	349	0	0	0.000	0.000	0	0	0	0	0.000	0	0	0	0.000	0	0	0	0	0.000	0.000	0	0	0	0	0.000	0	0	0	0.000	0	0
77	77	2259	1653.769	772.703	0.850	166	156	1117	740	28	166	156	1117	740	28	110.405	149.524	175	160	157	155	154	152	150	147	142	133	120	106.477	1116.241	1661	1443	1351	1286	1209	1138	1065	985	889	753	333	0	0	0.000	0.000	0	0	0	0	0.000	0	0	0	0.000	0	0	0	0	0.000	0.000	0	0	0	0	0.000	0	0	0	0.000	0	0
78	78	1262	1036.408	774.877	0.889	22	33	293	690	198	22	33	293	690	198	108.185	162.725	204	184	178	172	167	163	158	154	148	140	129	103.000	124.629	137	132	129	128	127	126	124	122	120	116	108	0	0	0.000	0.000	0	0	0	0	0.000	0	0	0	0.000	0	0	0	0	0.000	0.000	0	0	0	0	0.000	0	0	0	0.000	0	0
79	79	1926	1535.594	782.042	0.879	89	400	1206	178	9	89	400	1206	178	9	110.992	176.357	219	204	194	186	181	176	172	167	160	148	129	106.857	1915.357	3136	2696	2461	2268	2077	1880	1695	1544	1433	1184	519	0	0	0.000	0.000	0	0	0	0	0.000	0	0	0	0.000	0	0	0	0	0.000	0.000	0	0	0	0	0.000	0	0	0	0.000	0	0
80	80	540	361.511	770.296	0.898	35	57	241	172	21	35	57	241	172	21	107.815	115.285	121	118	117	116	115	115	115	114	114	113	110	103.513	290.024	425	386	363	335	307	283	260	239	223	203	175	0	0	0.000	0.000	0	0	0	0	0.000	0	0	0	0.000	0	0	0	0	0.000	0.000	0	0	0	0	0.000	0	0	0	0.000	0	0
81	81	1370	1483.186	781.644	0.854	61	606	610	58	10	61	606	610	58	10	109.970	162.867	196	181	177	173	169	164	159	154	148	142	127	105.486	1566.166	2358	2005	1908	1828	1764	1665	1528	1364	1163	957	628	0	0	0.000	0.000	0	0	0	0	0.000	0	0	0	0.000	0	0	0	0	0.000	0.000	0	0	0	0	0.000	0	0	0	0.000	0	0
82	82	2058	556.484	786.238	0.872	19	390	1047	533	39	19	390	1047	533	39	107.984	121.623	131	126	124	123	122	122	121	120	119	117	113	103.031	468.617	704	646	607	565	519	469	423	380	334	287	230	0	0	0.000	0.000	0	0	0	0	0.000	0	0	0	0.000	0	0	0	0	0.000	0.000	0	0	0	0	0.000	0	0	0	0.000	0	0
83	83	1788	325.850	789.210	0.879	10	110	1087	518	28	10	110	1087	518	28	107.870	132.624	299	138	134	132	130	129	127	126	123	120	114	105.418	514.152	983	744	677	606	547	501	462	413	354	300	209	1	64	340.330	796.556	0	0	0	220	223.141	0	0	773	761.625	0	0	0	0	0.000	0.000	0	0	0	0	0.000	0	0	0	0.000	0	0
84	84	1890	922.620	798.452	0.886	243	756	798	35	10	243	756	798	35	10	109.726	127.599	143	137	135	131	129	127	125	123	121	119	115	104.000	1293.695	2122	1880	1719	1602	1495	1380	1234	1052	822	545	323	0	0	0.000	0.000	0	0	0	0	0.000	0	0	0	0.000	0	0	0	0	0.000	0.000	0	0	0	0	0.000	0	0	0	0.000	0	0
85	85	1270	272.881	805.684	0.918	87	206	713	213	22	87	206	713	213	22	108.000	128.491	137	135	133	132	131	130	128	126	124	121	112	106.810	562.199	738	688	658	628	597	569	543	511	475	436	264	0	0	0.000	0.000	0	0	0	0	0.000	0	0	0	0.000	0	0	0	0	0.000	0.000	0	0	0	0	0.000	0	0	0	0.000	0	0
86	86	416	1287.641	809.607	0.782	32	132	207	36	6	32	132	207	36	6	109.000	128.219	136	133	131	130	129	128	127	126	125	124	122	103.000	113.296	120	117	116	115	114	113	113	112	111	110	107	0	0	0.000	0.000	0	0	0	0	0.000	0	0	0	0.000	0	0	0	0	0.000	0.000	0	0	0	0	0.000	0	0	0	0.000	0	0
87	87	559	1656.607	815.062	0.910	23	104	172	181	69	23	104	172	181	69	109.993	146.757	162	158	156	154	152	149	145	141	137	132	123	105.855	1321.129	1802	1693	1617	1548	1480	1420	1345	1199	1010	785	437	0	0	0.000	0.000	0	0	0	0	0.000	0	0	0	0.000	0	0	0	0	0.000	0.000	0	0	0	0	0.000	0	0	0	0.000	0	0
88	88	1619	310.088	833.597	0.897	39	510	793	172	58	39	510	793	172	58	108.000	150.825	665	189	138	132	130	128	126	125	123	120	115	106.675	442.524	1301	584	548	509	462	419	379	345	306	275	235	1	128	310.207	824.726	0	0	0	338	372.469	0	0	767	783.648	0	0	1	19	310.628	825.311	0	0	0	568	568.632	0	0	1133	1130.368	0	0
89	89	1438	1622.764	833.611	0.895	28	835	377	147	23	28	835	377	147	23	110.517	145.163	162	157	155	152	149	146	143	139	135	133	125	106.193	1103.035	1736	1465	1397	1316	1213	1108	1015	899	792	701	561	0	0	0.000	0.000	0	0	0	0	0.000	0	0	0	0.000	0	0	0	0	0.000	0.000	0	0	0	0	0.000	0	0	0	0.000	0	0
90	90	1672	1061.016	847.327	0.870	23	211	899	443	65	23	211	899	443	65	108.403	166.766	201	188	181	176	171	167	163	159	154	143	125	102.000	123.406	135	130	128	127	126	124	123	121	119	115	107	0	0	0.000	0.000	0	0	0	0	0.000	0	0	0	0.000	0	0	0	0	0.000	0.000	0	0	0	0	0.000	0	0	0	0.000	0	0
91	91	1013	1573.411	853.566	0.869	167	360	357	97	17	167	360	357	97	17	110.083	166.347	194	182	177	173	169	166	163	159	156	153	137	105.522	499.449	720	644	599	556	522	492	463	429	400	375	271	0	0	0.000	0.000	0	0	0	0	0.000	0	0	0	0.000	0	0	0	0	0.000	0.000	0	0	0	0	0.000	0	0	0	0.000	0	0
92	92	637	1497.846	847.712	0.916	170	180	212	46	13	170	180	212	46	13	109.688	133.016	146	140	136	135	134	134	133	131	129	125	120	104.689	967.278	1312	1172	1138	1107	1058	1011	969	908	799	657	432	0	0	0.000	0.000	0	0	0	0	0.000	0	0	0	0.000	0	0	0	0	0.000	0.000	0	0	0	0	0.000	0	0	0	0.000	0	0
93	93	1357	161.835	860.239	0.912	350	623	297	44	21	350	623	297	44	21	107.494	137.270	159	150	147	144	141	137	134	130	127	124	120	105.937	705.115	1244	1030	960	897	807	708	601	514	437	355	273	0	0	0.000	0.000	0	0	0	0	0.000	0	0	0	0.000	0	0	0	0	0.000	0.000	0	0	0	0	0.000	0	0	0	0.000	0	0
94	94	2211	238.008	878.369	0.892	932	711	355	131	43	932	711	355	131	43	108.902	130.846	141	137	136	134	133	132	130	128	126	123	117	108.000	331.346	508	454	413	379	356	332	307	279	249	214	168	0	0	0.000	0.000	0	0	0	0	0.000	0	0	0	0.000	0	0	0	0	0.000	0.000	0	0	0	0	0.000	0	0	0	0.000	0	0
95	95	1036	1212.715	877.253	0.922	21	107	622	252	8	21	107	622	252	8	108.999	115.808	122	119	118	117	116	116	115	115	114	113	110	103.035	583.854	858	764	715	670	621	576	539	503	464	403	295	0	0	0.000	0.000	0	0	0	0	0.000	0	0	0	0.000	0	0	0	0	0.000	0.000	0	0	0	0	0.000	0	0	0	0.000	0	0
96	96	1462	33.280	895.766	0.913	58	144	814	385	30	58	144	814	385	30	104.150	143.000	162	157	155	152	149	145	141	136	131	126	114	100.995	171.947	210	194	189	185	180	176	170	162	152	143	128	0	0	0.000	0.000	0	0	0	0	0.000	0	0	0	0.000	0	0	0	0	0.000	0.000	0	0	0	0	0.000	0	0	0	0.000	0	0
97	97	1497	151.924	905.081	0.882	44	114	607	665	44	44	114	607	665	44	106.907	151.875	248	162	160	158	156	154	151	146	141	134	122	104.851	994.097	1376	1300	1242	1172	1097	1016	938	853	769	639	373	0	0	0.000	0.000	0	0	0	0	0.000	0	0	0	0.000	0	0	0	0	0.000	0.000	0	0	0	0	0.000	0	0	0	0.000	0	0
98	98	1541	582.048	909.011	0.901	31	82	811	554	20	31	82	811	554	20	108.961	131.695	277	145	132	129	128	126	125	123	121	118	113	102.902	173.231	224	197	192	187	182	175	169	163	156	143	120	1	86	583.859	922.474	0	0	0	206	209.372	0	0	201	197.744	0	0	0	0	0.000	0.000	0	0	0	0	0.000	0	0	0	0.000	0	0
99	99	1254	634.705	908.668	0.903	33	239	685	256	17	33	239	685	256	17	109.000	126.499	153	134	132	130	127	126	124	123	121	119	114	102.976	156.947	186	175	169	165	162	159	154	149	143	137	125	0	0	0.000	0.000	0	0	0	0	0.000	0	0	0	0.000	0	0	0	0	0.000	0.000	0	0	0	0	0.000	0	0	0	0.000	0	0
100	100	1344	1109.441	908.482	0.890	48	102	506	576	74	48	102	506	576	74	109.000	115.286	122	117	117	116	116	115	115	114	114	113	111	102.994	552.686	791	726	687	644	599	560	518	470	421	372	241	0	0	0.000	0.000	0	0	0	0	0.000	0	0	0	0.000	0	0	0	0	0.000	0.000	0	0	0	0	0.000	0	0	0	0.000	0	0
101	101	1676	1217.272	926.280	0.911	18	279	983	327	35	18	279	983	327	35	108.998	115.924	123	119	118	117	116	116	115	115	114	113	110	103.000	538.477	945	828	729	667	590	518	455	397	346	297	208	0	0	0.000	0.000	0	0	0	0	0.000	0	0	0	0.000	0	0	0	0	0.000	0.000	0	0	0	0	0.000	0	0	0	0.000	0	0
102	102	1602	866.763	935.297	0.887	87	932	473	57	19	87	932	473	57	19	110.000	159.836	401	180	174	168	163	158	153	148	141	135	127	102.548	330.413	501	443	410	383	355	335	309	279	245	208	184	0	0	0.000	0.000	0	0	0	0	0.000	0	0	0	0.000	0	0	0	0	0.000	0.000	0	0	0	0	0.000	0	0	0	0.000	0	0
103	103	1604	1168.129	938.299	0.882	45	415	994	114	8	45	415	994	114	8	109.000	115.560	121	118	117	116	116	116	115	115	114	113	111	102.772	720.093	1124	1038	970	893	817	743	646	556	469	391	293	0	0	0.000	0.000	0	0	0	0	0.000	0	0	0	0.000	0	0	0	0	0.000	0.000	0	0	0	0	0.000	0	0	0	0.000	0	0
104	104	812	910.206	930.796	0.913	31	77	183	397	110	31	77	183	397	110	109.597	147.340	174	163	159	155	150	147	144	141	137	132	124	102.333	302.548	402	370	354	338	325	311	294	273	253	222	174	0	0	0.000	0.000	0	0	0	0	0.000	0	0	0	0.000	0	0	0	0	0.000	0.000	0	0	0	0	0.000	0	0	0	0.000	0	0
105	105	1793	35.907	949.327	0.880	51	425	986	293	10	51	425	986	293	10	103.872	147.977	377	159	155	153	150	145	141	136	131	126	119	101.022	168.074	212	191	186	181	177	172	165	158	149	137	125	1	42	52.132	952.552	0	0	0	280	283.381	0	0	190	183.000	0	0	0	0	0.000	0.000	0	0	0	0	0.000	0	0	0	0.000	0	0
106	106	254	1128.488	941.546	0.913	29	68	89	60	5	29	68	89	60	5	109.000	114.555	119	116	116	115	115	115	114	114	113	113	112	103.000	176.220	211	201	193	186	181	176	170	166	161	154	142	0	0	0.000	0.000	0	0	0	0	0.000	0	0	0	0.000	0	0	0	0	0.000	0.000	0	0	0	0	0.000	0	0	0	0.000	0	0
107	107	1638	1242.933	964.226	0.898	30	107	831	578	46	30	107	831	578	46	109.709	116.708	125	121	119	117	117	116	116	115	115	114	111	102.076	692.086	1031	912	852	803	747	702	663	603	527	445	283	0	0	0.000	0.000	0	0	0	0	0.000	0	0	0	0.000	0	0	0	0	0.000	0.000	0	0	0	0	0.000	0	0	0	0.000	0	0
108	108	1617	902.055	973.880	0.876	1214	320	19	12	13	1214	320	19	12	13	109.583	170.588	206	195	189	184	180	175	168	157	150	141	129	102.448	391.292	564	519	491	467	437	410	380	340	277	222	172	0	0	0.000	0.000	0	0	0	0	0.000	0	0	0	0.000	0	0	0	0	0.000	0.000	0	0	0	0	0.000	0	0	0	0.000	0	0
109	109	814	822.495	979.012	0.887	85	308	267	119	22	85	308	267	119	22	109.022	151.200	180	171	163	160	156	153	150	144	137	131	121	101.909	120.108	136	128	125	123	121	120	118	117	115	113	107	0	0	0.000	0.000	0	0	0	0	0.000	0	0	0	0.000	0	0	0	0	0.000	0.000	0	0	0	0	0.000	0	0	0	0.000	0	0
110	110	2400	517.827	1009.467	0.905	93	633	1392	221	7	93	633	1392	221	7	108.993	184.199	224	208	202	198	194	188	181	173	165	153	134	103.472	1071.465	1545	1388	1331	1267	1196	1115	1028	919	807	683	415	0	0	0.000	0.000	0	0	0	0	0.000	0	0	0	0.000	0	0	0	0	0.000	0.000	0	0	0	0	0.000	0	0	0	0.000	0	0
111	111	2067	573.366	1007.581	0.917	107	911	944	59	5	107	911	944	59	5	109.000	351.576	2275	848	285	205	196	188	180	170	163	150	125	103.533	1033.834	2084	1403	1278	1186	1123	1055	969	878	747	591	263	1	304	573.093	1003.411	0	0	0	1198	1262.809	0	0	1385	1395.819	0	0	0	0	0.000	0.000	0	0	0	0	0.000	0	0	0	0.000	0	0
112	112	1813	254.394	1012.892	0.916	134	459	993	166	29	134	459	993	166	29	108.481	169.947	206	193	187	181	175	170	166	160	153	146	131	104.436	890.617	1345	1252	1177	1099	1026	946	848	712	576	446	290	0	0	0.000	0.000	0	0	0	0	0.000	0	0	0	0.000	0	0	0	0	0.000	0.000	0	0	0	0	0.000	0	0	0	0.000	0	0
113	113	895	378.470	1020.281	0.884	136	308	265	133	30	136	308	265	133	30	108.000	161.288	221	189	176	168	163	158	153	149	145	140	130	103.212	135.764	175	154	145	139	136	133	130	128	126	124	114	0	0	0.000	0.000	0	0	0	0	0.000	0	0	0	0.000	0	0	0	0	0.000	0.000	0	0	0	0	0.000	0	0	0	0.000	0	0
114	114	985	1727.012	1032.359	0.912	35	303	431	172	23	35	303	431	172	23	110.000	133.778	146	143	141	139	137	135	133	130	126	123	116	101.455	150.928	176	166	163	161	158	155	152	145	137	129	111	0	0	0.000	0.000	0	0	0	0	0.000	0	0	0	0.000	0	0	0	0	0.000	0.000	0	0	0	0	0.000	0	0	0	0.000	0	0
115	115	2321	884.974	1064.811	0.896	515	1358	350	44	6	515	1358	350	44	6	108.859	121.328	135	127	125	123	122	121	120	119	117	116	112	102.268	2230.794	4415	3335	2730	2526	2338	2153	1984	1809	1615	1388	552	0	0	0.000	0.000	0	0	0	0	0.000	0	0	0	0.000	0	0	0	0	0.000	0.000	0	0	0	0	0.000	0	0	0	0.000	0	0
116	116	1365	451.448	1066.072	0.874	272	790	197	49	28	272	790	197	49	28	108.000	139.451	155	150	148	146	143	140	137	134	131	127	121	103.000	236.355	310	283	275	268	259	245	225	208	192	177	147	0	0	0.000	0.000	0	0	0	0	0.000	0	0	0	0.000	0	0	0	0	0.000	0.000	0	0	0	0	0.000	0	0	0	0.000	0	0
117	117	1351	1739.922	1068.726	0.916	61	254	836	173	4	61	254	836	173	4	110.000	344.782	3746	798	174	146	142	137	133	130	128	124	116	102.000	164.048	379	201	173	164	156	151	146	142	138	134	119	1	150	1727.814	1071.831	0	0	0	1684	1799.753	0	0	257	260.333	0	0	1	74	1727.999	1072.015	0	0	0	2546	2563.581	0	0	312	310.527	0	0
118	118	1108	76.744	1070.509	0.907	36	452	530	63	9	36	452	530	63	9	105.254	132.120	146	143	141	138	136	134	131	128	123	118	111	101.000	419.925	566	506	482	461	443	431	413	388	358	318	213	0	0	0.000	0.000	0	0	0	0	0.000	0	0	0	0.000	0	0	0	0	0.000	0.000	0	0	0	0	0.000	0	0	0	0.000	0	0
119	119	1202	1694.646	1095.981	0.920	86	485	439	150	24	86	485	439	150	24	110.000	134.815	147	143	141	139	137	136	134	131	129	125	120	102.000	195.532	244	222	215	209	204	197	190	183	175	167	149	0	0	0.000	0.000	0	0	0	0	0.000	0	0	0	0.000	0	0	0	0	0.000	0.000	0	0	0	0	0.000	0	0	0	0.000	0	0
120	120	2373	312.766	1110.893	0.907	35	264	1561	439	25	35	264	1561	439	25	108.408	421.234	6822	516	262	246	236	222	205	186	167	151	137	103.378	1646.335	2998	2312	2221	2109	1970	1814	1558	1272	980	702	394	1	143	318.399	1103.457	0	0	0	2768	3128.203	0	0	2381	2386.448	0	0	0	0	0.000	0.000	0	0	0	0	0.000	0	0	0	0.000	0	0
121	121	1240	447.272	1110.225	0.912	182	680	326	17	9	182	680	326	17	9	108.000	185.891	1276	221	154	148	145	142	139	135	131	127	121	102.049	199.892	377	248	233	218	208	199	189	175	162	147	133	1	92	438.215	1096.726	0	0	0	624	669.283	0	0	260	263.446	0	0	0	0	0.000	0.000	0	0	0	0	0.000	0	0	0	0.000	0	0
122	122	1535	67.707	1115.510	0.889	50	268	764	401	32	50	268	764	401	32	104.685	130.306	186	138	136	135	133	131	129	126	122	119	114	100.681	377.877	576	498	465	440	413	385	357	328	290	237	190	0	0	0.000	0.000	0	0	0	0	0.000	0	0	0	0.000	0	0	0	0	0.000	0.000	0	0	0	0	0.000	0	0	0	0.000	0	0
123	123	783	193.968	1115.306	0.925	17	59	241	404	48	17	59	241	404	48	107.000	139.023	157	151	148	146	143	140	137	134	130	125	114	102.000	800.691	1115	1040	958	889	850	811	778	737	663	549	316	0	0	0.000	0.000	0	0	0	0	0.000	0	0	0	0.000	0	0	0	0	0.000	0.000	0	0	0	0	0.000	0	0	0	0.000	0	0
124	124	2531	1537.639	1141.298	0.898	115	591	1509	264	9	115	591	1509	264	9	111.000	151.333	173	163	160	158	156	154	150	146	141	136	125	103.134	655.340	1010	879	801	753	714	665	617	562	499	407	275	0	0	0.000	0.000	0	0	0	0	0.000	0	0	0	0.000	0	0	0	0	0.000	0.000	0	0	0	0	0.000	0	0	0	0.000	0	0
125	125	1324	208.222	1158.141	0.872	55	458	685	86	9	55	458	685	86	9	107.000	147.438	167	160	156	153	150	147	145	142	139	135	125	102.000	918.667	1347	1222	1137	1058	992	940	860	781	692	602	409	0	0	0.000	0.000	0	0	0	0	0.000	0	0	0	0.000	0	0	0	0	0.000	0.000	0	0	0	0	0.000	0	0	0	0.000	0	0
126	126	1618	1155.793	1163.237	0.877	158	1094	285	28	14	158	1094	285	28	14	110.689	158.676	186	175	171	167	163	159	156	152	146	140	131	102.323	144.258	166	157	154	151	148	145	142	139	135	131	112	0	0	0.000	0.000	0	0	0	0	0.000	0	0	0	0.000	0	0	0	0	0.000	0.000	0	0	0	0	0.000	0	0	0	0.000	0	0
127	127	1758	324.599	1175.924	0.766	79	614	875	144	11	79	614	875	144	11	108.128	235.328	264	254	250	247	244	240	236	231	223	207	175	103.802	1983.401	2399	2233	2181	2150	2115	2075	2013	1941	1792	1562	899	0	0	0.000	0.000	0	0	0	0	0.000	0	0	0	0.000	0	0	0	0	0.000	0.000	0	0	0	0	0.000	0	0	0	0.000	0	0
128	128	1982	1805.834	1181.138	0.905	513	1194	136	76	33	513	1194	136	76	33	109.957	118.180	126	122	120	119	118	118	117	117	116	115	111	103.769	1074.698	1890	1682	1503	1329	1174	1044	912	784	668	561	339	0	0	0.000	0.000	0	0	0	0	0.000	0	0	0	0.000	0	0	0	0	0.000	0.000	0	0	0	0	0.000	0	0	0	0.000	0	0
129	129	2569	1560.528	1202.650	0.865	29	352	1552	546	33	29	352	1552	546	33	111.000	386.982	5575	463	157	149	145	143	140	137	132	128	121	103.598	577.823	2880	785	641	577	543	498	450	399	340	251	161	1	224	1546.182	1206.946	0	0	0	2578	2769.071	0	0	1556	1610.344	0	0	0	0	0.000	0.000	0	0	0	0	0.000	0	0	0	0.000	0	0
130	130	1462	427.825	1202.144	0.903	34	444	711	225	13	34	444	711	225	13	108.001	113.845	120	116	115	115	114	114	113	113	113	112	108	103.661	129.905	146	138	136	134	133	131	129	126	123	120	112	0	0	0.000	0.000	0	0	0	0	0.000	0	0	0	0.000	0	0	0	0	0.000	0.000	0	0	0	0	0.000	0	0	0	0.000	0	0
131	131	1002	534.623	1198.522	0.910	21	78	444	387	56	21	78	444	387	56	108.291	114.734	121	119	117	116	115	114	114	113	113	112	110	103.016	126.929	141	135	133	131	130	128	126	123	121	118	108	0	0	0.000	0.000	0	0	0	0	0.000	0	0	0	0.000	0	0	0	0	0.000	0.000	0	0	0	0	0.000	0	0	0	0.000	0	0
132	132	1640	1709.152	1213.167	0.909	130	331	741	382	29	130	331	741	382	29	110.084	415.269	5121	637	278	253	237	224	212	202	191	168	136	103.000	135.569	185	147	144	141	138	136	134	132	127	119	106	1	120	1695.952	1213.501	0	0	0	2187	2466.625	0	0	153	150.717	0	0	0	0	0.000	0.000	0	0	0	0	0.000	0	0	0	0.000	0	0
133	133	1537	1953.250	1215.452	0.889	270	928	223	63	34	270	928	223	63	34	107.999	132.254	562	131	128	126	124	123	122	120	119	117	111	102.000	148.433	230	161	158	155	153	150	146	143	139	129	107	1	63	1937.218	1211.592	0	0	0	308	313.683	0	0	174	174.095	0	0	0	0	0.000	0.000	0	0	0	0	0.000	0	0	0	0.000	0	0
134	134	2805	1166.678	1222.692	0.890	871	1550	226	81	28	871	1550	226	81	28	111.069	230.792	1966	299	195	180	171	167	162	158	150	138	123	102.876	153.297	381	171	162	158	154	149	144	140	134	125	109	1	179	1176.698	1222.226	0	0	0	914	1002.827	0	0	140	139.670	0	0	1	80	1161.743	1213.986	0	0	0	213	214.450	0	0	298	294.562	0	0
135	135	1643	489.998	1219.166	0.874	64	516	851	172	8	64	516	851	172	8	108.561	113.663	122	116	115	114	114	114	113	113	112	111	109	103.611	126.144	142	133	130	129	128	126	125	123	121	119	113	0	0	0.000	0.000	0	0	0	0	0.000	0	0	0	0.000	0	0	0	0	0.000	0.000	0	0	0	0	0.000	0	0	0	0.000	0	0
136	136	1822	2002.946	1233.943	0.889	171	603	861	131	24	171	603	861	131	24	107.874	638.651	12182	1233	279	208	182	164	155	149	142	132	120	101.083	121.062	139	131	127	125	122	120	118	117	115	113	106	1	141	2000.921	1227.558	0	0	0	4471	5195.433	0	0	128	128.652	0	0	0	0	0.000	0.000	0	0	0	0	0.000	0	0	0	0.000	0	0
137	137	1889	1113.953	1237.595	0.902	609	674	375	141	59	609	674	375	141	59	111.000	167.531	197	182	177	173	170	168	165	162	158	153	134	103.319	143.975	161	152	149	147	146	144	143	141	139	137	117	0	0	0.000	0.000	0	0	0	0	0.000	0	0	0	0.000	0	0	0	0	0.000	0.000	0	0	0	0	0.000	0	0	0	0.000	0	0
138	138	1793	439.937	1248.490	0.886	117	231	570	750	87	117	231	570	750	87	108.999	114.868	128	121	117	115	115	114	113	113	112	112	109	104.000	129.477	148	138	136	134	132	130	128	126	123	120	109	0	0	0.000	0.000	0	0	0	0	0.000	0	0	0	0.000	0	0	0	0	0.000	0.000	0	0	0	0	0.000	0	0	0	0.000	0	0
139	139	2250	1919.495	1256.720	0.908	309	1708	155	35	14	309	1708	155	35	14	108.869	377.859	5702	537	139	134	132	130	128	126	123	120	113	102.000	154.749	379	169	160	157	154	150	146	139	130	124	109	1	190	1905.960	1249.958	0	0	0	2591	2772.863	0	0	250	251.321	0	0	1	85	1906.274	1249.948	0	0	0	4169	4138.718	0	0	316	312.741	0	0
140	140	1211	1561.311	1257.977	0.899	71	381	659	62	10	71	381	659	62	10	111.000	127.089	141	135	133	131	128	127	126	124	122	119	113	102.895	333.208	514	448	410	378	345	323	302	285	264	237	181	0	0	0.000	0.000	0	0	0	0	0.000	0	0	0	0.000	0	0	0	0	0.000	0.000	0	0	0	0	0.000	0	0	0	0.000	0	0
141	141	1651	1046.646	1280.552	0.898	37	120	587	767	111	37	120	587	767	111	110.000	141.807	410	156	140	137	135	133	131	129	126	123	118	102.733	435.265	862	617	529	470	440	414	391	367	337	303	187	1	84	1054.025	1270.664	0	0	0	272	275.679	0	0	697	693.929	0	0	0	0	0.000	0.000	0	0	0	0	0.000	0	0	0	0.000	0	0
142	142	1078	238.688	1292.187	0.916	10	120	441	438	45	10	120	441	438	45	107.004	144.952	160	155	153	151	150	148	146	141	135	130	121	102.749	1309.464	1752	1670	1577	1505	1453	1405	1350	1215	1008	785	383	0	0	0.000	0.000	0	0	0	0	0.000	0	0	0	0.000	0	0	0	0	0.000	0.000	0	0	0	0	0.000	0	0	0	0.000	0	0
143	143	1839	439.499	1300.297	0.915	1058	349	251	126	41	1058	349	251	126	41	108.890	115.809	126	122	119	117	115	115	114	114	113	112	110	103.784	132.280	147	141	138	136	135	133	132	129	127	123	110	0	0	0.000	0.000	0	0	0	0	0.000	0	0	0	0.000	0	0	0	0	0.000	0.000	0	0	0	0	0.000	0	0	0	0.000	0	0
144	144	1663	1579.301	1301.095	0.904	99	755	653	105	20	99	755	653	105	20	111.000	148.421	895	148	138	136	135	133	132	130	126	121	113	102.327	519.706	1283	646	604	579	551	521	495	470	434	348	182	1	69	1572.240	1306.949	0	0	0	427	458.710	0	0	847	871.449	0	0	0	0	0.000	0.000	0	0	0	0	0.000	0	0	0	0.000	0	0
145	145	1386	392.995	1303.291	0.905	667	274	248	157	27	667	274	248	157	27	108.173	114.971	127	119	117	116	115	114	114	113	112	112	110	103.452	132.487	146	140	137	136	135	134	132	131	128	123	110	1	114	393.100	1305.888	0	0	0	123	122.272	0	0	133	132.789	0	0	0	0	0.000	0.000	0	0	0	0	0.000	0	0	0	0.000	0	0
146	146	1580	570.572	1303.896	0.896	148	752	598	51	3	148	752	598	51	3	110.000	188.888	226	210	204	198	195	191	188	183	175	162	139	104.000	687.551	1005	855	816	771	730	692	656	619	573	487	367	0	0	0.000	0.000	0	0	0	0	0.000	0	0	0	0.000	0	0	0	0	0.000	0.000	0	0	0	0	0.000	0	0	0	0.000	0	0
147	147	2418	264.331	1335.151	0.907	54	335	1116	803	78	54	335	1116	803	78	107.916	148.311	167	159	157	155	152	149	145	143	140	137	125	103.078	1383.090	2083	1929	1828	1691	1535	1401	1258	1127	988	784	419	0	0	0.000	0.000	0	0	0	0	0.000	0	0	0	0.000	0	0	0	0	0.000	0.000	0	0	0	0	0.000	0	0	0	0.000	0	0
148	148	346	1032.839	1316.131	0.919	41	78	133	69	16	41	78	133	69	16	110.000	126.393	135	133	132	131	129	128	125	123	120	118	114	102.000	248.249	493	439	372	321	285	239	179	140	118	108	105	0	0	0.000	0.000	0	0	0	0	0.000	0	0	0	0.000	0	0	0	0	0.000	0.000	0	0	0	0	0.000	0	0	0	0.000	0	0
149	149	1335	487.408	1325.668	0.904	147	170	255	515	226	147	170	255	515	226	109.454	114.485	121	117	116	116	115	115	114	113	113	112	110	103.691	132.779	149	142	140	138	136	133	130	128	126	124	112	0	0	0.000	0.000	0	0	0	0	0.000	0	0	0	0.000	0	0	0	0	0.000	0.000	0	0	0	0	0.000	0	0	0	0.000	0	0
150	150	1981	536.674	1343.936	0.863	132	933	785	89	6	132	933	785	89	6	110.000	191.871	339	224	218	208	200	192	184	174	163	152	138	104.524	783.929	1183	1074	1012	943	888	829	761	672	548	394	256	0	0	0.000	0.000	0	0	0	0	0.000	0	0	0	0.000	0	0	0	0	0.000	0.000	0	0	0	0	0.000	0	0	0	0.000	0	0
151	151	1484	619.846	1354.914	0.913	50	166	1069	158	11	50	166	1069	158	11	110.000	345.214	452	424	404	388	372	355	336	317	288	252	174	104.000	1046.562	1553	1374	1287	1212	1149	1072	991	904	818	679	356	0	0	0.000	0.000	0	0	0	0	0.000	0	0	0	0.000	0	0	0	0	0.000	0.000	0	0	0	0	0.000	0	0	0	0.000	0	0
152	152	1677	490.753	1375.578	0.872	111	744	647	134	8	111	744	647	134	8	109.655	222.133	2531	227	151	148	146	144	141	139	135	131	122	104.036	746.464	2132	945	870	818	779	737	694	647	551	458	355	1	109	487.757	1392.486	0	0	0	1113	1202.211	0	0	1216	1292.000	0	0	0	0	0.000	0.000	0	0	0	0	0.000	0	0	0	0.000	0	0
153	153	2261	297.866	1383.231	0.875	167	1711	323	10	3	167	1711	323	10	3	107.952	141.123	168	158	154	151	147	143	138	132	126	121	114	104.000	1074.056	1889	1709	1522	1360	1182	1043	918	810	668	452	301	0	0	0.000	0.000	0	0	0	0	0.000	0	0	0	0.000	0	0	0	0	0.000	0.000	0	0	0	0	0.000	0	0	0	0.000	0	0
154	154	1750	1812.428	1392.548	0.907	79	690	874	63	15	79	690	874	63	15	110.740	147.705	354	161	154	150	148	145	141	136	132	127	117	102.327	610.202	906	803	769	730	683	638	581	510	448	379	249	1	48	1812.534	1397.008	0	0	0	268	264.667	0	0	800	789.729	0	0	0	0	0.000	0.000	0	0	0	0	0.000	0	0	0	0.000	0	0
155	155	2727	1491.514	1405.164	0.910	79	632	1899	54	6	79	632	1899	54	6	111.964	368.891	495	475	464	450	428	400	358	306	256	218	154	103.000	887.604	1297	1202	1158	1126	1077	996	874	713	546	413	225	0	0	0.000	0.000	0	0	0	0	0.000	0	0	0	0.000	0	0	0	0	0.000	0.000	0	0	0	0	0.000	0	0	0	0.000	0	0
156	156	2663	617.914	1414.131	0.867	113	1279	1047	130	31	113	1279	1047	130	31	110.661	523.680	6591	539	408	387	362	334	304	275	235	199	154	104.000	897.511	1636	1308	1211	1115	1021	926	828	705	565	414	254	1	159	615.892	1416.966	0	0	0	3188	3357.767	0	0	1268	1213.063	0	0	0	0	0.000	0.000	0	0	0	0	0.000	0	0	0	0.000	0	0
157	157	2078	390.596	1421.241	0.883	112	357	1303	251	20	112	357	1303	251	20	108.963	117.376	135	123	120	118	117	117	116	115	114	114	111	103.000	728.146	1149	973	903	847	799	751	694	627	562	432	269	0	0	0.000	0.000	0	0	0	0	0.000	0	0	0	0.000	0	0	0	0	0.000	0.000	0	0	0	0	0.000	0	0	0	0.000	0	0
158	158	1839	536.037	1415.865	0.881	44	440	1054	263	8	44	440	1054	263	8	109.907	143.101	159	153	152	150	149	147	144	139	132	127	120	104.101	760.467	1075	976	936	894	856	810	764	698	585	423	234	0	0	0.000	0.000	0	0	0	0	0.000	0	0	0	0.000	0	0	0	0	0.000	0.000	0	0	0	0	0.000	0	0	0	0.000	0	0
159	159	2463	677.293	1436.739	0.827	54	407	1630	290	24	54	407	1630	290	24	110.814	276.354	1202	343	321	304	286	272	253	232	209	183	152	104.000	734.484	1268	1035	946	870	812	756	689	604	505	385	253	1	30	690.654	1451.318	0	0	0	787	793.433	0	0	921	894.267	0	0	0	0	0.000	0.000	0	0	0	0	0.000	0	0	0	0.000	0	0
160	160	1523	1779.490	1432.568	0.915	41	60	691	657	45	41	60	691	657	45	110.948	140.382	163	154	150	145	141	138	136	135	133	130	122	103.000	554.728	845	730	668	627	592	563	524	474	433	386	264	0	0	0.000	0.000	0	0	0	0	0.000	0	0	0	0.000	0	0	0	0	0.000	0.000	0	0	0	0	0.000	0	0	0	0.000	0	0
161	161	239	311.961	1422.756	0.792	19	78	58	47	33	19	78	58	47	33	108.159	127.774	138	134	132	130	128	128	126	125	124	122	121	104.000	438.033	564	537	509	481	456	436	420	397	374	348	299	0	0	0.000	0.000	0	0	0	0	0.000	0	0	0	0.000	0	0	0	0	0.000	0.000	0	0	0	0	0.000	0	0	0	0.000	0	0
162	162	1801	733.539	1441.104	0.919	198	976	531	44	6	198	976	531	44	6	109.956	321.524	722	362	350	341	333	324	313	299	283	256	192	104.000	876.932	1165	1074	1037	990	944	897	855	808	738	631	383	0	0	0.000	0.000	0	0	0	0	0.000	0	0	0	0.000	0	0	0	0	0.000	0.000	0	0	0	0	0.000	0	0	0	0.000	0	0
163	163	1928	275.831	1443.858	0.868	98	347	942	475	30	98	347	942	475	30	107.413	115.411	125	119	117	116	116	115	114	114	113	112	110	103.376	1338.597	2157	1873	1713	1649	1522	1435	1308	1133	940	602	346	0	0	0.000	0.000	0	0	0	0	0.000	0	0	0	0.000	0	0	0	0	0.000	0.000	0	0	0	0	0.000	0	0	0	0.000	0	0
164	164	1229	221.866	1439.689	0.907	146	588	329	124	28	146	588	329	124	28	106.817	113.731	118	116	115	114	114	114	113	113	113	112	110	102.138	1201.809	1877	1639	1529	1435	1349	1249	1142	1006	830	684	498	0	0	0.000	0.000	0	0	0	0	0.000	0	0	0	0.000	0	0	0	0	0.000	0.000	0	0	0	0	0.000	0	0	0	0.000	0	0
165	165	1554	625.694	1470.168	0.904	114	549	794	54	11	114	549	794	54	11	111.000	342.601	2908	498	301	283	267	245	222	202	182	166	154	104.000	480.867	901	677	619	582	548	493	425	369	309	268	232	1	103	631.596	1463.391	0	0	0	1456	1535.427	0	0	727	722.864	0	0	0	0	0.000	0.000	0	0	0	0	0.000	0	0	0	0.000	0	0
166	166	1973	114.675	1478.392	0.883	447	1258	162	58	20	447	1258	162	58	20	106.244	168.549	1226	177	151	147	145	142	138	134	128	123	115	102.219	466.373	834	659	605	559	516	474	431	386	321	249	187	1	96	108.848	1476.320	0	0	0	591	627.719	0	0	675	646.510	0	0	0	0	0.000	0.000	0	0	0	0	0.000	0	0	0	0.000	0	0
167	167	787	836.340	1471.055	0.900	13	95	213	385	66	13	95	213	385	66	111.000	153.616	185	174	169	164	158	152	147	143	139	135	126	103.000	866.281	1375	1251	1145	1053	956	872	781	674	585	500	361	0	0	0.000	0.000	0	0	0	0	0.000	0	0	0	0.000	0	0	0	0	0.000	0.000	0	0	0	0	0.000	0	0	0	0.000	0	0
168	168	1388	551.279	1488.663	0.908	30	140	766	395	35	30	140	766	395	35	110.000	132.082	163	147	141	135	132	130	128	125	123	121	115	103.000	122.416	145	133	129	125	123	121	119	118	116	114	107	0	0	0.000	0.000	0	0	0	0	0.000	0	0	0	0.000	0	0	0	0	0.000	0.000	0	0	0	0	0.000	0	0	0	0.000	0	0
169	169	1755	1810.354	1489.603	0.892	11	296	1096	291	31	11	296	1096	291	31	111.420	157.617	179	172	169	166	163	158	155	153	147	139	126	103.093	708.152	1102	1003	950	898	838	743	631	530	446	363	285	0	0	0.000	0.000	0	0	0	0	0.000	0	0	0	0.000	0	0	0	0	0.000	0.000	0	0	0	0	0.000	0	0	0	0.000	0	0
170	170	1916	800.968	1500.484	0.890	137	816	898	15	6	137	816	898	15	6	111.000	224.810	996	299	221	206	200	192	185	179	171	164	138	103.018	1397.323	2401	1818	1723	1630	1523	1428	1310	1187	1043	865	558	1	118	793.559	1500.796	0	0	0	601	612.619	0	0	2053	2028.873	0	0	0	0	0.000	0.000	0	0	0	0	0.000	0	0	0	0.000	0	0
171	171	1839	1521.063	1505.377	0.913	25	106	260	1078	333	25	106	260	1078	333	111.627	152.086	205	162	160	157	156	153	151	148	144	137	125	103.394	690.787	961	863	823	782	746	710	670	624	567	478	277	0	0	0.000	0.000	0	0	0	0	0.000	0	0	0	0.000	0	0	0	0	0.000	0.000	0	0	0	0	0.000	0	0	0	0.000	0	0
172	172	357	1851.766	1491.345	0.949	48	77	113	88	21	48	77	113	88	21	111.000	121.401	128	126	125	123	122	121	121	119	118	117	115	103.000	217.571	297	272	251	233	221	211	205	195	187	176	159	0	0	0.000	0.000	0	0	0	0	0.000	0	0	0	0.000	0	0	0	0	0.000	0.000	0	0	0	0	0.000	0	0	0	0.000	0	0
173	173	1292	689.825	1510.950	0.914	32	89	482	597	67	32	89	482	597	67	110.089	117.097	124	120	119	118	117	117	116	116	115	114	111	104.000	204.191	277	251	233	224	216	208	198	184	170	156	125	0	0	0.000	0.000	0	0	0	0	0.000	0	0	0	0.000	0	0	0	0	0.000	0.000	0	0	0	0	0.000	0	0	0	0.000	0	0
174	174	1530	855.561	1510.408	0.912	492	895	51	36	13	492	895	51	36	13	110.847	209.561	858	236	226	217	207	198	189	181	173	160	141	104.000	1298.214	2136	1923	1822	1679	1522	1366	1197	1002	787	560	149	1	33	849.704	1511.430	0	0	0	549	549.424	0	0	1235	1266.697	0	0	0	0	0.000	0.000	0	0	0	0	0.000	0	0	0	0.000	0	0
175	175	878	72.240	1506.961	0.912	48	238	358	152	61	48	238	358	152	61	104.974	140.762	159	152	149	146	143	140	138	136	133	129	123	101.964	431.011	652	590	554	506	471	434	390	349	314	273	217	0	0	0.000	0.000	0	0	0	0	0.000	0	0	0	0.000	0	0	0	0	0.000	0.000	0	0	0	0	0.000	0	0	0	0.000	0	0
176	176	1233	1226.105	1509.918	0.888	47	71	394	637	51	47	71	394	637	51	111.000	143.761	162	155	152	150	147	144	141	139	135	131	123	103.000	474.160	713	618	568	535	501	472	449	413	373	335	235	0	0	0.000	0.000	0	0	0	0	0.000	0	0	0	0.000	0	0	0	0	0.000	0.000	0	0	0	0	0.000	0	0	0	0.000	0	0
177	177	1675	209.737	1534.158	0.871	244	692	539	139	28	244	692	539	139	28	107.000	111.949	116	114	113	113	112	112	112	111	111	110	108	104.417	349.189	463	433	412	394	376	358	336	307	287	256	193	0	0	0.000	0.000	0	0	0	0	0.000	0	0	0	0.000	0	0	0	0	0.000	0.000	0	0	0	0	0.000	0	0	0	0.000	0	0
178	178	1341	1781.854	1530.319	0.898	61	370	723	150	15	61	370	723	150	15	110.969	145.650	165	156	153	151	149	147	145	142	138	132	124	103.111	428.626	632	546	501	475	455	429	406	382	348	314	229	0	0	0.000	0.000	0	0	0	0	0.000	0	0	0	0.000	0	0	0	0	0.000	0.000	0	0	0	0	0.000	0	0	0	0.000	0	0
179	179	2063	1280.332	1534.895	0.852	9	204	1072	700	29	9	204	1072	700	29	111.000	149.346	177	166	163	160	156	152	146	140	134	130	120	102.178	528.815	833	749	715	664	612	550	481	413	328	270	192	0	0	0.000	0.000	0	0	0	0	0.000	0	0	0	0.000	0	0	0	0	0.000	0.000	0	0	0	0	0.000	0	0	0	0.000	0	0
180	180	1179	166.439	1552.047	0.894	235	350	260	247	63	235	350	260	247	63	106.213	114.662	128	122	118	116	114	113	112	112	111	110	107	104.638	615.653	999	864	794	717	649	588	544	506	469	405	252	1	189	167.655	1555.004	0	0	0	122	122.254	0	0	547	566.545	0	0	0	0	0.000	0.000	0	0	0	0	0.000	0	0	0	0.000	0	0
181	181	1431	250.093	1567.449	0.895	48	329	930	92	9	48	329	930	92	9	106.986	112.978	117	115	114	114	113	113	113	112	112	111	109	104.342	489.591	662	615	594	572	544	514	476	426	376	319	262	0	0	0.000	0.000	0	0	0	0	0.000	0	0	0	0.000	0	0	0	0	0.000	0.000	0	0	0	0	0.000	0	0	0	0.000	0	0
182	182	852	615.493	1561.342	0.918	25	73	194	405	139	25	73	194	405	139	109.757	196.924	252	235	224	216	208	198	191	180	167	156	136	103.189	249.649	342	310	296	284	271	254	239	220	200	178	142	0	0	0.000	0.000	0	0	0	0	0.000	0	0	0	0.000	0	0	0	0	0.000	0.000	0	0	0	0	0.000	0	0	0	0.000	0	0
183	183	1731	659.708	1568.932	0.868	14	294	997	375	22	14	294	997	375	22	109.920	219.915	270	257	249	239	230	220	213	204	193	181	149	103.027	283.938	364	338	328	315	300	286	272	258	243	223	181	0	0	0.000	0.000	0	0	0	0	0.000	0	0	0	0.000	0	0	0	0	0.000	0.000	0	0	0	0	0.000	0	0	0	0.000	0	0
184	184	1301	1802.890	1572.943	0.917	11	104	632	499	33	11	104	632	499	33	110.303	157.541	180	172	168	165	162	159	157	153	147	139	123	102.514	557.291	770	712	684	655	619	573	525	480	435	389	224	0	0	0.000	0.000	0	0	0	0	0.000	0	0	0	0.000	0	0	0	0	0.000	0.000	0	0	0	0	0.000	0	0	0	0.000	0	0
185	185	1217	1932.102	1572.586	0.898	472	379	228	86	32	472	379	228	86	32	110.768	139.292	161	153	146	143	141	139	136	134	131	128	124	102.542	2231.064	3996	3159	2854	2646	2459	2242	2050	1813	1590	1293	692	0	0	0.000	0.000	0	0	0	0	0.000	0	0	0	0.000	0	0	0	0	0.000	0.000	0	0	0	0	0.000	0	0	0	0.000	0	0
186	186	1964	200.339	1590.807	0.895	931	683	196	105	31	931	683	196	105	31	106.304	113.619	121	116	115	114	114	113	113	113	112	111	108	105.000	819.276	1550	1166	1048	995	919	830	736	653	567	453	275	0	0	0.000	0.000	0	0	0	0	0.000	0	0	0	0.000	0	0	0	0	0.000	0.000	0	0	0	0	0.000	0	0	0	0.000	0	0
187	187	2017	42.669	1593.766	0.849	41	321	1135	449	30	41	321	1135	449	30	104.608	109.606	114	112	111	110	110	109	109	109	108	108	105	102.159	445.335	653	601	571	542	510	471	430	378	317	236	159	0	0	0.000	0.000	0	0	0	0	0.000	0	0	0	0.000	0	0	0	0	0.000	0.000	0	0	0	0	0.000	0	0	0	0.000	0	0
188	188	622	287.078	1592.900	0.901	17	94	398	93	13	17	94	398	93	13	108.000	114.040	118	117	116	115	115	114	113	113	112	111	110	103.246	657.941	917	798	745	713	691	664	632	611	574	505	351	0	0	0.000	0.000	0	0	0	0	0.000	0	0	0	0.000	0	0	0	0	0.000	0.000	0	0	0	0	0.000	0	0	0	0.000	0	0
189	189	325	1561.243	1590.464	0.900	8	35	88	126	66	8	35	88	126	66	110.418	136.966	148	142	140	139	138	137	136	135	133	131	126	102.000	467.532	587	566	546	523	504	475	453	426	390	354	274	0	0	0.000	0.000	0	0	0	0	0.000	0	0	0	0.000	0	0	0	0	0.000	0.000	0	0	0	0	0.000	0	0	0	0.000	0	0
190	190	1711	250.188	1611.711	0.910	311	859	481	13	8	311	859	481	13	8	107.004	113.704	121	117	115	115	114	113	113	112	112	111	109	104.104	664.959	1068	929	866	800	728	670	612	541	468	369	292	0	0	0.000	0.000	0	0	0	0	0.000	0	0	0	0.000	0	0	0	0	0.000	0.000	0	0	0	0	0.000	0	0	0	0.000	0	0
191	191	1606	1960.983	1619.760	0.891	640	374	340	175	49	640	374	340	175	49	110.503	174.018	1136	200	164	151	145	141	136	131	127	123	113	102.653	127.011	160	136	133	131	130	128	126	123	120	116	107	1	95	1958.378	1609.758	0	0	0	571	598.074	0	0	135	136.642	0	0	0	0	0.000	0.000	0	0	0	0	0.000	0	0	0	0.000	0	0
192	192	1518	668.658	1620.354	0.887	87	1168	171	58	16	87	1168	171	58	16	109.206	238.511	281	266	262	257	252	245	236	225	214	199	173	103.000	297.111	373	354	344	333	320	308	292	272	249	221	179	0	0	0.000	0.000	0	0	0	0	0.000	0	0	0	0.000	0	0	0	0	0.000	0.000	0	0	0	0	0.000	0	0	0	0.000	0	0
193	193	745	366.285	1610.610	0.824	93	283	244	96	14	93	283	244	96	14	108.000	223.879	305	277	255	240	231	222	213	203	191	176	160	101.741	214.207	307	271	240	225	217	209	201	193	184	175	153	0	0	0.000	0.000	0	0	0	0	0.000	0	0	0	0.000	0	0	0	0	0.000	0.000	0	0	0	0	0.000	0	0	0	0.000	0	0
194	194	1699	432.052	1624.833	0.900	16	360	1109	182	5	16	360	1109	182	5	108.000	134.281	270	160	135	130	127	126	125	123	121	120	113	101.951	120.557	131	126	124	123	122	121	120	118	117	115	109	1	136	433.489	1634.981	0	0	0	206	207.912	0	0	124	123.824	0	0	0	0	0.000	0.000	0	0	0	0	0.000	0	0	0	0.000	0	0
195	195	1051	1894.697	1620.179	0.909	568	389	39	26	21	568	389	39	26	21	111.520	242.072	288	269	260	253	248	243	238	232	223	213	185	102.993	130.736	145	138	136	135	133	131	129	127	125	122	115	0	0	0.000	0.000	0	0	0	0	0.000	0	0	0	0.000	0	0	0	0	0.000	0.000	0	0	0	0	0.000	0	0	0	0.000	0	0
196	196	719	81.066	1629.035	0.904	12	187	294	148	64	12	187	294	148	64	105.551	133.466	144	141	139	137	135	134	132	131	129	126	120	103.000	784.273	1106	1036	985	926	862	800	727	652	583	519	396	0	0	0.000	0.000	0	0	0	0	0.000	0	0	0	0.000	0	0	0	0	0.000	0.000	0	0	0	0	0.000	0	0	0	0.000	0	0
197	197	1706	1485.823	1635.852	0.904	15	321	1211	119	9	15	321	1211	119	9	111.000	150.623	170	164	162	159	156	153	149	145	139	133	121	102.186	166.882	200	186	182	179	175	172	167	162	152	139	108	0	0	0.000	0.000	0	0	0	0	0.000	0	0	0	0.000	0	0	0	0	0.000	0.000	0	0	0	0	0.000	0	0	0	0.000	0	0
198	198	1188	1536.289	1633.359	0.901	11	243	692	207	18	11	243	692	207	18	111.000	146.681	169	163	158	154	150	146	142	139	136	132	124	102.979	161.422	198	184	178	174	169	164	155	149	144	138	126	0	0	0.000	0.000	0	0	0	0	0.000	0	0	0	0.000	0	0	0	0	0.000	0.000	0	0	0	0	0.000	0	0	0	0.000	0	0
199	199	1799	200.680	1646.391	0.896	513	1188	40	22	15	513	1188	40	22	15	106.710	113.869	121	117	116	115	114	114	113	112	112	111	108	103.947	558.540	800	743	710	673	633	589	529	467	395	321	251	0	0	0.000	0.000	0	0	0	0	0.000	0	0	0	0.000	0	0	0	0	0.000	0.000	0	0	0	0	0.000	0	0	0	0.000	0	0
200	200	361	393.797	1629.484	0.930	21	78	150	96	11	21	78	150	96	11	108.000	116.945	121	119	118	118	117	117	117	116	116	115	113	101.956	113.427	119	116	115	115	114	114	113	112	112	110	106	0	0	0.000	0.000	0	0	0	0	0.000	0	0	0	0.000	0	0	0	0	0.000	0.000	0	0	0	0	0.000	0	0	0	0.000	0	0
201	201	1385	1387.619	1641.815	0.873	67	456	510	260	62	67	456	510	260	62	110.166	129.704	344	133	129	127	126	124	123	122	121	120	116	102.264	132.591	153	144	141	139	136	133	130	127	124	120	112	1	64	1391.706	1623.790	0	0	0	218	222.047	0	0	140	138.516	0	0	0	0	0.000	0.000	0	0	0	0	0.000	0	0	0	0.000	0	0
202	202	1962	506.583	1653.676	0.880	38	626	1065	173	24	38	626	1065	173	24	108.000	115.431	123	118	117	117	116	115	115	114	114	113	109	102.000	241.027	332	287	271	259	250	241	231	222	212	196	155	0	0	0.000	0.000	0	0	0	0	0.000	0	0	0	0.000	0	0	0	0	0.000	0.000	0	0	0	0	0.000	0	0	0	0.000	0	0
203	203	811	339.344	1649.069	0.932	100	321	314	50	8	100	321	314	50	8	108.000	324.689	1267	479	367	341	321	302	270	234	199	166	129	102.000	300.319	680	433	391	361	333	305	268	226	190	140	107	1	40	345.346	1648.837	0	0	0	878	875.950	0	0	506	510.275	0	0	0	0	0.000	0.000	0	0	0	0	0.000	0	0	0	0.000	0	0
204	204	1638	1923.114	1660.733	0.920	352	333	525	325	85	352	333	525	325	85	111.928	203.659	370	292	245	213	198	186	176	167	159	152	137	103.000	120.923	138	128	126	124	123	121	120	119	116	112	103	0	0	0.000	0.000	0	0	0	0	0.000	0	0	0	0.000	0	0	0	0	0.000	0.000	0	0	0	0	0.000	0	0	0	0.000	0	0
205	205	1943	294.830	1668.544	0.868	37	327	1093	425	25	37	327	1093	425	25	107.620	161.945	497	173	165	160	157	154	151	148	146	142	129	102.011	497.292	763	649	590	551	517	486	455	434	408	366	282	1	57	296.733	1673.356	0	0	0	346	340.561	0	0	556	539.070	0	0	0	0	0.000	0.000	0	0	0	0	0.000	0	0	0	0.000	0	0
206	206	2009	68.799	1671.791	0.893	73	240	1129	495	24	73	240	1129	495	24	105.034	142.111	478	148	144	141	139	137	135	131	127	121	115	102.799	1218.361	2211	1607	1521	1446	1372	1299	1194	1052	881	675	495	1	66	80.043	1667.915	0	0	0	293	301.621	0	0	1623	1601.394	0	0	0	0	0.000	0.000	0	0	0	0	0.000	0	0	0	0.000	0	0
207	207	1581	386.951	1665.825	0.883	24	122	642	696	64	24	122	642	696	64	108.000	126.927	142	133	130	129	128	127	126	125	123	121	115	102.008	121.166	134	127	125	124	123	122	120	119	118	115	106	0	0	0.000	0.000	0	0	0	0	0.000	0	0	0	0.000	0	0	0	0	0.000	0.000	0	0	0	0	0.000	0	0	0	0.000	0	0
208	208	1438	139.206	1667.634	0.881	57	677	575	87	15	57	677	575	87	15	105.620	113.796	126	120	116	114	113	113	112	112	111	110	108	103.015	296.373	387	345	330	321	315	306	294	277	260	232	171	0	0	0.000	0.000	0	0	0	0	0.000	0	0	0	0.000	0	0	0	0	0.000	0.000	0	0	0	0	0.000	0	0	0	0.000	0	0
209	209	1643	1282.677	1673.590	0.900	30	157	1268	151	18	30	157	1268	151	18	110.886	153.662	601	170	155	151	148	145	141	136	131	126	121	102.021	120.545	137	127	125	123	122	121	119	118	116	114	106	1	56	1297.855	1675.461	0	0	0	351	360.214	0	0	130	129.232	0	0	0	0	0.000	0.000	0	0	0	0	0.000	0	0	0	0.000	0	0
210	210	1210	1880.713	1671.375	0.887	828	256	63	33	16	828	256	63	33	16	112.000	255.202	865	413	277	239	224	215	202	192	182	167	149	103.000	131.657	191	149	143	138	135	131	128	124	119	113	104	1	95	1878.789	1683.123	0	0	0	617	620.053	0	0	149	151.832	0	0	0	0	0.000	0.000	0	0	0	0	0.000	0	0	0	0.000	0	0
211	211	1860	555.009	1675.740	0.891	12	178	1151	462	17	12	178	1151	462	17	108.103	114.766	123	118	117	116	115	114	114	113	113	112	110	102.000	182.242	252	219	208	198	190	182	173	164	155	147	132	0	0	0.000	0.000	0	0	0	0	0.000	0	0	0	0.000	0	0	0	0	0.000	0.000	0	0	0	0	0.000	0	0	0	0.000	0	0
212	212	1693	662.344	1677.366	0.904	123	746	754	23	9	123	746	754	23	9	109.526	215.876	296	255	244	236	226	218	210	200	187	169	138	102.428	128.976	144	137	134	133	131	129	128	126	124	121	112	0	0	0.000	0.000	0	0	0	0	0.000	0	0	0	0.000	0	0	0	0	0.000	0.000	0	0	0	0	0.000	0	0	0	0.000	0	0
213	213	1563	1342.180	1678.382	0.870	159	279	843	226	24	159	279	843	226	24	111.000	152.203	836	167	135	132	130	129	127	125	123	121	117	102.978	136.381	197	144	142	140	138	136	134	132	129	125	111	1	106	1333.324	1693.806	0	0	0	403	433.019	0	0	157	160.179	0	0	0	0	0.000	0.000	0	0	0	0	0.000	0	0	0	0.000	0	0
214	214	1707	835.672	1684.518	0.850	27	91	531	899	124	27	91	531	899	124	110.000	117.371	125	122	120	118	117	117	116	116	115	114	111	102.000	550.336	970	860	796	713	629	540	456	388	329	238	168	0	0	0.000	0.000	0	0	0	0	0.000	0	0	0	0.000	0	0	0	0	0.000	0.000	0	0	0	0	0.000	0	0	0	0.000	0	0
215	215	1629	1466.364	1681.425	0.902	24	499	778	244	47	24	499	778	244	47	111.000	148.393	168	162	160	157	154	151	145	141	136	133	122	102.804	160.514	198	180	176	172	168	162	157	151	145	139	121	0	0	0.000	0.000	0	0	0	0	0.000	0	0	0	0.000	0	0	0	0	0.000	0.000	0	0	0	0	0.000	0	0	0	0.000	0	0
216	216	2457	452.195	1693.268	0.857	1268	1072	17	16	18	1268	1072	17	16	18	108.000	114.845	123	119	117	116	115	114	114	113	113	112	108	101.987	224.456	300	266	256	248	238	226	215	206	194	177	142	0	0	0.000	0.000	0	0	0	0	0.000	0	0	0	0.000	0	0	0	0	0.000	0.000	0	0	0	0	0.000	0	0	0	0.000	0	0
217	217	219	188.916	1678.518	0.946	35	50	58	55	17	35	50	58	55	17	106.000	113.100	121	117	115	114	113	113	112	112	111	111	109	103.000	407.676	529	513	488	461	436	414	394	369	330	296	223	0	0	0.000	0.000	0	0	0	0	0.000	0	0	0	0.000	0	0	0	0	0.000	0.000	0	0	0	0	0.000	0	0	0	0.000	0	0
218	218	722	592.265	1696.707	0.908	30	53	217	294	117	30	53	217	294	117	108.000	114.765	122	118	116	115	115	115	114	114	113	112	111	101.163	179.048	222	211	205	197	190	183	176	164	152	139	124	0	0	0.000	0.000	0	0	0	0	0.000	0	0	0	0.000	0	0	0	0	0.000	0.000	0	0	0	0	0.000	0	0	0	0.000	0	0
219	219	1898	2001.050	1722.282	0.851	905	842	40	28	20	905	842	40	28	20	108.781	143.664	164	155	152	150	148	145	142	139	134	130	122	101.752	116.267	134	122	120	118	117	116	115	114	112	111	105	0	0	0.000	0.000	0	0	0	0	0.000	0	0	0	0.000	0	0	0	0	0.000	0.000	0	0	0	0	0.000	0	0	0	0.000	0	0
220	220	1482	1951.923	1716.396	0.908	408	804	179	43	31	408	804	179	43	31	110.352	147.534	165	158	156	153	150	148	146	144	141	135	126	102.000	124.117	145	132	130	129	127	125	124	121	119	112	104	0	0	0.000	0.000	0	0	0	0	0.000	0	0	0	0.000	0	0	0	0	0.000	0.000	0	0	0	0	0.000	0	0	0	0.000	0	0
221	221	1978	1363.520	1724.073	0.894	668	1179	81	18	11	668	1179	81	18	11	110.938	392.270	4678	823	165	132	128	126	124	123	121	120	116	103.000	131.797	236	143	134	131	128	126	125	123	121	119	108	1	227	1367.763	1710.042	0	0	0	2162	2283.934	0	0	177	178.458	0	0	0	0	0.000	0.000	0	0	0	0	0.000	0	0	0	0.000	0	0
222	222	1987	1589.293	1728.476	0.871	75	831	893	127	23	75	831	893	127	23	108.780	120.100	135	128	124	121	120	118	118	117	116	115	111	102.605	770.304	1225	1073	971	907	836	761	702	645	568	481	302	0	0	0.000	0.000	0	0	0	0	0.000	0	0	0	0.000	0	0	0	0	0.000	0.000	0	0	0	0	0.000	0	0	0	0.000	0	0
223	223	1511	272.501	1732.202	0.840	81	785	576	31	7	81	785	576	31	7	106.985	144.138	161	155	153	150	148	146	142	138	135	131	124	102.201	434.420	596	543	518	494	472	451	431	402	350	282	221	0	0	0.000	0.000	0	0	0	0	0.000	0	0	0	0.000	0	0	0	0	0.000	0.000	0	0	0	0	0.000	0	0	0	0.000	0	0
224	224	1543	1871.351	1731.887	0.920	82	124	486	739	74	82	124	486	739	74	111.322	160.431	185	177	173	170	167	163	159	153	148	140	126	102.019	123.975	141	130	128	127	126	125	124	123	120	116	107	0	0	0.000	0.000	0	0	0	0	0.000	0	0	0	0.000	0	0	0	0	0.000	0.000	0	0	0	0	0.000	0	0	0	0.000	0	0
225	225	1206	847.364	1735.036	0.895	27	186	581	331	52	27	186	581	331	52	109.000	115.924	122	118	118	117	116	116	115	115	114	113	111	102.000	627.157	968	847	768	710	659	621	583	544	486	423	285	0	0	0.000	0.000	0	0	0	0	0.000	0	0	0	0.000	0	0	0	0	0.000	0.000	0	0	0	0	0.000	0	0	0	0.000	0	0
226	226	367	100.304	1730.379	0.906	75	177	87	13	8	75	177	87	13	8	106.000	163.523	177	173	170	168	166	164	162	159	157	153	147	102.000	118.136	125	122	121	120	119	118	117	117	116	114	110	0	0	0.000	0.000	0	0	0	0	0.000	0	0	0	0.000	0	0	0	0	0.000	0.000	0	0	0	0	0.000	0	0	0	0.000	0	0
227	227	1758	489.208	1743.174	0.891	65	560	995	98	12	65	560	995	98	12	107.475	114.940	123	117	117	116	115	115	114	114	113	113	108	101.063	117.571	129	124	121	120	118	117	116	115	114	112	105	0	0	0.000	0.000	0	0	0	0	0.000	0	0	0	0.000	0	0	0	0	0.000	0.000	0	0	0	0	0.000	0	0	0	0.000	0	0
228	228	2529	60.265	1758.549	0.898	195	1132	972	163	9	195	1132	972	163	9	105.238	1560.140	26594	3552	431	206	193	184	178	171	164	157	137	102.953	123.042	211	131	123	121	120	119	118	117	116	114	107	1	255	50.771	1746.951	0	0	0	11029	12456.600	0	0	160	162.733	0	0	1	142	50.284	1746.556	0	0	0	17072	16789.218	0	0	180	178.507	0	0
229	229	1416	153.700	1761.107	0.899	73	384	803	107	24	73	384	803	107	24	105.000	114.489	126	120	117	116	115	114	113	112	111	110	107	102.000	255.112	340	305	289	279	268	260	248	232	215	199	167	0	0	0.000	0.000	0	0	0	0	0.000	0	0	0	0.000	0	0	0	0	0.000	0.000	0	0	0	0	0.000	0	0	0	0.000	0	0
230	230	1474	1030.780	1776.507	0.874	302	771	305	58	15	302	771	305	58	15	110.000	208.573	327	301	281	256	229	200	176	153	139	131	120	102.901	135.874	181	165	159	152	145	136	124	116	111	109	106	0	0	0.000	0.000	0	0	0	0	0.000	0	0	0	0.000	0	0	0	0	0.000	0.000	0	0	0	0	0.000	0	0	0	0.000	0	0
231	231	2086	1611.923	1786.389	0.908	107	155	518	1041	220	107	155	518	1041	220	108.333	117.836	128	123	121	119	118	117	116	116	115	114	108	103.000	783.112	1290	1160	1041	960	880	800	723	639	497	363	239	0	0	0.000	0.000	0	0	0	0	0.000	0	0	0	0.000	0	0	0	0	0.000	0.000	0	0	0	0	0.000	0	0	0	0.000	0	0
232	232	1604	2006.934	1779.481	0.878	522	746	170	103	36	522	746	170	103	36	108.437	144.696	164	157	154	151	148	145	141	138	135	132	124	102.670	119.188	136	124	122	121	120	119	118	117	116	114	105	0	0	0.000	0.000	0	0	0	0	0.000	0	0	0	0.000	0	0	0	0	0.000	0.000	0	0	0	0	0.000	0	0	0	0.000	0	0
233	233	2198	1346.845	1785.188	0.884	595	1264	186	80	43	595	1264	186	80	43	110.889	130.391	144	139	137	135	133	131	129	126	124	121	115	102.542	128.267	144	137	134	133	131	129	127	124	121	119	112	0	0	0.000	0.000	0	0	0	0	0.000	0	0	0	0.000	0	0	0	0	0.000	0.000	0	0	0	0	0.000	0	0	0	0.000	0	0
234	234	371	177.313	1793.989	0.903	20	44	165	111	21	20	44	165	111	21	105.208	110.609	116	113	112	111	111	110	110	110	109	109	107	101.315	265.863	349	316	305	290	277	266	256	243	226	213	200	0	0	0.000	0.000	0	0	0	0	0.000	0	0	0	0.000	0	0	0	0	0.000	0.000	0	0	0	0	0.000	0	0	0	0.000	0	0
235	235	785	2028.171	1816.810	0.938	35	95	271	299	68	35	95	271	299	68	107.315	128.145	143	137	135	133	131	128	126	124	122	119	114	103.966	113.645	123	119	117	116	115	114	113	111	110	108	103	0	0	0.000	0.000	0	0	0	0	0.000	0	0	0	0.000	0	0	0	0	0.000	0.000	0	0	0	0	0.000	0	0	0	0.000	0	0
236	236	1754	1977.835	1823.824	0.849	37	211	1102	371	9	37	211	1102	371	9	108.107	136.199	156	147	145	143	140	137	133	130	127	124	117	103.058	119.234	133	127	124	122	121	119	118	116	114	112	105	0	0	0.000	0.000	0	0	0	0	0.000	0	0	0	0.000	0	0	0	0	0.000	0.000	0	0	0	0	0.000	0	0	0	0.000	0	0
237	237	1418	76.744	1827.397	0.873	10	332	979	63	4	10	332	979	63	4	104.483	140.753	165	159	156	151	147	142	137	131	125	122	113	101.999	543.363	759	718	696	666	621	573	517	448	387	319	235	0	0	0.000	0.000	0	0	0	0	0.000	0	0	0	0.000	0	0	0	0	0.000	0.000	0	0	0	0	0.000	0	0	0	0.000	0	0
238	238	1825	1347.248	1845.452	0.889	81	590	779	271	56	81	590	779	271	56	110.232	129.536	150	139	135	132	131	129	127	126	124	122	115	101.507	125.182	141	131	130	128	127	126	125	123	121	116	109	0	0	0.000	0.000	0	0	0	0	0.000	0	0	0	0.000	0	0	0	0	0.000	0.000	0	0	0	0	0.000	0	0	0	0.000	0	0
239	239	1173	37.823	1849.236	0.901	39	127	598	372	21	39	127	598	372	21	102.616	140.159	157	153	151	150	147	143	138	133	128	122	112	101.077	588.813	786	739	704	661	625	601	583	547	487	408	253	0	0	0.000	0.000	0	0	0	0	0.000	0	0	0	0.000	0	0	0	0	0.000	0.000	0	0	0	0	0.000	0	0	0	0.000	0	0
240	240	902	282.248	1863.820	0.865	121	301	326	118	18	121	301	326	118	18	106.000	201.069	1231	283	181	170	163	156	151	145	138	130	119	101.000	118.472	138	126	123	121	120	119	117	115	114	111	107	1	71	269.343	1861.072	0	0	0	623	643.239	0	0	124	123.070	0	0	0	0	0.000	0.000	0	0	0	0	0.000	0	0	0	0.000	0	0
241	241	1504	1984.351	1883.694	0.889	185	608	632	17	13	185	608	632	17	13	108.000	154.063	184	175	172	168	161	155	148	142	136	131	120	104.452	1232.918	1730	1653	1593	1496	1368	1249	1150	1040	905	746	445	0	0	0.000	0.000	0	0	0	0	0.000	0	0	0	0.000	0	0	0	0	0.000	0.000	0	0	0	0	0.000	0	0	0	0.000	0	0
242	242	1145	905.515	1888.465	0.920	40	156	560	323	35	40	156	560	323	35	108.984	116.261	128	121	119	117	116	116	115	114	114	113	110	101.293	143.045	168	157	153	150	148	145	142	138	133	125	110	0	0	0.000	0.000	0	0	0	0	0.000	0	0	0	0.000	0	0	0	0	0.000	0.000	0	0	0	0	0.000	0	0	0	0.000	0	0
243	243	1228	345.992	1891.747	0.911	66	460	540	115	16	66	460	540	115	16	105.280	111.882	120	114	113	112	112	112	111	111	110	110	108	101.998	128.052	146	138	134	132	130	129	127	125	123	116	106	0	0	0.000	0.000	0	0	0	0	0.000	0	0	0	0.000	0	0	0	0	0.000	0.000	0	0	0	0	0.000	0	0	0	0.000	0	0
244	244	533	258.483	1895.789	0.953	28	158	202	111	27	28	158	202	111	27	105.700	141.833	181	168	159	152	146	140	134	129	125	121	114	101.000	119.537	144	132	129	125	123	119	115	112	110	107	104	0	0	0.000	0.000	0	0	0	0	0.000	0	0	0	0.000	0	0	0	0	0.000	0.000	0	0	0	0	0.000	0	0	0	0.000	0	0
245	245	1989	390.279	1919.875	0.877	122	671	983	162	14	122	671	983	162	14	106.000	113.410	123	117	116	114	114	113	112	112	111	111	108	101.433	152.125	192	168	161	158	155	153	150	147	143	136	112	0	0	0.000	0.000	0	0	0	0	0.000	0	0	0	0.000	0	0	0	0	0.000	0.000	0	0	0	0	0.000	0	0	0	0.000	0	0
246	246	1658	2006.882	1931.368	0.886	401	995	174	38	26	401	995	174	38	26	107.641	217.735	994	382	225	184	171	163	154	147	140	133	122	104.264	1109.682	1759	1529	1425	1326	1226	1144	1057	947	786	617	334	1	194	2012.676	1928.884	0	0	0	551	579.546	0	0	1552	1528.799	0	0	0	0	0.000	0.000	0	0	0	0	0.000	0	0	0	0.000	0	0
247	247	1628	1863.515	1930.066	0.891	19	56	374	1033	122	19	56	374	1033	122	109.000	149.576	170	164	161	159	156	152	147	142	137	131	122	106.067	1158.152	1604	1473	1395	1346	1293	1229	1162	1046	885	704	410	0	0	0.000	0.000	0	0	0	0	0.000	0	0	0	0.000	0	0	0	0	0.000	0.000	0	0	0	0	0.000	0	0	0	0.000	0	0
248	248	2268	1918.759	1953.346	0.868	464	1176	426	119	48	464	1176	426	119	48	108.955	141.917	170	160	156	152	147	141	136	131	128	125	117	106.377	902.367	1612	1388	1269	1175	1041	911	773	622	490	403	319	0	0	0.000	0.000	0	0	0	0	0.000	0	0	0	0.000	0	0	0	0	0.000	0.000	0	0	0	0	0.000	0	0	0	0.000	0	0
249	249	1772	167.324	1947.717	0.898	181	1074	392	71	18	181	1074	392	71	18	104.000	110.583	118	113	112	111	111	110	110	110	109	108	106	100.826	581.699	1224	839	719	628	588	557	525	486	438	379	221	0	0	0.000	0.000	0	0	0	0	0.000	0	0	0	0.000	0	0	0	0	0.000	0.000	0	0	0	0	0.000	0	0	0	0.000	0	0
250	250	2692	1977.710	1976.238	0.862	567	1526	427	80	27	567	1526	427	80	27	107.173	151.478	175	165	162	159	157	155	152	147	141	133	113	105.082	1141.052	1745	1583	1457	1346	1246	1161	1084	988	844	626	337	0	0	0.000	0.000	0	0	0	0	0.000	0	0	0	0.000	0	0	0	0	0.000	0.000	0	0	0	0	0.000	0	0	0	0.000	0	0
251	251	1732	343.297	1999.243	0.913	612	1025	35	10	4	612	1025	35	10	4	105.073	148.210	176	160	157	155	152	150	147	143	138	133	122	101.305	817.809	1220	1094	1035	976	922	865	796	699	593	443	312	0	0	0.000	0.000	0	0	0	0	0.000	0	0	0	0.000	0	0	0	0	0.000	0.000	0	0	0	0	0.000	0	0	0	0.000	0	0
252	252	2161	1925.736	2009.276	0.887	1094	678	322	33	8	1094	678	322	33	8	107.257	143.737	703	150	132	129	128	127	125	123	121	119	112	108.865	163.679	261	187	179	172	167	161	156	150	146	141	129	1	120	1916.846	2028.020	0	0	0	363	405.892	0	0	213	214.158	0	0	0	0	0.000	0.000	0	0	0	0	0.000	0	0	0	0.000	0	0
