 	cell	area	x	y	circ	BFI_lev_b1	BFI_lev_b2	BFI_lev_b3	BFI_lev_b4	BFI_lev_b5	BFO_lev_b1	BFO_lev_b2	BFO_lev_b3	BFO_lev_b4	BFO_lev_b5	RFP_int_bg	RFP_int_mean	RFP_int_b0	RFP_int_b1	RFP_int_b2	RFP_int_b3	RFP_int_b4	RFP_int_b5	RFP_int_b6	RFP_int_b7	RFP_int_b8	RFP_int_b9	RFP_int_b10	GFP_int_bg	GFP_int_mean	GFP_int_b0	GFP_int_b1	GFP_int_b2	GFP_int_b3	GFP_int_b4	GFP_int_b5	GFP_int_b6	GFP_int_b7	GFP_int_b8	GFP_int_b9	GFP_int_b10	inRFPnfoci	f1_inRFParea	f1_inRFPx	f1_inRFPy	f2_inRFParea	f2_inRFPx	f2_inRFPy	f1_inRFP_toRFPmed	f1_inRFP_toRFPmean	f2_inRFP_toRFPmed	f2_inRFP_toRFPmean	f1_inRFP_toGFPmed	f1_inRFP_toGFPmean	f2_inRFP_toGFPmed	f2_inRFP_toGFPmean	inGFPnfoci	f1_inGFParea	f1_inGFPx	f1_inGFPy	f2_inGFParea	f2_inGFPx	f2_inGFPy	f1_inGFP_toRFPmed	f1_inGFP_toRFPmean	f2_inGFP_toRFPmed	f2_inGFP_toRFPmean	f1_inGFP_toGFPmed	f1_inGFP_toGFPmean	f2_inGFP_toGFPmed	f2_inGFP_toGFPmean
1	1	2158	225.732	35.621	0.854	94	1123	844	44	4	94	1123	844	44	4	104.908	112.376	121	116	114	113	112	112	112	111	111	110	107	102.104	664.724	960	891	840	786	729	668	605	554	493	435	289	0	0	0.000	0.000	0	0	0	0	0.000	0	0	0	0.000	0	0	0	0	0	0	0	0	0	0	0	0	0	0	0	0	0
2	2	807	141.678	36.427	0.885	286	430	39	25	10	286	430	39	25	10	105.258	114.787	123	119	117	116	115	115	114	113	112	111	108	101.817	545.487	829	758	697	637	579	526	479	447	417	368	272	0	0	0.000	0.000	0	0	0	0	0.000	0	0	0	0.000	0	0	0	0	0	0	0	0	0	0	0	0	0	0	0	0	0
3	3	1712	103.600	66.090	0.890	66	309	1066	200	34	66	309	1066	200	34	105.432	144.286	793	159	126	124	122	121	119	118	117	115	111	101.941	670.442	1055	905	851	804	753	702	640	560	475	373	277	1	113	113.417	74.717	0	0	0	389	422.903	0	0	874	849.558	0	0	0	0	0	0	0	0	0	0	0	0	0	0	0	0	0
4	4	1649	551.698	111.868	0.895	1105	462	15	13	11	1105	462	15	13	11	108.132	120.180	129	126	124	123	121	120	119	118	117	115	112	104.038	2031.104	2795	2642	2511	2361	2230	2139	2002	1822	1576	1230	704	0	0	0.000	0.000	0	0	0	0	0.000	0	0	0	0.000	0	0	0	0	0	0	0	0	0	0	0	0	0	0	0	0	0
5	5	1489	1788.698	119.811	0.898	39	911	482	21	7	39	911	482	21	7	107.018	115.996	122	119	118	117	116	116	115	115	114	113	111	103.000	1331.696	2145	2050	1946	1779	1551	1340	1149	955	743	554	344	0	0	0.000	0.000	0	0	0	0	0.000	0	0	0	0.000	0	0	0	0	0	0	0	0	0	0	0	0	0	0	0	0	0
6	6	1989	136.658	157.404	0.878	758	1075	49	44	19	758	1075	49	44	19	107.862	469.079	7002	739	233	222	209	197	184	171	158	146	125	103.591	826.695	1206	1091	1054	1015	967	894	799	688	567	462	220	1	155	149.023	149.915	0	0	0	3046	3326.277	0	0	1120	1097.658	0	0	0	0	0	0	0	0	0	0	0	0	0	0	0	0	0
7	7	1660	730.033	156.784	0.903	78	136	888	490	29	78	136	888	490	29	108.657	122.193	134	127	125	124	123	122	121	120	119	117	114	104.533	670.122	906	848	816	779	738	701	662	610	536	419	241	0	0	0.000	0.000	0	0	0	0	0.000	0	0	0	0.000	0	0	0	0	0	0	0	0	0	0	0	0	0	0	0	0	0
8	8	1601	593.884	156.592	0.861	60	185	778	466	77	60	185	778	466	77	109.000	117.060	127	121	119	118	117	117	116	115	115	114	111	105.149	1643.877	2808	2436	2192	2004	1835	1670	1496	1284	1056	805	575	0	0	0.000	0.000	0	0	0	0	0.000	0	0	0	0.000	0	0	0	0	0	0	0	0	0	0	0	0	0	0	0	0	0
9	9	1397	1652.311	163.990	0.891	45	72	421	725	100	45	72	421	725	100	108.994	126.918	139	134	133	131	129	127	125	123	121	119	114	103.000	759.661	1026	941	902	865	837	809	771	688	603	496	305	0	0	0.000	0.000	0	0	0	0	0.000	0	0	0	0.000	0	0	0	0	0	0	0	0	0	0	0	0	0	0	0	0	0
10	10	1535	1790.478	167.137	0.921	37	217	811	412	31	37	217	811	412	31	108.000	116.745	126	121	119	118	117	116	116	115	114	114	110	103.450	1421.736	2302	2141	1979	1779	1571	1388	1231	1081	910	723	530	0	0	0.000	0.000	0	0	0	0	0.000	0	0	0	0.000	0	0	0	0	0	0	0	0	0	0	0	0	0	0	0	0	0
11	11	1817	1150.622	176.364	0.873	69	746	859	85	6	69	746	859	85	6	109.674	177.744	214	204	198	191	183	177	173	167	162	150	128	104.008	1221.130	1958	1717	1573	1438	1330	1233	1139	1018	887	700	488	0	0	0.000	0.000	0	0	0	0	0.000	0	0	0	0.000	0	0	0	0	0	0	0	0	0	0	0	0	0	0	0	0	0
12	12	1701	1517.306	182.449	0.862	17	317	1083	228	33	17	317	1083	228	33	109.000	115.256	122	118	117	116	116	115	115	114	114	113	110	103.996	420.130	563	529	501	472	445	421	398	375	344	309	230	0	0	0.000	0.000	0	0	0	0	0.000	0	0	0	0.000	0	0	0	0	0	0	0	0	0	0	0	0	0	0	0	0	0
13	13	1894	1251.136	186.107	0.882	29	112	729	900	94	29	112	729	900	94	110.446	179.446	225	209	201	195	188	180	173	164	156	149	135	104.454	1361.350	2028	1905	1801	1719	1597	1452	1286	1081	861	661	383	0	0	0.000	0.000	0	0	0	0	0.000	0	0	0	0.000	0	0	0	0	0	0	0	0	0	0	0	0	0	0	0	0	0
14	14	676	1410.780	181.009	0.916	13	120	341	146	43	13	120	341	146	43	109.257	117.259	124	120	119	118	118	117	117	116	115	114	111	103.658	924.240	1401	1250	1131	1039	976	925	875	818	741	586	388	0	0	0.000	0.000	0	0	0	0	0.000	0	0	0	0.000	0	0	0	0	0	0	0	0	0	0	0	0	0	0	0	0	0
15	15	1644	62.385	193.054	0.908	578	991	33	8	4	578	991	33	8	4	106.579	145.512	181	162	155	152	149	145	142	138	134	130	123	103.589	660.579	1057	962	879	808	751	700	622	518	414	319	231	0	0	0.000	0.000	0	0	0	0	0.000	0	0	0	0.000	0	0	0	0	0	0	0	0	0	0	0	0	0	0	0	0	0
16	16	1242	1565.896	189.710	0.883	46	265	690	205	10	46	265	690	205	10	109.005	115.079	120	117	116	116	115	115	115	114	114	113	109	103.948	375.564	547	493	462	435	410	378	352	321	284	254	201	0	0	0.000	0.000	0	0	0	0	0.000	0	0	0	0.000	0	0	0	0	0	0	0	0	0	0	0	0	0	0	0	0	0
17	17	1232	107.715	202.236	0.903	41	201	698	265	15	41	201	698	265	15	107.983	160.300	191	184	179	176	171	164	155	147	139	132	120	103.994	658.815	884	839	809	773	738	696	650	595	507	407	262	0	0	0.000	0.000	0	0	0	0	0.000	0	0	0	0.000	0	0	0	0	0	0	0	0	0	0	0	0	0	0	0	0	0
18	18	1992	1611.807	204.501	0.861	16	161	810	881	82	16	161	810	881	82	109.597	168.455	1641	161	135	133	131	129	127	126	124	122	115	103.590	667.284	1067	908	831	773	722	666	614	554	501	425	251	1	106	1616.127	215.462	0	0	0	713	762.349	0	0	869	858.519	0	0	0	0	0	0	0	0	0	0	0	0	0	0	0	0	0
19	19	1487	722.724	206.277	0.858	30	167	859	367	26	30	167	859	367	26	109.945	130.859	304	153	135	130	127	125	124	123	121	119	114	105.827	467.770	832	707	655	603	539	463	394	326	272	233	196	1	87	719.780	196.518	0	0	0	169	169.103	0	0	213	216.828	0	0	0	0	0	0	0	0	0	0	0	0	0	0	0	0	0
20	20	2324	560.918	212.025	0.861	68	248	1481	437	59	68	248	1481	437	59	109.845	151.962	304	166	162	158	154	151	148	145	141	134	123	105.997	1336.777	2111	1917	1784	1614	1465	1320	1180	1057	913	787	446	1	16	577.487	195.052	0	0	0	255	248.938	0	0	1293	1276.000	0	0	0	0	0	0	0	0	0	0	0	0	0	0	0	0	0
21	21	357	1780.925	204.242	0.949	33	144	123	43	11	33	144	123	43	11	108.006	115.263	122	118	117	116	116	115	114	114	113	113	110	103.367	976.011	1457	1272	1186	1142	1100	1038	950	828	729	610	421	0	0	0.000	0.000	0	0	0	0	0.000	0	0	0	0.000	0	0	0	0	0	0	0	0	0	0	0	0	0	0	0	0	0
22	22	423	610.443	205.801	0.910	18	47	144	167	38	18	47	144	167	38	109.851	120.184	126	124	123	122	121	120	120	119	118	117	114	106.000	489.066	677	622	587	557	528	494	460	419	386	355	277	0	0	0.000	0.000	0	0	0	0	0.000	0	0	0	0.000	0	0	0	0	0	0	0	0	0	0	0	0	0	0	0	0	0
23	23	1938	1430.695	222.973	0.858	51	214	885	661	97	51	214	885	661	97	109.995	116.045	123	119	118	117	117	116	115	115	114	113	110	104.628	924.379	1617	1405	1280	1152	1050	944	817	696	563	415	169	0	0	0.000	0.000	0	0	0	0	0.000	0	0	0	0.000	0	0	0	0	0	0	0	0	0	0	0	0	0	0	0	0	0
24	24	1431	769.456	219.858	0.913	141	872	317	56	20	141	872	317	56	20	110.765	631.079	8724	1517	443	238	196	175	165	154	143	134	124	104.575	129.733	150	141	138	135	133	131	128	125	121	117	107	1	151	771.858	213.119	0	0	0	3254	3774.172	0	0	135	135.709	0	0	0	0	0	0	0	0	0	0	0	0	0	0	0	0	0
25	25	1602	675.504	224.657	0.871	63	613	842	44	7	63	613	842	44	7	109.987	130.047	140	136	135	133	132	131	129	128	126	122	115	106.000	3181.732	4543	4225	4026	3825	3598	3364	3087	2740	2382	1784	1061	0	0	0.000	0.000	0	0	0	0	0.000	0	0	0	0.000	0	0	0	0	0	0	0	0	0	0	0	0	0	0	0	0	0
26	26	1335	510.090	231.735	0.866	73	109	688	417	29	73	109	688	417	29	108.876	139.780	154	149	148	146	144	142	139	136	133	127	115	105.000	1444.488	1843	1758	1685	1616	1553	1497	1431	1353	1225	1044	641	0	0	0.000	0.000	0	0	0	0	0.000	0	0	0	0.000	0	0	0	0	0	0	0	0	0	0	0	0	0	0	0	0	0
27	27	1556	82.909	241.124	0.878	42	248	795	396	44	42	248	795	396	44	107.011	354.996	3206	811	284	185	176	169	165	159	149	139	122	103.229	555.417	886	774	730	680	622	557	490	440	384	322	248	1	183	77.284	239.372	0	0	0	1436	1548.858	0	0	454	495.481	0	0	0	0	0	0	0	0	0	0	0	0	0	0	0	0	0
28	28	2338	1852.441	247.195	0.897	522	1565	156	42	8	522	1565	156	42	8	109.000	137.892	183	167	159	150	141	131	125	122	120	118	114	103.000	715.475	1365	1056	963	874	785	693	603	534	474	400	304	0	0	0.000	0.000	0	0	0	0	0.000	0	0	0	0.000	0	0	0	0	0	0	0	0	0	0	0	0	0	0	0	0	0
29	29	1712	635.311	255.969	0.881	13	80	597	907	73	13	80	597	907	73	109.964	428.875	4540	1132	228	139	134	132	131	128	126	124	120	106.000	2467.946	4413	3960	3362	2949	2700	2425	2112	1863	1519	1208	834	1	228	633.466	265.249	0	0	0	1965	2185.373	0	0	3776	3623.991	0	0	0	0	0	0	0	0	0	0	0	0	0	0	0	0	0
30	30	1834	731.961	254.553	0.888	52	142	1097	481	24	52	142	1097	481	24	111.000	945.555	11722	3049	302	137	131	127	125	122	121	119	115	105.279	214.373	304	265	256	245	231	218	204	187	169	154	121	1	251	731.303	238.629	0	0	0	5245	5648.239	0	0	269	262.777	0	0	0	0	0	0	0	0	0	0	0	0	0	0	0	0	0
31	31	1885	1240.060	252.925	0.862	147	274	1046	373	14	147	274	1046	373	14	111.000	217.371	287	256	245	236	228	220	212	202	186	171	156	105.000	1089.643	1748	1494	1386	1298	1200	1108	992	878	765	665	527	0	0	0.000	0.000	0	0	0	0	0.000	0	0	0	0.000	0	0	0	0	0	0	0	0	0	0	0	0	0	0	0	0	0
32	32	2153	1569.388	255.742	0.869	15	92	1228	735	36	15	92	1228	735	36	109.963	145.948	365	167	145	143	140	137	135	133	130	125	117	105.000	553.902	916	814	750	696	629	555	479	410	350	305	185	1	127	1560.487	269.084	0	0	0	257	262.291	0	0	668	665.173	0	0	0	0	0	0	0	0	0	0	0	0	0	0	0	0	0
33	33	1630	1623.146	254.382	0.883	22	209	965	387	15	22	209	965	387	15	110.000	137.971	151	145	144	143	142	141	139	135	131	126	116	104.204	708.388	1035	905	854	805	767	716	665	616	578	501	249	0	0	0.000	0.000	0	0	0	0	0.000	0	0	0	0.000	0	0	0	0	0	0	0	0	0	0	0	0	0	0	0	0	0
34	34	1929	551.836	265.422	0.867	247	968	525	159	4	247	968	525	159	4	109.339	156.111	345	219	161	148	144	141	138	136	133	127	118	104.914	919.895	1694	1465	1239	1123	1009	915	804	659	533	442	255	1	190	554.600	251.623	0	0	0	264	266.247	0	0	583	659.100	0	0	0	0	0	0	0	0	0	0	0	0	0	0	0	0	0
35	35	1761	1402.863	264.041	0.850	26	258	1015	384	43	26	258	1015	384	43	110.000	116.089	122	119	118	117	116	116	115	115	114	114	111	104.929	769.037	1457	1174	1006	881	788	706	658	619	562	460	310	0	0	0.000	0.000	0	0	0	0	0.000	0	0	0	0.000	0	0	0	0	0	0	0	0	0	0	0	0	0	0	0	0	0
36	36	1722	1066.177	279.472	0.882	43	329	921	355	32	43	329	921	355	32	109.955	138.024	150	146	144	142	141	139	137	135	133	128	119	105.587	181.612	213	199	195	192	188	184	179	174	169	160	136	0	0	0.000	0.000	0	0	0	0	0.000	0	0	0	0.000	0	0	0	0	0	0	0	0	0	0	0	0	0	0	0	0	0
37	37	1821	783.857	282.390	0.882	30	430	965	320	48	30	430	965	320	48	110.100	126.510	280	134	127	124	122	120	120	119	118	117	114	103.767	236.164	310	282	270	262	255	243	230	217	198	177	134	1	112	781.236	272.687	0	0	0	186	193.491	0	0	281	272.643	0	0	0	0	0	0	0	0	0	0	0	0	0	0	0	0	0
38	38	1343	1446.687	291.589	0.892	22	60	369	749	123	22	60	369	749	123	109.941	116.045	122	118	117	117	116	116	116	115	115	114	111	105.000	1037.287	1351	1294	1247	1211	1170	1112	1037	954	882	645	238	0	0	0.000	0.000	0	0	0	0	0.000	0	0	0	0.000	0	0	0	0	0	0	0	0	0	0	0	0	0	0	0	0	0
39	39	1577	1691.738	292.959	0.912	34	140	822	513	33	34	140	822	513	33	109.195	138.879	185	156	148	143	140	137	134	131	128	124	117	104.751	1674.866	2672	2377	2230	2097	1943	1788	1560	1280	1039	812	498	0	0	0.000	0.000	0	0	0	0	0.000	0	0	0	0.000	0	0	0	0	0	0	0	0	0	0	0	0	0	0	0	0	0
40	40	1773	1006.610	301.533	0.861	10	145	1145	414	24	10	145	1145	414	24	110.000	118.326	128	122	120	119	119	118	117	117	116	115	112	106.566	1010.360	1468	1288	1215	1154	1087	1022	960	901	811	696	506	0	0	0.000	0.000	0	0	0	0	0.000	0	0	0	0.000	0	0	0	0	0	0	0	0	0	0	0	0	0	0	0	0	0
41	41	842	723.721	294.945	0.899	24	59	207	441	99	24	59	207	441	99	110.378	122.160	133	129	127	125	123	122	120	119	118	117	114	104.254	210.568	259	245	236	226	220	213	206	197	187	171	145	0	0	0.000	0.000	0	0	0	0	0.000	0	0	0	0.000	0	0	0	0	0	0	0	0	0	0	0	0	0	0	0	0	0
42	42	2261	1171.219	312.764	0.867	80	653	1222	235	10	80	653	1222	235	10	110.136	342.530	2976	510	250	238	228	220	210	200	184	164	135	105.000	795.706	1217	1101	1032	963	906	835	745	653	552	432	271	1	198	1176.743	316.400	0	0	0	1479	1567.843	0	0	919	906.268	0	0	0	0	0	0	0	0	0	0	0	0	0	0	0	0	0
43	43	703	1092.350	323.270	0.873	100	346	169	42	37	100	346	169	42	37	110.000	136.750	146	142	141	139	138	137	136	135	133	131	127	105.972	170.479	672	178	173	168	166	163	161	158	154	147	134	0	0	0.000	0.000	0	0	0	0	0.000	0	0	0	0.000	0	0	0	0	0	0	0	0	0	0	0	0	0	0	0	0	0
44	44	2036	1656.830	331.376	0.914	37	328	1160	414	56	37	328	1160	414	56	109.988	143.397	164	157	154	152	148	145	140	136	132	128	121	104.878	1934.211	2871	2627	2527	2402	2283	2133	1861	1513	1265	973	654	0	0	0.000	0.000	0	0	0	0	0.000	0	0	0	0.000	0	0	0	0	0	0	0	0	0	0	0	0	0	0	0	0	0
45	45	1852	1528.412	335.586	0.875	18	273	1121	375	21	18	273	1121	375	21	109.412	336.023	5053	540	135	128	125	123	121	120	118	117	113	104.075	1208.590	1865	1689	1600	1496	1372	1271	1154	1000	809	602	324	1	154	1526.610	316.968	0	0	0	2197	2373.149	0	0	1470	1396.799	0	0	0	0	0	0	0	0	0	0	0	0	0	0	0	0	0
46	46	1727	951.543	341.256	0.866	64	115	894	591	27	64	115	894	591	27	110.000	118.303	127	122	120	120	119	118	117	117	116	115	111	105.979	964.445	1520	1314	1213	1132	1051	973	900	819	745	585	387	0	0	0.000	0.000	0	0	0	0	0.000	0	0	0	0.000	0	0	0	0	0	0	0	0	0	0	0	0	0	0	0	0	0
47	47	1368	1027.199	346.211	0.912	537	606	143	49	17	537	606	143	49	17	110.688	116.253	121	119	118	117	117	116	116	115	115	114	112	107.000	973.072	1633	1345	1226	1105	1015	937	890	828	764	634	389	0	0	0.000	0.000	0	0	0	0	0.000	0	0	0	0.000	0	0	0	0	0	0	0	0	0	0	0	0	0	0	0	0	0
48	48	282	993.629	339.886	0.949	14	47	122	70	22	14	47	122	70	22	110.723	114.972	120	117	116	116	115	115	115	114	114	113	111	107.000	372.411	506	472	447	420	397	370	346	325	309	283	197	0	0	0.000	0.000	0	0	0	0	0.000	0	0	0	0.000	0	0	0	0	0	0	0	0	0	0	0	0	0	0	0	0	0
49	49	1575	1072.218	355.565	0.924	638	577	173	115	46	638	577	173	115	46	110.478	119.660	128	124	123	121	120	119	118	118	117	116	113	106.740	1549.627	2283	2038	1924	1828	1730	1584	1445	1306	1140	1025	499	0	0	0.000	0.000	0	0	0	0	0.000	0	0	0	0.000	0	0	0	0	0	0	0	0	0	0	0	0	0	0	0	0	0
50	50	1893	1486.281	362.461	0.901	27	341	1292	188	15	27	341	1292	188	15	109.722	123.856	152	139	132	125	121	120	119	118	118	116	112	103.884	1578.321	2210	2040	1942	1839	1720	1628	1503	1370	1225	1033	650	0	0	0.000	0.000	0	0	0	0	0.000	0	0	0	0.000	0	0	0	0	0	0	0	0	0	0	0	0	0	0	0	0	0
51	51	2300	1183.892	376.853	0.849	56	298	1188	660	66	56	298	1188	660	66	110.000	215.443	269	251	243	237	231	222	211	201	187	167	142	105.000	829.444	1221	1108	1044	996	937	866	796	732	630	451	278	0	0	0.000	0.000	0	0	0	0	0.000	0	0	0	0.000	0	0	0	0	0	0	0	0	0	0	0	0	0	0	0	0	0
52	52	1976	1040.237	400.869	0.887	43	308	1090	442	60	43	308	1090	442	60	111.000	118.760	126	122	121	120	119	119	118	117	117	116	114	107.678	1424.929	2240	1972	1873	1761	1621	1478	1304	1140	981	766	558	0	0	0.000	0.000	0	0	0	0	0.000	0	0	0	0.000	0	0	0	0	0	0	0	0	0	0	0	0	0	0	0	0	0
53	53	2767	1081.090	444.151	0.857	29	896	1559	205	31	29	896	1559	205	31	110.769	187.602	245	219	210	203	196	190	183	175	163	150	125	107.109	1855.269	3562	2778	2496	2271	2038	1832	1612	1391	1154	982	497	0	0	0.000	0.000	0	0	0	0	0.000	0	0	0	0.000	0	0	0	0	0	0	0	0	0	0	0	0	0	0	0	0	0
54	54	2805	1001.603	447.110	0.823	78	1181	1379	121	7	78	1181	1379	121	7	111.000	208.478	259	238	232	226	221	216	209	200	184	163	142	107.138	2603.990	3690	3333	3167	3016	2863	2698	2518	2321	2106	1678	1035	0	0	0.000	0.000	0	0	0	0	0.000	0	0	0	0.000	0	0	0	0	0	0	0	0	0	0	0	0	0	0	0	0	0
55	55	2360	1573.559	460.972	0.902	10	176	1208	869	40	10	176	1208	869	40	110.000	311.671	2752	385	237	229	221	212	205	200	193	180	158	104.000	768.236	1153	1024	938	875	805	755	711	667	614	527	311	1	183	1592.112	470.016	0	0	0	1259	1406.754	0	0	724	717.257	0	0	0	0	0	0	0	0	0	0	0	0	0	0	0	0	0
56	56	2400	1140.028	469.021	0.912	344	1719	251	29	8	344	1719	251	29	8	110.835	180.032	241	218	208	200	193	184	169	158	149	140	125	106.575	1751.592	3338	2857	2547	2265	1950	1707	1480	1210	931	708	369	0	0	0.000	0.000	0	0	0	0	0.000	0	0	0	0.000	0	0	0	0	0	0	0	0	0	0	0	0	0	0	0	0	0
57	57	2633	1092.724	522.160	0.846	627	1849	85	13	7	627	1849	85	13	7	111.000	221.410	262	247	241	235	230	225	220	213	204	188	150	106.434	2544.092	3758	3353	3088	2847	2645	2491	2360	2212	2049	1858	1186	0	0	0.000	0.000	0	0	0	0	0.000	0	0	0	0.000	0	0	0	0	0	0	0	0	0	0	0	0	0	0	0	0	0
58	58	2585	1582.481	524.562	0.891	65	898	1515	46	7	65	898	1515	46	7	110.640	419.949	3860	952	296	220	206	195	188	176	162	148	129	103.913	678.639	1101	972	908	839	773	706	637	558	438	313	205	1	299	1577.210	511.688	0	0	0	1843	1973.234	0	0	972	965.084	0	0	0	0	0	0	0	0	0	0	0	0	0	0	0	0	0
59	59	1580	1034.152	532.342	0.892	159	673	563	130	22	159	673	563	130	22	111.000	1159.805	16226	2745	774	358	253	230	214	200	182	164	138	105.518	139.668	180	161	151	144	141	137	134	131	128	124	109	1	165	1038.364	522.952	0	0	0	7093	7599.091	0	0	165	161.479	0	0	0	0	0	0	0	0	0	0	0	0	0	0	0	0	0
60	60	1549	782.526	559.385	0.848	8	88	563	773	94	8	88	563	773	94	110.000	126.364	138	132	131	129	128	126	125	124	122	120	115	105.000	2701.987	3671	3447	3287	3125	2949	2783	2617	2365	2106	1825	1162	0	0	0.000	0.000	0	0	0	0	0.000	0	0	0	0.000	0	0	0	0	0	0	0	0	0	0	0	0	0	0	0	0	0
61	61	363	1558.044	555.574	0.933	12	96	125	76	43	12	96	125	76	43	111.000	183.554	209	200	196	192	189	185	181	176	170	165	159	103.152	488.223	648	625	583	553	521	483	454	422	398	368	322	0	0	0.000	0.000	0	0	0	0	0.000	0	0	0	0.000	0	0	0	0	0	0	0	0	0	0	0	0	0	0	0	0	0
62	62	1859	850.519	572.450	0.848	210	1136	437	34	8	210	1136	437	34	8	110.000	123.899	133	129	128	127	125	123	122	121	120	119	113	105.000	1857.226	3637	3114	2583	2174	1847	1636	1496	1392	1209	1025	689	0	0	0.000	0.000	0	0	0	0	0.000	0	0	0	0.000	0	0	0	0	0	0	0	0	0	0	0	0	0	0	0	0	0
63	63	1826	1284.370	604.832	0.869	25	104	966	659	28	25	104	966	659	28	111.294	119.577	128	123	121	121	120	119	119	118	118	117	114	105.000	2472.785	4288	3707	3480	3158	2740	2412	2091	1820	1545	1223	794	0	0	0.000	0.000	0	0	0	0	0.000	0	0	0	0.000	0	0	0	0	0	0	0	0	0	0	0	0	0	0	0	0	0
64	64	2729	223.549	627.117	0.864	874	1526	226	29	8	874	1526	226	29	8	108.575	117.376	128	122	120	119	118	117	116	115	115	114	111	103.698	583.269	1125	815	747	687	639	581	521	461	413	355	246	0	0	0.000	0.000	0	0	0	0	0.000	0	0	0	0.000	0	0	0	0	0	0	0	0	0	0	0	0	0	0	0	0	0
65	65	1554	1230.947	621.962	0.912	62	185	743	505	22	62	185	743	505	22	111.027	119.011	127	123	122	120	119	119	118	117	117	115	112	105.627	988.912	1689	1355	1255	1165	1073	982	895	820	734	611	366	0	0	0.000	0.000	0	0	0	0	0.000	0	0	0	0.000	0	0	0	0	0	0	0	0	0	0	0	0	0	0	0	0	0
66	66	1626	1306.162	654.370	0.894	17	285	928	289	78	17	285	928	289	78	112.000	119.348	125	122	121	120	120	119	119	118	118	117	114	105.000	1885.210	2860	2734	2579	2372	2128	1903	1676	1451	1248	1009	540	0	0	0.000	0.000	0	0	0	0	0.000	0	0	0	0.000	0	0	0	0	0	0	0	0	0	0	0	0	0	0	0	0	0
67	67	1185	1265.504	653.443	0.911	32	95	271	682	75	32	95	271	682	75	112.000	120.062	127	124	123	122	121	120	119	118	117	116	115	105.099	2665.666	3809	3605	3399	3123	2889	2700	2482	2248	2032	1722	1012	0	0	0.000	0.000	0	0	0	0	0.000	0	0	0	0.000	0	0	0	0	0	0	0	0	0	0	0	0	0	0	0	0	0
68	68	1849	644.500	658.168	0.852	76	585	943	192	18	76	585	943	192	18	110.360	204.059	263	241	228	220	213	204	195	185	178	170	146	104.000	217.849	306	268	253	238	227	216	208	197	184	168	143	0	0	0.000	0.000	0	0	0	0	0.000	0	0	0	0.000	0	0	0	0	0	0	0	0	0	0	0	0	0	0	0	0	0
69	69	1078	1791.417	664.768	0.797	136	488	332	87	15	136	488	332	87	15	110.764	273.515	431	385	344	306	279	263	249	228	206	188	155	104.000	177.080	239	219	201	189	180	174	168	160	153	146	125	0	0	0.000	0.000	0	0	0	0	0.000	0	0	0	0.000	0	0	0	0	0	0	0	0	0	0	0	0	0	0	0	0	0
70	70	1558	254.432	669.649	0.864	38	249	897	308	29	38	249	897	308	29	109.000	116.313	125	119	118	117	117	116	116	115	115	114	111	104.512	1087.789	1653	1520	1467	1390	1304	1179	1039	860	651	481	358	0	0	0.000	0.000	0	0	0	0	0.000	0	0	0	0.000	0	0	0	0	0	0	0	0	0	0	0	0	0	0	0	0	0
71	71	1326	1846.489	676.014	0.840	43	748	394	99	19	43	748	394	99	19	111.000	382.989	551	496	462	437	409	381	353	325	303	283	187	104.444	494.664	783	693	626	584	541	491	446	395	362	314	183	0	0	0.000	0.000	0	0	0	0	0.000	0	0	0	0.000	0	0	0	0	0	0	0	0	0	0	0	0	0	0	0	0	0
72	72	1711	581.375	682.213	0.883	881	695	58	26	9	881	695	58	26	9	110.000	231.121	616	319	263	234	218	207	199	192	185	178	148	104.000	128.171	146	135	133	131	129	128	127	125	124	122	112	1	55	590.166	678.438	0	0	0	479	481.764	0	0	133	133.091	0	0	0	0	0	0	0	0	0	0	0	0	0	0	0	0	0
73	73	236	1332.488	679.079	0.788	80	66	33	36	18	80	66	33	36	18	112.000	115.678	119	118	117	116	116	116	115	115	114	114	112	105.000	260.068	591	376	317	290	270	250	230	209	183	161	142	0	0	0.000	0.000	0	0	0	0	0.000	0	0	0	0.000	0	0	0	0	0	0	0	0	0	0	0	0	0	0	0	0	0
74	74	1333	931.280	696.183	0.890	9	57	346	736	147	9	57	346	736	147	111.000	173.645	226	203	195	187	179	172	167	161	153	144	129	104.953	583.280	971	837	761	693	623	562	511	463	414	359	252	0	0	0.000	0.000	0	0	0	0	0.000	0	0	0	0.000	0	0	0	0	0	0	0	0	0	0	0	0	0	0	0	0	0
75	75	1460	643.288	709.080	0.890	17	227	1028	143	9	17	227	1028	143	9	110.219	219.147	283	261	254	246	235	224	213	201	184	167	135	103.607	243.125	310	291	281	269	258	246	236	225	212	189	131	0	0	0.000	0.000	0	0	0	0	0.000	0	0	0	0.000	0	0	0	0	0	0	0	0	0	0	0	0	0	0	0	0	0
76	76	807	1836.424	703.757	0.889	79	110	404	189	7	79	110	404	189	7	111.000	285.936	412	358	347	331	312	291	268	245	225	203	171	104.361	474.575	661	614	590	565	534	493	446	396	348	308	234	0	0	0.000	0.000	0	0	0	0	0.000	0	0	0	0.000	0	0	0	0	0	0	0	0	0	0	0	0	0	0	0	0	0
77	77	1404	222.164	712.041	0.925	18	65	422	766	112	18	65	422	766	112	108.803	114.632	119	117	116	115	115	115	114	114	113	113	111	104.392	788.943	1340	1190	1111	1029	922	786	684	573	465	357	257	0	0	0.000	0.000	0	0	0	0	0.000	0	0	0	0.000	0	0	0	0	0	0	0	0	0	0	0	0	0	0	0	0	0
78	78	1594	1875.246	721.196	0.890	18	91	634	732	75	18	91	634	732	75	110.975	363.651	1078	505	457	415	376	344	318	284	253	225	159	104.000	533.499	891	762	694	639	579	531	480	432	371	302	209	1	18	1871.821	724.444	0	0	0	937	907.167	0	0	514	517.167	0	0	0	0	0	0	0	0	0	0	0	0	0	0	0	0	0
79	79	1637	1980.355	721.675	0.877	1515	80	18	10	7	1515	80	18	10	7	108.995	128.787	159	145	139	134	129	125	123	122	120	117	112	103.582	2363.051	4337	3403	3017	2718	2520	2325	2147	1985	1770	1364	594	0	0	0.000	0.000	0	0	0	0	0.000	0	0	0	0.000	0	0	0	0	0	0	0	0	0	0	0	0	0	0	0	0	0
80	80	1757	893.038	736.141	0.844	21	349	1033	299	23	21	349	1033	299	23	111.392	175.044	221	199	192	187	182	176	170	163	157	150	136	104.833	568.049	905	771	718	683	648	600	523	445	384	346	236	0	0	0.000	0.000	0	0	0	0	0.000	0	0	0	0.000	0	0	0	0	0	0	0	0	0	0	0	0	0	0	0	0	0
81	81	1434	1781.546	748.755	0.892	31	294	681	380	16	31	294	681	380	16	110.423	147.773	175	164	161	157	153	148	143	138	134	131	124	103.319	188.872	243	229	221	211	199	190	178	167	157	149	135	0	0	0.000	0.000	0	0	0	0	0.000	0	0	0	0.000	0	0	0	0	0	0	0	0	0	0	0	0	0	0	0	0	0
82	82	1681	943.432	754.414	0.861	11	92	649	830	77	11	92	649	830	77	111.000	179.204	226	206	198	192	187	182	177	169	159	147	129	104.237	628.391	924	834	775	719	675	646	598	542	490	401	244	0	0	0.000	0.000	0	0	0	0	0.000	0	0	0	0.000	0	0	0	0	0	0	0	0	0	0	0	0	0	0	0	0	0
83	83	2708	187.466	769.076	0.837	141	1888	518	79	29	141	1888	518	79	29	108.983	3297.135	41662	11392	1579	297	176	165	161	156	152	147	130	103.495	136.155	186	150	141	138	136	134	131	129	128	125	116	1	395	184.688	787.279	0	0	0	17681	19906.309	0	0	156	157.241	0	0	0	0	0	0	0	0	0	0	0	0	0	0	0	0	0
84	84	483	245.458	746.478	0.826	14	150	181	106	17	14	150	181	106	17	108.308	117.418	127	121	119	119	118	117	117	116	115	114	112	104.000	880.097	1146	1021	978	935	906	874	846	817	789	741	646	0	0	0.000	0.000	0	0	0	0	0.000	0	0	0	0.000	0	0	0	0	0	0	0	0	0	0	0	0	0	0	0	0	0
85	85	1601	1036.319	774.957	0.853	39	436	796	280	21	39	436	796	280	21	112.000	241.776	316	287	278	268	252	241	228	219	209	198	149	104.000	272.194	372	332	316	302	290	277	260	242	225	209	159	0	0	0.000	0.000	0	0	0	0	0.000	0	0	0	0.000	0	0	0	0	0	0	0	0	0	0	0	0	0	0	0	0	0
86	86	2054	1809.253	795.299	0.888	37	357	954	576	82	37	357	954	576	82	110.854	157.679	245	172	166	163	160	157	154	150	146	139	123	103.000	201.171	249	231	224	218	211	205	198	189	179	167	121	0	0	0.000	0.000	0	0	0	0	0.000	0	0	0	0.000	0	0	0	0	0	0	0	0	0	0	0	0	0	0	0	0	0
87	87	692	957.994	797.833	0.910	18	50	217	330	63	18	50	217	330	63	111.643	146.480	168	162	157	153	149	146	142	139	136	133	128	104.000	401.230	566	519	487	459	443	417	383	344	308	270	196	0	0	0.000	0.000	0	0	0	0	0.000	0	0	0	0.000	0	0	0	0	0	0	0	0	0	0	0	0	0	0	0	0	0
88	88	1364	307.004	810.799	0.895	24	104	590	592	37	24	104	590	592	37	107.974	133.508	148	142	140	138	136	134	132	129	127	124	118	104.271	2301.608	3458	3198	2974	2699	2448	2247	2060	1914	1717	1500	849	0	0	0.000	0.000	0	0	0	0	0.000	0	0	0	0.000	0	0	0	0	0	0	0	0	0	0	0	0	0	0	0	0	0
89	89	1788	257.180	819.434	0.896	23	141	893	630	55	23	141	893	630	55	108.848	131.265	144	139	136	134	133	131	130	128	126	124	114	104.996	1839.346	3231	2805	2425	2210	1987	1757	1549	1378	1213	1080	715	0	0	0.000	0.000	0	0	0	0	0.000	0	0	0	0.000	0	0	0	0	0	0	0	0	0	0	0	0	0	0	0	0	0
90	90	1927	203.806	828.349	0.836	47	130	926	738	46	47	130	926	738	46	109.000	132.289	149	141	138	136	134	133	131	129	127	123	115	104.388	1611.757	2575	2267	2137	1985	1828	1638	1439	1249	1072	895	384	0	0	0.000	0.000	0	0	0	0	0.000	0	0	0	0.000	0	0	0	0	0	0	0	0	0	0	0	0	0	0	0	0	0
91	91	1631	698.504	821.864	0.887	114	901	515	58	15	114	901	515	58	15	111.000	195.201	237	219	208	203	199	196	191	186	180	172	155	103.000	116.438	127	120	119	118	117	116	116	115	114	112	108	0	0	0.000	0.000	0	0	0	0	0.000	0	0	0	0.000	0	0	0	0	0	0	0	0	0	0	0	0	0	0	0	0	0
92	92	1569	944.487	840.800	0.903	38	80	704	687	29	38	80	704	687	29	110.686	174.426	211	196	191	186	182	177	171	164	157	148	133	104.000	454.664	678	600	552	507	478	452	428	394	359	319	244	0	0	0.000	0.000	0	0	0	0	0.000	0	0	0	0.000	0	0	0	0	0	0	0	0	0	0	0	0	0	0	0	0	0
93	93	1655	1674.919	843.755	0.838	128	713	573	158	47	128	713	573	158	47	111.952	386.965	668	574	520	464	412	372	326	291	263	231	161	103.131	118.631	134	125	123	121	119	118	117	116	115	113	107	0	0	0.000	0.000	0	0	0	0	0.000	0	0	0	0.000	0	0	0	0	0	0	0	0	0	0	0	0	0	0	0	0	0
94	94	1063	657.035	851.134	0.896	45	154	600	240	12	45	154	600	240	12	111.000	170.299	202	189	183	178	174	170	166	161	158	152	137	103.072	855.250	1266	1146	1086	1004	937	864	783	702	627	553	433	0	0	0.000	0.000	0	0	0	0	0.000	0	0	0	0.000	0	0	0	0	0	0	0	0	0	0	0	0	0	0	0	0	0
95	95	1706	1535.524	871.405	0.847	10	286	906	447	23	10	286	906	447	23	111.479	132.114	169	138	136	134	133	132	131	129	126	125	121	104.311	614.290	964	846	793	744	679	611	552	496	441	374	274	0	0	0.000	0.000	0	0	0	0	0.000	0	0	0	0.000	0	0	0	0	0	0	0	0	0	0	0	0	0	0	0	0	0
96	96	424	173.323	865.350	0.887	7	39	145	183	39	7	39	145	183	39	109.000	129.236	137	134	133	132	131	130	129	127	125	123	120	104.127	1411.071	1859	1777	1647	1553	1487	1409	1342	1273	1192	1083	834	0	0	0.000	0.000	0	0	0	0	0.000	0	0	0	0.000	0	0	0	0	0	0	0	0	0	0	0	0	0	0	0	0	0
97	97	2078	622.296	884.809	0.881	21	351	953	630	91	21	351	953	630	91	110.914	320.129	5668	293	188	180	176	171	166	160	152	143	129	103.860	861.801	1509	1268	1129	1010	890	822	755	705	633	515	311	1	111	630.935	898.733	0	0	0	2317	2527.730	0	0	1326	1291.631	0	0	0	0	0	0	0	0	0	0	0	0	0	0	0	0	0
98	98	1778	1598.464	894.015	0.876	10	277	1164	288	15	10	277	1164	288	15	112.000	152.026	608	162	146	142	139	137	136	135	132	130	121	104.771	679.228	1039	907	822	758	714	667	622	578	536	472	369	1	93	1603.893	897.222	0	0	0	346	357.634	0	0	506	530.237	0	0	0	0	0	0	0	0	0	0	0	0	0	0	0	0	0
99	99	1989	1749.327	908.240	0.878	8	59	223	1363	297	8	59	223	1363	297	111.159	246.595	293	283	275	269	262	256	246	233	217	195	156	104.608	1019.128	1291	1222	1183	1155	1120	1080	1025	952	837	712	389	0	0	0.000	0.000	0	0	0	0	0.000	0	0	0	0.000	0	0	0	0	0	0	0	0	0	0	0	0	0	0	0	0	0
100	100	1709	198.879	910.854	0.928	84	827	694	71	6	84	827	694	71	6	109.000	195.162	1221	321	152	145	142	140	139	136	133	128	121	105.000	960.432	1371	1261	1195	1131	1063	989	912	830	729	607	448	1	165	205.707	926.060	0	0	0	598	649.085	0	0	1093	1037.715	0	0	0	0	0	0	0	0	0	0	0	0	0	0	0	0	0
101	101	367	1554.955	904.024	0.900	25	74	121	109	32	25	74	121	109	32	112.000	129.264	137	136	134	132	131	129	128	126	125	124	120	105.000	333.251	470	440	413	384	359	328	300	277	260	238	200	0	0	0.000	0.000	0	0	0	0	0.000	0	0	0	0.000	0	0	0	0	0	0	0	0	0	0	0	0	0	0	0	0	0
102	102	1599	1672.744	922.006	0.883	29	55	508	839	135	29	55	508	839	135	112.000	211.412	252	242	236	229	224	219	212	199	185	169	144	104.027	1699.617	2272	2083	2008	1947	1880	1807	1719	1598	1361	1108	614	0	0	0.000	0.000	0	0	0	0	0.000	0	0	0	0.000	0	0	0	0	0	0	0	0	0	0	0	0	0	0	0	0	0
103	103	1712	248.865	926.487	0.877	74	184	895	502	18	74	184	895	502	18	108.992	147.077	203	162	157	153	149	146	143	140	136	131	122	104.704	724.738	1158	1044	973	890	816	751	667	558	460	380	281	0	0	0.000	0.000	0	0	0	0	0.000	0	0	0	0.000	0	0	0	0	0	0	0	0	0	0	0	0	0	0	0	0	0
104	104	1678	940.894	930.592	0.879	616	686	180	107	61	616	686	180	107	61	110.986	134.002	148	141	138	136	135	134	133	131	130	128	120	104.000	1075.027	1341	1257	1217	1178	1136	1096	1050	1002	941	858	589	0	0	0.000	0.000	0	0	0	0	0.000	0	0	0	0.000	0	0	0	0	0	0	0	0	0	0	0	0	0	0	0	0	0
105	105	1310	1521.950	924.334	0.907	22	203	759	290	20	22	203	759	290	20	111.472	155.763	174	164	161	160	159	157	155	153	150	145	134	104.371	600.058	788	695	672	654	635	612	586	554	519	484	351	0	0	0.000	0.000	0	0	0	0	0.000	0	0	0	0.000	0	0	0	0	0	0	0	0	0	0	0	0	0	0	0	0	0
106	106	2478	1800.606	940.423	0.902	55	557	1657	155	15	55	557	1657	155	15	110.871	245.416	975	346	260	244	235	224	206	187	169	153	134	104.758	708.826	1125	1010	953	921	865	773	651	525	425	309	220	1	131	1797.894	942.968	0	0	0	655	663.061	0	0	470	486.687	0	0	0	0	0	0	0	0	0	0	0	0	0	0	0	0	0
107	107	1840	1947.270	937.852	0.873	8	147	975	599	61	8	147	975	599	61	110.726	143.851	818	142	134	131	129	127	125	124	122	120	113	102.423	784.842	1166	1030	971	918	859	802	736	661	588	503	360	1	95	1933.699	938.216	0	0	0	369	410.211	0	0	730	739.263	0	0	0	0	0	0	0	0	0	0	0	0	0	0	0	0	0
108	108	684	1620.530	932.674	0.895	39	115	297	178	43	39	115	297	178	43	111.842	131.034	139	136	134	133	133	132	131	129	127	125	120	104.099	487.693	674	591	576	554	529	505	472	440	401	348	251	0	0	0.000	0.000	0	0	0	0	0.000	0	0	0	0.000	0	0	0	0	0	0	0	0	0	0	0	0	0	0	0	0	0
109	109	1201	1546.064	965.397	0.895	43	84	509	480	53	43	84	509	480	53	112.000	143.669	167	158	154	150	148	144	140	137	133	129	121	104.076	486.466	791	678	606	554	514	476	437	398	364	331	206	0	0	0.000	0.000	0	0	0	0	0.000	0	0	0	0.000	0	0	0	0	0	0	0	0	0	0	0	0	0	0	0	0	0
110	110	1903	1687.419	975.841	0.864	11	255	1099	444	54	11	255	1099	444	54	112.000	267.728	2216	306	230	222	214	207	201	192	178	162	144	104.894	1465.827	2313	1983	1866	1757	1636	1522	1415	1258	1050	787	476	1	110	1676.315	974.572	0	0	0	1091	1151.236	0	0	1726	1682.200	0	0	0	0	0	0	0	0	0	0	0	0	0	0	0	0	0
111	111	1938	216.732	974.200	0.858	130	1241	500	12	6	130	1241	500	12	6	108.964	195.895	246	226	220	215	209	200	191	180	168	158	140	105.000	644.059	895	814	780	748	718	687	648	573	491	390	287	0	0	0.000	0.000	0	0	0	0	0.000	0	0	0	0.000	0	0	0	0	0	0	0	0	0	0	0	0	0	0	0	0	0
112	112	1883	964.255	979.395	0.895	84	465	1075	210	19	84	465	1075	210	19	110.994	309.724	2127	880	326	173	138	133	130	128	126	124	119	104.038	696.321	1066	913	857	810	759	705	654	596	525	457	332	1	346	978.586	979.044	0	0	0	948	1041.699	0	0	852	810.853	0	0	0	0	0	0	0	0	0	0	0	0	0	0	0	0	0
113	113	1614	160.797	975.434	0.871	63	57	933	489	35	63	57	933	489	35	108.484	208.528	1503	376	147	139	137	135	132	129	126	122	115	104.812	663.180	1034	908	835	783	737	696	650	577	481	344	237	1	171	145.373	962.083	0	0	0	725	776.082	0	0	923	900.526	0	0	0	0	0	0	0	0	0	0	0	0	0	0	0	0	0
114	114	1270	1504.532	970.988	0.909	101	284	568	265	33	101	284	568	265	33	112.000	146.505	169	159	156	153	150	147	145	141	137	132	126	103.994	459.544	710	615	549	512	484	455	428	393	364	318	262	0	0	0.000	0.000	0	0	0	0	0.000	0	0	0	0.000	0	0	0	0	0	0	0	0	0	0	0	0	0	0	0	0	0
115	115	2307	1985.755	993.349	0.860	1880	359	14	7	2	1880	359	14	7	2	109.654	249.797	2558	444	161	140	139	137	135	133	129	125	117	102.691	711.667	1079	949	884	831	788	744	684	623	547	413	260	1	213	1989.900	980.394	0	0	0	1078	1199.390	0	0	908	846.192	0	0	0	0	0	0	0	0	0	0	0	0	0	0	0	0	0
116	116	973	1828.799	1001.235	0.905	124	514	212	91	12	124	514	212	91	12	110.798	198.008	373	251	234	224	214	199	182	166	151	140	129	104.007	142.882	186	163	156	153	149	146	141	134	125	118	110	0	0	0.000	0.000	0	0	0	0	0.000	0	0	0	0.000	0	0	0	0	0	0	0	0	0	0	0	0	0	0	0	0	0
117	117	1262	1394.433	1008.998	0.871	18	197	594	348	73	18	197	594	348	73	112.718	172.158	193	185	180	177	175	174	172	169	165	157	142	105.035	1341.743	1812	1695	1588	1462	1383	1312	1253	1204	1128	1048	717	0	0	0.000	0.000	0	0	0	0	0.000	0	0	0	0.000	0	0	0	0	0	0	0	0	0	0	0	0	0	0	0	0	0
118	118	1679	808.439	1019.517	0.880	458	1112	34	23	24	458	1112	34	23	24	112.000	271.824	360	326	316	304	290	278	265	251	230	202	166	103.333	136.046	160	144	142	140	138	136	134	132	130	127	116	0	0	0.000	0.000	0	0	0	0	0.000	0	0	0	0.000	0	0	0	0	0	0	0	0	0	0	0	0	0	0	0	0	0
119	119	1645	196.384	1024.314	0.852	18	232	733	535	89	18	232	733	535	89	108.737	371.160	2594	830	299	229	221	209	202	194	184	173	143	103.976	718.479	1089	907	847	813	772	730	681	628	576	503	329	1	200	206.141	1021.400	0	0	0	1318	1404.770	0	0	965	957.070	0	0	0	0	0	0	0	0	0	0	0	0	0	0	0	0	0
120	120	1461	974.601	1023.003	0.884	216	1113	66	32	9	216	1113	66	32	9	110.903	132.621	188	147	136	134	132	130	128	126	125	123	116	103.878	552.092	861	768	724	672	616	550	503	450	380	313	231	1	39	965.883	1024.227	0	0	0	176	175.538	0	0	447	453.179	0	0	0	0	0	0	0	0	0	0	0	0	0	0	0	0	0
121	121	2166	1441.136	1038.470	0.860	29	125	676	1112	177	29	125	676	1112	177	113.000	383.586	4219	858	285	189	173	167	161	153	146	138	126	105.283	951.640	1766	1388	1247	1155	1071	985	876	781	635	442	248	1	218	1443.745	1034.369	0	0	0	1774	1976.092	0	0	907	885.628	0	0	0	0	0	0	0	0	0	0	0	0	0	0	0	0	0
122	122	1054	760.936	1035.926	0.900	81	173	565	154	66	81	173	565	154	66	112.000	309.259	397	371	361	349	334	318	299	278	255	233	195	103.980	131.472	150	143	139	137	135	132	130	127	124	120	111	0	0	0.000	0.000	0	0	0	0	0.000	0	0	0	0.000	0	0	0	0	0	0	0	0	0	0	0	0	0	0	0	0	0
123	123	1314	928.415	1036.404	0.918	29	170	830	247	15	29	170	830	247	15	111.000	127.857	139	133	131	130	129	128	127	126	125	123	116	104.000	559.027	850	764	707	647	598	557	527	474	413	350	242	0	0	0.000	0.000	0	0	0	0	0.000	0	0	0	0.000	0	0	0	0	0	0	0	0	0	0	0	0	0	0	0	0	0
124	124	1776	569.375	1054.822	0.879	19	679	981	69	1	19	679	981	69	1	111.106	179.478	1314	174	160	157	155	153	150	148	146	142	134	106.000	4047.041	5749	5262	5014	4825	4609	4337	3983	3551	2880	2294	1646	1	83	553.613	1060.299	0	0	0	584	646.880	0	0	5084	4996.024	0	0	0	0	0	0	0	0	0	0	0	0	0	0	0	0	0
125	125	1542	1744.490	1058.428	0.891	47	427	896	151	5	47	427	896	151	5	112.000	124.049	137	129	127	126	125	124	123	122	121	120	115	104.078	1056.265	1777	1481	1400	1331	1203	1093	979	842	682	531	351	0	0	0.000	0.000	0	0	0	0	0.000	0	0	0	0.000	0	0	0	0	0	0	0	0	0	0	0	0	0	0	0	0	0
126	126	1641	790.673	1070.522	0.899	79	593	863	60	9	79	593	863	60	9	112.000	697.556	9704	1295	340	295	280	266	249	231	213	195	154	104.000	133.210	174	145	139	136	134	131	130	128	125	122	111	1	148	780.710	1081.929	0	0	0	4222	4612.541	0	0	155	154.223	0	0	0	0	0	0	0	0	0	0	0	0	0	0	0	0	0
127	127	1669	1129.737	1066.665	0.917	100	1105	369	49	11	100	1105	369	49	11	111.641	124.431	136	131	128	127	125	124	123	122	121	119	115	103.742	725.891	1253	1035	949	873	796	714	640	563	504	413	267	0	0	0.000	0.000	0	0	0	0	0.000	0	0	0	0.000	0	0	0	0	0	0	0	0	0	0	0	0	0	0	0	0	0
128	128	2364	1073.593	1071.846	0.909	406	1169	628	105	9	406	1169	628	105	9	111.729	125.898	142	134	131	129	127	125	123	122	121	119	116	104.000	762.416	1235	1003	948	900	851	794	723	649	578	470	251	0	0	0.000	0.000	0	0	0	0	0.000	0	0	0	0.000	0	0	0	0	0	0	0	0	0	0	0	0	0	0	0	0	0
129	129	1739	1794.116	1071.098	0.914	8	58	692	827	113	8	58	692	827	113	111.975	390.480	5972	674	156	132	129	127	125	124	123	121	117	104.512	1172.945	1855	1578	1458	1364	1270	1178	1081	986	895	728	524	1	155	1782.349	1073.732	0	0	0	2484	2717.187	0	0	1666	1641.490	0	0	0	0	0	0	0	0	0	0	0	0	0	0	0	0	0
130	130	313	509.159	1056.675	0.938	5	69	171	53	10	5	69	171	53	10	111.000	137.834	153	149	145	143	140	138	135	133	131	128	124	106.000	1871.904	2746	2516	2393	2257	2093	1939	1751	1551	1362	1190	687	0	0	0.000	0.000	0	0	0	0	0.000	0	0	0	0.000	0	0	0	0	0	0	0	0	0	0	0	0	0	0	0	0	0
131	131	1078	894.831	1073.461	0.903	77	476	407	81	19	77	476	407	81	19	111.455	246.759	340	307	291	275	261	250	233	215	198	185	174	103.660	672.844	1152	995	903	813	735	675	621	523	433	349	281	0	0	0.000	0.000	0	0	0	0	0.000	0	0	0	0.000	0	0	0	0	0	0	0	0	0	0	0	0	0	0	0	0	0
132	132	1888	1423.707	1090.077	0.836	39	467	1123	222	9	39	467	1123	222	9	112.999	175.612	209	199	193	186	179	174	169	164	160	156	139	105.002	1211.186	1905	1756	1613	1463	1310	1169	1038	935	832	755	542	0	0	0.000	0.000	0	0	0	0	0.000	0	0	0	0.000	0	0	0	0	0	0	0	0	0	0	0	0	0	0	0	0	0
133	133	2207	526.865	1094.034	0.837	17	425	1490	212	31	17	425	1490	212	31	111.198	215.589	825	372	237	190	175	170	164	158	151	142	129	106.000	2793.560	4794	4182	3799	3434	3070	2758	2505	2297	1880	1316	862	1	246	523.889	1104.408	0	0	0	486	511.248	0	0	2395	2294.435	0	0	0	0	0	0	0	0	0	0	0	0	0	0	0	0	0
134	134	1835	280.982	1127.301	0.891	72	616	921	183	24	72	616	921	183	24	110.730	317.094	626	441	386	354	326	301	280	258	234	212	185	103.441	205.329	272	249	239	228	217	204	193	182	172	161	143	0	0	0.000	0.000	0	0	0	0	0.000	0	0	0	0.000	0	0	0	0	0	0	0	0	0	0	0	0	0	0	0	0	0
135	135	1708	1827.350	1177.774	0.905	58	854	716	35	6	58	854	716	35	6	112.000	126.751	144	134	131	129	128	126	125	124	122	120	114	104.776	683.841	1075	952	871	805	753	697	638	560	480	412	267	0	0	0.000	0.000	0	0	0	0	0.000	0	0	0	0.000	0	0	0	0	0	0	0	0	0	0	0	0	0	0	0	0	0
136	136	2391	280.417	1184.249	0.847	34	212	1237	828	27	34	212	1237	828	27	110.716	875.799	11835	1596	440	383	355	328	301	280	260	237	170	104.046	178.665	254	214	204	192	183	176	169	162	154	145	124	1	220	263.164	1185.068	0	0	0	5401	5784.977	0	0	224	221.482	0	0	0	0	0	0	0	0	0	0	0	0	0	0	0	0	0
137	137	1342	100.789	1210.561	0.870	120	335	623	221	14	120	335	623	221	14	107.000	121.405	149	134	130	126	123	120	116	114	113	112	108	101.314	111.121	126	119	116	114	112	111	109	107	106	105	101	0	0	0.000	0.000	0	0	0	0	0.000	0	0	0	0.000	0	0	0	0	0	0	0	0	0	0	0	0	0	0	0	0	0
138	138	1156	1865.349	1212.268	0.893	68	44	274	631	121	68	44	274	631	121	112.000	125.084	135	131	129	128	127	125	124	122	121	119	116	105.000	596.556	962	860	801	739	670	602	523	453	383	326	263	0	0	0.000	0.000	0	0	0	0	0.000	0	0	0	0.000	0	0	0	0	0	0	0	0	0	0	0	0	0	0	0	0	0
139	139	1075	1927.982	1218.516	0.852	87	470	419	69	9	87	470	419	69	9	111.468	488.943	928	746	694	614	518	459	410	357	303	255	172	103.983	154.576	228	202	183	171	157	145	139	133	127	121	109	0	0	0.000	0.000	0	0	0	0	0.000	0	0	0	0.000	0	0	0	0	0	0	0	0	0	0	0	0	0	0	0	0	0
140	140	609	186.753	1213.557	0.882	25	89	290	174	21	25	89	290	174	21	108.000	117.126	127	123	120	118	117	116	116	115	114	113	111	102.609	124.885	138	133	130	128	126	125	124	122	120	117	109	0	0	0.000	0.000	0	0	0	0	0.000	0	0	0	0.000	0	0	0	0	0	0	0	0	0	0	0	0	0	0	0	0	0
141	141	322	300.521	1214.122	0.850	15	91	149	58	4	15	91	149	58	4	110.953	115.481	126	118	117	116	116	115	115	114	114	113	112	105.000	383.466	555	484	460	438	407	389	362	343	312	276	213	0	0	0.000	0.000	0	0	0	0	0.000	0	0	0	0.000	0	0	0	0	0	0	0	0	0	0	0	0	0	0	0	0	0
142	142	1660	1833.658	1236.117	0.873	44	269	952	350	18	44	269	952	350	18	111.996	126.923	145	138	133	129	126	125	124	123	122	120	115	104.983	448.621	669	568	527	497	468	442	419	395	370	333	243	0	0	0.000	0.000	0	0	0	0	0.000	0	0	0	0.000	0	0	0	0	0	0	0	0	0	0	0	0	0	0	0	0	0
143	143	1694	328.890	1233.530	0.851	77	594	826	148	13	77	594	826	148	13	110.148	118.452	126	122	121	120	119	118	118	117	116	115	112	104.877	1335.468	1905	1743	1631	1520	1428	1352	1270	1184	1084	909	450	0	0	0.000	0.000	0	0	0	0	0.000	0	0	0	0.000	0	0	0	0	0	0	0	0	0	0	0	0	0	0	0	0	0
144	144	910	917.875	1226.750	0.918	130	503	220	37	8	130	503	220	37	8	112.000	133.611	183	151	141	137	134	131	128	126	124	121	116	104.024	2561.437	5880	4375	3459	3052	2786	2509	2190	1857	1445	1030	461	0	0	0.000	0.000	0	0	0	0	0.000	0	0	0	0.000	0	0	0	0	0	0	0	0	0	0	0	0	0	0	0	0	0
145	145	1204	1894.267	1242.511	0.882	15	79	548	481	52	15	79	548	481	52	112.000	168.223	318	185	182	178	174	168	162	156	150	144	129	105.000	538.927	767	708	681	650	613	576	527	463	388	305	224	0	0	0.000	0.000	0	0	0	0	0.000	0	0	0	0.000	0	0	0	0	0	0	0	0	0	0	0	0	0	0	0	0	0
146	146	1691	1167.113	1269.715	0.869	96	265	1174	122	12	96	265	1174	122	12	114.379	198.247	238	223	216	210	205	201	195	189	181	170	143	107.292	1913.884	2826	2620	2449	2244	2066	1920	1788	1605	1394	1197	742	0	0	0.000	0.000	0	0	0	0	0.000	0	0	0	0.000	0	0	0	0	0	0	0	0	0	0	0	0	0	0	0	0	0
147	147	2583	1250.883	1282.861	0.788	10	109	988	1276	135	10	109	988	1276	135	114.286	262.198	541	308	291	281	271	262	254	239	223	194	156	107.314	2916.087	4384	3908	3683	3494	3307	3099	2837	2562	2172	1578	680	0	0	0.000	0.000	0	0	0	0	0.000	0	0	0	0.000	0	0	0	0	0	0	0	0	0	0	0	0	0	0	0	0	0
148	148	1910	1920.847	1289.922	0.887	1166	587	58	26	22	1166	587	58	26	22	111.866	200.523	445	237	216	208	199	191	184	176	169	161	139	104.898	587.027	1026	910	808	715	636	573	503	445	365	295	234	1	45	1924.397	1279.703	0	0	0	391	391.578	0	0	322	336.067	0	0	0	0	0	0	0	0	0	0	0	0	0	0	0	0	0
149	149	1696	319.854	1284.229	0.866	72	617	762	184	19	72	617	762	184	19	109.116	118.403	138	125	121	119	118	117	116	116	115	114	110	105.000	1250.626	1836	1715	1614	1529	1446	1347	1222	1062	842	595	399	1	167	322.320	1282.723	0	0	0	127	128.204	0	0	1292	1285.311	0	0	0	0	0	0	0	0	0	0	0	0	0	0	0	0	0
150	150	862	1838.392	1282.334	0.892	32	222	350	217	28	32	222	350	217	28	111.977	131.920	149	142	139	136	133	131	129	127	125	124	120	105.174	443.872	622	573	542	509	477	451	421	381	342	306	270	0	0	0.000	0.000	0	0	0	0	0.000	0	0	0	0.000	0	0	0	0	0	0	0	0	0	0	0	0	0	0	0	0	0
151	151	1139	1786.072	1282.686	0.915	73	267	617	136	15	73	267	617	136	15	112.169	144.737	204	173	155	148	144	140	138	135	131	126	121	104.658	130.220	158	143	136	134	131	129	128	126	124	120	109	0	0	0.000	0.000	0	0	0	0	0.000	0	0	0	0.000	0	0	0	0	0	0	0	0	0	0	0	0	0	0	0	0	0
152	152	1575	261.853	1302.836	0.906	102	974	407	51	6	102	974	407	51	6	108.560	131.530	186	154	138	132	130	127	125	123	121	119	113	104.483	1584.204	2878	2404	2128	1839	1633	1498	1398	1300	1134	869	449	0	0	0.000	0.000	0	0	0	0	0.000	0	0	0	0.000	0	0	0	0	0	0	0	0	0	0	0	0	0	0	0	0	0
153	153	1985	1024.325	1311.005	0.891	1797	117	28	21	13	1797	117	28	21	13	113.000	484.072	8397	597	307	265	247	236	223	212	201	177	136	104.843	122.462	138	130	128	126	125	123	122	119	117	114	108	1	115	1030.741	1302.367	0	0	0	3321	3732.922	0	0	130	130.191	0	0	0	0	0	0	0	0	0	0	0	0	0	0	0	0	0
154	154	2466	1121.622	1336.962	0.840	519	1789	84	15	9	519	1789	84	15	9	115.906	133.621	149	143	140	138	135	134	132	130	128	125	120	107.715	857.594	1515	1218	1083	1005	928	833	751	677	612	539	405	0	0	0.000	0.000	0	0	0	0	0.000	0	0	0	0.000	0	0	0	0	0	0	0	0	0	0	0	0	0	0	0	0	0
155	155	378	298.291	1317.180	0.927	26	72	111	124	37	26	72	111	124	37	109.000	114.405	118	116	116	115	115	114	114	114	113	113	110	104.923	546.963	810	770	715	654	597	543	495	446	397	335	244	0	0	0.000	0.000	0	0	0	0	0.000	0	0	0	0.000	0	0	0	0	0	0	0	0	0	0	0	0	0	0	0	0	0
156	156	2357	1629.735	1331.658	0.859	120	995	1051	134	18	120	995	1051	134	18	112.692	144.521	192	176	165	153	142	136	133	131	129	126	120	104.859	773.715	1180	984	927	887	842	793	741	691	617	544	281	0	0	0.000	0.000	0	0	0	0	0.000	0	0	0	0.000	0	0	0	0	0	0	0	0	0	0	0	0	0	0	0	0	0
157	157	2294	1826.001	1334.802	0.900	96	1044	984	92	20	96	1044	984	92	20	113.000	225.905	1182	238	230	224	216	210	206	199	191	175	144	105.180	946.057	1334	1203	1143	1096	1043	969	893	832	753	647	317	1	68	1817.261	1321.837	0	0	0	685	688.676	0	0	1155	1142.515	0	0	0	0	0	0	0	0	0	0	0	0	0	0	0	0	0
158	158	2937	1223.539	1348.391	0.833	895	1956	19	11	6	895	1956	19	11	6	116.414	566.782	6587	719	325	310	299	290	277	263	249	228	184	108.874	3313.635	4552	4215	4040	3858	3675	3470	3199	2926	2572	2166	999	1	248	1221.995	1338.730	0	0	0	3207	3396.798	0	0	4272	4199.431	0	0	0	0	0	0	0	0	0	0	0	0	0	0	0	0	0
159	159	332	1781.906	1350.927	0.790	21	93	124	72	17	21	93	124	72	17	112.991	159.825	171	168	165	164	161	160	158	157	155	152	145	104.217	680.066	801	773	754	736	710	689	669	642	605	570	501	0	0	0.000	0.000	0	0	0	0	0.000	0	0	0	0.000	0	0	0	0	0	0	0	0	0	0	0	0	0	0	0	0	0
160	160	2688	1586.437	1378.680	0.861	107	1113	1140	261	25	107	1113	1140	261	25	113.823	450.999	3134	541	514	492	470	445	421	396	360	286	172	105.266	173.002	198	187	183	181	179	176	174	170	164	153	131	1	45	1561.399	1382.081	0	0	0	1816	1882.556	0	0	175	173.511	0	0	0	0	0	0	0	0	0	0	0	0	0	0	0	0	0
161	161	1633	581.856	1392.582	0.903	36	106	754	662	43	36	106	754	662	43	111.000	124.943	133	130	128	128	127	126	125	123	121	119	114	105.000	756.450	1067	970	909	856	803	751	703	662	616	545	367	0	0	0.000	0.000	0	0	0	0	0.000	0	0	0	0.000	0	0	0	0	0	0	0	0	0	0	0	0	0	0	0	0	0
162	162	1583	790.010	1398.542	0.877	24	131	827	525	36	24	131	827	525	36	111.867	152.274	241	201	163	152	146	142	139	137	134	130	120	103.483	133.234	182	161	141	135	131	129	127	124	122	119	109	0	0	0.000	0.000	0	0	0	0	0.000	0	0	0	0.000	0	0	0	0	0	0	0	0	0	0	0	0	0	0	0	0	0
163	163	1184	1176.422	1401.251	0.890	538	316	145	119	49	538	316	145	119	49	116.791	259.476	352	318	296	279	267	253	242	236	226	212	185	108.728	1950.497	3332	2915	2636	2361	2114	1952	1785	1612	1345	910	369	0	0	0.000	0.000	0	0	0	0	0.000	0	0	0	0.000	0	0	0	0	0	0	0	0	0	0	0	0	0	0	0	0	0
164	164	1795	1523.327	1402.580	0.831	124	733	826	78	9	124	733	826	78	9	113.836	317.347	2332	508	263	229	220	214	208	200	191	181	148	104.679	165.357	192	178	174	171	168	166	164	161	158	151	129	1	157	1507.770	1415.474	0	0	0	1148	1252.994	0	0	172	165.134	0	0	0	0	0	0	0	0	0	0	0	0	0	0	0	0	0
165	165	2265	1565.244	1439.497	0.902	112	730	995	349	31	112	730	995	349	31	114.000	2144.445	24283	6363	965	536	486	453	417	378	334	278	200	104.999	174.777	324	207	188	182	178	174	168	161	153	145	122	1	297	1557.317	1432.181	0	0	0	11873	12512.310	0	0	211	212.350	0	0	0	0	0	0	0	0	0	0	0	0	0	0	0	0	0
166	166	1687	601.337	1447.246	0.855	41	489	838	237	37	41	489	838	237	37	111.000	139.392	568	151	129	127	126	125	124	123	122	120	116	105.293	702.219	1021	974	930	890	827	760	685	579	445	328	211	1	105	594.378	1439.322	0	0	0	300	321.476	0	0	981	910.143	0	0	0	0	0	0	0	0	0	0	0	0	0	0	0	0	0
167	167	1661	2003.685	1498.357	0.873	130	694	688	98	20	130	694	688	98	20	109.559	119.359	128	123	121	121	120	119	119	118	117	116	111	103.000	1455.966	2319	2055	1880	1718	1587	1460	1324	1188	1043	850	504	0	0	0.000	0.000	0	0	0	0	0.000	0	0	0	0.000	0	0	0	0	0	0	0	0	0	0	0	0	0	0	0	0	0
168	168	2268	1561.467	1505.216	0.857	362	1417	377	60	9	362	1417	377	60	9	113.985	1035.358	21826	1146	306	281	267	256	244	232	221	209	169	104.946	127.385	183	136	131	129	127	126	124	123	122	120	113	1	157	1543.858	1515.996	0	0	0	9350	10189.968	0	0	142	143.981	0	0	0	0	0	0	0	0	0	0	0	0	0	0	0	0	0
169	169	1794	1621.109	1510.954	0.850	47	158	750	772	42	47	158	750	772	42	113.546	165.313	198	186	182	177	171	165	159	154	150	145	131	105.849	1448.829	2521	2091	1949	1803	1660	1496	1324	1115	896	717	420	0	0	0.000	0.000	0	0	0	0	0.000	0	0	0	0.000	0	0	0	0	0	0	0	0	0	0	0	0	0	0	0	0	0
170	170	1931	1677.365	1517.142	0.890	209	1394	271	16	8	209	1394	271	16	8	113.000	222.337	323	284	259	241	225	213	203	195	187	178	161	106.000	1243.189	2407	2011	1736	1487	1286	1148	1035	908	782	654	445	0	0	0.000	0.000	0	0	0	0	0.000	0	0	0	0.000	0	0	0	0	0	0	0	0	0	0	0	0	0	0	0	0	0
171	171	1882	1729.330	1521.930	0.822	19	221	1333	272	13	19	221	1333	272	13	112.435	199.813	278	245	232	217	203	193	185	179	172	165	141	105.241	843.299	1583	1262	1144	1051	927	810	706	612	547	464	306	0	0	0.000	0.000	0	0	0	0	0.000	0	0	0	0.000	0	0	0	0	0	0	0	0	0	0	0	0	0	0	0	0	0
172	172	2222	1152.342	1535.416	0.902	36	502	1070	503	69	36	502	1070	503	69	114.000	197.291	475	227	216	209	201	193	184	175	165	151	130	106.283	1239.872	2063	1755	1595	1481	1398	1299	1164	1017	837	652	286	1	45	1158.229	1529.885	0	0	0	397	402.089	0	0	1101	1079.178	0	0	0	0	0	0	0	0	0	0	0	0	0	0	0	0	0
173	173	1604	1401.881	1544.005	0.906	52	766	631	110	20	52	766	631	110	20	113.000	136.597	188	161	147	138	134	131	129	127	125	124	118	103.830	128.269	166	143	136	131	128	126	124	122	121	118	111	0	0	0.000	0.000	0	0	0	0	0.000	0	0	0	0.000	0	0	0	0	0	0	0	0	0	0	0	0	0	0	0	0	0
174	174	1396	537.600	1552.989	0.912	326	337	465	213	29	326	337	465	213	29	111.859	209.055	257	245	236	231	222	212	202	193	180	168	147	109.996	6374.361	9035	8338	7855	7483	7084	6763	6203	5562	4864	3942	2038	0	0	0.000	0.000	0	0	0	0	0.000	0	0	0	0.000	0	0	0	0	0	0	0	0	0	0	0	0	0	0	0	0	0
175	175	1345	1575.567	1549.465	0.872	15	80	462	698	61	15	80	462	698	61	113.068	174.257	214	201	196	191	183	176	167	160	153	146	128	104.848	1788.796	2703	2512	2361	2228	2046	1850	1648	1454	1240	950	395	0	0	0.000	0.000	0	0	0	0	0.000	0	0	0	0.000	0	0	0	0	0	0	0	0	0	0	0	0	0	0	0	0	0
176	176	1357	1450.184	1553.261	0.908	76	569	557	120	7	76	569	557	120	7	112.481	144.665	358	189	146	134	132	130	128	126	125	123	120	104.000	434.700	806	641	550	506	469	425	390	348	285	246	209	1	140	1451.253	1542.119	0	0	0	236	247.336	0	0	631	622.221	0	0	0	0	0	0	0	0	0	0	0	0	0	0	0	0	0
177	177	1528	1737.309	1576.895	0.896	25	100	695	636	47	25	100	695	636	47	112.036	226.338	284	268	259	249	237	227	220	209	197	179	149	103.943	1138.181	1605	1498	1433	1340	1246	1152	1074	995	871	720	457	0	0	0.000	0.000	0	0	0	0	0.000	0	0	0	0.000	0	0	0	0	0	0	0	0	0	0	0	0	0	0	0	0	0
178	178	1469	1092.676	1582.756	0.883	56	92	845	440	13	56	92	845	440	13	113.744	612.106	782	755	732	707	675	641	598	547	489	424	287	106.000	2077.471	2649	2530	2470	2412	2305	2189	2050	1873	1675	1434	781	0	0	0.000	0.000	0	0	0	0	0.000	0	0	0	0.000	0	0	0	0	0	0	0	0	0	0	0	0	0	0	0	0	0
179	179	243	312.414	1576.403	0.928	18	70	69	59	13	18	70	69	59	13	109.494	118.469	123	122	121	120	119	118	118	117	117	116	112	106.053	424.366	684	626	570	516	476	428	378	325	275	233	187	0	0	0.000	0.000	0	0	0	0	0.000	0	0	0	0.000	0	0	0	0	0	0	0	0	0	0	0	0	0	0	0	0	0
180	180	1438	400.752	1598.005	0.881	27	342	812	223	16	27	342	812	223	16	110.000	150.656	176	169	166	162	157	149	144	140	136	133	126	108.311	1428.602	2504	2293	2106	1899	1627	1373	1154	985	772	598	475	0	0	0.000	0.000	0	0	0	0	0.000	0	0	0	0.000	0	0	0	0	0	0	0	0	0	0	0	0	0	0	0	0	0
181	181	1810	523.726	1600.578	0.896	310	851	552	57	8	310	851	552	57	8	111.000	273.361	486	388	344	313	284	258	236	218	200	184	142	109.584	4172.938	8106	6828	5881	5234	4666	4092	3567	3003	2317	1692	1044	0	0	0.000	0.000	0	0	0	0	0.000	0	0	0	0.000	0	0	0	0	0	0	0	0	0	0	0	0	0	0	0	0	0
182	182	957	1426.986	1598.640	0.852	121	538	251	19	9	121	538	251	19	9	112.883	127.411	135	132	131	130	129	128	127	126	124	121	115	104.000	687.596	932	874	848	821	782	734	680	612	523	415	221	0	0	0.000	0.000	0	0	0	0	0.000	0	0	0	0.000	0	0	0	0	0	0	0	0	0	0	0	0	0	0	0	0	0
183	183	1677	320.900	1612.127	0.879	199	341	378	634	96	199	341	378	634	96	110.000	139.422	172	148	145	143	142	140	139	136	132	128	118	107.000	1300.242	1734	1622	1551	1473	1379	1305	1226	1152	1077	996	519	0	0	0.000	0.000	0	0	0	0	0.000	0	0	0	0.000	0	0	0	0	0	0	0	0	0	0	0	0	0	0	0	0	0
184	184	1162	1292.134	1622.360	0.909	55	86	573	336	85	55	86	573	336	85	113.000	123.342	130	127	125	125	124	123	123	122	121	120	116	104.000	145.801	167	156	152	150	148	146	144	142	139	136	123	0	0	0.000	0.000	0	0	0	0	0.000	0	0	0	0.000	0	0	0	0	0	0	0	0	0	0	0	0	0	0	0	0	0
185	185	1662	1357.256	1627.001	0.904	45	682	842	46	10	45	682	842	46	10	112.998	126.557	143	132	130	129	128	127	125	124	123	121	117	104.371	148.683	178	168	163	159	154	150	144	139	134	129	113	0	0	0.000	0.000	0	0	0	0	0.000	0	0	0	0.000	0	0	0	0	0	0	0	0	0	0	0	0	0	0	0	0	0
186	186	1650	1062.300	1635.432	0.843	68	938	582	24	7	68	938	582	24	7	114.006	429.647	682	608	546	510	482	442	390	343	294	248	214	106.000	1298.796	2275	2054	1822	1646	1511	1356	1118	924	714	519	389	0	0	0.000	0.000	0	0	0	0	0.000	0	0	0	0.000	0	0	0	0	0	0	0	0	0	0	0	0	0	0	0	0	0
187	187	1513	430.603	1644.251	0.887	98	882	470	32	3	98	882	470	32	3	110.000	165.494	179	174	172	171	169	167	165	163	159	154	141	108.059	2031.313	2590	2385	2270	2200	2132	2047	1966	1868	1769	1661	1329	0	0	0.000	0.000	0	0	0	0	0.000	0	0	0	0.000	0	0	0	0	0	0	0	0	0	0	0	0	0	0	0	0	0
188	188	334	344.503	1641.586	0.919	18	70	142	77	21	18	70	142	77	21	110.000	135.305	146	143	141	139	138	136	134	132	130	128	123	107.000	947.952	1287	1190	1128	1095	1053	996	923	848	746	640	477	0	0	0.000	0.000	0	0	0	0	0.000	0	0	0	0.000	0	0	0	0	0	0	0	0	0	0	0	0	0	0	0	0	0
189	189	1623	1316.826	1664.069	0.886	17	325	692	509	48	17	325	692	509	48	112.815	253.333	2923	393	134	127	126	125	124	123	122	121	117	104.954	141.772	177	155	151	149	146	143	139	135	131	125	116	1	148	1329.596	1672.279	0	0	0	1237	1397.628	0	0	157	158.101	0	0	0	0	0	0	0	0	0	0	0	0	0	0	0	0	0
190	190	1877	1099.351	1666.952	0.905	33	567	1080	141	16	33	567	1080	141	16	114.992	207.064	294	245	231	222	215	208	200	191	181	165	148	106.000	1375.525	2278	1902	1742	1623	1510	1387	1264	1136	1015	776	561	0	0	0.000	0.000	0	0	0	0	0.000	0	0	0	0.000	0	0	0	0	0	0	0	0	0	0	0	0	0	0	0	0	0
191	191	1832	320.641	1669.579	0.900	48	172	913	584	84	48	172	913	584	84	109.934	790.051	11805	1999	374	167	156	151	147	143	137	132	123	106.960	1262.856	2031	1861	1689	1512	1401	1275	1139	997	849	663	431	1	192	308.764	1670.668	0	0	0	4790	5352.625	0	0	1884	1809.344	0	0	0	0	0	0	0	0	0	0	0	0	0	0	0	0	0
192	192	1235	1386.752	1663.151	0.897	72	148	575	378	38	72	148	575	378	38	112.730	121.751	128	125	124	123	122	122	121	120	120	119	114	105.335	154.648	177	170	166	164	160	156	152	148	143	137	126	0	0	0.000	0.000	0	0	0	0	0.000	0	0	0	0.000	0	0	0	0	0	0	0	0	0	0	0	0	0	0	0	0	0
193	193	1577	1702.094	1680.528	0.901	59	844	583	49	9	59	844	583	49	9	111.361	275.818	511	439	371	307	274	247	226	206	191	177	149	103.228	142.806	164	155	153	151	148	144	140	136	132	128	115	0	0	0.000	0.000	0	0	0	0	0.000	0	0	0	0.000	0	0	0	0	0	0	0	0	0	0	0	0	0	0	0	0	0
194	194	2028	1476.688	1690.655	0.764	243	1406	316	22	4	243	1406	316	22	4	112.978	128.552	147	135	133	132	130	129	127	125	123	121	115	104.789	576.686	999	921	830	697	562	501	463	433	393	339	226	0	0	0.000	0.000	0	0	0	0	0.000	0	0	0	0.000	0	0	0	0	0	0	0	0	0	0	0	0	0	0	0	0	0
195	195	1842	1163.679	1692.657	0.895	156	966	609	43	27	156	966	609	43	27	114.154	1277.865	24661	2461	285	225	213	205	194	181	166	153	140	104.807	128.138	169	136	134	132	130	128	126	124	121	118	110	1	160	1168.510	1708.387	0	0	0	9949	11178.631	0	0	143	142.494	0	0	0	0	0	0	0	0	0	0	0	0	0	0	0	0	0
196	196	1570	1361.998	1703.592	0.874	97	491	610	308	37	97	491	610	308	37	112.591	123.884	137	130	127	125	124	123	122	121	120	119	115	106.000	155.602	195	172	167	164	160	156	153	149	143	136	124	0	0	0.000	0.000	0	0	0	0	0.000	0	0	0	0.000	0	0	0	0	0	0	0	0	0	0	0	0	0	0	0	0	0
197	197	1680	1414.101	1702.907	0.883	32	113	838	637	20	32	113	838	637	20	113.000	129.522	146	137	134	132	130	129	128	126	125	123	119	105.800	606.533	895	809	729	661	630	600	569	533	493	437	276	0	0	0.000	0.000	0	0	0	0	0.000	0	0	0	0.000	0	0	0	0	0	0	0	0	0	0	0	0	0	0	0	0	0
198	198	2154	1055.765	1705.539	0.877	1267	618	96	99	24	1267	618	96	99	24	114.779	935.033	8986	3008	672	293	264	248	236	222	205	182	149	106.391	1551.467	2613	2253	2064	1900	1723	1593	1431	1235	1030	780	466	1	322	1045.119	1699.948	0	0	0	4099	4510.981	0	0	2268	2120.950	0	0	0	0	0	0	0	0	0	0	0	0	0	0	0	0	0
199	199	1689	1576.434	1702.711	0.908	65	97	783	675	32	65	97	783	675	32	111.331	132.139	144	139	137	135	134	132	131	129	127	125	120	104.507	3464.013	5484	4960	4592	4171	3843	3496	3088	2740	2397	1973	1148	0	0	0.000	0.000	0	0	0	0	0.000	0	0	0	0.000	0	0	0	0	0	0	0	0	0	0	0	0	0	0	0	0	0
200	200	1902	558.337	1712.123	0.851	14	295	1297	245	22	14	295	1297	245	22	110.015	134.978	150	144	140	138	136	134	133	131	130	127	121	104.331	205.013	297	259	242	227	213	200	190	178	168	159	141	0	0	0.000	0.000	0	0	0	0	0.000	0	0	0	0.000	0	0	0	0	0	0	0	0	0	0	0	0	0	0	0	0	0
201	201	656	1278.751	1702.030	0.915	19	171	246	154	57	19	171	246	154	57	113.000	122.623	131	127	125	124	123	122	122	121	120	119	115	104.764	145.742	168	159	155	152	150	148	145	142	138	129	111	0	0	0.000	0.000	0	0	0	0	0.000	0	0	0	0.000	0	0	0	0	0	0	0	0	0	0	0	0	0	0	0	0	0
202	202	2198	418.458	1717.052	0.859	60	354	1158	537	55	60	354	1158	537	55	110.000	677.142	9335	1515	222	154	148	143	139	136	131	126	120	107.149	2406.316	4042	3555	3310	3076	2806	2548	2251	1855	1437	953	576	1	250	425.824	1707.951	0	0	0	3933	4472.444	0	0	3678	3504.868	0	0	0	0	0	0	0	0	0	0	0	0	0	0	0	0	0
203	203	742	1125.409	1710.747	0.926	82	275	234	110	27	82	275	234	110	27	114.946	163.357	200	184	178	172	167	163	159	154	150	144	133	105.559	121.321	132	128	126	124	123	122	120	118	117	115	111	0	0	0.000	0.000	0	0	0	0	0.000	0	0	0	0.000	0	0	0	0	0	0	0	0	0	0	0	0	0	0	0	0	0
204	204	725	368.100	1709.180	0.890	103	217	217	114	58	103	217	217	114	58	110.000	136.240	146	142	141	139	138	137	135	134	132	129	122	107.000	1768.590	2660	2484	2211	1990	1832	1685	1572	1492	1397	1238	887	0	0	0.000	0.000	0	0	0	0	0.000	0	0	0	0.000	0	0	0	0	0	0	0	0	0	0	0	0	0	0	0	0	0
205	205	1639	1315.733	1721.299	0.891	23	167	1154	249	18	23	167	1154	249	18	112.793	122.342	128	125	124	124	123	122	122	121	120	119	116	105.271	158.963	192	179	174	171	165	160	154	149	143	137	122	0	0	0.000	0.000	0	0	0	0	0.000	0	0	0	0.000	0	0	0	0	0	0	0	0	0	0	0	0	0	0	0	0	0
206	206	372	327.711	1711.209	0.885	63	81	120	73	30	63	81	120	73	30	110.000	220.161	262	253	245	240	236	228	219	208	193	174	148	106.027	133.527	151	143	140	138	136	134	132	129	127	124	118	0	0	0.000	0.000	0	0	0	0	0.000	0	0	0	0.000	0	0	0	0	0	0	0	0	0	0	0	0	0	0	0	0	0
207	207	1636	1542.883	1743.788	0.891	21	96	1034	410	52	21	96	1034	410	52	112.997	132.147	147	140	138	136	134	132	130	128	126	125	120	105.113	3482.641	5769	5116	4664	4333	3991	3691	3313	2818	2159	1486	862	0	0	0.000	0.000	0	0	0	0	0.000	0	0	0	0.000	0	0	0	0	0	0	0	0	0	0	0	0	0	0	0	0	0
208	208	1757	859.202	1751.326	0.857	54	476	902	265	22	54	476	902	265	22	112.744	161.628	183	175	171	167	164	161	159	156	153	148	138	104.188	637.689	985	838	783	733	681	642	603	557	509	415	274	0	0	0.000	0.000	0	0	0	0	0.000	0	0	0	0.000	0	0	0	0	0	0	0	0	0	0	0	0	0	0	0	0	0
209	209	2483	1010.829	1756.001	0.846	39	218	1159	909	101	39	218	1159	909	101	112.869	168.533	294	178	174	171	168	166	164	161	157	151	137	106.123	1936.943	2723	2534	2416	2279	2171	2050	1904	1709	1484	1138	635	1	13	1007.578	1738.208	0	0	0	282	280.462	0	0	2031	2077.538	0	0	0	0	0	0	0	0	0	0	0	0	0	0	0	0	0
210	210	2549	1093.328	1752.555	0.865	103	650	1568	161	15	103	650	1568	161	15	113.628	611.792	5600	1889	469	208	171	161	157	152	146	138	125	105.865	1513.641	2663	2425	2166	1848	1588	1397	1250	1131	969	798	374	1	405	1087.257	1744.008	0	0	0	2557	2783.669	0	0	2460	2422.017	0	0	0	0	0	0	0	0	0	0	0	0	0	0	0	0	0
211	211	1945	359.305	1750.456	0.858	43	52	485	1148	180	43	52	485	1148	180	109.940	146.803	787	166	133	128	125	124	122	121	120	119	114	106.390	2405.996	3621	3373	3137	2941	2782	2609	2320	1933	1592	1176	781	1	117	357.527	1739.751	0	0	0	396	420.274	0	0	2848	2860.103	0	0	0	0	0	0	0	0	0	0	0	0	0	0	0	0	0
212	212	1779	453.219	1762.774	0.868	37	69	305	1253	88	37	69	305	1253	88	109.885	141.458	160	151	147	145	143	142	140	138	135	131	123	106.365	1350.835	2306	1980	1792	1650	1500	1341	1197	1028	845	732	642	0	0	0.000	0.000	0	0	0	0	0.000	0	0	0	0.000	0	0	0	0	0	0	0	0	0	0	0	0	0	0	0	0	0
213	213	1942	516.249	1761.640	0.883	19	77	538	1172	92	19	77	538	1172	92	110.000	135.984	155	146	143	141	138	136	134	131	129	125	115	105.238	217.783	307	277	255	242	229	214	201	189	179	167	134	0	0	0.000	0.000	0	0	0	0	0.000	0	0	0	0.000	0	0	0	0	0	0	0	0	0	0	0	0	0	0	0	0	0
214	214	1734	1326.615	1770.586	0.892	29	257	895	469	43	29	257	895	469	43	113.489	133.993	156	142	140	138	136	133	132	130	128	125	120	105.702	1570.167	2323	2027	1910	1807	1711	1610	1516	1408	1240	1018	532	0	0	0.000	0.000	0	0	0	0	0.000	0	0	0	0.000	0	0	0	0	0	0	0	0	0	0	0	0	0	0	0	0	0
215	215	1311	560.868	1772.444	0.886	46	93	584	528	33	46	93	584	528	33	110.101	135.404	155	148	145	142	139	136	132	129	126	123	115	104.530	223.449	301	282	268	257	244	226	209	191	175	161	134	0	0	0.000	0.000	0	0	0	0	0.000	0	0	0	0.000	0	0	0	0	0	0	0	0	0	0	0	0	0	0	0	0	0
216	216	1940	1988.215	1791.694	0.877	53	239	814	705	80	53	239	814	705	80	109.944	199.671	250	232	224	219	213	205	195	183	171	159	141	103.735	4478.307	6699	6185	5765	5350	5007	4639	4262	3823	3174	2455	1415	0	0	0.000	0.000	0	0	0	0	0.000	0	0	0	0.000	0	0	0	0	0	0	0	0	0	0	0	0	0	0	0	0	0
217	217	1869	1497.254	1791.871	0.889	9	457	1255	104	7	9	457	1255	104	7	112.999	298.340	3428	433	176	171	168	163	157	150	143	136	129	105.900	143.502	175	157	153	150	147	144	141	137	133	129	115	1	145	1498.657	1775.112	0	0	0	1598	1721.448	0	0	158	157.372	0	0	0	0	0	0	0	0	0	0	0	0	0	0	0	0	0
218	218	717	321.745	1776.955	0.916	57	44	306	256	38	57	44	306	256	38	108.937	117.700	122	120	120	119	118	118	117	117	116	115	111	104.735	1550.650	2152	2052	1957	1852	1748	1613	1482	1313	1123	938	626	0	0	0.000	0.000	0	0	0	0	0.000	0	0	0	0.000	0	0	0	0	0	0	0	0	0	0	0	0	0	0	0	0	0
219	219	1586	1383.113	1805.694	0.858	294	889	332	32	9	294	889	332	32	9	114.000	481.051	4215	663	424	383	354	329	302	275	254	227	172	105.927	1361.846	2314	1952	1783	1595	1468	1364	1267	1120	954	761	390	1	107	1386.564	1814.077	0	0	0	2261	2316.150	0	0	1758	1722.850	0	0	0	0	0	0	0	0	0	0	0	0	0	0	0	0	0
220	220	1734	472.402	1808.421	0.909	19	205	935	479	68	19	205	935	479	68	110.000	146.769	164	155	154	152	150	148	146	143	139	135	128	106.000	1671.407	2474	2229	2059	1934	1786	1667	1563	1423	1256	1120	797	0	0	0.000	0.000	0	0	0	0	0.000	0	0	0	0.000	0	0	0	0	0	0	0	0	0	0	0	0	0	0	0	0	0
221	221	1490	864.533	1813.280	0.868	285	614	516	30	17	285	614	516	30	17	113.000	157.833	176	171	167	164	162	159	156	153	149	143	129	105.874	621.185	917	798	746	702	665	625	587	546	497	438	287	0	0	0.000	0.000	0	0	0	0	0.000	0	0	0	0.000	0	0	0	0	0	0	0	0	0	0	0	0	0	0	0	0	0
222	222	561	1572.225	1805.561	0.921	185	268	80	12	7	185	268	80	12	7	113.093	135.052	143	140	139	138	137	136	135	133	131	128	124	105.791	527.332	728	659	614	578	553	535	512	484	441	387	295	0	0	0.000	0.000	0	0	0	0	0.000	0	0	0	0.000	0	0	0	0	0	0	0	0	0	0	0	0	0	0	0	0	0
223	223	237	1347.995	1800.626	0.869	18	56	89	52	17	18	56	89	52	17	114.000	122.852	128	125	125	124	123	123	122	122	121	120	118	106.000	407.456	547	518	483	451	423	399	378	354	338	318	286	0	0	0.000	0.000	0	0	0	0	0.000	0	0	0	0.000	0	0	0	0	0	0	0	0	0	0	0	0	0	0	0	0	0
224	224	982	1434.528	1807.707	0.901	336	449	117	36	27	336	449	117	36	27	113.419	136.942	178	152	144	140	137	134	132	131	129	126	122	105.725	194.407	424	272	228	203	186	176	168	164	158	152	139	0	0	0.000	0.000	0	0	0	0	0.000	0	0	0	0.000	0	0	0	0	0	0	0	0	0	0	0	0	0	0	0	0	0
225	225	1655	911.771	1819.831	0.878	27	240	838	481	29	27	240	838	481	29	112.935	226.621	266	254	250	245	238	232	225	215	204	191	152	105.454	525.274	668	632	615	596	570	541	505	475	433	394	258	0	0	0.000	0.000	0	0	0	0	0.000	0	0	0	0.000	0	0	0	0	0	0	0	0	0	0	0	0	0	0	0	0	0
226	226	1293	307.250	1825.540	0.881	43	563	597	44	17	43	563	597	44	17	109.000	159.735	214	176	171	166	162	159	155	151	148	144	132	104.000	124.418	139	130	128	127	126	125	123	122	120	118	110	0	0	0.000	0.000	0	0	0	0	0.000	0	0	0	0.000	0	0	0	0	0	0	0	0	0	0	0	0	0	0	0	0	0
227	227	1568	1324.778	1827.940	0.909	15	130	811	505	69	15	130	811	505	69	114.000	158.524	468	197	159	152	149	144	139	135	133	130	123	106.292	1462.498	2465	2183	1966	1778	1640	1478	1301	1105	941	762	454	1	105	1327.305	1835.420	0	0	0	309	319.171	0	0	1963	1804.571	0	0	0	0	0	0	0	0	0	0	0	0	0	0	0	0	0
228	228	1683	1259.918	1829.504	0.878	341	1247	60	16	5	341	1247	60	16	5	113.197	147.276	174	162	157	154	151	147	144	140	137	133	126	106.407	854.537	1490	1269	1168	1062	966	872	773	648	506	399	291	0	0	0.000	0.000	0	0	0	0	0.000	0	0	0	0.000	0	0	0	0	0	0	0	0	0	0	0	0	0	0	0	0	0
229	229	1812	1956.599	1843.213	0.877	120	1242	400	8	5	120	1242	400	8	5	110.365	182.206	236	214	206	197	190	183	175	166	159	151	132	104.194	3742.282	6104	5315	4904	4542	4137	3797	3378	2934	2479	2145	1342	0	0	0.000	0.000	0	0	0	0	0.000	0	0	0	0.000	0	0	0	0	0	0	0	0	0	0	0	0	0	0	0	0	0
230	230	1462	1078.006	1839.208	0.881	86	159	766	359	68	86	159	766	359	68	111.987	161.852	201	183	177	171	166	161	158	153	146	140	128	107.000	2275.468	4574	3669	3139	2789	2458	2150	1901	1694	1432	1031	647	0	0	0.000	0.000	0	0	0	0	0.000	0	0	0	0.000	0	0	0	0	0	0	0	0	0	0	0	0	0	0	0	0	0
231	231	1446	1485.745	1842.377	0.872	38	134	520	643	70	38	134	520	643	70	113.951	163.563	190	179	175	172	169	166	162	157	151	144	131	105.819	147.926	169	159	155	153	151	148	146	144	140	136	124	0	0	0.000	0.000	0	0	0	0	0.000	0	0	0	0.000	0	0	0	0	0	0	0	0	0	0	0	0	0	0	0	0	0
232	232	1839	785.599	1845.347	0.919	23	336	1010	358	87	23	336	1010	358	87	111.780	192.585	245	218	212	207	202	196	190	180	170	159	148	104.914	514.935	783	675	640	597	562	525	485	442	388	333	254	0	0	0.000	0.000	0	0	0	0	0.000	0	0	0	0.000	0	0	0	0	0	0	0	0	0	0	0	0	0	0	0	0	0
233	233	658	448.178	1843.942	0.907	22	55	317	215	35	22	55	317	215	35	110.000	142.242	157	154	150	148	145	143	140	137	134	131	125	105.000	851.985	1204	1068	1022	968	919	851	792	742	685	624	468	0	0	0.000	0.000	0	0	0	0	0.000	0	0	0	0.000	0	0	0	0	0	0	0	0	0	0	0	0	0	0	0	0	0
234	234	441	1110.397	1843.539	0.888	18	105	209	83	20	18	105	209	83	20	112.000	142.161	158	152	148	146	143	141	140	138	136	134	130	107.000	1811.027	2680	2421	2265	2092	1957	1813	1626	1455	1371	1277	1070	0	0	0.000	0.000	0	0	0	0	0.000	0	0	0	0.000	0	0	0	0	0	0	0	0	0	0	0	0	0	0	0	0	0
235	235	1681	1427.597	1863.298	0.840	58	231	1109	245	12	58	231	1109	245	12	113.549	156.999	1139	141	135	133	131	129	127	125	124	122	116	105.000	146.839	172	162	159	156	151	147	144	138	134	131	123	1	103	1416.263	1857.084	0	0	0	526	568.845	0	0	158	155.631	0	0	0	0	0	0	0	0	0	0	0	0	0	0	0	0	0
236	236	1787	342.456	1864.328	0.897	89	858	665	119	16	89	858	665	119	16	108.988	162.657	224	181	177	174	172	167	161	153	143	134	126	103.999	125.025	138	132	130	129	127	125	124	122	120	118	110	0	0	0.000	0.000	0	0	0	0	0.000	0	0	0	0.000	0	0	0	0	0	0	0	0	0	0	0	0	0	0	0	0	0
237	237	2430	886.442	1876.516	0.857	216	1059	962	115	20	216	1059	962	115	20	112.830	183.540	225	212	205	198	193	186	178	170	162	152	134	105.307	348.166	505	464	436	405	375	349	324	298	267	229	166	0	0	0.000	0.000	0	0	0	0	0.000	0	0	0	0.000	0	0	0	0	0	0	0	0	0	0	0	0	0	0	0	0	0
238	238	1902	1303.999	1871.946	0.842	197	303	1113	239	10	197	303	1113	239	10	113.816	148.914	172	162	158	156	153	149	146	142	138	135	128	107.000	812.275	1474	1191	1083	975	899	815	708	623	534	429	334	0	0	0.000	0.000	0	0	0	0	0.000	0	0	0	0.000	0	0	0	0	0	0	0	0	0	0	0	0	0	0	0	0	0
239	239	1311	486.927	1873.989	0.886	44	369	639	221	14	44	369	639	221	14	109.905	152.458	171	164	161	159	157	154	151	148	143	137	127	105.000	995.066	1475	1319	1210	1122	1058	997	938	849	769	685	472	0	0	0.000	0.000	0	0	0	0	0.000	0	0	0	0.000	0	0	0	0	0	0	0	0	0	0	0	0	0	0	0	0	0
240	240	1451	1103.599	1890.110	0.885	38	311	657	369	42	38	311	657	369	42	111.323	163.708	195	188	181	174	169	162	158	153	148	142	131	106.438	3041.221	5297	4820	4480	4003	3537	3025	2608	2154	1677	1192	611	0	0	0.000	0.000	0	0	0	0	0.000	0	0	0	0.000	0	0	0	0	0	0	0	0	0	0	0	0	0	0	0	0	0
241	241	1324	1356.945	1886.918	0.928	28	196	657	375	33	28	196	657	375	33	113.033	150.443	172	165	159	156	154	151	149	145	141	136	127	106.405	936.013	1395	1271	1125	1054	1002	944	890	813	727	616	394	0	0	0.000	0.000	0	0	0	0	0.000	0	0	0	0.000	0	0	0	0	0	0	0	0	0	0	0	0	0	0	0	0	0
242	242	1630	997.789	1897.920	0.867	51	62	405	1007	71	51	62	405	1007	71	111.475	221.326	2806	283	139	130	128	127	125	124	122	121	116	106.000	1023.965	1719	1472	1362	1282	1168	1064	949	809	648	474	356	1	118	1000.625	1885.821	0	0	0	1082	1243.822	0	0	1600	1590.017	0	0	0	0	0	0	0	0	0	0	0	0	0	0	0	0	0
243	243	1679	261.120	1897.246	0.876	682	864	79	17	3	682	864	79	17	3	108.054	313.306	1863	591	361	294	240	206	184	168	156	146	128	103.811	123.805	146	134	132	129	126	123	121	119	116	114	108	1	171	256.218	1900.943	0	0	0	965	1029.608	0	0	132	131.696	0	0	0	0	0	0	0	0	0	0	0	0	0	0	0	0	0
244	244	1070	417.267	1904.027	0.888	41	109	558	317	27	41	109	558	317	27	109.000	122.495	144	131	128	126	123	121	119	118	117	116	112	104.662	1210.940	1989	1698	1563	1456	1341	1225	1103	984	879	693	389	0	0	0.000	0.000	0	0	0	0	0.000	0	0	0	0.000	0	0	0	0	0	0	0	0	0	0	0	0	0	0	0	0	0
245	245	1767	1279.982	1918.410	0.884	409	1054	200	51	26	409	1054	200	51	26	112.368	121.649	131	125	124	123	122	121	121	120	119	118	115	107.000	1966.784	2852	2708	2606	2498	2339	2151	1866	1528	1211	960	680	0	0	0.000	0.000	0	0	0	0	0.000	0	0	0	0.000	0	0	0	0	0	0	0	0	0	0	0	0	0	0	0	0	0
246	246	1966	304.814	1924.940	0.876	19	541	1260	86	21	19	541	1260	86	21	107.757	189.252	260	230	217	208	199	190	181	171	159	146	128	103.788	699.933	1202	1000	929	859	788	707	636	552	468	348	238	0	0	0.000	0.000	0	0	0	0	0.000	0	0	0	0.000	0	0	0	0	0	0	0	0	0	0	0	0	0	0	0	0	0
247	247	2057	949.223	1929.585	0.872	263	1563	174	7	8	263	1563	174	7	8	111.222	118.592	127	122	121	120	119	118	118	117	116	116	113	105.097	138.366	163	149	147	144	142	139	136	133	130	126	115	0	0	0.000	0.000	0	0	0	0	0.000	0	0	0	0.000	0	0	0	0	0	0	0	0	0	0	0	0	0	0	0	0	0
248	248	1439	687.960	1937.928	0.900	37	296	678	340	62	37	296	678	340	62	109.765	124.167	132	129	127	126	125	124	123	122	121	119	115	105.212	982.244	1463	1341	1229	1130	1055	969	887	811	728	665	559	0	0	0.000	0.000	0	0	0	0	0.000	0	0	0	0.000	0	0	0	0	0	0	0	0	0	0	0	0	0	0	0	0	0
249	249	1864	256.108	1945.238	0.892	657	1040	67	23	17	657	1040	67	23	17	107.580	206.431	266	244	232	224	216	207	198	189	180	169	143	102.803	898.898	1365	1242	1176	1112	1028	926	815	715	622	502	366	0	0	0.000	0.000	0	0	0	0	0.000	0	0	0	0.000	0	0	0	0	0	0	0	0	0	0	0	0	0	0	0	0	0
250	250	1786	457.077	1947.511	0.887	49	158	819	682	50	49	158	819	682	50	108.346	146.757	164	157	155	153	151	149	147	143	138	132	120	104.690	1732.822	2754	2340	2115	1967	1853	1764	1655	1530	1352	1106	471	0	0	0.000	0.000	0	0	0	0	0.000	0	0	0	0.000	0	0	0	0	0	0	0	0	0	0	0	0	0	0	0	0	0
251	251	1812	625.213	1953.444	0.850	6	52	835	841	40	6	52	835	841	40	109.823	154.862	177	166	163	160	158	156	153	151	148	141	128	105.044	1647.429	2324	2087	1987	1871	1754	1665	1571	1440	1322	1197	665	0	0	0.000	0.000	0	0	0	0	0.000	0	0	0	0.000	0	0	0	0	0	0	0	0	0	0	0	0	0	0	0	0	0
252	252	813	1384.819	1940.846	0.900	175	375	225	14	8	175	375	225	14	8	113.252	169.048	202	190	184	178	174	169	165	159	154	147	136	105.141	463.964	615	583	550	520	491	470	450	420	380	336	249	0	0	0.000	0.000	0	0	0	0	0.000	0	0	0	0.000	0	0	0	0	0	0	0	0	0	0	0	0	0	0	0	0	0
253	253	965	999.501	1943.430	0.903	287	286	185	91	100	287	286	185	91	100	110.552	124.597	134	129	128	127	126	125	123	122	121	120	116	105.679	855.082	1315	1187	1074	1002	935	869	784	701	637	530	355	0	0	0.000	0.000	0	0	0	0	0.000	0	0	0	0.000	0	0	0	0	0	0	0	0	0	0	0	0	0	0	0	0	0
254	254	1636	894.762	1953.049	0.834	41	536	854	164	5	41	536	854	164	5	111.000	120.192	132	126	124	122	121	119	119	118	117	116	112	104.000	131.201	149	140	138	136	133	131	129	127	125	121	112	0	0	0.000	0.000	0	0	0	0	0.000	0	0	0	0.000	0	0	0	0	0	0	0	0	0	0	0	0	0	0	0	0	0
255	255	1362	1245.337	1956.114	0.916	34	109	460	686	31	34	109	460	686	31	111.888	120.526	132	124	123	122	121	120	120	119	118	117	113	106.514	1846.407	2627	2432	2272	2149	2051	1933	1780	1587	1387	1187	648	0	0	0.000	0.000	0	0	0	0	0.000	0	0	0	0.000	0	0	0	0	0	0	0	0	0	0	0	0	0	0	0	0	0
256	256	2202	739.357	1968.280	0.897	76	246	681	1076	80	76	246	681	1076	80	109.831	125.051	134	130	128	127	126	125	124	123	122	120	113	106.000	902.591	1491	1265	1172	1095	1008	920	829	734	625	492	257	0	0	0.000	0.000	0	0	0	0	0.000	0	0	0	0.000	0	0	0	0	0	0	0	0	0	0	0	0	0	0	0	0	0
257	257	1046	847.442	1966.722	0.906	84	388	434	109	12	84	388	434	109	12	110.326	117.620	131	121	119	118	118	117	117	116	115	114	112	104.011	128.530	150	138	135	132	131	129	128	126	123	117	107	0	0	0.000	0.000	0	0	0	0	0.000	0	0	0	0.000	0	0	0	0	0	0	0	0	0	0	0	0	0	0	0	0	0
258	258	1941	1286.449	1976.709	0.895	81	442	1288	84	7	81	442	1288	84	7	111.531	121.507	135	126	124	123	122	121	120	119	119	118	114	106.361	2372.155	3812	3448	3115	2762	2558	2424	2214	1931	1618	1287	762	0	0	0.000	0.000	0	0	0	0	0.000	0	0	0	0.000	0	0	0	0	0	0	0	0	0	0	0	0	0	0	0	0	0
259	259	1868	1419.833	1972.624	0.859	144	214	881	541	44	144	214	881	541	44	117.675	230.062	294	272	260	247	234	228	221	214	203	191	169	105.309	584.559	855	767	715	689	655	611	555	500	439	362	275	0	0	0.000	0.000	0	0	0	0	0.000	0	0	0	0.000	0	0	0	0	0	0	0	0	0	0	0	0	0	0	0	0	0
260	260	1098	1848.134	1970.804	0.891	6	31	525	437	80	6	31	525	437	80	110.000	122.174	140	132	128	125	123	120	119	118	117	116	111	103.000	915.534	1543	1229	1164	1095	1036	963	885	779	629	510	403	0	0	0.000	0.000	0	0	0	0	0.000	0	0	0	0.000	0	0	0	0	0	0	0	0	0	0	0	0	0	0	0	0	0
261	261	2249	405.916	1975.558	0.893	13	167	790	1078	151	13	167	790	1078	151	107.429	151.880	170	164	162	160	159	157	152	147	140	132	123	103.241	1980.566	2935	2680	2586	2443	2287	2119	1900	1712	1417	943	584	0	0	0.000	0.000	0	0	0	0	0.000	0	0	0	0.000	0	0	0	0	0	0	0	0	0	0	0	0	0	0	0	0	0
262	262	1107	1947.927	1967.952	0.863	18	74	201	689	106	18	74	201	689	106	108.965	119.700	136	129	123	120	119	118	117	116	116	115	113	102.528	931.627	1559	1367	1220	1105	999	907	819	738	652	553	376	0	0	0.000	0.000	0	0	0	0	0.000	0	0	0	0.000	0	0	0	0	0	0	0	0	0	0	0	0	0	0	0	0	0
263	263	1336	973.469	1972.503	0.903	16	419	638	199	17	16	419	638	199	17	110.323	118.324	127	123	121	120	119	118	117	116	116	115	112	104.859	135.746	231	146	144	142	139	137	134	130	125	121	110	0	0	0.000	0.000	0	0	0	0	0.000	0	0	0	0.000	0	0	0	0	0	0	0	0	0	0	0	0	0	0	0	0	0
264	264	1826	1368.691	1982.091	0.896	493	851	362	71	18	493	851	362	71	18	112.376	202.678	557	251	211	203	197	190	183	175	168	156	133	105.080	495.525	761	661	615	568	536	497	461	422	375	328	210	1	64	1377.892	1978.170	0	0	0	436	437.109	0	0	592	586.203	0	0	0	0	0	0	0	0	0	0	0	0	0	0	0	0	0
265	265	1206	52.700	1984.372	0.927	32	142	636	351	27	32	142	636	351	27	103.985	136.013	158	148	145	142	139	137	134	131	126	122	114	103.644	894.138	1370	1191	1094	1013	948	890	844	784	698	595	412	0	0	0.000	0.000	0	0	0	0	0.000	0	0	0	0.000	0	0	0	0	0	0	0	0	0	0	0	0	0	0	0	0	0
266	266	1004	780.966	1988.776	0.881	30	552	283	98	23	30	552	283	98	23	110.231	128.384	138	134	132	131	130	129	127	126	124	123	120	106.263	1208.465	1857	1748	1621	1497	1358	1229	1089	938	800	662	439	0	0	0.000	0.000	0	0	0	0	0.000	0	0	0	0.000	0	0	0	0	0	0	0	0	0	0	0	0	0	0	0	0	0
267	267	2133	1172.949	1997.779	0.859	139	988	801	132	21	139	988	801	132	21	110.036	153.466	247	209	183	158	145	138	134	132	130	128	122	104.297	129.446	162	150	144	136	127	124	122	121	119	117	108	0	0	0.000	0.000	0	0	0	0	0.000	0	0	0	0.000	0	0	0	0	0	0	0	0	0	0	0	0	0	0	0	0	0
268	268	1380	1911.214	1990.360	0.903	64	212	761	312	11	64	212	761	312	11	108.778	116.628	124	120	118	118	117	116	116	115	115	114	111	102.542	926.612	1555	1277	1171	1087	1022	963	871	769	653	514	365	0	0	0.000	0.000	0	0	0	0	0.000	0	0	0	0.000	0	0	0	0	0	0	0	0	0	0	0	0	0	0	0	0	0
269	269	748	550.474	1997.702	0.842	69	336	290	34	8	69	336	290	34	8	107.924	178.718	535	237	197	178	165	158	152	146	141	135	126	103.936	134.854	171	156	144	140	136	133	130	127	124	121	113	0	0	0.000	0.000	0	0	0	0	0.000	0	0	0	0.000	0	0	0	0	0	0	0	0	0	0	0	0	0	0	0	0	0
270	270	1553	608.746	2004.398	0.882	29	829	551	102	7	29	829	551	102	7	108.156	154.200	176	167	164	161	159	156	153	149	144	137	127	104.458	1525.203	2311	2125	1969	1827	1673	1535	1426	1284	1112	856	592	0	0	0.000	0.000	0	0	0	0	0.000	0	0	0	0.000	0	0	0	0	0	0	0	0	0	0	0	0	0	0	0	0	0
271	271	1811	1866.028	2016.573	0.889	117	988	564	85	28	117	988	564	85	28	108.724	118.284	132	122	120	119	118	118	117	116	116	115	112	102.160	785.728	1305	1133	1023	927	857	804	760	674	542	390	252	0	0	0.000	0.000	0	0	0	0	0.000	0	0	0	0.000	0	0	0	0	0	0	0	0	0	0	0	0	0	0	0	0	0
272	272	1320	659.069	2021.451	0.895	47	173	649	402	28	47	173	649	402	28	108.348	125.490	401	127	123	121	120	119	118	117	116	115	109	105.000	151.233	175	165	162	160	157	155	152	148	142	129	109	1	49	644.275	2027.447	0	0	0	253	258.592	0	0	162	160.082	0	0	0	0	0	0	0	0	0	0	0	0	0	0	0	0	0
