 	cell	area	x	y	circ	BFI_lev_b1	BFI_lev_b2	BFI_lev_b3	BFI_lev_b4	BFI_lev_b5	BFO_lev_b1	BFO_lev_b2	BFO_lev_b3	BFO_lev_b4	BFO_lev_b5	RFP_int_bg	RFP_int_mean	RFP_int_b0	RFP_int_b1	RFP_int_b2	RFP_int_b3	RFP_int_b4	RFP_int_b5	RFP_int_b6	RFP_int_b7	RFP_int_b8	RFP_int_b9	RFP_int_b10	GFP_int_bg	GFP_int_mean	GFP_int_b0	GFP_int_b1	GFP_int_b2	GFP_int_b3	GFP_int_b4	GFP_int_b5	GFP_int_b6	GFP_int_b7	GFP_int_b8	GFP_int_b9	GFP_int_b10	inRFPnfoci	f1_inRFParea	f1_inRFPx	f1_inRFPy	f2_inRFParea	f2_inRFPx	f2_inRFPy	f1_inRFP_toRFPmed	f1_inRFP_toRFPmean	f2_inRFP_toRFPmed	f2_inRFP_toRFPmean	f1_inRFP_toGFPmed	f1_inRFP_toGFPmean	f2_inRFP_toGFPmed	f2_inRFP_toGFPmean	inGFPnfoci	f1_inGFParea	f1_inGFPx	f1_inGFPy	f2_inGFParea	f2_inGFPx	f2_inGFPy	f1_inGFP_toRFPmed	f1_inGFP_toRFPmean	f2_inGFP_toRFPmed	f2_inGFP_toRFPmean	f1_inGFP_toGFPmed	f1_inGFP_toGFPmean	f2_inGFP_toGFPmed	f2_inGFP_toGFPmean
1	1	1302	1963.753	26.485	0.872	166	737	294	55	23	166	737	294	55	23	104.000	152.842	171	165	163	161	157	152	150	147	144	139	127	100.608	623.051	870	815	768	714	670	637	597	549	489	411	251	0	0	0.000	0.000	0	0	0	0	0.000	0	0	0	0.000	0	0	0	0	0.000	0.000	0	0	0	0	0.000	0	0	0	0.000	0	0
2	2	1624	1823.014	42.781	0.782	264	797	482	41	7	264	797	482	41	7	106.627	126.030	153	135	133	130	128	126	123	121	119	116	112	104.166	701.137	1188	991	875	807	745	688	627	568	520	467	342	0	0	0.000	0.000	0	0	0	0	0.000	0	0	0	0.000	0	0	0	0	0.000	0.000	0	0	0	0	0.000	0	0	0	0.000	0	0
3	3	1878	2009.161	51.918	0.851	60	156	752	786	79	60	156	752	786	79	103.674	132.542	162	146	142	138	134	132	129	126	123	120	111	101.587	431.608	812	621	543	492	452	418	385	355	317	269	197	0	0	0.000	0.000	0	0	0	0	0.000	0	0	0	0.000	0	0	0	0	0.000	0.000	0	0	0	0	0.000	0	0	0	0.000	0	0
4	4	1829	608.435	68.075	0.898	421	1050	224	64	53	421	1050	224	64	53	108.000	155.605	693	244	146	128	123	120	118	117	116	114	112	102.619	132.367	287	145	133	130	128	126	124	122	120	117	109	1	203	614.417	73.750	0	0	0	367	388.714	0	0	182	191.049	0	0	1	108	614.265	74.039	0	0	0	479	486.083	0	0	218	221.370	0	0
5	5	567	1467.882	76.610	0.943	29	53	127	270	75	29	53	127	270	75	107.476	113.252	118	115	115	114	114	113	113	112	112	111	108	104.192	841.841	1320	1210	1114	1023	938	850	745	653	577	486	345	0	0	0.000	0.000	0	0	0	0	0.000	0	0	0	0.000	0	0	0	0	0.000	0.000	0	0	0	0	0.000	0	0	0	0.000	0	0
6	6	1758	1412.016	88.616	0.885	221	1267	201	31	9	221	1267	201	31	9	108.319	116.997	123	120	119	118	118	117	116	116	115	114	110	105.187	1102.812	1898	1751	1572	1373	1233	1095	963	818	659	476	313	0	0	0.000	0.000	0	0	0	0	0.000	0	0	0	0.000	0	0	0	0	0.000	0.000	0	0	0	0	0.000	0	0	0	0.000	0	0
7	7	1170	567.641	92.461	0.916	344	288	285	140	95	344	288	285	140	95	107.384	118.729	130	124	122	120	119	118	117	117	116	115	111	103.000	130.088	148	138	136	134	133	131	130	128	124	119	111	0	0	0.000	0.000	0	0	0	0	0.000	0	0	0	0.000	0	0	0	0	0.000	0.000	0	0	0	0	0.000	0	0	0	0.000	0	0
8	8	2245	1809.439	104.290	0.906	422	1092	656	23	9	422	1092	656	23	9	108.191	259.672	1135	439	269	239	223	210	197	182	168	153	125	106.456	1306.310	2401	1952	1741	1565	1439	1333	1225	1064	845	638	266	1	187	1823.560	110.544	0	0	0	697	730.909	0	0	1809	1778.882	0	0	0	0	0.000	0.000	0	0	0	0	0.000	0	0	0	0.000	0	0
9	9	1606	2025.138	100.745	0.890	41	443	900	165	17	41	443	900	165	17	102.732	161.171	793	186	150	146	142	139	136	133	129	125	115	102.976	335.902	559	434	403	378	354	333	311	291	268	245	179	1	98	2019.169	99.754	0	0	0	432	449.592	0	0	398	401.306	0	0	0	0	0.000	0.000	0	0	0	0	0.000	0	0	0	0.000	0	0
10	10	2076	1455.309	126.076	0.849	90	116	319	1259	251	90	116	319	1259	251	108.715	117.847	126	122	120	119	118	118	117	116	116	114	110	105.759	1224.920	1916	1723	1611	1489	1352	1214	1079	962	852	752	471	0	0	0.000	0.000	0	0	0	0	0.000	0	0	0	0.000	0	0	0	0	0.000	0.000	0	0	0	0	0.000	0	0	0	0.000	0	0
11	11	2098	712.738	124.591	0.867	627	1209	155	38	21	627	1209	155	38	21	109.000	135.073	179	161	149	141	135	130	126	124	122	119	114	103.491	129.278	169	149	140	134	130	126	123	121	119	116	106	0	0	0.000	0.000	0	0	0	0	0.000	0	0	0	0.000	0	0	0	0	0.000	0.000	0	0	0	0	0.000	0	0	0	0.000	0	0
12	12	1262	1388.657	135.101	0.917	91	232	408	475	28	91	232	408	475	28	109.000	118.608	126	123	122	121	119	118	117	117	116	114	112	106.223	1198.651	1784	1588	1513	1423	1322	1202	1085	988	896	806	407	0	0	0.000	0.000	0	0	0	0	0.000	0	0	0	0.000	0	0	0	0	0.000	0.000	0	0	0	0	0.000	0	0	0	0.000	0	0
13	13	2160	1976.696	143.389	0.871	43	289	1264	479	40	43	289	1264	479	40	106.305	116.211	128	123	120	118	116	115	114	113	112	112	108	104.576	259.954	384	325	309	293	276	258	244	227	209	195	156	0	0	0.000	0.000	0	0	0	0	0.000	0	0	0	0.000	0	0	0	0	0.000	0.000	0	0	0	0	0.000	0	0	0	0.000	0	0
14	14	1364	1928.010	152.143	0.925	443	807	55	16	16	443	807	55	16	16	107.784	114.196	120	117	116	115	115	114	114	113	113	112	108	105.955	201.014	268	236	224	217	210	202	194	184	174	166	142	0	0	0.000	0.000	0	0	0	0	0.000	0	0	0	0.000	0	0	0	0	0.000	0.000	0	0	0	0	0.000	0	0	0	0.000	0	0
15	15	870	1621.040	159.001	0.896	3	38	310	459	43	3	38	310	459	43	109.000	207.920	254	247	237	231	226	217	205	187	175	157	133	106.000	2275.322	3083	2931	2856	2775	2678	2520	2270	1962	1657	1213	549	0	0	0.000	0.000	0	0	0	0	0.000	0	0	0	0.000	0	0	0	0	0.000	0.000	0	0	0	0	0.000	0	0	0	0.000	0	0
16	16	1901	1478.518	170.499	0.895	600	928	188	132	31	600	928	188	132	31	108.791	156.929	518	180	154	150	147	144	141	138	134	130	122	105.330	448.724	1351	614	564	520	487	443	400	352	302	246	186	1	102	1472.262	160.163	0	0	0	338	345.127	0	0	848	878.245	0	0	1	12	1472.042	160.031	0	0	0	469	457.917	0	0	1217	1196.250	0	0
17	17	967	1575.002	168.938	0.913	59	50	114	586	136	59	50	114	586	136	109.000	157.538	183	173	169	164	160	157	155	152	147	142	129	105.758	763.906	1084	1001	919	871	815	767	722	668	611	527	348	0	0	0.000	0.000	0	0	0	0	0.000	0	0	0	0.000	0	0	0	0	0.000	0.000	0	0	0	0	0.000	0	0	0	0.000	0	0
18	18	2335	91.720	180.627	0.876	262	1228	665	107	20	262	1228	665	107	20	106.530	181.598	240	220	208	198	190	182	173	163	154	145	127	102.000	129.427	157	139	137	135	133	131	128	126	123	116	106	0	0	0.000	0.000	0	0	0	0	0.000	0	0	0	0.000	0	0	0	0	0.000	0.000	0	0	0	0	0.000	0	0	0	0.000	0	0
19	19	2099	153.394	180.502	0.818	344	1381	299	20	7	344	1381	299	20	7	107.000	205.712	251	232	225	219	213	208	205	201	193	168	142	102.782	132.418	145	138	137	136	135	134	132	131	129	124	114	0	0	0.000	0.000	0	0	0	0	0.000	0	0	0	0.000	0	0	0	0	0.000	0.000	0	0	0	0	0.000	0	0	0	0.000	0	0
20	20	2911	1656.944	200.373	0.845	20	328	1719	752	34	20	328	1719	752	34	109.048	227.059	305	282	272	262	248	231	214	199	180	161	135	106.344	2534.300	4040	3710	3448	3177	2856	2571	2310	2036	1675	1187	563	0	0	0.000	0.000	0	0	0	0	0.000	0	0	0	0.000	0	0	0	0	0.000	0.000	0	0	0	0	0.000	0	0	0	0.000	0	0
21	21	1389	1398.778	192.412	0.879	296	603	376	55	32	296	603	376	55	32	109.191	119.596	131	126	123	121	120	118	118	117	116	115	112	106.028	611.102	1006	895	787	718	668	608	540	472	414	364	291	0	0	0.000	0.000	0	0	0	0	0.000	0	0	0	0.000	0	0	0	0	0.000	0.000	0	0	0	0	0.000	0	0	0	0.000	0	0
22	22	1749	1569.388	216.621	0.889	23	147	717	740	93	23	147	717	740	93	109.338	185.764	1664	189	162	156	151	146	142	138	133	128	121	105.605	695.557	3584	978	867	764	698	626	559	491	427	356	261	1	88	1580.824	214.192	0	0	0	738	802.909	0	0	1853	1918.375	0	0	1	49	1580.400	214.928	0	0	0	994	1020.939	0	0	2389	2407.286	0	0
23	23	1727	2022.633	226.023	0.864	386	735	531	34	12	386	735	531	34	12	108.014	188.446	1023	203	197	192	184	176	168	160	150	136	123	104.935	145.701	193	160	156	153	150	146	142	139	135	130	120	1	59	2034.580	234.929	0	0	0	539	559.780	0	0	163	164.203	0	0	0	0	0.000	0.000	0	0	0	0	0.000	0	0	0	0.000	0	0
24	24	1739	128.168	229.130	0.895	94	994	564	43	9	94	994	564	43	9	106.991	149.905	171	163	159	156	153	151	149	146	143	135	117	102.099	125.212	139	133	131	129	127	126	124	122	120	117	107	0	0	0.000	0.000	0	0	0	0	0.000	0	0	0	0.000	0	0	0	0	0.000	0.000	0	0	0	0	0.000	0	0	0	0.000	0	0
25	25	1497	1423.789	237.956	0.872	37	127	751	524	35	37	127	751	524	35	109.039	118.527	126	122	121	120	119	118	118	117	116	115	111	104.403	691.647	1086	997	941	874	801	720	623	537	447	328	228	0	0	0.000	0.000	0	0	0	0	0.000	0	0	0	0.000	0	0	0	0	0.000	0.000	0	0	0	0	0.000	0	0	0	0.000	0	0
26	26	844	1382.165	232.156	0.915	44	86	324	347	23	44	86	324	347	23	109.124	117.460	123	121	120	119	118	117	117	116	115	114	113	104.626	651.610	907	828	787	758	722	680	635	577	500	420	298	0	0	0.000	0.000	0	0	0	0	0.000	0	0	0	0.000	0	0	0	0	0.000	0.000	0	0	0	0	0.000	0	0	0	0.000	0	0
27	27	2462	1685.348	257.424	0.862	86	975	1096	218	40	86	975	1096	218	40	109.022	218.644	299	274	254	243	234	223	209	196	180	160	138	106.131	2113.566	3530	3098	2838	2599	2407	2269	2007	1695	1330	899	479	0	0	0.000	0.000	0	0	0	0	0.000	0	0	0	0.000	0	0	0	0	0.000	0.000	0	0	0	0	0.000	0	0	0	0.000	0	0
28	28	323	116.666	264.194	0.943	39	83	87	87	20	39	83	87	87	20	106.000	116.560	125	122	120	118	117	116	115	114	114	112	109	102.000	108.833	117	113	111	111	110	109	108	107	106	104	102	0	0	0.000	0.000	0	0	0	0	0.000	0	0	0	0.000	0	0	0	0	0.000	0.000	0	0	0	0	0.000	0	0	0	0.000	0	0
29	29	1995	1611.380	322.202	0.849	95	258	1157	431	24	95	258	1157	431	24	109.572	164.306	201	189	181	175	170	165	159	153	148	141	125	106.257	1527.075	2429	2234	2048	1878	1708	1528	1365	1187	1011	858	434	0	0	0.000	0.000	0	0	0	0	0.000	0	0	0	0.000	0	0	0	0	0.000	0.000	0	0	0	0	0.000	0	0	0	0.000	0	0
30	30	1997	288.742	325.555	0.848	43	657	1017	241	10	43	657	1017	241	10	107.605	130.206	145	139	136	135	133	131	129	126	123	120	113	103.000	572.202	791	715	683	662	637	611	577	532	459	343	243	0	0	0.000	0.000	0	0	0	0	0.000	0	0	0	0.000	0	0	0	0	0.000	0.000	0	0	0	0	0.000	0	0	0	0.000	0	0
31	31	1959	1674.304	329.386	0.864	57	342	1100	378	43	57	342	1100	378	43	110.000	162.339	197	186	181	176	171	167	160	151	141	133	122	105.781	1677.844	2758	2449	2299	2126	1926	1715	1496	1308	1063	813	474	0	0	0.000	0.000	0	0	0	0	0.000	0	0	0	0.000	0	0	0	0	0.000	0.000	0	0	0	0	0.000	0	0	0	0.000	0	0
32	32	1365	1235.602	326.185	0.896	56	375	752	144	13	56	375	752	144	13	109.245	118.437	132	123	120	119	118	118	117	116	116	115	112	104.000	1292.116	2524	1794	1583	1463	1355	1272	1162	1062	976	851	383	0	0	0.000	0.000	0	0	0	0	0.000	0	0	0	0.000	0	0	0	0	0.000	0.000	0	0	0	0	0.000	0	0	0	0.000	0	0
33	33	1844	1183.685	334.167	0.884	19	137	928	663	53	19	137	928	663	53	109.839	158.760	196	180	174	170	165	161	155	149	141	134	124	103.854	131.405	158	144	140	138	134	131	129	126	122	119	105	0	0	0.000	0.000	0	0	0	0	0.000	0	0	0	0.000	0	0	0	0	0.000	0.000	0	0	0	0	0.000	0	0	0	0.000	0	0
34	34	1881	1636.074	373.284	0.898	59	583	1029	161	17	59	583	1029	161	17	109.381	176.484	216	204	197	189	183	178	173	166	156	146	128	105.507	2102.960	3230	2966	2736	2514	2328	2134	1937	1728	1512	1216	606	0	0	0.000	0.000	0	0	0	0	0.000	0	0	0	0.000	0	0	0	0	0.000	0.000	0	0	0	0	0.000	0	0	0	0.000	0	0
35	35	1633	323.695	370.093	0.881	168	919	468	39	6	168	919	468	39	6	108.000	259.229	1744	633	242	153	136	132	128	125	122	120	113	103.000	776.365	3788	1530	880	670	635	600	543	470	395	322	215	1	245	327.785	368.215	0	0	0	812	893.359	0	0	1845	2024.204	0	0	1	139	328.022	368.759	0	0	0	1148	1158.791	0	0	2469	2549.806	0	0
36	36	1756	1231.673	374.565	0.804	32	311	923	428	34	32	311	923	428	34	110.000	170.799	903	189	167	158	151	144	139	136	132	129	120	103.909	139.241	264	153	148	144	141	136	132	129	126	123	112	1	102	1217.370	360.291	0	0	0	479	499.431	0	0	176	182.804	0	0	1	36	1219.424	360.582	0	0	0	651	625.444	0	0	226	225.611	0	0
37	37	1336	451.989	383.740	0.884	45	270	817	178	7	45	270	817	178	7	108.024	140.043	162	151	148	146	143	141	139	136	132	127	116	101.986	423.700	657	578	530	488	451	413	386	352	318	285	211	0	0	0.000	0.000	0	0	0	0	0.000	0	0	0	0.000	0	0	0	0	0.000	0.000	0	0	0	0	0.000	0	0	0	0.000	0	0
38	38	1575	1183.437	386.721	0.906	45	300	961	235	9	45	300	961	235	9	110.000	172.488	206	195	189	185	182	177	171	163	153	143	128	103.371	140.825	162	151	148	146	145	143	141	138	134	127	109	0	0	0.000	0.000	0	0	0	0	0.000	0	0	0	0.000	0	0	0	0	0.000	0.000	0	0	0	0	0.000	0	0	0	0.000	0	0
39	39	1309	2026.172	389.020	0.906	141	888	231	13	4	141	888	231	13	4	107.073	114.115	121	117	116	115	114	114	113	113	112	112	109	104.054	725.960	1001	933	888	838	796	761	718	658	572	464	230	0	0	0.000	0.000	0	0	0	0	0.000	0	0	0	0.000	0	0	0	0	0.000	0.000	0	0	0	0	0.000	0	0	0	0.000	0	0
40	40	1124	1276.198	400.573	0.888	61	699	255	70	23	61	699	255	70	23	110.000	151.154	166	160	158	156	155	153	151	148	144	138	128	103.000	132.598	148	142	140	138	136	134	132	129	126	122	110	0	0	0.000	0.000	0	0	0	0	0.000	0	0	0	0.000	0	0	0	0	0.000	0.000	0	0	0	0	0.000	0	0	0	0.000	0	0
41	41	1734	433.709	429.594	0.882	32	127	981	515	46	32	127	981	515	46	107.946	138.750	160	152	146	143	140	138	136	133	131	128	120	102.843	391.140	671	578	529	483	441	387	338	290	249	209	172	0	0	0.000	0.000	0	0	0	0	0.000	0	0	0	0.000	0	0	0	0	0.000	0.000	0	0	0	0	0.000	0	0	0	0.000	0	0
42	42	2139	1862.355	450.274	0.897	236	1170	578	106	12	236	1170	578	106	12	109.657	294.165	388	356	346	336	327	313	292	266	233	198	166	103.941	1452.113	2136	1949	1848	1768	1686	1602	1485	1294	952	641	456	0	0	0.000	0.000	0	0	0	0	0.000	0	0	0	0.000	0	0	0	0	0.000	0.000	0	0	0	0	0.000	0	0	0	0.000	0	0
43	43	1779	1924.978	447.774	0.868	92	592	778	240	50	92	592	778	240	50	109.515	279.089	363	335	326	317	307	294	280	257	222	194	160	103.852	1351.693	2025	1815	1735	1668	1566	1454	1340	1192	923	643	408	0	0	0.000	0.000	0	0	0	0	0.000	0	0	0	0.000	0	0	0	0	0.000	0.000	0	0	0	0	0.000	0	0	0	0.000	0	0
44	44	1995	1887.381	503.420	0.868	146	955	728	122	15	146	955	728	122	15	110.000	117.771	128	122	120	118	118	117	117	116	116	115	111	104.006	732.664	1862	1047	896	831	763	699	636	561	493	424	240	0	0	0.000	0.000	0	0	0	0	0.000	0	0	0	0.000	0	0	0	0	0.000	0.000	0	0	0	0	0.000	0	0	0	0.000	0	0
45	45	1036	680.667	508.643	0.919	55	296	572	85	11	55	296	572	85	11	109.000	194.633	472	259	216	202	193	183	171	160	150	141	126	103.000	123.906	172	142	132	127	123	121	118	117	115	112	106	1	46	681.945	502.505	0	0	0	391	389.196	0	0	153	153.891	0	0	1	14	682.760	500.948	0	0	0	401	392.500	0	0	162	160.214	0	0
46	46	2457	1940.229	542.148	0.855	35	368	1488	488	39	35	368	1488	488	39	109.319	235.727	779	257	248	242	235	227	217	207	197	185	151	103.980	1771.627	2976	2244	2153	2090	2005	1876	1713	1543	1348	1115	685	1	56	1947.676	551.145	0	0	0	600	600.679	0	0	2348	2337.054	0	0	0	0	0.000	0.000	0	0	0	0	0.000	0	0	0	0.000	0	0
47	47	816	30.002	536.718	0.903	22	123	371	257	28	22	123	371	257	28	105.000	174.444	210	202	195	190	185	178	171	162	152	142	127	102.000	1089.574	1586	1428	1330	1267	1207	1123	1039	964	859	691	420	0	0	0.000	0.000	0	0	0	0	0.000	0	0	0	0.000	0	0	0	0	0.000	0.000	0	0	0	0	0.000	0	0	0	0.000	0	0
48	48	746	1036.954	538.593	0.891	98	238	248	112	32	98	238	248	112	32	110.000	184.319	277	223	207	198	191	184	171	162	156	151	137	103.000	134.012	173	150	145	141	138	133	127	125	123	120	112	0	0	0.000	0.000	0	0	0	0	0.000	0	0	0	0.000	0	0	0	0	0.000	0.000	0	0	0	0	0.000	0	0	0	0.000	0	0
49	49	1124	1237.501	547.739	0.763	106	712	249	23	9	106	712	249	23	9	110.886	266.455	393	347	328	309	288	271	250	223	199	184	162	104.869	1605.062	2566	2317	2217	2081	1918	1691	1419	1160	914	759	670	0	0	0.000	0.000	0	0	0	0	0.000	0	0	0	0.000	0	0	0	0	0.000	0.000	0	0	0	0	0.000	0	0	0	0.000	0	0
50	50	1217	1204.370	566.715	0.771	65	535	515	59	15	65	535	515	59	15	111.000	319.216	1784	389	370	346	327	312	297	282	262	240	197	104.827	1822.667	2632	2499	2361	2169	1995	1804	1615	1469	1342	1201	851	0	0	0.000	0.000	0	0	0	0	0.000	0	0	0	0.000	0	0	0	0	0.000	0.000	0	0	0	0	0.000	0	0	0	0.000	0	0
51	51	1351	1890.281	558.646	0.905	108	219	707	278	22	108	219	707	278	22	110.000	117.391	136	123	120	118	117	116	116	115	114	113	110	104.218	617.929	1224	808	751	697	662	624	582	542	488	398	231	0	0	0.000	0.000	0	0	0	0	0.000	0	0	0	0.000	0	0	0	0	0.000	0.000	0	0	0	0	0.000	0	0	0	0.000	0	0
52	52	1602	750.998	570.994	0.822	44	159	707	613	43	44	159	707	613	43	109.797	118.242	123	121	120	119	119	118	118	117	116	116	113	103.880	532.528	766	679	642	601	568	537	508	487	440	367	208	0	0	0.000	0.000	0	0	0	0	0.000	0	0	0	0.000	0	0	0	0	0.000	0.000	0	0	0	0	0.000	0	0	0	0.000	0	0
53	53	1373	1378.081	590.191	0.886	32	158	689	408	64	32	158	689	408	64	109.968	127.629	139	134	132	131	129	128	126	125	123	121	115	103.810	1098.905	1872	1658	1438	1284	1188	1090	985	880	734	597	446	0	0	0.000	0.000	0	0	0	0	0.000	0	0	0	0.000	0	0	0	0	0.000	0.000	0	0	0	0	0.000	0	0	0	0.000	0	0
54	54	1501	1909.221	596.515	0.878	1271	181	14	10	14	1271	181	14	10	14	110.000	232.528	1149	277	222	213	206	199	191	185	179	173	158	104.000	1389.773	2442	1824	1679	1589	1488	1383	1303	1217	1065	902	532	1	86	1909.786	582.705	0	0	0	655	678.721	0	0	2052	1936.686	0	0	0	0	0.000	0.000	0	0	0	0	0.000	0	0	0	0.000	0	0
55	55	341	259.515	591.479	0.891	29	77	121	89	21	29	77	121	89	21	108.000	117.894	125	121	120	119	118	118	117	117	116	115	112	103.106	217.569	289	258	250	244	235	226	213	196	180	164	144	0	0	0.000	0.000	0	0	0	0	0.000	0	0	0	0.000	0	0	0	0	0.000	0.000	0	0	0	0	0.000	0	0	0	0.000	0	0
56	56	1775	218.752	616.963	0.859	13	161	947	566	51	13	161	947	566	51	107.793	132.208	151	144	141	139	135	132	128	126	123	120	114	103.001	412.591	615	544	522	493	466	428	386	347	305	245	189	0	0	0.000	0.000	0	0	0	0	0.000	0	0	0	0.000	0	0	0	0	0.000	0.000	0	0	0	0	0.000	0	0	0	0.000	0	0
57	57	2984	1206.660	623.136	0.851	184	2216	453	58	19	184	2216	453	58	19	111.000	343.659	4547	323	296	279	266	256	245	233	208	175	139	105.355	1481.617	8510	2039	1804	1629	1489	1369	1241	1114	927	611	269	1	127	1225.716	620.700	0	0	0	1951	2206.181	0	0	4685	4904.283	0	0	1	78	1224.811	620.011	0	0	0	2621	2532.859	0	0	5968	5924.359	0	0
58	58	1141	266.954	621.151	0.903	43	669	286	82	43	43	669	286	82	43	108.000	139.969	195	164	152	145	140	136	133	130	125	123	117	103.849	403.385	644	576	525	475	432	395	365	324	283	247	169	0	0	0.000	0.000	0	0	0	0	0.000	0	0	0	0.000	0	0	0	0	0.000	0.000	0	0	0	0	0.000	0	0	0	0.000	0	0
59	59	478	746.606	611.822	0.923	28	63	133	183	62	28	63	133	183	62	110.000	115.910	121	118	117	117	116	116	115	115	115	114	112	104.000	249.017	364	334	308	289	268	248	228	207	193	171	134	0	0	0.000	0.000	0	0	0	0	0.000	0	0	0	0.000	0	0	0	0	0.000	0.000	0	0	0	0	0.000	0	0	0	0.000	0	0
60	60	1699	703.646	621.585	0.877	15	126	847	636	48	15	126	847	636	48	110.000	117.147	124	120	119	118	118	117	117	116	116	115	112	103.908	400.618	734	664	597	533	474	417	331	245	192	137	106	0	0	0.000	0.000	0	0	0	0	0.000	0	0	0	0.000	0	0	0	0	0.000	0.000	0	0	0	0	0.000	0	0	0	0.000	0	0
61	61	1221	1946.245	627.724	0.887	127	508	408	124	36	127	508	408	124	36	109.694	163.807	242	192	182	173	168	164	160	155	144	130	113	102.943	126.268	174	152	140	131	124	121	118	116	114	111	106	0	0	0.000	0.000	0	0	0	0	0.000	0	0	0	0.000	0	0	0	0	0.000	0.000	0	0	0	0	0.000	0	0	0	0.000	0	0
62	62	1281	1352.368	632.219	0.903	41	181	771	264	9	41	181	771	264	9	110.207	128.866	141	136	134	132	131	128	127	126	124	122	117	103.372	1181.429	1846	1575	1480	1392	1294	1192	1091	1002	893	739	424	0	0	0.000	0.000	0	0	0	0	0.000	0	0	0	0.000	0	0	0	0	0.000	0.000	0	0	0	0	0.000	0	0	0	0.000	0	0
63	63	1976	1868.341	638.414	0.889	60	241	1119	486	42	60	241	1119	486	42	110.000	199.235	437	261	218	203	195	187	179	170	161	153	135	103.737	127.433	167	138	133	131	129	127	126	123	120	115	106	0	0	0.000	0.000	0	0	0	0	0.000	0	0	0	0.000	0	0	0	0	0.000	0.000	0	0	0	0	0.000	0	0	0	0.000	0	0
64	64	1804	1126.241	649.203	0.889	111	1063	530	60	11	111	1063	530	60	11	111.181	120.324	131	126	123	122	120	120	119	118	117	116	112	105.120	342.177	488	427	402	380	363	346	331	314	293	241	186	0	0	0.000	0.000	0	0	0	0	0.000	0	0	0	0.000	0	0	0	0	0.000	0.000	0	0	0	0	0.000	0	0	0	0.000	0	0
65	65	2174	471.520	652.668	0.814	155	1567	382	22	13	155	1567	382	22	13	109.000	225.938	309	270	254	244	236	227	220	208	194	177	157	104.213	790.640	1296	1092	971	902	838	781	733	680	601	491	347	0	0	0.000	0.000	0	0	0	0	0.000	0	0	0	0.000	0	0	0	0	0.000	0.000	0	0	0	0	0.000	0	0	0	0.000	0	0
66	66	2029	598.153	672.496	0.883	647	1242	48	25	14	647	1242	48	25	14	110.236	302.177	427	397	368	341	322	302	284	265	243	205	160	104.000	141.221	161	152	150	148	146	143	140	137	133	126	115	0	0	0.000	0.000	0	0	0	0	0.000	0	0	0	0.000	0	0	0	0	0.000	0.000	0	0	0	0	0.000	0	0	0	0.000	0	0
67	67	1240	1066.752	678.453	0.866	195	853	143	16	5	195	853	143	16	5	111.165	258.833	428	344	300	280	266	252	238	221	207	193	180	104.000	426.015	881	635	557	503	445	392	351	315	287	262	218	0	0	0.000	0.000	0	0	0	0	0.000	0	0	0	0.000	0	0	0	0	0.000	0.000	0	0	0	0	0.000	0	0	0	0.000	0	0
68	68	2020	1593.676	686.788	0.862	27	247	913	756	38	27	247	913	756	38	110.948	134.243	157	143	140	137	135	134	132	131	129	125	117	104.000	822.077	1151	1076	1031	974	909	850	788	709	612	511	292	0	0	0.000	0.000	0	0	0	0	0.000	0	0	0	0.000	0	0	0	0	0.000	0.000	0	0	0	0	0.000	0	0	0	0.000	0	0
69	69	2916	1164.943	700.971	0.852	146	1429	1022	221	31	146	1429	1022	221	31	111.433	120.537	133	125	123	122	121	120	119	118	117	117	113	104.675	341.354	493	419	398	383	369	355	337	309	278	240	152	0	0	0.000	0.000	0	0	0	0	0.000	0	0	0	0.000	0	0	0	0	0.000	0.000	0	0	0	0	0.000	0	0	0	0.000	0	0
70	70	1843	505.791	700.620	0.902	39	573	1037	150	11	39	573	1037	150	11	109.670	237.607	314	294	281	268	253	240	227	214	192	173	155	104.142	844.104	1276	1152	1061	1000	936	878	808	717	603	484	346	0	0	0.000	0.000	0	0	0	0	0.000	0	0	0	0.000	0	0	0	0	0.000	0.000	0	0	0	0	0.000	0	0	0	0.000	0	0
71	71	2482	993.266	703.014	0.902	725	1459	201	34	19	725	1459	201	34	19	111.305	402.656	8594	323	262	242	224	205	189	176	165	160	133	103.439	118.606	176	123	121	120	119	118	117	116	114	111	104	1	117	1008.665	695.956	0	0	0	3417	3787.957	0	0	143	144.897	0	0	1	47	1007.987	695.695	0	0	0	5591	5371.340	0	0	159	158.532	0	0
72	72	743	560.778	709.139	0.912	326	135	138	105	32	326	135	138	105	32	110.258	139.646	174	157	151	143	139	137	135	133	131	128	122	104.000	127.117	139	134	132	130	129	128	126	125	122	119	112	0	0	0.000	0.000	0	0	0	0	0.000	0	0	0	0.000	0	0	0	0	0.000	0.000	0	0	0	0	0.000	0	0	0	0.000	0	0
73	73	2139	1545.307	722.560	0.877	65	623	1096	290	19	65	623	1096	290	19	110.572	134.767	148	142	140	138	136	135	134	132	130	127	121	104.000	916.881	1253	1159	1116	1080	1041	995	934	840	704	511	348	0	0	0.000	0.000	0	0	0	0	0.000	0	0	0	0.000	0	0	0	0	0.000	0.000	0	0	0	0	0.000	0	0	0	0.000	0	0
74	74	1645	418.730	721.574	0.908	658	873	59	14	10	658	873	59	14	10	108.971	166.302	294	197	186	177	170	165	158	151	143	133	121	103.224	121.998	142	132	128	125	123	121	119	117	116	113	107	0	0	0.000	0.000	0	0	0	0	0.000	0	0	0	0.000	0	0	0	0	0.000	0.000	0	0	0	0	0.000	0	0	0	0.000	0	0
75	75	2100	618.234	727.968	0.899	1060	397	290	238	90	1060	397	290	238	90	110.692	1063.000	11240	3094	837	389	309	288	266	243	220	197	141	103.729	141.960	239	167	150	145	141	138	135	130	126	122	109	1	279	627.558	722.436	0	0	0	4975	5454.749	0	0	179	182.910	0	0	1	55	628.093	722.182	0	0	0	9533	9484.127	0	0	217	217.709	0	0
76	76	413	1505.237	732.239	0.908	47	39	94	173	53	47	39	94	173	53	111.000	127.496	134	132	131	130	130	129	127	126	124	121	116	104.000	539.426	799	752	694	636	576	533	493	445	396	343	273	0	0	0.000	0.000	0	0	0	0	0.000	0	0	0	0.000	0	0	0	0	0.000	0.000	0	0	0	0	0.000	0	0	0	0.000	0	0
77	77	1509	569.556	748.784	0.899	349	927	190	20	10	349	927	190	20	10	110.548	152.623	304	185	167	152	145	141	139	137	134	131	125	103.624	127.142	140	133	131	130	129	127	126	125	123	120	113	0	0	0.000	0.000	0	0	0	0	0.000	0	0	0	0.000	0	0	0	0	0.000	0.000	0	0	0	0	0.000	0	0	0	0.000	0	0
78	78	374	508.610	760.791	0.870	86	191	67	11	8	86	191	67	11	8	110.000	128.997	155	141	136	132	129	127	125	123	122	121	118	103.000	831.425	1660	1237	942	817	776	753	725	703	678	644	558	0	0	0.000	0.000	0	0	0	0	0.000	0	0	0	0.000	0	0	0	0	0.000	0.000	0	0	0	0	0.000	0	0	0	0.000	0	0
79	79	1891	166.280	795.221	0.900	81	1726	37	18	16	81	1726	37	18	16	107.000	120.969	144	129	125	123	121	120	118	117	116	114	110	102.260	1031.592	1561	1396	1324	1247	1153	1068	985	886	732	566	382	0	0	0.000	0.000	0	0	0	0	0.000	0	0	0	0.000	0	0	0	0	0.000	0.000	0	0	0	0	0.000	0	0	0	0.000	0	0
80	80	516	117.669	823.164	0.892	37	111	229	119	11	37	111	229	119	11	105.967	114.773	121	118	117	116	116	115	114	113	112	111	110	102.000	753.998	1010	961	910	869	824	772	713	650	587	528	404	0	0	0.000	0.000	0	0	0	0	0.000	0	0	0	0.000	0	0	0	0	0.000	0.000	0	0	0	0	0.000	0	0	0	0.000	0	0
81	81	2030	153.308	853.246	0.871	44	273	944	655	71	44	273	944	655	71	106.829	120.367	136	128	125	122	121	119	118	117	116	115	111	102.965	1115.033	1842	1655	1527	1423	1300	1158	1005	837	676	503	337	0	0	0.000	0.000	0	0	0	0	0.000	0	0	0	0.000	0	0	0	0	0.000	0.000	0	0	0	0	0.000	0	0	0	0.000	0	0
82	82	1778	1609.928	851.995	0.874	663	1004	47	10	6	663	1004	47	10	6	111.000	127.889	146	137	134	131	128	127	125	124	122	121	116	103.000	122.462	139	128	126	125	124	123	122	120	118	116	109	0	0	0.000	0.000	0	0	0	0	0.000	0	0	0	0.000	0	0	0	0	0.000	0.000	0	0	0	0	0.000	0	0	0	0.000	0	0
83	83	971	1667.249	851.153	0.887	45	320	548	27	6	45	320	548	27	6	111.000	121.728	130	126	124	123	122	122	121	120	119	118	115	102.839	116.951	128	122	120	119	118	117	116	115	114	112	107	0	0	0.000	0.000	0	0	0	0	0.000	0	0	0	0.000	0	0	0	0	0.000	0.000	0	0	0	0	0.000	0	0	0	0.000	0	0
84	84	597	78.479	880.201	0.908	17	98	306	148	12	17	98	306	148	12	105.474	132.549	149	144	141	139	136	133	130	127	125	121	111	101.559	918.223	1391	1249	1160	1104	1048	957	858	751	637	539	326	0	0	0.000	0.000	0	0	0	0	0.000	0	0	0	0.000	0	0	0	0	0.000	0.000	0	0	0	0	0.000	0	0	0	0.000	0	0
85	85	1994	827.548	899.676	0.863	263	1340	342	10	4	263	1340	342	10	4	110.956	250.710	1528	266	246	239	230	222	211	200	187	173	143	103.503	1320.170	2833	1695	1623	1562	1479	1370	1249	1114	949	765	462	1	83	835.853	910.420	0	0	0	857	877.289	0	0	2211	2107.361	0	0	0	0	0.000	0.000	0	0	0	0	0.000	0	0	0	0.000	0	0
86	86	1775	101.468	920.490	0.875	27	281	1076	352	11	27	281	1076	352	11	106.000	144.508	171	161	157	153	149	144	141	136	132	127	117	102.064	1182.790	1965	1742	1584	1446	1329	1207	1093	989	760	556	388	0	0	0.000	0.000	0	0	0	0	0.000	0	0	0	0.000	0	0	0	0	0.000	0.000	0	0	0	0	0.000	0	0	0	0.000	0	0
87	87	1997	793.949	946.954	0.876	115	689	930	194	31	115	689	930	194	31	111.000	253.232	1208	321	250	236	228	218	209	198	186	171	148	104.000	1202.209	3130	1738	1480	1363	1278	1199	1111	1004	831	604	384	1	114	795.522	950.564	0	0	0	743	763.447	0	0	2231	2284.447	0	0	0	0	0.000	0.000	0	0	0	0	0.000	0	0	0	0.000	0	0
88	88	2048	376.755	958.600	0.894	125	898	879	76	16	125	898	879	76	16	109.652	120.280	138	130	124	121	119	118	118	117	116	115	112	103.556	462.938	773	681	611	550	501	456	408	362	311	268	205	1	518	375.367	967.896	0	0	0	128	127.896	0	0	398	408.909	0	0	0	0	0.000	0.000	0	0	0	0	0.000	0	0	0	0.000	0	0
89	89	1158	599.317	956.721	0.911	106	160	413	421	36	106	160	413	421	36	110.000	116.149	123	119	118	117	116	116	116	115	115	114	111	103.000	175.808	232	206	197	190	184	174	166	160	153	149	130	0	0	0.000	0.000	0	0	0	0	0.000	0	0	0	0.000	0	0	0	0	0.000	0.000	0	0	0	0	0.000	0	0	0	0.000	0	0
90	90	1690	1319.723	959.931	0.905	82	377	1113	68	10	82	377	1113	68	10	111.046	1480.163	15495	4964	916	406	359	341	310	270	236	209	164	103.106	332.546	1133	549	344	315	301	290	268	241	212	186	154	1	239	1317.482	957.505	0	0	0	7294	7884.619	0	0	653	679.029	0	0	1	120	1318.895	954.916	0	0	0	8206	8138.908	0	0	917	901.000	0	0
91	91	602	1443.205	960.164	0.876	147	312	116	9	5	147	312	116	9	5	112.000	231.814	354	315	287	266	246	225	207	189	175	163	143	102.884	158.872	213	188	180	174	167	159	151	144	136	128	116	0	0	0.000	0.000	0	0	0	0	0.000	0	0	0	0.000	0	0	0	0	0.000	0.000	0	0	0	0	0.000	0	0	0	0.000	0	0
92	92	1381	327.240	967.483	0.899	250	759	316	18	9	250	759	316	18	9	109.000	116.816	128	120	119	118	117	116	116	115	115	114	112	102.550	344.343	531	486	451	412	377	340	305	275	245	207	174	0	0	0.000	0.000	0	0	0	0	0.000	0	0	0	0.000	0	0	0	0	0.000	0.000	0	0	0	0	0.000	0	0	0	0.000	0	0
93	93	1679	430.115	973.359	0.873	65	327	1090	150	16	65	327	1090	150	16	110.000	117.309	126	121	120	119	118	117	116	116	115	114	112	103.972	531.119	833	741	694	652	602	535	483	423	365	296	211	0	0	0.000	0.000	0	0	0	0	0.000	0	0	0	0.000	0	0	0	0	0.000	0.000	0	0	0	0	0.000	0	0	0	0.000	0	0
94	94	1822	532.554	977.396	0.898	59	128	403	1107	88	59	128	403	1107	88	110.000	117.679	124	120	119	119	118	118	117	117	116	115	112	103.195	606.245	959	839	775	732	697	638	569	499	418	317	229	0	0	0.000	0.000	0	0	0	0	0.000	0	0	0	0.000	0	0	0	0	0.000	0.000	0	0	0	0	0.000	0	0	0	0.000	0	0
95	95	363	760.041	961.891	0.926	20	101	147	74	14	20	101	147	74	14	111.000	151.931	189	168	164	160	157	154	149	144	138	133	126	104.000	621.526	989	837	778	731	689	645	607	534	453	369	242	0	0	0.000	0.000	0	0	0	0	0.000	0	0	0	0.000	0	0	0	0	0.000	0.000	0	0	0	0	0.000	0	0	0	0.000	0	0
96	96	1770	1368.594	989.326	0.876	129	639	842	101	18	129	639	842	101	18	111.945	333.620	462	406	386	372	359	344	330	307	273	237	183	103.693	282.967	387	339	326	314	302	290	277	262	240	207	171	0	0	0.000	0.000	0	0	0	0	0.000	0	0	0	0.000	0	0	0	0	0.000	0.000	0	0	0	0	0.000	0	0	0	0.000	0	0
97	97	1040	508.538	1013.679	0.922	149	612	246	9	6	149	612	246	9	6	109.335	123.832	139	131	127	126	124	123	123	121	119	117	113	103.395	118.987	132	126	124	122	120	119	117	116	114	113	106	0	0	0.000	0.000	0	0	0	0	0.000	0	0	0	0.000	0	0	0	0	0.000	0.000	0	0	0	0	0.000	0	0	0	0.000	0	0
98	98	366	1471.172	1016.363	0.912	19	20	55	179	89	19	20	55	179	89	111.817	147.822	169	164	160	156	152	148	145	141	136	132	124	103.145	246.396	333	319	301	284	264	246	233	217	192	174	146	0	0	0.000	0.000	0	0	0	0	0.000	0	0	0	0.000	0	0	0	0	0.000	0.000	0	0	0	0	0.000	0	0	0	0.000	0	0
99	99	1660	1438.757	1034.867	0.903	72	679	709	152	14	72	679	709	152	14	112.202	179.298	586	188	179	176	173	171	169	165	160	155	137	103.874	327.743	694	387	368	352	341	328	314	298	281	257	198	1	49	1423.272	1027.171	0	0	0	390	402.224	0	0	506	503.694	0	0	0	0	0.000	0.000	0	0	0	0	0.000	0	0	0	0.000	0	0
100	100	2172	1330.521	1074.668	0.896	231	1686	162	24	15	231	1686	162	24	15	111.727	275.820	3674	304	175	171	168	166	163	158	151	144	131	103.859	844.552	5867	1032	932	825	760	701	648	592	531	444	308	1	133	1345.249	1071.969	0	0	0	1604	1749.556	0	0	2713	2953.188	0	0	1	91	1345.197	1071.151	0	0	0	2056	2003.440	0	0	3476	3574.582	0	0
101	101	1859	1392.203	1082.601	0.871	173	1032	550	59	5	173	1032	550	59	5	111.615	284.167	2511	552	214	176	169	164	160	154	147	140	130	104.000	324.380	1157	490	361	331	306	283	265	245	220	192	171	1	178	1378.956	1090.296	0	0	0	1119	1225.230	0	0	699	721.410	0	0	1	92	1378.762	1090.121	0	0	0	1566	1614.967	0	0	856	853.804	0	0
102	102	1701	304.849	1087.464	0.908	35	336	843	385	64	35	336	843	385	64	109.000	141.435	163	154	150	146	143	141	139	136	134	130	120	103.451	1001.490	1701	1468	1329	1181	1059	945	866	789	702	617	440	0	0	0.000	0.000	0	0	0	0	0.000	0	0	0	0.000	0	0	0	0	0.000	0.000	0	0	0	0	0.000	0	0	0	0.000	0	0
103	103	842	1436.719	1087.959	0.922	42	168	330	248	38	42	168	330	248	38	111.559	163.721	189	176	174	171	170	167	164	159	153	145	130	104.000	257.714	339	306	291	281	273	266	255	242	225	194	150	0	0	0.000	0.000	0	0	0	0	0.000	0	0	0	0.000	0	0	0	0	0.000	0.000	0	0	0	0	0.000	0	0	0	0.000	0	0
104	104	202	938.707	1083.930	0.912	12	30	70	60	23	12	30	70	60	23	110.965	117.144	120	119	118	118	117	117	117	116	116	115	114	103.000	427.693	658	539	517	487	464	436	402	368	331	297	253	0	0	0.000	0.000	0	0	0	0	0.000	0	0	0	0.000	0	0	0	0	0.000	0.000	0	0	0	0	0.000	0	0	0	0.000	0	0
105	105	1388	961.284	1101.888	0.885	26	158	672	444	60	26	158	672	444	60	111.000	121.462	136	128	126	124	122	120	119	118	117	116	113	103.120	761.402	1057	913	876	846	816	789	751	705	653	567	346	0	0	0.000	0.000	0	0	0	0	0.000	0	0	0	0.000	0	0	0	0	0.000	0.000	0	0	0	0	0.000	0	0	0	0.000	0	0
106	106	1011	1006.271	1102.445	0.918	25	123	413	379	60	25	123	413	379	60	110.994	119.626	134	125	122	121	120	119	118	117	116	116	111	103.220	506.891	746	672	635	593	534	500	474	439	394	337	226	0	0	0.000	0.000	0	0	0	0	0.000	0	0	0	0.000	0	0	0	0	0.000	0.000	0	0	0	0	0.000	0	0	0	0.000	0	0
107	107	981	261.441	1103.798	0.905	31	62	325	454	90	31	62	325	454	90	108.077	137.105	155	148	146	143	140	137	134	132	129	125	120	103.336	1056.426	1523	1380	1282	1202	1136	1082	1028	943	820	682	449	0	0	0.000	0.000	0	0	0	0	0.000	0	0	0	0.000	0	0	0	0	0.000	0.000	0	0	0	0	0.000	0	0	0	0.000	0	0
108	108	2006	1937.548	1116.657	0.856	111	756	989	93	17	111	756	989	93	17	110.623	121.729	135	127	125	123	122	121	121	120	118	117	112	104.113	1132.005	1579	1447	1387	1320	1249	1188	1110	1009	876	726	411	0	0	0.000	0.000	0	0	0	0	0.000	0	0	0	0.000	0	0	0	0	0.000	0.000	0	0	0	0	0.000	0	0	0	0.000	0	0
109	109	2435	1294.604	1136.530	0.865	5	346	1619	393	31	5	346	1619	393	31	112.922	174.124	928	184	179	175	171	165	159	152	145	136	127	102.992	840.896	2842	1166	1088	985	919	849	763	691	590	425	290	1	68	1277.361	1130.046	0	0	0	498	524.412	0	0	1671	1731.706	0	0	0	0	0.000	0.000	0	0	0	0	0.000	0	0	0	0.000	0	0
110	110	1397	994.521	1145.493	0.869	83	570	591	112	8	83	570	591	112	8	111.000	119.880	129	125	123	121	120	119	119	118	117	116	113	104.000	478.087	759	658	599	555	511	469	438	402	359	305	232	0	0	0.000	0.000	0	0	0	0	0.000	0	0	0	0.000	0	0	0	0	0.000	0.000	0	0	0	0	0.000	0	0	0	0.000	0	0
111	111	1622	1882.623	1144.134	0.899	32	93	565	790	101	32	93	565	790	101	111.030	123.340	138	131	127	125	124	123	122	120	119	117	113	104.999	932.485	1622	1474	1342	1199	1050	915	786	657	539	418	292	0	0	0.000	0.000	0	0	0	0	0.000	0	0	0	0.000	0	0	0	0	0.000	0.000	0	0	0	0	0.000	0	0	0	0.000	0	0
112	112	1571	1616.282	1155.246	0.894	30	85	384	933	119	30	85	384	933	119	112.000	139.784	166	156	151	146	141	138	135	133	130	127	121	103.349	467.722	791	715	642	553	490	444	408	372	315	259	189	0	0	0.000	0.000	0	0	0	0	0.000	0	0	0	0.000	0	0	0	0	0.000	0.000	0	0	0	0	0.000	0	0	0	0.000	0	0
113	113	260	1579.998	1147.706	0.909	11	54	85	83	22	11	54	85	83	22	112.000	119.650	123	121	121	120	120	120	119	119	119	118	117	104.000	164.435	191	181	176	172	168	164	160	156	153	148	140	0	0	0.000	0.000	0	0	0	0	0.000	0	0	0	0.000	0	0	0	0	0.000	0.000	0	0	0	0	0.000	0	0	0	0.000	0	0
114	114	1721	1556.877	1179.023	0.870	85	452	899	237	23	85	452	899	237	23	112.000	136.359	154	146	143	141	139	137	134	132	129	127	121	103.904	418.302	657	574	529	492	453	415	381	346	310	264	204	0	0	0.000	0.000	0	0	0	0	0.000	0	0	0	0.000	0	0	0	0	0.000	0.000	0	0	0	0	0.000	0	0	0	0.000	0	0
115	115	1939	1042.968	1175.862	0.852	6	220	1182	465	27	6	220	1182	465	27	111.986	145.771	165	159	155	152	149	147	144	140	136	131	123	103.519	564.432	820	747	703	666	630	589	540	488	406	334	232	0	0	0.000	0.000	0	0	0	0	0.000	0	0	0	0.000	0	0	0	0	0.000	0.000	0	0	0	0	0.000	0	0	0	0.000	0	0
116	116	2074	1821.869	1184.299	0.911	1295	590	77	35	25	1295	590	77	35	25	112.000	176.965	222	210	199	191	185	179	171	162	154	144	134	104.628	784.258	1372	1183	1071	958	872	795	717	592	483	368	270	0	0	0.000	0.000	0	0	0	0	0.000	0	0	0	0.000	0	0	0	0	0.000	0.000	0	0	0	0	0.000	0	0	0	0.000	0	0
117	117	2443	60.469	1198.414	0.891	86	291	1340	636	45	86	291	1340	636	45	106.293	177.716	219	205	196	190	184	179	175	170	160	145	129	102.884	1276.788	1940	1776	1610	1462	1374	1293	1205	1104	979	759	484	0	0	0.000	0.000	0	0	0	0	0.000	0	0	0	0.000	0	0	0	0	0.000	0.000	0	0	0	0	0.000	0	0	0	0.000	0	0
118	118	1962	1084.798	1210.778	0.765	45	466	1163	230	10	45	466	1163	230	10	112.000	142.307	162	153	151	150	147	144	140	136	132	128	121	102.967	530.279	785	709	669	639	598	550	504	451	384	303	227	0	0	0.000	0.000	0	0	0	0	0.000	0	0	0	0.000	0	0	0	0	0.000	0.000	0	0	0	0	0.000	0	0	0	0.000	0	0
119	119	2047	129.368	1238.632	0.848	18	128	1442	399	34	18	128	1442	399	34	107.928	185.657	1149	210	173	165	159	155	152	148	143	135	125	103.198	507.546	1801	702	612	557	521	483	443	402	350	279	220	1	115	130.641	1232.257	0	0	0	570	609.148	0	0	1062	1085.383	0	0	1	29	128.875	1232.373	0	0	0	837	813.759	0	0	1509	1493.862	0	0
120	120	1274	1481.311	1237.383	0.898	16	172	557	450	64	16	172	557	450	64	112.753	193.510	249	227	218	210	202	195	187	179	169	157	138	102.014	123.367	137	130	128	126	125	124	123	121	119	116	108	0	0	0.000	0.000	0	0	0	0	0.000	0	0	0	0.000	0	0	0	0	0.000	0.000	0	0	0	0	0.000	0	0	0	0.000	0	0
121	121	2559	74.460	1263.241	0.845	21	182	1487	758	61	21	182	1487	758	61	106.942	175.132	225	202	192	186	181	176	171	166	158	144	129	102.943	1203.327	2045	1756	1579	1480	1370	1250	1104	942	778	596	362	0	0	0.000	0.000	0	0	0	0	0.000	0	0	0	0.000	0	0	0	0	0.000	0.000	0	0	0	0	0.000	0	0	0	0.000	0	0
122	122	750	1838.744	1248.342	0.882	26	104	335	250	24	26	104	335	250	24	111.991	219.025	270	257	247	241	234	224	213	200	187	175	154	104.000	561.116	768	691	664	632	600	573	547	504	461	405	301	0	0	0.000	0.000	0	0	0	0	0.000	0	0	0	0.000	0	0	0	0	0.000	0.000	0	0	0	0	0.000	0	0	0	0.000	0	0
123	123	2226	196.118	1265.225	0.870	23	1219	886	33	5	23	1219	886	33	5	108.006	184.412	1013	188	181	176	172	167	163	159	155	151	132	102.842	605.809	1056	806	742	692	645	600	555	514	470	419	293	1	80	210.228	1275.661	0	0	0	547	563.413	0	0	780	766.862	0	0	0	0	0.000	0.000	0	0	0	0	0.000	0	0	0	0.000	0	0
124	124	1632	1876.949	1272.164	0.901	10	249	1170	171	7	10	249	1170	171	7	111.282	118.996	127	122	121	120	119	119	118	118	117	116	114	103.936	1170.988	1772	1674	1578	1459	1328	1187	1057	930	789	623	410	0	0	0.000	0.000	0	0	0	0	0.000	0	0	0	0.000	0	0	0	0	0.000	0.000	0	0	0	0	0.000	0	0	0	0.000	0	0
125	125	1704	1448.258	1275.102	0.862	88	974	558	40	6	88	974	558	40	6	112.366	213.890	474	251	231	220	213	205	198	191	183	172	149	103.000	124.558	137	130	128	127	126	125	124	122	121	119	110	1	26	1438.188	1261.901	0	0	0	418	416.538	0	0	127	127.423	0	0	0	0	0.000	0.000	0	0	0	0	0.000	0	0	0	0.000	0	0
126	126	1746	1806.385	1280.739	0.864	78	592	869	172	6	78	592	869	172	6	112.000	247.724	387	322	289	270	260	249	232	217	201	173	147	104.000	572.600	1114	864	742	678	630	580	512	434	351	285	211	0	0	0.000	0.000	0	0	0	0	0.000	0	0	0	0.000	0	0	0	0	0.000	0.000	0	0	0	0	0.000	0	0	0	0.000	0	0
127	127	424	238.746	1271.375	0.962	35	99	142	128	11	35	99	142	128	11	108.835	124.877	137	132	130	128	127	125	123	121	119	118	114	102.000	265.821	385	351	328	310	294	275	250	225	196	172	142	0	0	0.000	0.000	0	0	0	0	0.000	0	0	0	0.000	0	0	0	0	0.000	0.000	0	0	0	0	0.000	0	0	0	0.000	0	0
128	128	1968	324.430	1294.462	0.881	178	1193	487	72	6	178	1193	487	72	6	109.945	122.527	132	127	126	124	124	123	122	121	119	118	112	102.000	113.422	121	117	116	115	114	113	113	112	111	110	104	0	0	0.000	0.000	0	0	0	0	0.000	0	0	0	0.000	0	0	0	0	0.000	0.000	0	0	0	0	0.000	0	0	0	0.000	0	0
129	129	718	102.634	1302.462	0.896	13	69	222	358	45	13	69	222	358	45	107.000	129.942	146	140	137	134	132	130	128	125	123	120	115	103.000	268.272	357	318	307	298	291	283	269	246	222	195	161	0	0	0.000	0.000	0	0	0	0	0.000	0	0	0	0.000	0	0	0	0	0.000	0.000	0	0	0	0	0.000	0	0	0	0.000	0	0
130	130	1979	1909.866	1320.839	0.893	73	946	816	77	20	73	946	816	77	20	111.482	120.741	127	124	123	122	121	121	120	120	119	117	114	103.028	1170.169	1935	1674	1479	1372	1275	1193	1092	970	817	654	317	0	0	0.000	0.000	0	0	0	0	0.000	0	0	0	0.000	0	0	0	0	0.000	0.000	0	0	0	0	0.000	0	0	0	0.000	0	0
131	131	1612	744.273	1331.526	0.874	25	84	666	712	96	25	84	666	712	96	112.000	168.226	915	175	167	163	158	154	148	143	138	133	125	102.988	475.774	1310	661	602	562	520	480	438	375	320	261	200	1	64	730.110	1334.752	0	0	0	470	481.734	0	0	762	783.391	0	0	0	0	0.000	0.000	0	0	0	0	0.000	0	0	0	0.000	0	0
132	132	2130	361.770	1338.607	0.876	99	1037	869	75	10	99	1037	869	75	10	109.929	123.945	139	131	128	126	125	123	122	121	120	118	114	101.892	114.884	123	118	117	116	116	115	114	113	113	111	106	0	0	0.000	0.000	0	0	0	0	0.000	0	0	0	0.000	0	0	0	0	0.000	0.000	0	0	0	0	0.000	0	0	0	0.000	0	0
133	133	1576	1487.785	1340.921	0.897	375	1081	30	40	26	375	1081	30	40	26	111.830	137.596	309	159	146	137	132	129	127	124	123	121	118	104.000	173.131	354	201	192	185	178	170	162	154	147	139	127	1	89	1480.665	1347.566	0	0	0	220	223.315	0	0	254	262.888	0	0	1	14	1481.885	1347.106	0	0	0	276	267.857	0	0	319	321.143	0	0
134	134	1648	113.348	1354.144	0.896	500	761	229	106	26	500	761	229	106	26	107.467	155.672	181	175	171	167	161	156	150	145	141	136	126	103.000	386.395	583	510	483	455	429	402	363	321	286	239	192	0	0	0.000	0.000	0	0	0	0	0.000	0	0	0	0.000	0	0	0	0	0.000	0.000	0	0	0	0	0.000	0	0	0	0.000	0	0
135	135	1415	1683.602	1346.382	0.892	60	857	382	49	26	60	857	382	49	26	112.845	123.466	138	133	129	125	123	121	121	120	119	118	115	103.000	118.230	128	123	122	121	120	119	118	117	115	113	106	0	0	0.000	0.000	0	0	0	0	0.000	0	0	0	0.000	0	0	0	0	0.000	0.000	0	0	0	0	0.000	0	0	0	0.000	0	0
136	136	1630	1440.829	1358.782	0.886	19	125	482	940	27	19	125	482	940	27	113.000	417.527	6025	785	179	148	143	139	136	133	129	126	122	104.000	239.681	1759	335	198	184	175	166	158	151	143	136	123	1	148	1435.838	1350.652	0	0	0	2609	2781.500	0	0	857	883.257	0	0	1	140	1436.130	1350.542	0	0	0	2695	2902.707	0	0	894	927.843	0	0
137	137	1889	1635.811	1377.510	0.866	152	144	708	759	86	152	144	708	759	86	112.590	146.799	165	155	153	151	150	148	146	144	141	136	126	102.978	125.015	140	132	129	128	127	125	124	122	121	118	110	0	0	0.000	0.000	0	0	0	0	0.000	0	0	0	0.000	0	0	0	0	0.000	0.000	0	0	0	0	0.000	0	0	0	0.000	0	0
138	138	1761	1853.990	1383.057	0.841	20	116	1019	533	38	20	116	1019	533	38	111.797	146.040	165	158	155	152	149	147	145	141	137	132	123	104.000	1687.388	2585	2338	2195	2000	1828	1654	1486	1368	1243	1107	712	0	0	0.000	0.000	0	0	0	0	0.000	0	0	0	0.000	0	0	0	0	0.000	0.000	0	0	0	0	0.000	0	0	0	0.000	0	0
139	139	1637	741.854	1380.682	0.871	9	384	908	268	33	9	384	908	268	33	112.144	174.550	559	197	179	172	168	164	159	154	148	141	131	103.158	480.778	1162	665	618	555	499	463	439	407	349	279	206	1	68	730.179	1376.774	0	0	0	382	384.868	0	0	858	856.868	0	0	0	0	0.000	0.000	0	0	0	0	0.000	0	0	0	0.000	0	0
140	140	805	493.108	1379.273	0.921	20	169	368	223	7	20	169	368	223	7	111.000	140.957	172	159	152	147	143	139	136	133	129	126	122	102.145	125.853	157	140	136	132	128	124	121	119	116	113	109	0	0	0.000	0.000	0	0	0	0	0.000	0	0	0	0.000	0	0	0	0	0.000	0.000	0	0	0	0	0.000	0	0	0	0.000	0	0
141	141	1482	87.518	1398.341	0.916	572	444	270	121	50	572	444	270	121	50	107.258	145.389	163	155	152	150	148	146	144	143	140	134	122	103.000	317.865	471	415	390	370	351	326	297	267	234	207	178	0	0	0.000	0.000	0	0	0	0	0.000	0	0	0	0.000	0	0	0	0	0.000	0.000	0	0	0	0	0.000	0	0	0	0.000	0	0
142	142	1738	1725.140	1406.879	0.873	1348	323	10	6	4	1348	323	10	6	4	113.000	191.438	384	218	203	196	191	184	178	174	170	161	134	103.857	124.504	143	131	128	126	125	124	123	122	121	119	109	0	0	0.000	0.000	0	0	0	0	0.000	0	0	0	0.000	0	0	0	0	0.000	0.000	0	0	0	0	0.000	0	0	0	0.000	0	0
143	143	1893	1269.252	1422.069	0.907	141	437	1207	70	3	141	437	1207	70	3	112.767	258.943	341	309	298	290	280	268	252	232	212	193	157	104.061	1003.389	1559	1338	1256	1197	1140	1067	978	845	689	545	410	0	0	0.000	0.000	0	0	0	0	0.000	0	0	0	0.000	0	0	0	0	0.000	0.000	0	0	0	0	0.000	0	0	0	0.000	0	0
144	144	832	1770.141	1415.871	0.916	29	42	119	508	124	29	42	119	508	124	112.916	171.399	197	191	187	184	182	177	171	164	155	142	126	104.000	119.935	130	125	123	122	121	120	120	119	117	114	109	0	0	0.000	0.000	0	0	0	0	0.000	0	0	0	0.000	0	0	0	0	0.000	0.000	0	0	0	0	0.000	0	0	0	0.000	0	0
145	145	2097	345.485	1422.949	0.863	97	1089	713	114	43	97	1089	713	114	43	110.000	2359.300	32234	6745	1202	611	428	362	326	299	269	224	156	102.126	133.728	215	156	145	138	133	130	126	123	119	115	104	1	253	350.005	1430.862	0	0	0	13482	15010.502	0	0	169	167.644	0	0	1	51	350.225	1429.851	0	0	0	26599	26099.431	0	0	194	194.863	0	0
146	146	1150	1826.362	1424.090	0.828	33	233	721	106	34	33	233	721	106	34	112.000	148.842	172	165	160	155	152	148	145	142	138	134	128	104.000	1766.363	3070	2730	2402	2140	1910	1738	1598	1398	1148	823	586	0	0	0.000	0.000	0	0	0	0	0.000	0	0	0	0.000	0	0	0	0	0.000	0.000	0	0	0	0	0.000	0	0	0	0.000	0	0
147	147	1379	1364.667	1429.697	0.880	64	506	668	99	17	64	506	668	99	17	113.000	1084.455	18565	2407	420	269	249	228	214	199	185	166	137	103.929	124.735	190	136	129	126	124	122	120	118	116	113	107	1	127	1374.607	1440.382	0	0	0	7487	8209.961	0	0	157	157.142	0	0	1	51	1373.792	1439.995	0	0	0	11510	11494.824	0	0	173	172.882	0	0
148	148	1185	753.157	1430.813	0.911	6	59	283	701	105	6	59	283	701	105	112.000	160.089	189	176	172	169	166	162	158	153	147	141	132	103.355	453.209	640	590	539	494	461	441	425	408	380	345	261	0	0	0.000	0.000	0	0	0	0	0.000	0	0	0	0.000	0	0	0	0	0.000	0.000	0	0	0	0	0.000	0	0	0	0.000	0	0
149	149	1988	1624.166	1437.626	0.880	173	906	847	14	6	173	906	847	14	6	112.013	144.066	160	153	151	149	146	144	142	140	138	135	127	104.335	123.706	139	131	128	127	125	124	122	120	119	117	112	0	0	0.000	0.000	0	0	0	0	0.000	0	0	0	0.000	0	0	0	0	0.000	0.000	0	0	0	0	0.000	0	0	0	0.000	0	0
150	150	1432	54.826	1434.832	0.888	30	120	579	619	59	30	120	579	619	59	106.333	127.837	136	133	132	131	130	129	128	126	124	121	112	102.716	401.834	562	508	469	446	431	414	392	365	332	281	182	0	0	0.000	0.000	0	0	0	0	0.000	0	0	0	0.000	0	0	0	0	0.000	0.000	0	0	0	0	0.000	0	0	0	0.000	0	0
151	151	1127	257.265	1444.792	0.894	102	495	418	78	8	102	495	418	78	8	108.421	166.285	358	226	195	180	164	152	144	137	130	125	115	102.000	119.064	148	136	128	123	119	116	114	112	110	108	104	1	63	263.717	1438.433	0	0	0	285	288.206	0	0	140	138.444	0	0	0	0	0.000	0.000	0	0	0	0	0.000	0	0	0	0.000	0	0
152	152	1415	1680.124	1449.588	0.889	14	38	347	876	110	14	38	347	876	110	113.000	160.276	185	180	177	171	167	162	156	149	143	139	127	104.762	759.315	1177	1083	993	896	806	747	692	630	545	450	312	0	0	0.000	0.000	0	0	0	0	0.000	0	0	0	0.000	0	0	0	0	0.000	0.000	0	0	0	0	0.000	0	0	0	0.000	0	0
153	153	1276	695.268	1451.450	0.877	378	779	62	25	7	378	779	62	25	7	111.125	200.018	279	244	226	214	204	196	189	182	174	164	143	103.000	133.951	151	144	141	139	137	135	133	130	127	122	111	0	0	0.000	0.000	0	0	0	0	0.000	0	0	0	0.000	0	0	0	0	0.000	0.000	0	0	0	0	0.000	0	0	0	0.000	0	0
154	154	1415	1318.138	1454.746	0.906	167	347	830	32	12	167	347	830	32	12	113.374	279.391	358	329	317	307	296	285	270	256	242	225	169	104.331	1056.859	1525	1358	1281	1213	1154	1093	1002	913	809	711	471	0	0	0.000	0.000	0	0	0	0	0.000	0	0	0	0.000	0	0	0	0	0.000	0.000	0	0	0	0	0.000	0	0	0	0.000	0	0
155	155	1565	1753.905	1458.966	0.838	19	66	584	786	70	19	66	584	786	70	112.580	182.836	220	206	200	195	191	187	182	174	164	153	134	103.981	124.934	137	132	130	128	127	125	124	122	120	117	110	0	0	0.000	0.000	0	0	0	0	0.000	0	0	0	0.000	0	0	0	0	0.000	0.000	0	0	0	0	0.000	0	0	0	0.000	0	0
156	156	1669	1654.963	1494.435	0.891	18	174	933	452	62	18	174	933	452	62	113.000	158.972	183	177	173	169	165	161	157	152	145	137	124	105.000	741.617	1203	1031	968	898	824	751	674	592	521	450	258	0	0	0.000	0.000	0	0	0	0	0.000	0	0	0	0.000	0	0	0	0	0.000	0.000	0	0	0	0	0.000	0	0	0	0.000	0	0
157	157	1547	927.106	1503.793	0.915	167	971	345	35	6	167	971	345	35	6	112.550	245.089	348	307	294	279	264	249	232	213	196	177	136	103.000	119.535	133	125	124	122	121	120	119	118	116	112	104	0	0	0.000	0.000	0	0	0	0	0.000	0	0	0	0.000	0	0	0	0	0.000	0.000	0	0	0	0	0.000	0	0	0	0.000	0	0
158	158	1664	1705.140	1514.272	0.881	54	488	905	173	6	54	488	905	173	6	112.773	165.172	199	186	180	176	171	167	160	154	148	143	136	104.312	463.199	762	672	620	564	508	458	415	354	302	261	208	0	0	0.000	0.000	0	0	0	0	0.000	0	0	0	0.000	0	0	0	0	0.000	0.000	0	0	0	0	0.000	0	0	0	0.000	0	0
159	159	352	1618.939	1529.702	0.929	13	65	141	123	6	13	65	141	123	6	113.000	118.642	122	121	120	120	119	119	118	118	117	116	114	105.000	373.270	519	480	449	423	397	373	350	327	297	267	207	0	0	0.000	0.000	0	0	0	0	0.000	0	0	0	0.000	0	0	0	0	0.000	0.000	0	0	0	0	0.000	0	0	0	0.000	0	0
160	160	1768	1581.918	1546.055	0.850	8	236	1117	349	22	8	236	1117	349	22	112.495	121.490	128	124	123	122	122	121	121	120	120	119	116	104.672	1401.270	2139	1948	1813	1673	1521	1389	1243	1120	1012	873	716	0	0	0.000	0.000	0	0	0	0	0.000	0	0	0	0.000	0	0	0	0	0.000	0.000	0	0	0	0	0.000	0	0	0	0.000	0	0
161	161	458	1734.024	1538.644	0.956	41	72	133	131	69	41	72	133	131	69	112.000	153.382	172	164	161	159	157	155	152	149	145	140	133	103.000	338.103	491	443	413	388	360	334	313	294	263	234	195	0	0	0.000	0.000	0	0	0	0	0.000	0	0	0	0.000	0	0	0	0	0.000	0.000	0	0	0	0	0.000	0	0	0	0.000	0	0
162	162	1207	442.144	1551.339	0.861	35	528	583	33	7	35	528	583	33	7	110.697	116.513	122	119	118	118	117	117	116	115	115	114	111	102.732	126.472	141	133	131	130	128	127	125	123	121	119	115	0	0	0.000	0.000	0	0	0	0	0.000	0	0	0	0.000	0	0	0	0	0.000	0.000	0	0	0	0	0.000	0	0	0	0.000	0	0
163	163	2045	1649.153	1559.309	0.869	48	957	895	101	12	48	957	895	101	12	112.388	121.256	127	124	123	122	122	121	121	120	119	119	115	104.830	1427.508	2312	2101	1905	1768	1643	1506	1338	1143	888	619	386	0	0	0.000	0.000	0	0	0	0	0.000	0	0	0	0.000	0	0	0	0	0.000	0.000	0	0	0	0	0.000	0	0	0	0.000	0	0
164	164	254	474.467	1542.778	0.881	23	51	70	81	22	23	51	70	81	22	111.000	117.705	154	122	119	118	117	116	116	116	115	114	112	102.177	119.598	198	125	123	122	121	119	118	115	113	111	106	0	0	0.000	0.000	0	0	0	0	0.000	0	0	0	0.000	0	0	0	0	0.000	0.000	0	0	0	0	0.000	0	0	0	0.000	0	0
165	165	1940	806.814	1563.957	0.847	34	154	885	750	67	34	154	885	750	67	111.894	153.641	414	164	159	154	151	149	147	144	141	136	126	103.664	549.949	1264	747	680	628	582	542	504	466	416	359	207	1	47	825.140	1560.939	0	0	0	294	296.234	0	0	599	619.191	0	0	0	0	0.000	0.000	0	0	0	0	0.000	0	0	0	0.000	0	0
166	166	1843	495.272	1568.420	0.892	7	37	305	1113	351	7	37	305	1113	351	111.900	385.102	2790	547	341	314	295	280	264	248	231	205	159	103.188	794.575	2224	1074	963	871	811	753	694	623	562	489	270	1	140	490.247	1561.464	0	0	0	1508	1539.971	0	0	1529	1565.164	0	0	0	0	0.000	0.000	0	0	0	0	0.000	0	0	0	0.000	0	0
167	167	481	408.482	1563.262	0.915	18	109	176	137	31	18	109	176	137	31	110.008	117.322	124	121	119	118	118	117	116	116	116	115	111	103.000	119.888	134	127	124	122	121	119	118	117	116	114	110	0	0	0.000	0.000	0	0	0	0	0.000	0	0	0	0.000	0	0	0	0	0.000	0.000	0	0	0	0	0.000	0	0	0	0.000	0	0
168	168	1737	620.930	1576.075	0.893	133	177	896	480	15	133	177	896	480	15	112.000	267.922	374	342	324	310	291	269	248	228	208	191	163	103.998	487.309	736	678	625	587	547	501	443	392	338	284	225	0	0	0.000	0.000	0	0	0	0	0.000	0	0	0	0.000	0	0	0	0	0.000	0.000	0	0	0	0	0.000	0	0	0	0.000	0	0
169	169	530	665.631	1573.956	0.899	8	22	174	245	71	8	22	174	245	71	111.000	261.604	325	292	282	276	271	264	256	248	238	227	209	103.013	446.423	567	537	517	500	483	460	435	409	373	333	282	0	0	0.000	0.000	0	0	0	0	0.000	0	0	0	0.000	0	0	0	0	0.000	0.000	0	0	0	0	0.000	0	0	0	0.000	0	0
170	170	940	374.164	1587.373	0.867	146	282	283	202	18	146	282	283	202	18	110.000	116.769	126	119	118	117	117	117	116	116	115	114	112	103.000	127.504	141	135	133	131	129	127	125	124	122	120	116	0	0	0.000	0.000	0	0	0	0	0.000	0	0	0	0.000	0	0	0	0	0.000	0.000	0	0	0	0	0.000	0	0	0	0.000	0	0
171	171	1576	557.672	1594.198	0.904	665	809	33	19	15	665	809	33	19	15	111.951	218.829	299	261	245	235	226	216	210	199	190	180	163	103.895	450.762	741	608	564	526	483	446	411	374	336	297	222	0	0	0.000	0.000	0	0	0	0	0.000	0	0	0	0.000	0	0	0	0	0.000	0.000	0	0	0	0	0.000	0	0	0	0.000	0	0
172	172	1381	417.436	1596.994	0.884	12	101	529	675	43	12	101	529	675	43	110.994	116.214	127	119	118	117	117	116	116	115	115	114	112	103.000	126.684	139	133	131	130	128	127	126	124	123	120	109	0	0	0.000	0.000	0	0	0	0	0.000	0	0	0	0.000	0	0	0	0	0.000	0.000	0	0	0	0	0.000	0	0	0	0.000	0	0
173	173	1565	767.786	1600.454	0.881	27	73	280	964	179	27	73	280	964	179	111.889	153.942	639	162	155	151	147	144	140	137	133	129	122	103.116	463.911	1058	638	593	550	512	467	423	376	324	260	188	1	60	777.950	1607.897	0	0	0	351	364.017	0	0	780	790.783	0	0	0	0	0.000	0.000	0	0	0	0	0.000	0	0	0	0.000	0	0
174	174	1808	461.682	1610.635	0.898	130	756	781	87	12	130	756	781	87	12	111.222	282.700	383	349	333	320	307	291	275	253	225	202	156	103.320	764.349	1099	1013	964	918	859	791	720	653	570	449	313	0	0	0.000	0.000	0	0	0	0	0.000	0	0	0	0.000	0	0	0	0	0.000	0.000	0	0	0	0	0.000	0	0	0	0.000	0	0
175	175	671	806.215	1612.463	0.920	21	81	307	217	29	21	81	307	217	29	112.000	146.860	160	154	153	150	149	148	146	144	142	138	130	103.601	431.766	635	554	514	482	461	437	418	396	361	285	179	0	0	0.000	0.000	0	0	0	0	0.000	0	0	0	0.000	0	0	0	0	0.000	0.000	0	0	0	0	0.000	0	0	0	0.000	0	0
176	176	1664	1184.770	1625.540	0.856	20	332	1163	99	21	20	332	1163	99	21	113.000	121.097	137	126	123	122	121	120	120	119	119	118	115	102.993	480.843	685	624	578	538	507	477	449	420	386	348	254	1	189	1184.682	1633.664	0	0	0	128	128.217	0	0	437	456.175	0	0	0	0	0.000	0.000	0	0	0	0	0.000	0	0	0	0.000	0	0
177	177	1906	587.676	1637.268	0.858	136	464	1097	146	19	136	464	1097	146	19	111.647	231.302	336	295	276	258	242	229	218	204	186	168	143	103.650	379.518	631	536	482	449	412	379	343	313	278	220	165	0	0	0.000	0.000	0	0	0	0	0.000	0	0	0	0.000	0	0	0	0	0.000	0.000	0	0	0	0	0.000	0	0	0	0.000	0	0
178	178	1994	390.279	1640.707	0.851	1631	215	55	45	19	1631	215	55	45	19	109.865	117.164	123	121	120	119	118	117	116	116	115	114	112	103.000	124.903	143	135	132	129	127	125	122	120	118	116	109	0	0	0.000	0.000	0	0	0	0	0.000	0	0	0	0.000	0	0	0	0	0.000	0.000	0	0	0	0	0.000	0	0	0	0.000	0	0
179	179	574	322.659	1634.386	0.735	397	106	41	14	14	397	106	41	14	14	109.000	115.439	120	119	117	116	116	115	115	114	114	113	111	103.000	133.962	145	139	138	137	136	135	133	132	130	127	124	0	0	0.000	0.000	0	0	0	0	0.000	0	0	0	0.000	0	0	0	0	0.000	0.000	0	0	0	0	0.000	0	0	0	0.000	0	0
180	180	1743	1631.899	1667.747	0.909	997	651	45	16	6	997	651	45	16	6	111.458	202.543	1624	271	177	165	155	147	141	136	133	130	122	105.000	452.495	1611	709	609	516	441	387	342	315	291	260	173	1	118	1627.372	1677.167	0	0	0	743	800.907	0	0	942	964.144	0	0	1	45	1627.775	1675.898	0	0	0	1088	1058.467	0	0	1240	1252.022	0	0
181	181	1819	1165.758	1674.714	0.899	58	136	1000	543	41	58	136	1000	543	41	112.941	121.427	137	128	124	122	121	120	120	119	118	117	115	103.000	491.046	757	656	597	555	524	489	449	411	378	346	225	1	168	1154.546	1677.369	0	0	0	129	129.756	0	0	375	395.286	0	0	0	0	0.000	0.000	0	0	0	0	0.000	0	0	0	0.000	0	0
182	182	1720	1353.195	1673.131	0.897	38	238	953	436	28	38	238	953	436	28	112.674	158.027	178	171	168	165	163	161	158	153	147	140	130	104.000	2665.129	4029	3571	3201	2979	2845	2662	2510	2349	2139	1797	949	0	0	0.000	0.000	0	0	0	0	0.000	0	0	0	0.000	0	0	0	0	0.000	0.000	0	0	0	0	0.000	0	0	0	0.000	0	0
183	183	1100	1401.418	1681.976	0.925	77	54	435	472	44	77	54	435	472	44	112.741	162.079	184	176	173	171	169	165	161	156	151	143	128	104.000	2608.349	3689	3262	3108	2963	2817	2671	2560	2357	2104	1759	1076	0	0	0.000	0.000	0	0	0	0	0.000	0	0	0	0.000	0	0	0	0	0.000	0.000	0	0	0	0	0.000	0	0	0	0.000	0	0
184	184	514	286.974	1696.127	0.730	114	350	35	5	4	114	350	35	5	4	108.772	149.103	174	169	166	162	157	150	143	137	132	128	124	103.000	839.161	1330	1231	1179	1089	990	895	783	603	452	369	328	0	0	0.000	0.000	0	0	0	0	0.000	0	0	0	0.000	0	0	0	0	0.000	0.000	0	0	0	0	0.000	0	0	0	0.000	0	0
185	185	2278	235.542	1713.471	0.880	31	596	1452	157	13	31	596	1452	157	13	107.790	147.061	173	161	159	156	152	148	144	139	135	131	120	103.000	761.751	1160	1081	1012	938	859	754	663	581	517	463	268	0	0	0.000	0.000	0	0	0	0	0.000	0	0	0	0.000	0	0	0	0	0.000	0.000	0	0	0	0	0.000	0	0	0	0.000	0	0
186	186	2313	1649.698	1717.342	0.825	322	299	289	1131	230	322	299	289	1131	230	112.010	155.236	196	182	170	163	155	150	147	144	141	138	130	104.964	616.696	1007	922	799	715	633	576	531	479	439	402	335	0	0	0.000	0.000	0	0	0	0	0.000	0	0	0	0.000	0	0	0	0	0.000	0.000	0	0	0	0	0.000	0	0	0	0.000	0	0
187	187	1730	1893.626	1735.206	0.868	158	1263	266	7	5	158	1263	266	7	5	110.879	240.270	319	286	277	268	259	245	230	215	201	186	166	103.000	796.945	1245	1068	991	934	885	825	760	687	588	453	335	0	0	0.000	0.000	0	0	0	0	0.000	0	0	0	0.000	0	0	0	0	0.000	0.000	0	0	0	0	0.000	0	0	0	0.000	0	0
188	188	1550	664.783	1743.845	0.872	37	337	736	333	77	37	337	736	333	77	110.974	118.250	129	124	121	119	118	117	117	116	116	115	112	103.000	274.810	427	345	314	296	282	271	258	243	230	215	166	0	0	0.000	0.000	0	0	0	0	0.000	0	0	0	0.000	0	0	0	0	0.000	0.000	0	0	0	0	0.000	0	0	0	0.000	0	0
189	189	962	1679.639	1754.227	0.884	55	85	300	473	28	55	85	300	473	28	112.000	153.429	175	171	167	163	159	154	149	144	140	135	125	104.030	660.973	905	849	810	768	729	685	630	572	515	436	310	0	0	0.000	0.000	0	0	0	0	0.000	0	0	0	0.000	0	0	0	0	0.000	0.000	0	0	0	0	0.000	0	0	0	0.000	0	0
190	190	1784	615.477	1781.593	0.881	74	886	725	61	7	74	886	725	61	7	110.850	118.947	129	125	123	121	119	118	117	116	116	115	111	103.000	242.302	342	290	274	264	254	244	233	221	207	192	146	0	0	0.000	0.000	0	0	0	0	0.000	0	0	0	0.000	0	0	0	0	0.000	0.000	0	0	0	0	0.000	0	0	0	0.000	0	0
191	191	1519	1906.031	1788.520	0.895	79	857	492	33	20	79	857	492	33	20	110.943	259.261	358	317	300	281	268	259	248	236	223	204	161	103.000	941.872	1462	1290	1159	1067	1012	955	881	790	695	615	420	0	0	0.000	0.000	0	0	0	0	0.000	0	0	0	0.000	0	0	0	0	0.000	0.000	0	0	0	0	0.000	0	0	0	0.000	0	0
192	192	525	1412.621	1792.943	0.903	57	67	114	215	58	57	67	114	215	58	112.000	144.966	161	156	153	150	148	146	143	141	138	134	125	105.493	1230.335	1650	1521	1424	1379	1323	1258	1180	1134	1048	927	549	0	0	0.000	0.000	0	0	0	0	0.000	0	0	0	0.000	0	0	0	0	0.000	0.000	0	0	0	0	0.000	0	0	0	0.000	0	0
193	193	2160	1388.938	1824.772	0.885	123	989	931	62	9	123	989	931	62	9	112.879	156.556	270	170	163	160	158	155	152	148	144	138	126	106.045	1302.836	2748	1644	1530	1452	1387	1312	1251	1171	1041	877	429	1	14	1369.719	1823.883	0	0	0	251	248.714	0	0	2330	2282.143	0	0	0	0	0.000	0.000	0	0	0	0	0.000	0	0	0	0.000	0	0
194	194	1674	1776.954	1826.633	0.871	6	73	1076	447	40	6	73	1076	447	40	111.670	120.726	128	124	123	122	121	121	120	119	119	118	114	104.000	1758.309	2843	2528	2364	2184	2007	1840	1661	1434	1171	811	475	0	0	0.000	0.000	0	0	0	0	0.000	0	0	0	0.000	0	0	0	0	0.000	0.000	0	0	0	0	0.000	0	0	0	0.000	0	0
195	195	1511	734.484	1839.811	0.856	20	150	770	499	48	20	150	770	499	48	111.230	173.587	210	198	193	187	182	176	169	162	154	145	133	103.816	528.745	796	679	635	602	581	556	520	468	406	332	251	0	0	0.000	0.000	0	0	0	0	0.000	0	0	0	0.000	0	0	0	0	0.000	0.000	0	0	0	0	0.000	0	0	0	0.000	0	0
196	196	3049	646.887	1863.850	0.858	199	1846	868	81	10	199	1846	868	81	10	111.839	4083.958	42595	14826	3416	981	534	444	395	362	338	304	175	103.000	126.879	229	152	130	124	122	120	118	117	115	113	106	1	499	646.205	1851.465	0	0	0	19048	20725.920	0	0	160	165.625	0	0	1	258	646.093	1851.457	0	0	0	29857	29890.329	0	0	185	186.442	0	0
197	197	275	533.790	1842.935	0.870	6	93	140	27	5	6	93	140	27	5	110.102	177.302	217	207	198	191	185	180	173	164	156	148	133	102.796	337.269	475	445	417	396	370	348	318	290	254	221	172	0	0	0.000	0.000	0	0	0	0	0.000	0	0	0	0.000	0	0	0	0	0.000	0.000	0	0	0	0	0.000	0	0	0	0.000	0	0
198	198	784	691.540	1849.726	0.926	30	169	436	106	34	30	169	436	106	34	112.000	422.448	604	543	489	465	455	440	419	383	340	285	197	103.685	117.820	126	122	121	120	119	118	117	117	115	113	107	0	0	0.000	0.000	0	0	0	0	0.000	0	0	0	0.000	0	0	0	0	0.000	0.000	0	0	0	0	0.000	0	0	0	0.000	0	0
199	199	2103	1342.131	1867.313	0.877	444	1507	104	12	5	444	1507	104	12	5	112.000	144.385	160	154	151	149	147	145	143	140	137	134	125	106.002	1978.462	3174	2783	2492	2325	2152	1997	1820	1633	1422	1180	807	0	0	0.000	0.000	0	0	0	0	0.000	0	0	0	0.000	0	0	0	0	0.000	0.000	0	0	0	0	0.000	0	0	0	0.000	0	0
200	200	2602	171.649	1881.907	0.841	374	1891	235	55	25	374	1891	235	55	25	107.598	195.390	566	248	207	195	189	184	177	167	155	143	130	103.000	608.601	1410	865	792	725	675	629	576	497	378	273	201	1	117	168.861	1891.060	0	0	0	429	432.120	0	0	1116	1095.564	0	0	0	0	0.000	0.000	0	0	0	0	0.000	0	0	0	0.000	0	0
201	201	1661	553.255	1872.825	0.853	27	453	989	133	17	27	453	989	133	17	110.609	193.760	258	232	221	209	201	193	184	175	168	156	139	103.000	410.207	675	581	530	491	454	412	368	319	275	246	193	0	0	0.000	0.000	0	0	0	0	0.000	0	0	0	0.000	0	0	0	0	0.000	0.000	0	0	0	0	0.000	0	0	0	0.000	0	0
202	202	1456	1807.604	1878.257	0.900	14	355	854	191	13	14	355	854	191	13	111.000	124.396	134	130	128	126	125	124	123	122	121	120	115	104.000	1810.582	2684	2459	2334	2204	2047	1870	1665	1484	1282	1059	781	0	0	0.000	0.000	0	0	0	0	0.000	0	0	0	0.000	0	0	0	0	0.000	0.000	0	0	0	0	0.000	0	0	0	0.000	0	0
203	203	1930	1418.120	1879.288	0.841	70	771	927	117	9	70	771	927	117	9	112.840	149.111	172	164	161	158	154	150	146	142	137	131	124	106.501	1791.338	2909	2531	2299	2136	1998	1822	1661	1513	1298	961	629	0	0	0.000	0.000	0	0	0	0	0.000	0	0	0	0.000	0	0	0	0	0.000	0.000	0	0	0	0	0.000	0	0	0	0.000	0	0
204	204	1916	731.424	1901.018	0.865	56	261	631	819	116	56	261	631	819	116	110.450	156.363	207	179	167	162	158	154	151	147	144	139	127	103.817	391.447	716	596	476	426	396	363	334	317	296	255	199	0	0	0.000	0.000	0	0	0	0	0.000	0	0	0	0.000	0	0	0	0	0.000	0.000	0	0	0	0	0.000	0	0	0	0.000	0	0
205	205	1413	585.405	1907.470	0.807	74	267	810	214	21	74	267	810	214	21	110.146	170.827	222	191	182	177	174	171	168	164	159	149	130	103.000	309.375	474	396	369	347	327	305	283	264	246	230	164	0	0	0.000	0.000	0	0	0	0	0.000	0	0	0	0.000	0	0	0	0	0.000	0.000	0	0	0	0	0.000	0	0	0	0.000	0	0
206	206	1546	1291.088	1895.915	0.883	40	393	960	128	3	40	393	960	128	3	111.992	152.327	174	162	159	157	155	153	151	149	145	140	134	104.837	2535.959	4050	3378	3084	2880	2731	2587	2379	2166	1903	1678	1227	0	0	0.000	0.000	0	0	0	0	0.000	0	0	0	0.000	0	0	0	0	0.000	0.000	0	0	0	0	0.000	0	0	0	0.000	0	0
207	207	2210	1438.696	1939.996	0.822	50	472	1479	153	13	50	472	1479	153	13	114.458	202.440	256	238	228	221	212	203	193	183	175	168	153	105.313	2029.964	3078	2817	2633	2481	2307	2118	1926	1691	1419	1067	620	0	0	0.000	0.000	0	0	0	0	0.000	0	0	0	0.000	0	0	0	0	0.000	0.000	0	0	0	0	0.000	0	0	0	0.000	0	0
208	208	1574	1185.143	1934.988	0.913	6	342	969	197	18	6	342	969	197	18	110.973	124.652	139	131	128	127	125	124	123	122	121	120	116	104.005	999.001	1577	1406	1295	1202	1131	1042	937	835	688	506	376	0	0	0.000	0.000	0	0	0	0	0.000	0	0	0	0.000	0	0	0	0	0.000	0.000	0	0	0	0	0.000	0	0	0	0.000	0	0
209	209	645	1226.974	1948.319	0.865	17	35	139	357	83	17	35	139	357	83	111.000	121.873	130	126	124	123	123	122	121	120	119	118	116	104.116	832.560	1172	1076	1009	945	894	848	787	714	651	585	429	0	0	0.000	0.000	0	0	0	0	0.000	0	0	0	0.000	0	0	0	0	0.000	0.000	0	0	0	0	0.000	0	0	0	0.000	0	0
210	210	2748	1644.280	1964.277	0.830	199	1914	530	48	4	199	1914	530	48	4	111.263	318.899	431	388	366	353	341	331	314	289	261	234	179	103.929	698.612	1078	936	846	789	744	706	667	607	544	462	278	0	0	0.000	0.000	0	0	0	0	0.000	0	0	0	0.000	0	0	0	0	0.000	0.000	0	0	0	0	0.000	0	0	0	0.000	0	0
211	211	866	2022.130	1980.362	0.888	81	158	452	152	10	81	158	452	152	10	107.839	118.952	136	127	123	120	119	118	117	116	115	114	111	102.087	856.968	1340	1170	1078	1001	931	858	789	730	652	526	361	0	0	0.000	0.000	0	0	0	0	0.000	0	0	0	0.000	0	0	0	0	0.000	0.000	0	0	0	0	0.000	0	0	0	0.000	0	0
212	212	1771	1194.427	1994.254	0.882	13	156	1017	530	20	13	156	1017	530	20	109.794	128.099	157	139	133	130	128	126	124	123	122	120	116	103.847	1089.138	1707	1543	1409	1299	1201	1086	970	874	768	650	467	0	0	0.000	0.000	0	0	0	0	0.000	0	0	0	0.000	0	0	0	0	0.000	0.000	0	0	0	0	0.000	0	0	0	0.000	0	0
213	213	1658	208.615	1994.616	0.896	26	125	435	947	84	26	125	435	947	84	105.264	165.417	189	182	177	174	170	167	164	161	155	145	128	101.212	697.370	925	863	814	778	744	702	668	632	583	521	332	0	0	0.000	0.000	0	0	0	0	0.000	0	0	0	0.000	0	0	0	0	0.000	0.000	0	0	0	0	0.000	0	0	0	0.000	0	0
214	214	1056	1617.093	2009.938	0.893	64	189	642	131	10	64	189	642	131	10	112.471	320.352	409	370	353	347	340	333	323	305	282	251	195	103.069	640.721	863	795	760	728	702	678	646	605	525	411	229	0	0	0.000	0.000	0	0	0	0	0.000	0	0	0	0.000	0	0	0	0	0.000	0.000	0	0	0	0	0.000	0	0	0	0.000	0	0
