 	cell	area	x	y	circ	BFI_lev_b1	BFI_lev_b2	BFI_lev_b3	BFI_lev_b4	BFI_lev_b5	BFO_lev_b1	BFO_lev_b2	BFO_lev_b3	BFO_lev_b4	BFO_lev_b5	RFP_int_bg	RFP_int_mean	RFP_int_b0	RFP_int_b1	RFP_int_b2	RFP_int_b3	RFP_int_b4	RFP_int_b5	RFP_int_b6	RFP_int_b7	RFP_int_b8	RFP_int_b9	RFP_int_b10	GFP_int_bg	GFP_int_mean	GFP_int_b0	GFP_int_b1	GFP_int_b2	GFP_int_b3	GFP_int_b4	GFP_int_b5	GFP_int_b6	GFP_int_b7	GFP_int_b8	GFP_int_b9	GFP_int_b10	inRFPnfoci	f1_inRFParea	f1_inRFPx	f1_inRFPy	f2_inRFParea	f2_inRFPx	f2_inRFPy	f1_inRFP_toRFPmed	f1_inRFP_toRFPmean	f2_inRFP_toRFPmed	f2_inRFP_toRFPmean	f1_inRFP_toGFPmed	f1_inRFP_toGFPmean	f2_inRFP_toGFPmed	f2_inRFP_toGFPmean	inGFPnfoci	f1_inGFParea	f1_inGFPx	f1_inGFPy	f2_inGFParea	f2_inGFPx	f2_inGFPy	f1_inGFP_toRFPmed	f1_inGFP_toRFPmean	f2_inGFP_toRFPmed	f2_inGFP_toRFPmean	f1_inGFP_toGFPmed	f1_inGFP_toGFPmean	f2_inGFP_toGFPmed	f2_inGFP_toGFPmean
1	1	2297	1884.243	34.237	0.865	156	683	1099	268	34	156	683	1099	268	34	104.337	290.608	366	341	332	323	314	303	291	278	257	207	159	102.480	1474.166	2060	1903	1835	1742	1645	1536	1438	1322	1145	935	434	0	0	0.000	0.000	0	0	0	0	0.000	0	0	0	0.000	0	0	0	0	0.000	0.000	0	0	0	0	0.000	0	0	0	0.000	0	0
2	2	1874	1691.418	51.326	0.904	333	1149	324	22	13	333	1149	324	22	13	106.000	111.544	121	114	113	112	112	111	111	110	110	109	106	101.895	438.584	734	629	562	515	473	440	402	356	305	251	197	0	0	0.000	0.000	0	0	0	0	0.000	0	0	0	0.000	0	0	0	0	0.000	0.000	0	0	0	0	0.000	0	0	0	0.000	0	0
3	3	1898	574.050	52.160	0.899	34	818	802	173	32	34	818	802	173	32	107.527	218.444	288	263	253	246	236	223	209	197	181	163	145	111.410	1572.513	2384	2193	2061	1958	1803	1620	1447	1276	1057	813	632	0	0	0.000	0.000	0	0	0	0	0.000	0	0	0	0.000	0	0	0	0	0.000	0.000	0	0	0	0	0.000	0	0	0	0.000	0	0
4	4	382	1104.488	44.945	0.895	23	65	125	125	34	23	65	125	125	34	106.251	118.990	128	124	123	122	120	119	117	116	115	114	111	103.000	876.419	1265	1168	1090	1029	974	911	832	771	650	529	356	0	0	0.000	0.000	0	0	0	0	0.000	0	0	0	0.000	0	0	0	0	0.000	0.000	0	0	0	0	0.000	0	0	0	0.000	0	0
5	5	607	530.253	46.531	0.906	23	59	336	165	16	23	59	336	165	16	107.115	166.311	209	192	184	178	171	165	159	154	149	142	133	109.493	1325.305	1923	1771	1641	1521	1410	1309	1222	1130	1024	894	684	0	0	0.000	0.000	0	0	0	0	0.000	0	0	0	0.000	0	0	0	0	0.000	0.000	0	0	0	0	0.000	0	0	0	0.000	0	0
6	6	2652	966.522	65.827	0.882	1767	565	187	83	24	1767	565	187	83	24	107.610	130.120	148	140	136	134	133	130	128	126	123	120	114	107.102	1221.657	2263	1829	1622	1472	1346	1222	1081	951	796	625	325	0	0	0.000	0.000	0	0	0	0	0.000	0	0	0	0.000	0	0	0	0	0.000	0.000	0	0	0	0	0.000	0	0	0	0.000	0	0
7	7	1858	1369.295	66.901	0.889	37	417	1183	163	9	37	417	1183	163	9	107.000	130.770	462	132	130	129	127	126	124	122	119	116	111	101.453	151.858	213	170	166	163	159	155	150	143	135	128	112	1	65	1385.670	61.031	0	0	0	266	272.492	0	0	170	169.538	0	0	0	0	0.000	0.000	0	0	0	0	0.000	0	0	0	0.000	0	0
8	8	1668	422.760	69.109	0.910	451	1065	71	32	26	451	1065	71	32	26	106.102	150.080	167	161	159	157	155	153	151	147	141	133	120	107.823	2438.824	3403	3167	3037	2893	2730	2589	2381	2093	1854	1528	694	0	0	0.000	0.000	0	0	0	0	0.000	0	0	0	0.000	0	0	0	0	0.000	0.000	0	0	0	0	0.000	0	0	0	0.000	0	0
9	9	1793	1306.227	69.569	0.880	20	304	933	430	63	20	304	933	430	63	106.069	171.516	1791	165	130	128	126	125	123	121	119	117	113	102.000	145.836	270	161	157	153	149	144	138	133	130	126	110	1	103	1311.289	55.046	0	0	0	774	832.757	0	0	197	197.388	0	0	1	18	1311.759	55.344	0	0	0	1442	1436.333	0	0	245	242.056	0	0
10	10	1908	1082.392	75.269	0.882	47	286	1110	396	34	47	286	1110	396	34	106.949	142.642	167	159	154	149	147	144	140	136	132	126	118	104.060	1421.206	2428	2163	1911	1682	1517	1378	1251	1135	1000	751	474	0	0	0.000	0.000	0	0	0	0	0.000	0	0	0	0.000	0	0	0	0	0.000	0.000	0	0	0	0	0.000	0	0	0	0.000	0	0
11	11	2282	1132.775	90.660	0.837	65	801	1251	113	9	65	801	1251	113	9	107.000	144.972	174	162	157	153	150	146	142	137	132	127	118	103.611	1587.386	2546	2331	2098	1882	1707	1587	1449	1288	1096	858	556	0	0	0.000	0.000	0	0	0	0	0.000	0	0	0	0.000	0	0	0	0	0.000	0.000	0	0	0	0	0.000	0	0	0	0.000	0	0
12	12	331	1408.400	71.403	0.957	31	56	98	102	36	31	56	98	102	36	107.000	113.840	119	116	115	115	114	114	113	113	112	112	110	101.000	121.063	137	131	128	126	124	122	120	117	113	110	106	0	0	0.000	0.000	0	0	0	0	0.000	0	0	0	0.000	0	0	0	0	0.000	0.000	0	0	0	0	0.000	0	0	0	0.000	0	0
13	13	1293	529.189	83.847	0.903	66	176	777	240	8	66	176	777	240	8	108.000	181.856	222	206	196	191	187	183	178	174	167	159	129	110.118	2488.097	3724	3245	3014	2863	2687	2481	2335	2171	2005	1716	943	0	0	0.000	0.000	0	0	0	0	0.000	0	0	0	0.000	0	0	0	0	0.000	0.000	0	0	0	0	0.000	0	0	0	0.000	0	0
14	14	969	1781.617	82.305	0.842	128	491	272	48	10	128	491	272	48	10	105.822	146.667	200	183	170	158	148	141	137	132	125	120	112	102.258	122.856	148	135	130	126	124	122	120	118	116	112	107	0	0	0.000	0.000	0	0	0	0	0.000	0	0	0	0.000	0	0	0	0	0.000	0.000	0	0	0	0	0.000	0	0	0	0.000	0	0
15	15	1668	1956.792	91.449	0.890	738	836	39	15	9	738	836	39	15	9	105.254	111.308	119	115	113	112	112	111	110	110	109	109	106	102.821	505.874	902	674	628	588	556	527	484	442	365	296	231	0	0	0.000	0.000	0	0	0	0	0.000	0	0	0	0.000	0	0	0	0	0.000	0.000	0	0	0	0	0.000	0	0	0	0.000	0	0
16	16	2791	482.785	109.057	0.869	582	1623	453	54	33	582	1623	453	54	33	107.597	177.023	233	210	199	192	186	180	173	163	153	138	122	109.612	2281.620	4016	3416	3081	2782	2527	2319	2108	1858	1471	1002	489	0	0	0.000	0.000	0	0	0	0	0.000	0	0	0	0.000	0	0	0	0	0.000	0.000	0	0	0	0	0.000	0	0	0	0.000	0	0
17	17	1752	1909.363	108.251	0.902	187	1143	345	33	13	187	1143	345	33	13	105.933	114.751	138	120	116	115	114	113	113	112	112	111	109	102.665	156.239	190	177	170	165	159	155	151	148	144	138	122	1	176	1897.504	99.528	0	0	0	126	126.375	0	0	174	172.693	0	0	0	0	0.000	0.000	0	0	0	0	0.000	0	0	0	0.000	0	0
18	18	1493	647.296	104.558	0.911	209	600	614	25	13	209	600	614	25	13	108.000	145.200	163	157	155	153	151	148	144	140	133	128	122	110.910	1769.495	2382	2237	2130	2057	1972	1864	1740	1565	1359	1136	807	0	0	0.000	0.000	0	0	0	0	0.000	0	0	0	0.000	0	0	0	0	0.000	0.000	0	0	0	0	0.000	0	0	0	0.000	0	0
19	19	719	1341.020	99.003	0.919	25	231	303	125	21	25	231	303	125	21	107.000	119.910	126	124	123	122	121	120	119	118	117	116	113	102.000	135.848	155	148	145	142	140	136	133	130	127	123	113	0	0	0.000	0.000	0	0	0	0	0.000	0	0	0	0.000	0	0	0	0	0.000	0.000	0	0	0	0	0.000	0	0	0	0.000	0	0
20	20	2547	594.740	121.169	0.841	118	409	1665	300	31	118	409	1665	300	31	107.790	115.982	122	119	118	117	117	116	115	115	114	113	109	110.597	722.547	1688	1200	1025	898	779	669	567	485	429	321	225	0	0	0.000	0.000	0	0	0	0	0.000	0	0	0	0.000	0	0	0	0	0.000	0.000	0	0	0	0	0.000	0	0	0	0.000	0	0
21	21	2665	959.277	123.359	0.886	1975	444	145	60	8	1975	444	145	60	8	108.834	137.098	161	148	144	142	140	138	135	132	129	126	117	107.697	657.212	1101	945	859	789	725	661	591	528	459	362	253	0	0	0.000	0.000	0	0	0	0	0.000	0	0	0	0.000	0	0	0	0	0.000	0.000	0	0	0	0	0.000	0	0	0	0.000	0	0
22	22	1681	1501.386	152.682	0.888	217	1356	64	26	8	217	1356	64	26	8	107.262	192.893	784	254	198	184	178	170	160	152	145	138	127	102.157	725.438	1231	1069	969	897	830	745	647	558	457	361	274	1	100	1509.727	152.780	0	0	0	488	501.560	0	0	837	826.140	0	0	0	0	0.000	0.000	0	0	0	0	0.000	0	0	0	0.000	0	0
23	23	1685	1549.475	153.789	0.890	30	371	1078	168	11	30	371	1078	168	11	107.238	193.677	1752	184	161	158	155	152	149	146	141	135	122	103.000	669.764	1580	895	796	743	693	654	611	569	529	472	325	1	90	1543.869	171.930	0	0	0	789	836.233	0	0	931	989.300	0	0	0	0	0.000	0.000	0	0	0	0	0.000	0	0	0	0.000	0	0
24	24	914	1034.483	147.393	0.916	62	75	138	453	162	62	75	138	453	162	107.447	113.723	119	116	115	115	114	114	113	113	112	111	109	105.717	456.813	655	590	551	517	491	472	430	392	356	322	236	0	0	0.000	0.000	0	0	0	0	0.000	0	0	0	0.000	0	0	0	0	0.000	0.000	0	0	0	0	0.000	0	0	0	0.000	0	0
25	25	1233	225.817	154.346	0.907	42	239	617	270	41	42	239	617	270	41	106.000	129.951	168	152	142	137	132	127	123	120	117	114	109	102.000	126.169	162	142	135	132	128	126	122	119	115	112	106	0	0	0.000	0.000	0	0	0	0	0.000	0	0	0	0.000	0	0	0	0	0.000	0.000	0	0	0	0	0.000	0	0	0	0.000	0	0
26	26	2995	904.790	165.132	0.891	1058	1512	228	140	28	1058	1512	228	140	28	108.411	153.086	224	174	167	162	157	153	148	143	138	131	119	106.476	926.155	2475	1381	1247	1133	1040	936	841	729	600	415	255	0	0	0.000	0.000	0	0	0	0	0.000	0	0	0	0.000	0	0	0	0	0.000	0.000	0	0	0	0	0.000	0	0	0	0.000	0	0
27	27	2516	467.183	167.888	0.887	742	1311	266	124	43	742	1311	266	124	43	108.468	167.803	376	196	186	177	169	163	159	153	146	139	125	108.955	2089.709	4187	3150	2723	2407	2188	2022	1838	1654	1453	1216	619	1	28	486.148	177.891	0	0	0	306	309.893	0	0	3543	3425.750	0	0	0	0	0.000	0.000	0	0	0	0	0.000	0	0	0	0.000	0	0
28	28	1388	618.767	170.751	0.900	722	631	15	5	1	722	631	15	5	1	107.585	116.425	128	122	119	117	116	115	115	114	114	113	110	108.687	1199.597	1786	1601	1514	1430	1332	1224	1131	1001	857	728	565	0	0	0.000	0.000	0	0	0	0	0.000	0	0	0	0.000	0	0	0	0	0.000	0.000	0	0	0	0	0.000	0	0	0	0.000	0	0
29	29	1759	568.488	172.396	0.882	61	355	988	296	31	61	355	988	296	31	107.660	113.822	119	116	115	115	114	114	113	113	112	111	109	109.554	721.764	1067	964	896	841	778	728	685	632	560	455	281	0	0	0.000	0.000	0	0	0	0	0.000	0	0	0	0.000	0	0	0	0	0.000	0.000	0	0	0	0	0.000	0	0	0	0.000	0	0
30	30	1405	1773.085	170.086	0.896	19	77	467	725	86	19	77	467	725	86	107.675	112.940	118	115	115	114	113	113	112	112	112	111	109	103.989	488.934	700	638	603	572	531	496	456	414	375	329	226	0	0	0.000	0.000	0	0	0	0	0.000	0	0	0	0.000	0	0	0	0	0.000	0.000	0	0	0	0	0.000	0	0	0	0.000	0	0
31	31	245	1744.318	169.740	0.936	46	69	88	35	6	46	69	88	35	6	107.237	113.388	117	116	115	114	114	113	113	113	112	111	110	103.429	348.576	526	483	431	407	378	350	322	290	257	222	168	0	0	0.000	0.000	0	0	0	0	0.000	0	0	0	0.000	0	0	0	0	0.000	0.000	0	0	0	0	0.000	0	0	0	0.000	0	0
32	32	2141	1033.856	196.296	0.892	98	1183	781	38	8	98	1183	781	38	8	108.353	114.472	123	118	117	116	115	114	113	113	112	112	109	104.715	546.298	926	789	713	658	618	560	503	437	364	290	129	0	0	0.000	0.000	0	0	0	0	0.000	0	0	0	0.000	0	0	0	0	0.000	0.000	0	0	0	0	0.000	0	0	0	0.000	0	0
33	33	470	1523.368	188.889	0.889	174	108	141	29	6	174	108	141	29	6	108.000	128.760	153	141	136	132	130	127	125	123	121	120	116	102.651	347.409	448	423	410	396	374	350	328	311	290	265	199	0	0	0.000	0.000	0	0	0	0	0.000	0	0	0	0.000	0	0	0	0	0.000	0.000	0	0	0	0	0.000	0	0	0	0.000	0	0
34	34	1103	1955.211	200.900	0.912	80	333	529	136	6	80	333	529	136	6	106.135	111.681	117	114	113	113	112	112	111	111	110	109	106	103.131	882.367	1315	1201	1148	1094	1042	956	849	726	589	447	245	0	0	0.000	0.000	0	0	0	0	0.000	0	0	0	0.000	0	0	0	0	0.000	0.000	0	0	0	0	0.000	0	0	0	0.000	0	0
35	35	1783	1734.049	206.394	0.876	58	260	840	529	66	58	260	840	529	66	107.570	126.921	163	143	136	131	126	124	122	120	119	116	111	103.324	136.178	183	155	148	142	139	135	132	129	125	117	107	0	0	0.000	0.000	0	0	0	0	0.000	0	0	0	0.000	0	0	0	0	0.000	0.000	0	0	0	0	0.000	0	0	0	0.000	0	0
36	36	1180	1807.597	209.512	0.915	347	374	308	119	16	347	374	308	119	16	107.000	113.044	119	116	115	114	113	113	112	112	111	111	107	104.683	474.247	712	602	551	520	492	475	455	430	390	346	253	0	0	0.000	0.000	0	0	0	0	0.000	0	0	0	0.000	0	0	0	0	0.000	0.000	0	0	0	0	0.000	0	0	0	0.000	0	0
37	37	1506	1558.571	213.854	0.901	67	551	760	87	15	67	551	760	87	15	108.000	151.463	662	157	152	148	144	141	137	134	130	126	117	102.535	524.540	846	691	651	612	578	548	516	462	386	307	162	1	58	1550.906	228.356	0	0	0	358	372.534	0	0	742	708.086	0	0	0	0	0.000	0.000	0	0	0	0	0.000	0	0	0	0.000	0	0
38	38	2652	1858.373	222.871	0.887	1279	971	239	105	11	1279	971	239	105	11	107.791	115.063	125	119	117	116	115	115	114	114	113	112	109	104.954	1491.549	4016	2217	1979	1812	1608	1449	1293	1119	942	749	323	0	0	0.000	0.000	0	0	0	0	0.000	0	0	0	0.000	0	0	0	0	0.000	0.000	0	0	0	0	0.000	0	0	0	0.000	0	0
39	39	1111	585.215	215.394	0.913	455	361	145	92	45	455	361	145	92	45	108.000	113.853	120	117	116	115	114	114	113	113	112	111	109	107.309	641.661	939	854	785	739	686	631	585	546	508	458	284	0	0	0.000	0.000	0	0	0	0	0.000	0	0	0	0.000	0	0	0	0	0.000	0.000	0	0	0	0	0.000	0	0	0	0.000	0	0
40	40	1883	539.826	225.497	0.883	230	1460	137	26	6	230	1460	137	26	6	108.000	114.195	124	117	116	115	114	114	113	113	112	112	109	106.808	771.357	1240	1075	1005	937	866	788	707	618	526	442	301	0	0	0.000	0.000	0	0	0	0	0.000	0	0	0	0.000	0	0	0	0	0.000	0.000	0	0	0	0	0.000	0	0	0	0.000	0	0
41	41	1619	981.471	224.426	0.911	126	288	658	436	75	126	288	658	436	75	108.460	115.158	122	118	117	116	116	115	115	114	113	113	110	105.380	568.258	894	787	713	671	630	584	525	466	412	333	253	0	0	0.000	0.000	0	0	0	0	0.000	0	0	0	0.000	0	0	0	0	0.000	0.000	0	0	0	0	0.000	0	0	0	0.000	0	0
42	42	1894	1914.242	226.901	0.895	1057	588	133	55	23	1057	588	133	55	23	107.332	115.637	127	122	120	118	116	115	114	113	112	111	108	104.676	1022.211	1642	1373	1283	1218	1163	1107	1007	864	687	529	366	0	0	0.000	0.000	0	0	0	0	0.000	0	0	0	0.000	0	0	0	0	0.000	0.000	0	0	0	0	0.000	0	0	0	0.000	0	0
43	43	1312	381.848	227.513	0.920	30	69	854	260	76	30	69	854	260	76	108.000	186.347	225	207	201	196	191	187	182	177	172	164	151	106.775	666.661	909	841	804	762	722	682	642	603	546	454	298	0	0	0.000	0.000	0	0	0	0	0.000	0	0	0	0.000	0	0	0	0	0.000	0.000	0	0	0	0	0.000	0	0	0	0.000	0	0
44	44	2182	336.291	237.832	0.894	160	678	1229	68	10	160	678	1229	68	10	107.631	115.846	132	119	118	117	116	116	115	114	114	113	110	105.306	135.474	219	142	140	138	137	135	133	132	130	128	116	0	0	0.000	0.000	0	0	0	0	0.000	0	0	0	0.000	0	0	0	0	0.000	0.000	0	0	0	0	0.000	0	0	0	0.000	0	0
45	45	2167	169.961	236.104	0.869	109	1271	664	46	34	109	1271	664	46	34	106.581	175.985	1498	208	135	129	126	124	122	120	118	116	110	102.000	816.110	4502	1152	926	840	768	702	628	550	473	362	255	1	156	162.019	231.690	0	0	0	697	752.353	0	0	2430	2511.994	0	0	1	104	161.626	232.496	0	0	0	894	881.567	0	0	3015	3041.587	0	0
46	46	1819	229.758	250.893	0.913	34	158	873	690	17	34	158	873	690	17	107.000	124.537	148	130	128	127	126	125	124	122	121	117	109	102.137	622.959	1048	850	777	722	669	624	570	513	456	394	218	0	0	0.000	0.000	0	0	0	0	0.000	0	0	0	0.000	0	0	0	0	0.000	0.000	0	0	0	0	0.000	0	0	0	0.000	0	0
47	47	1509	453.414	258.862	0.899	43	67	628	716	31	43	67	628	716	31	107.813	119.452	133	125	123	121	120	119	118	117	116	115	111	105.532	971.341	1625	1496	1377	1243	1118	970	823	689	566	456	351	0	0	0.000	0.000	0	0	0	0	0.000	0	0	0	0.000	0	0	0	0	0.000	0.000	0	0	0	0	0.000	0	0	0	0.000	0	0
48	48	1587	1887.996	272.738	0.906	297	344	690	204	20	297	344	690	204	20	107.778	115.147	127	119	117	116	115	115	114	114	113	112	110	104.889	1398.538	2926	1944	1755	1611	1468	1358	1274	1171	1022	845	662	0	0	0.000	0.000	0	0	0	0	0.000	0	0	0	0.000	0	0	0	0	0.000	0.000	0	0	0	0	0.000	0	0	0	0.000	0	0
49	49	2336	371.003	282.710	0.887	9	810	1376	73	7	9	810	1376	73	7	108.000	193.871	244	227	218	210	204	197	189	180	169	157	136	105.158	762.093	1135	1032	974	903	834	766	699	642	579	465	307	0	0	0.000	0.000	0	0	0	0	0.000	0	0	0	0.000	0	0	0	0	0.000	0.000	0	0	0	0	0.000	0	0	0	0.000	0	0
50	50	1889	907.021	282.248	0.875	733	1056	33	20	14	733	1056	33	20	14	109.001	114.871	121	118	117	116	115	115	114	114	113	113	110	105.000	531.122	796	724	674	638	601	563	512	452	363	284	225	0	0	0.000	0.000	0	0	0	0	0.000	0	0	0	0.000	0	0	0	0	0.000	0.000	0	0	0	0	0.000	0	0	0	0.000	0	0
51	51	991	187.845	286.177	0.896	30	66	287	467	116	30	66	287	467	116	106.835	120.198	131	127	125	124	123	121	119	117	114	112	108	101.990	581.923	944	830	767	705	651	592	535	484	438	305	120	0	0	0.000	0.000	0	0	0	0	0.000	0	0	0	0.000	0	0	0	0	0.000	0.000	0	0	0	0	0.000	0	0	0	0.000	0	0
52	52	1419	509.400	284.864	0.856	129	872	378	16	6	129	872	378	16	6	108.000	118.038	126	123	121	120	119	118	117	116	115	114	110	104.120	674.013	1262	1100	973	851	722	609	536	468	394	334	279	0	0	0.000	0.000	0	0	0	0	0.000	0	0	0	0.000	0	0	0	0	0.000	0.000	0	0	0	0	0.000	0	0	0	0.000	0	0
53	53	1076	556.191	291.339	0.893	57	428	521	40	4	57	428	521	40	4	107.863	118.304	126	123	121	120	119	118	118	117	116	113	109	103.765	723.861	1065	943	891	854	813	764	701	640	563	441	154	0	0	0.000	0.000	0	0	0	0	0.000	0	0	0	0.000	0	0	0	0	0.000	0.000	0	0	0	0	0.000	0	0	0	0.000	0	0
54	54	1812	1089.965	305.418	0.875	255	1431	78	23	5	255	1431	78	23	5	108.923	138.780	162	154	150	147	144	140	136	131	126	122	112	102.662	1056.101	1754	1537	1425	1338	1224	1098	951	795	666	508	194	0	0	0.000	0.000	0	0	0	0	0.000	0	0	0	0.000	0	0	0	0	0.000	0.000	0	0	0	0	0.000	0	0	0	0.000	0	0
55	55	1331	466.190	308.801	0.903	38	259	818	179	12	38	259	818	179	12	107.959	119.214	127	124	123	121	120	119	118	117	116	115	112	104.070	1075.546	1604	1442	1387	1322	1232	1144	1048	939	762	547	329	0	0	0.000	0.000	0	0	0	0	0.000	0	0	0	0.000	0	0	0	0	0.000	0.000	0	0	0	0	0.000	0	0	0	0.000	0	0
56	56	709	867.097	299.966	0.922	43	74	298	234	49	43	74	298	234	49	109.000	115.441	123	120	118	117	116	115	114	114	113	112	109	104.059	389.764	579	505	469	433	414	395	374	349	315	260	192	0	0	0.000	0.000	0	0	0	0	0.000	0	0	0	0.000	0	0	0	0	0.000	0.000	0	0	0	0	0.000	0	0	0	0.000	0	0
57	57	369	1051.871	305.818	0.941	14	75	155	108	10	14	75	155	108	10	108.970	119.247	126	123	122	121	121	120	118	117	116	115	113	103.000	412.995	661	602	556	512	479	440	384	326	248	191	132	0	0	0.000	0.000	0	0	0	0	0.000	0	0	0	0.000	0	0	0	0	0.000	0.000	0	0	0	0	0.000	0	0	0	0.000	0	0
58	58	1859	927.831	326.548	0.890	603	1118	70	37	10	603	1118	70	37	10	109.593	244.082	2463	332	155	150	147	144	141	137	132	127	120	104.685	157.748	264	175	169	165	161	158	153	146	139	133	120	1	156	914.462	325.826	0	0	0	1148	1227.288	0	0	202	203.872	0	0	0	0	0.000	0.000	0	0	0	0	0.000	0	0	0	0.000	0	0
59	59	1246	1887.244	324.217	0.900	75	307	738	94	12	75	307	738	94	12	107.000	114.132	121	117	116	115	115	114	113	113	112	111	108	103.054	1524.930	2428	2132	1900	1795	1707	1599	1459	1281	1062	847	416	0	0	0.000	0.000	0	0	0	0	0.000	0	0	0	0.000	0	0	0	0	0.000	0.000	0	0	0	0	0.000	0	0	0	0.000	0	0
60	60	1631	977.989	328.438	0.887	125	1115	303	44	10	125	1115	303	44	10	109.000	161.508	1074	161	153	150	146	142	139	135	131	127	120	103.851	155.827	207	174	169	165	161	156	151	147	141	136	125	1	67	990.250	335.134	0	0	0	521	532.731	0	0	180	178.806	0	0	0	0	0.000	0.000	0	0	0	0	0.000	0	0	0	0.000	0	0
61	61	362	825.647	316.243	0.902	11	59	137	111	40	11	59	137	111	40	107.481	114.865	119	118	117	116	115	115	114	114	113	112	111	103.273	345.735	453	430	402	375	356	341	329	320	298	271	223	0	0	0.000	0.000	0	0	0	0	0.000	0	0	0	0.000	0	0	0	0	0.000	0.000	0	0	0	0	0.000	0	0	0	0.000	0	0
62	62	1863	1040.855	344.607	0.880	60	253	886	568	59	60	253	886	568	59	108.908	147.746	525	158	154	151	148	144	139	134	128	123	115	102.991	1115.378	1817	1624	1479	1404	1336	1226	1074	879	635	457	202	1	49	1040.086	346.171	0	0	0	319	324.388	0	0	1029	1058.939	0	0	0	0	0.000	0.000	0	0	0	0	0.000	0	0	0	0.000	0	0
63	63	460	165.529	330.295	0.901	33	55	161	182	22	33	55	161	182	22	105.896	122.198	132	128	126	125	124	123	121	120	118	116	111	102.472	394.683	564	513	467	427	404	391	374	355	327	294	229	0	0	0.000	0.000	0	0	0	0	0.000	0	0	0	0.000	0	0	0	0	0.000	0.000	0	0	0	0	0.000	0	0	0	0.000	0	0
64	64	1658	862.006	339.218	0.885	16	57	697	796	61	16	57	697	796	61	109.017	115.290	122	119	118	117	116	115	114	114	113	112	110	104.000	495.818	794	672	579	550	529	504	467	424	378	334	249	0	0	0.000	0.000	0	0	0	0	0.000	0	0	0	0.000	0	0	0	0	0.000	0.000	0	0	0	0	0.000	0	0	0	0.000	0	0
65	65	2762	360.797	353.814	0.877	56	189	737	1561	158	56	189	737	1561	158	108.371	325.588	7030	233	215	204	194	186	178	169	158	146	132	104.895	741.425	2060	1107	1011	903	798	703	623	553	476	371	266	1	103	359.728	354.497	0	0	0	3117	3270.796	0	0	1417	1454.874	0	0	0	0	0.000	0.000	0	0	0	0	0.000	0	0	0	0.000	0	0
66	66	1527	200.352	355.877	0.886	245	378	794	77	8	245	378	794	77	8	106.000	149.835	538	164	148	144	141	138	134	131	128	125	114	103.349	516.084	778	701	668	622	571	523	488	437	366	296	236	1	78	190.247	349.774	0	0	0	332	336.615	0	0	332	372.654	0	0	0	0	0.000	0.000	0	0	0	0	0.000	0	0	0	0.000	0	0
67	67	1109	791.870	371.828	0.920	19	174	642	235	16	19	174	642	235	16	108.737	133.106	147	142	140	138	137	134	131	129	126	123	116	103.000	151.494	174	165	161	158	155	153	150	147	143	135	122	0	0	0.000	0.000	0	0	0	0	0.000	0	0	0	0.000	0	0	0	0	0.000	0.000	0	0	0	0	0.000	0	0	0	0.000	0	0
68	68	2046	899.992	383.478	0.850	57	901	922	101	20	57	901	922	101	20	109.760	500.499	9312	628	168	163	160	155	150	144	138	134	121	104.000	151.581	342	168	160	155	150	145	141	137	133	130	114	1	154	888.583	375.433	0	0	0	3775	4285.227	0	0	232	234.234	0	0	1	76	887.534	375.455	0	0	0	6206	5708.197	0	0	281	274.105	0	0
69	69	1738	841.335	382.495	0.877	25	271	919	452	46	25	271	919	452	46	109.010	154.274	1101	150	143	139	137	135	133	131	128	125	114	103.814	150.105	233	167	162	158	154	150	147	142	137	132	108	1	70	843.365	373.330	0	0	0	506	527.329	0	0	182	183.257	0	0	0	0	0.000	0.000	0	0	0	0	0.000	0	0	0	0.000	0	0
70	70	1727	315.766	387.846	0.891	11	85	894	674	38	11	85	894	674	38	107.454	223.972	2435	242	167	162	158	154	149	143	137	131	124	104.400	399.096	1062	537	491	468	440	405	360	309	264	226	175	1	103	326.198	387.060	0	0	0	1110	1182.165	0	0	707	728.311	0	0	0	0	0.000	0.000	0	0	0	0	0.000	0	0	0	0.000	0	0
71	71	1657	228.874	409.397	0.878	544	829	118	95	59	544	829	118	95	59	106.923	173.638	1493	174	148	143	141	139	136	133	131	125	117	103.963	537.742	1006	763	687	628	581	538	488	446	389	313	216	1	89	220.517	422.757	0	0	0	645	702.180	0	0	817	783.831	0	0	0	0	0.000	0.000	0	0	0	0	0.000	0	0	0	0.000	0	0
72	72	1564	1812.842	412.555	0.897	84	379	912	147	14	84	379	912	147	14	107.943	115.738	125	119	118	117	116	115	115	114	113	113	111	103.000	1117.348	1868	1489	1368	1282	1222	1141	1049	942	836	724	413	0	0	0.000	0.000	0	0	0	0	0.000	0	0	0	0.000	0	0	0	0	0.000	0.000	0	0	0	0	0.000	0	0	0	0.000	0	0
73	73	1309	356.759	407.625	0.903	30	140	712	383	14	30	140	712	383	14	108.000	147.575	171	164	160	158	153	148	143	139	134	130	121	103.955	390.304	541	511	493	474	449	423	382	325	266	220	174	0	0	0.000	0.000	0	0	0	0	0.000	0	0	0	0.000	0	0	0	0	0.000	0.000	0	0	0	0	0.000	0	0	0	0.000	0	0
74	74	1705	443.251	416.530	0.865	114	756	678	127	5	114	756	678	127	5	108.500	134.236	147	141	139	138	137	136	133	131	128	125	119	103.827	122.772	141	128	126	125	124	123	122	120	119	118	112	0	0	0.000	0.000	0	0	0	0	0.000	0	0	0	0.000	0	0	0	0	0.000	0.000	0	0	0	0	0.000	0	0	0	0.000	0	0
75	75	1693	273.892	420.350	0.847	14	144	806	627	59	14	144	806	627	59	107.421	157.871	186	180	176	172	165	158	152	146	140	135	127	104.430	549.070	839	790	753	702	623	555	494	420	349	277	223	0	0	0.000	0.000	0	0	0	0	0.000	0	0	0	0.000	0	0	0	0	0.000	0.000	0	0	0	0	0.000	0	0	0	0.000	0	0
76	76	1521	865.846	425.256	0.889	25	48	777	619	26	25	48	777	619	26	108.994	151.210	177	169	165	161	157	152	147	143	138	132	123	103.243	156.680	182	173	170	167	165	160	155	149	142	134	120	0	0	0.000	0.000	0	0	0	0	0.000	0	0	0	0.000	0	0	0	0	0.000	0.000	0	0	0	0	0.000	0	0	0	0.000	0	0
77	77	2126	502.765	441.385	0.877	88	738	983	240	25	88	738	983	240	25	108.000	130.982	146	140	137	135	133	131	129	127	125	122	110	103.000	120.721	137	126	124	123	122	121	120	119	117	116	107	0	0	0.000	0.000	0	0	0	0	0.000	0	0	0	0.000	0	0	0	0	0.000	0.000	0	0	0	0	0.000	0	0	0	0.000	0	0
78	78	1486	1173.148	438.095	0.886	16	149	631	574	91	16	149	631	574	91	109.000	144.223	160	152	151	149	148	146	144	142	137	133	123	103.000	156.454	177	168	165	162	160	157	155	152	149	144	127	0	0	0.000	0.000	0	0	0	0	0.000	0	0	0	0.000	0	0	0	0	0.000	0.000	0	0	0	0	0.000	0	0	0	0.000	0	0
79	79	1772	1710.800	446.874	0.848	145	1350	240	6	5	145	1350	240	6	5	109.000	143.651	169	158	154	150	147	143	140	137	134	130	120	102.851	326.897	497	411	381	364	350	334	320	295	261	221	165	0	0	0.000	0.000	0	0	0	0	0.000	0	0	0	0.000	0	0	0	0	0.000	0.000	0	0	0	0	0.000	0	0	0	0.000	0	0
80	80	1610	1919.001	461.116	0.892	23	184	700	600	59	23	184	700	600	59	107.817	134.798	148	144	142	140	138	136	135	132	127	123	115	103.000	886.255	1336	1182	1100	1029	973	903	835	754	660	554	379	0	0	0.000	0.000	0	0	0	0	0.000	0	0	0	0.000	0	0	0	0	0.000	0.000	0	0	0	0	0.000	0	0	0	0.000	0	0
81	81	1485	418.319	464.701	0.878	34	447	767	174	30	34	447	767	174	30	108.294	167.443	204	191	185	179	174	170	165	158	149	140	131	103.211	1508.239	2551	2286	2065	1882	1685	1560	1438	1160	895	650	436	0	0	0.000	0.000	0	0	0	0	0.000	0	0	0	0.000	0	0	0	0	0.000	0.000	0	0	0	0	0.000	0	0	0	0.000	0	0
82	82	1031	269.076	466.712	0.918	34	119	579	264	12	34	119	579	264	12	107.042	152.754	181	174	169	166	161	155	148	142	136	129	118	103.468	583.792	796	756	719	681	646	597	559	505	448	384	266	0	0	0.000	0.000	0	0	0	0	0.000	0	0	0	0.000	0	0	0	0	0.000	0.000	0	0	0	0	0.000	0	0	0	0.000	0	0
83	83	1463	56.248	473.933	0.915	42	291	679	346	74	42	291	679	346	74	104.619	125.098	163	137	129	126	125	124	122	120	119	117	111	101.498	140.519	160	150	148	146	144	143	141	139	134	126	108	0	0	0.000	0.000	0	0	0	0	0.000	0	0	0	0.000	0	0	0	0	0.000	0.000	0	0	0	0	0.000	0	0	0	0.000	0	0
84	84	1918	1138.747	480.677	0.891	10	304	1336	216	8	10	304	1336	216	8	108.352	209.676	2137	237	157	149	146	142	139	136	133	130	124	102.857	153.769	279	175	165	159	155	149	145	141	137	133	124	1	124	1145.984	492.826	0	0	0	934	1037.113	0	0	209	214.411	0	0	1	24	1146.866	492.135	0	0	0	1716	1642.875	0	0	260	256.875	0	0
85	85	1246	127.245	478.580	0.916	16	132	522	481	76	16	132	522	481	76	106.000	115.754	123	120	118	117	116	116	115	114	113	112	109	101.958	135.827	155	146	144	142	141	139	137	135	128	117	104	0	0	0.000	0.000	0	0	0	0	0.000	0	0	0	0.000	0	0	0	0	0.000	0.000	0	0	0	0	0.000	0	0	0	0.000	0	0
86	86	1269	476.172	482.199	0.905	34	139	856	205	14	34	139	856	205	14	108.000	127.617	138	135	133	132	130	128	126	124	122	120	115	102.826	121.100	140	127	125	123	122	121	120	119	118	115	109	0	0	0.000	0.000	0	0	0	0	0.000	0	0	0	0.000	0	0	0	0	0.000	0.000	0	0	0	0	0.000	0	0	0	0.000	0	0
87	87	2094	1754.161	491.333	0.888	65	491	1067	411	23	65	491	1067	411	23	108.216	161.330	851	179	165	159	155	151	147	143	138	132	123	102.627	335.821	480	432	402	382	363	341	321	302	275	225	171	1	50	1758.713	473.381	0	0	0	464	463.260	0	0	346	343.360	0	0	0	0	0.000	0.000	0	0	0	0	0.000	0	0	0	0.000	0	0
88	88	1651	1192.322	496.760	0.853	101	949	518	38	8	101	949	518	38	8	108.586	183.048	1439	190	162	156	153	151	148	144	138	133	124	102.984	163.012	232	186	178	172	167	162	158	153	147	140	122	1	83	1192.739	509.442	0	0	0	648	701.253	0	0	195	196.687	0	0	0	0	0.000	0.000	0	0	0	0	0.000	0	0	0	0.000	0	0
89	89	1969	90.593	517.620	0.884	18	305	1125	448	46	18	305	1125	448	46	105.554	235.074	2058	470	184	137	130	127	125	122	119	117	110	101.879	140.664	269	154	146	143	140	137	134	130	126	121	109	1	206	99.087	527.334	0	0	0	914	1004.078	0	0	189	193.699	0	0	0	0	0.000	0.000	0	0	0	0	0.000	0	0	0	0.000	0	0
90	90	1423	1901.739	515.328	0.900	44	218	711	395	23	44	218	711	395	23	107.543	133.643	150	145	141	138	136	134	132	130	127	122	113	102.999	851.216	1230	1111	1032	978	921	869	807	737	670	587	359	0	0	0.000	0.000	0	0	0	0	0.000	0	0	0	0.000	0	0	0	0	0.000	0.000	0	0	0	0	0.000	0	0	0	0.000	0	0
91	91	1140	411.735	512.551	0.925	21	287	636	159	13	21	287	636	159	13	108.482	172.823	205	196	189	185	182	178	171	163	153	144	132	102.227	1865.395	2536	2379	2269	2174	2078	1973	1832	1682	1447	1156	705	0	0	0.000	0.000	0	0	0	0	0.000	0	0	0	0.000	0	0	0	0	0.000	0.000	0	0	0	0	0.000	0	0	0	0.000	0	0
92	92	1661	1985.989	513.408	0.880	62	322	913	304	32	62	322	913	304	32	107.000	117.667	135	125	121	119	117	116	115	115	114	113	109	102.456	735.069	1026	932	900	860	801	765	729	665	578	462	267	0	0	0.000	0.000	0	0	0	0	0.000	0	0	0	0.000	0	0	0	0	0.000	0.000	0	0	0	0	0.000	0	0	0	0.000	0	0
93	93	1650	293.368	521.139	0.890	61	444	785	303	31	61	444	785	303	31	108.000	157.635	192	180	173	169	164	159	153	147	140	135	123	102.474	176.526	250	220	207	197	188	176	164	153	143	135	123	0	0	0.000	0.000	0	0	0	0	0.000	0	0	0	0.000	0	0	0	0	0.000	0.000	0	0	0	0	0.000	0	0	0	0.000	0	0
94	94	2115	144.774	526.473	0.893	36	340	1026	645	32	36	340	1026	645	32	106.000	126.624	317	143	123	120	119	118	117	116	115	114	109	101.848	138.958	214	152	148	145	141	137	133	130	127	124	108	1	149	143.696	534.014	0	0	0	211	218.268	0	0	173	172.007	0	0	0	0	0.000	0.000	0	0	0	0	0.000	0	0	0	0.000	0	0
95	95	1080	253.446	546.039	0.935	1028	23	9	10	7	1028	23	9	10	7	107.366	172.011	191	186	184	182	179	175	171	166	160	153	139	103.000	196.117	242	224	220	215	210	203	194	182	168	157	139	0	0	0.000	0.000	0	0	0	0	0.000	0	0	0	0.000	0	0	0	0	0.000	0.000	0	0	0	0	0.000	0	0	0	0.000	0	0
96	96	1484	1988.773	557.847	0.898	13	251	817	359	28	13	251	817	359	28	107.214	143.810	169	154	151	149	147	145	142	139	136	133	122	103.476	188.082	239	218	208	202	197	191	183	174	165	157	137	0	0	0.000	0.000	0	0	0	0	0.000	0	0	0	0.000	0	0	0	0	0.000	0.000	0	0	0	0	0.000	0	0	0	0.000	0	0
97	97	1381	286.597	569.680	0.914	34	70	797	422	30	34	70	797	422	30	107.046	162.764	193	182	178	173	168	163	158	154	150	142	125	102.817	181.790	239	218	209	199	190	181	173	167	159	148	118	0	0	0.000	0.000	0	0	0	0	0.000	0	0	0	0.000	0	0	0	0	0.000	0.000	0	0	0	0	0.000	0	0	0	0.000	0	0
98	98	1896	1939.337	576.432	0.908	384	1245	230	10	6	384	1245	230	10	6	108.000	144.240	169	160	156	151	147	143	141	138	134	129	120	104.052	187.341	237	222	213	204	195	188	178	170	163	154	138	0	0	0.000	0.000	0	0	0	0	0.000	0	0	0	0.000	0	0	0	0	0.000	0.000	0	0	0	0	0.000	0	0	0	0.000	0	0
99	99	1432	2016.965	591.457	0.913	17	147	955	262	30	17	147	955	262	30	106.654	114.427	120	117	116	115	115	114	114	113	113	112	110	103.513	1045.114	1588	1454	1355	1256	1150	1040	934	845	739	647	333	0	0	0.000	0.000	0	0	0	0	0.000	0	0	0	0.000	0	0	0	0	0.000	0.000	0	0	0	0	0.000	0	0	0	0.000	0	0
100	100	1489	211.657	591.256	0.868	249	1101	66	25	18	249	1101	66	25	18	106.410	115.444	122	118	117	117	116	116	115	114	113	113	108	102.827	736.595	1028	966	927	879	833	772	709	630	533	430	341	0	0	0.000	0.000	0	0	0	0	0.000	0	0	0	0.000	0	0	0	0	0.000	0.000	0	0	0	0	0.000	0	0	0	0.000	0	0
101	101	1284	1787.140	598.233	0.902	33	223	931	64	15	33	223	931	64	15	108.734	136.357	148	143	140	139	138	137	136	134	132	129	120	103.452	724.565	999	907	839	803	771	740	711	672	606	506	347	0	0	0.000	0.000	0	0	0	0	0.000	0	0	0	0.000	0	0	0	0	0.000	0.000	0	0	0	0	0.000	0	0	0	0.000	0	0
102	102	2462	1891.580	617.356	0.850	614	1489	203	92	36	614	1489	203	92	36	108.000	141.843	170	158	152	148	144	141	137	134	131	128	122	103.683	180.983	244	221	210	199	186	177	169	161	152	145	137	0	0	0.000	0.000	0	0	0	0	0.000	0	0	0	0.000	0	0	0	0	0.000	0.000	0	0	0	0	0.000	0	0	0	0.000	0	0
103	103	2818	1742.270	631.447	0.883	62	328	1787	542	41	62	328	1787	542	41	109.268	167.263	1270	178	143	140	139	136	133	129	126	122	115	103.913	682.454	1596	963	921	858	766	673	600	525	440	330	230	1	144	1750.309	643.992	0	0	0	615	659.188	0	0	1196	1215.229	0	0	0	0	0.000	0.000	0	0	0	0	0.000	0	0	0	0.000	0	0
104	104	577	1976.130	614.494	0.891	55	134	233	117	24	55	134	233	117	24	108.000	138.026	158	150	148	145	143	141	137	132	127	122	115	104.612	920.127	1312	1189	1143	1091	1026	953	882	805	699	569	393	0	0	0.000	0.000	0	0	0	0	0.000	0	0	0	0.000	0	0	0	0	0.000	0.000	0	0	0	0	0.000	0	0	0	0.000	0	0
105	105	1506	245.138	636.024	0.850	21	169	799	459	28	21	169	799	459	28	106.348	115.157	126	121	118	116	115	114	114	113	112	111	109	102.971	695.739	1057	928	872	823	780	744	707	620	486	357	262	0	0	0.000	0.000	0	0	0	0	0.000	0	0	0	0.000	0	0	0	0	0.000	0.000	0	0	0	0	0.000	0	0	0	0.000	0	0
106	106	1592	1953.501	638.695	0.903	77	211	886	314	67	77	211	886	314	67	108.000	182.006	250	206	196	190	185	181	175	171	166	159	144	104.226	1368.773	2094	1875	1761	1610	1473	1348	1250	1147	1029	845	634	0	0	0.000	0.000	0	0	0	0	0.000	0	0	0	0.000	0	0	0	0	0.000	0.000	0	0	0	0	0.000	0	0	0	0.000	0	0
107	107	1984	1796.795	653.763	0.840	60	973	768	112	21	60	973	768	112	21	109.073	178.520	729	205	184	176	170	165	160	154	150	140	128	103.721	133.715	151	143	140	138	135	134	132	130	128	125	115	1	72	1778.573	661.835	0	0	0	437	455.000	0	0	135	136.722	0	0	0	0	0.000	0.000	0	0	0	0	0.000	0	0	0	0.000	0	0
108	108	2437	1695.062	667.830	0.895	40	286	1107	856	94	40	286	1107	856	94	109.551	386.391	5063	624	165	149	144	141	137	132	127	123	115	103.146	667.352	2973	938	798	707	631	579	521	439	343	268	211	1	241	1695.426	659.927	0	0	0	2260	2459.921	0	0	1816	1824.668	0	0	0	0	0.000	0.000	0	0	0	0	0.000	0	0	0	0.000	0	0
109	109	1361	753.040	664.625	0.912	55	68	430	681	85	55	68	430	681	85	108.765	115.968	121	118	118	117	116	116	115	115	114	114	111	106.399	1959.754	2479	2377	2329	2266	2179	2076	1947	1787	1577	1347	843	0	0	0.000	0.000	0	0	0	0	0.000	0	0	0	0.000	0	0	0	0	0.000	0.000	0	0	0	0	0.000	0	0	0	0.000	0	0
110	110	1344	1854.074	668.334	0.882	16	66	492	651	95	16	66	492	651	95	108.142	114.494	121	117	116	115	115	114	114	113	113	112	109	103.000	122.798	144	129	127	125	124	123	121	120	118	117	109	0	0	0.000	0.000	0	0	0	0	0.000	0	0	0	0.000	0	0	0	0	0.000	0.000	0	0	0	0	0.000	0	0	0	0.000	0	0
111	111	1822	1976.830	681.686	0.819	259	1150	302	60	21	259	1150	302	60	21	107.914	171.532	552	186	178	173	169	164	159	153	147	140	125	104.518	1232.596	2101	1791	1622	1485	1360	1244	1120	1006	858	648	399	1	61	1968.214	682.532	0	0	0	370	380.426	0	0	1313	1309.115	0	0	0	0	0.000	0.000	0	0	0	0	0.000	0	0	0	0.000	0	0
112	112	355	1473.765	671.602	0.805	48	155	101	39	8	48	155	101	39	8	109.000	480.194	585	525	511	502	493	481	471	457	444	432	388	103.986	138.504	157	151	147	145	143	142	138	133	128	124	116	0	0	0.000	0.000	0	0	0	0	0.000	0	0	0	0.000	0	0	0	0	0.000	0.000	0	0	0	0	0.000	0	0	0	0.000	0	0
113	113	1124	61.420	678.090	0.912	51	654	344	48	9	51	654	344	48	9	104.929	195.897	1247	306	174	154	147	144	140	136	130	125	110	101.000	117.862	145	129	123	120	118	116	115	114	113	111	104	1	102	61.576	676.498	0	0	0	588	629.637	0	0	129	127.765	0	0	0	0	0.000	0.000	0	0	0	0	0.000	0	0	0	0.000	0	0
114	114	1077	1645.961	681.665	0.915	33	87	486	409	36	33	87	486	409	36	108.894	142.654	157	153	151	148	146	145	142	138	134	130	122	103.000	662.033	911	830	792	759	715	676	635	591	531	471	318	0	0	0.000	0.000	0	0	0	0	0.000	0	0	0	0.000	0	0	0	0	0.000	0.000	0	0	0	0	0.000	0	0	0	0.000	0	0
115	115	1385	317.595	685.618	0.905	280	800	254	14	7	280	800	254	14	7	107.000	516.082	8464	942	324	201	174	166	159	152	144	135	121	102.893	118.121	146	128	124	120	118	116	115	114	113	111	106	1	113	322.499	688.273	0	0	0	3274	3670.664	0	0	133	133.097	0	0	0	0	0.000	0.000	0	0	0	0	0.000	0	0	0	0.000	0	0
116	116	1163	790.434	697.723	0.914	70	596	374	65	26	70	596	374	65	26	109.000	117.674	131	125	121	118	117	116	116	115	114	113	111	109.836	1147.245	1818	1653	1477	1338	1224	1118	1045	947	840	687	477	0	0	0.000	0.000	0	0	0	0	0.000	0	0	0	0.000	0	0	0	0	0.000	0.000	0	0	0	0	0.000	0	0	0	0.000	0	0
117	117	1608	1753.839	703.918	0.884	64	538	796	162	15	64	538	796	162	15	109.325	152.808	183	169	164	161	158	154	149	145	140	136	124	103.001	126.507	140	134	132	131	130	128	126	124	121	117	106	0	0	0.000	0.000	0	0	0	0	0.000	0	0	0	0.000	0	0	0	0	0.000	0.000	0	0	0	0	0.000	0	0	0	0.000	0	0
118	118	1782	1820.880	707.655	0.841	33	222	897	545	40	33	222	897	545	40	108.954	113.893	119	116	115	115	114	114	113	113	112	112	110	102.999	121.270	135	128	126	125	123	122	120	118	116	114	107	0	0	0.000	0.000	0	0	0	0	0.000	0	0	0	0.000	0	0	0	0	0.000	0.000	0	0	0	0	0.000	0	0	0	0.000	0	0
119	119	568	657.748	696.960	0.798	25	164	246	108	16	25	164	246	108	16	108.000	114.442	122	117	116	115	115	114	114	113	113	112	111	104.817	670.396	966	901	852	817	770	723	657	565	448	352	290	0	0	0.000	0.000	0	0	0	0	0.000	0	0	0	0.000	0	0	0	0	0.000	0.000	0	0	0	0	0.000	0	0	0	0.000	0	0
120	120	912	1430.941	717.513	0.920	27	320	296	197	54	27	320	296	197	54	109.560	141.741	154	149	146	145	144	142	141	139	137	134	127	104.877	1377.389	1851	1716	1633	1578	1537	1474	1360	1219	1080	914	664	0	0	0.000	0.000	0	0	0	0	0.000	0	0	0	0.000	0	0	0	0	0.000	0.000	0	0	0	0	0.000	0	0	0	0.000	0	0
121	121	1426	699.367	725.216	0.902	56	168	431	614	131	56	168	431	614	131	108.348	115.848	123	120	118	117	116	116	115	114	114	113	110	106.363	785.896	1070	1012	955	893	833	778	731	692	654	581	294	0	0	0.000	0.000	0	0	0	0	0.000	0	0	0	0.000	0	0	0	0	0.000	0.000	0	0	0	0	0.000	0	0	0	0.000	0	0
122	122	1359	1950.353	725.995	0.911	28	379	667	198	52	28	379	667	198	52	107.912	183.377	211	200	197	194	191	187	184	177	169	159	140	104.000	1568.301	2147	2039	1929	1832	1732	1635	1511	1376	1213	983	571	0	0	0.000	0.000	0	0	0	0	0.000	0	0	0	0.000	0	0	0	0	0.000	0.000	0	0	0	0	0.000	0	0	0	0.000	0	0
123	123	1884	1509.710	749.521	0.896	34	225	1148	404	35	34	225	1148	404	35	109.641	141.909	164	155	151	149	147	144	141	136	130	126	117	104.957	1427.983	2239	2011	1892	1760	1636	1523	1387	1191	928	642	421	0	0	0.000	0.000	0	0	0	0	0.000	0	0	0	0.000	0	0	0	0	0.000	0.000	0	0	0	0	0.000	0	0	0	0.000	0	0
124	124	1615	1457.449	752.972	0.875	209	1197	147	31	13	209	1197	147	31	13	109.989	142.320	159	150	149	147	145	143	141	139	136	133	120	105.000	1555.593	2173	2020	1889	1800	1719	1612	1473	1319	1187	1066	567	0	0	0.000	0.000	0	0	0	0	0.000	0	0	0	0.000	0	0	0	0	0.000	0.000	0	0	0	0	0.000	0	0	0	0.000	0	0
125	125	1677	782.793	774.078	0.905	394	512	651	68	17	394	512	651	68	17	109.730	150.909	182	170	165	161	158	153	148	140	134	129	122	111.491	642.486	1059	930	841	773	712	651	574	513	439	344	258	0	0	0.000	0.000	0	0	0	0	0.000	0	0	0	0.000	0	0	0	0	0.000	0.000	0	0	0	0	0.000	0	0	0	0.000	0	0
126	126	494	883.624	761.694	0.738	103	214	134	28	7	103	214	134	28	7	110.502	118.500	128	123	121	120	119	118	117	117	116	115	113	114.545	135.538	149	141	139	138	136	135	134	133	132	130	127	0	0	0.000	0.000	0	0	0	0	0.000	0	0	0	0.000	0	0	0	0	0.000	0.000	0	0	0	0	0.000	0	0	0	0.000	0	0
127	127	438	1979.314	765.199	0.936	50	81	112	146	37	50	81	112	146	37	107.911	118.215	126	122	120	120	119	118	118	117	116	115	113	104.000	181.432	228	206	198	194	189	183	177	169	163	154	141	0	0	0.000	0.000	0	0	0	0	0.000	0	0	0	0.000	0	0	0	0	0.000	0.000	0	0	0	0	0.000	0	0	0	0.000	0	0
128	128	2208	2009.078	788.423	0.909	422	1659	86	11	7	422	1659	86	11	7	108.347	135.628	175	159	146	137	133	132	130	128	126	123	116	103.889	250.293	345	306	285	272	260	249	238	226	213	200	169	0	0	0.000	0.000	0	0	0	0	0.000	0	0	0	0.000	0	0	0	0	0.000	0.000	0	0	0	0	0.000	0	0	0	0.000	0	0
129	129	1809	1945.901	784.815	0.863	180	1267	272	38	12	180	1267	272	38	12	108.000	133.433	318	139	136	134	133	131	130	127	124	120	112	103.198	267.773	368	334	316	302	287	274	260	246	220	187	144	1	46	1935.633	772.127	0	0	0	233	232.370	0	0	277	270.391	0	0	0	0	0.000	0.000	0	0	0	0	0.000	0	0	0	0.000	0	0
130	130	764	991.253	790.327	0.825	379	197	86	60	25	379	197	86	60	25	110.012	133.552	153	144	141	137	135	133	131	129	126	124	117	114.482	152.522	281	168	162	158	155	151	147	145	142	138	129	0	0	0.000	0.000	0	0	0	0	0.000	0	0	0	0.000	0	0	0	0	0.000	0.000	0	0	0	0	0.000	0	0	0	0.000	0	0
131	131	2054	1398.332	805.276	0.859	174	1682	127	28	13	174	1682	127	28	13	109.030	142.348	221	169	156	147	141	137	133	129	127	124	115	103.255	1027.106	2238	1392	1259	1158	1069	1001	936	866	772	652	404	1	62	1404.382	818.663	0	0	0	202	199.677	0	0	1844	1798.500	0	0	0	0	0.000	0.000	0	0	0	0	0.000	0	0	0	0.000	0	0
132	132	460	1509.618	790.563	0.934	64	73	123	155	38	64	73	123	155	38	110.000	122.407	131	127	126	125	124	123	122	120	118	117	111	105.000	576.943	848	796	747	697	637	582	538	478	418	343	215	0	0	0.000	0.000	0	0	0	0	0.000	0	0	0	0.000	0	0	0	0	0.000	0.000	0	0	0	0	0.000	0	0	0	0.000	0	0
133	133	1852	823.511	802.470	0.899	796	634	263	90	44	796	634	263	90	44	110.597	149.266	176	166	162	157	153	150	146	142	137	132	121	113.776	883.174	1431	1315	1232	1131	1009	886	752	642	559	451	278	0	0	0.000	0.000	0	0	0	0	0.000	0	0	0	0.000	0	0	0	0	0.000	0.000	0	0	0	0	0.000	0	0	0	0.000	0	0
134	134	1609	674.034	816.964	0.898	365	900	258	53	9	365	900	258	53	9	109.000	123.752	149	136	132	126	122	120	119	118	117	116	113	105.733	532.643	740	657	622	589	562	535	504	475	452	413	310	0	0	0.000	0.000	0	0	0	0	0.000	0	0	0	0.000	0	0	0	0	0.000	0.000	0	0	0	0	0.000	0	0	0	0.000	0	0
135	135	1824	770.477	820.527	0.881	56	1075	604	24	11	56	1075	604	24	11	110.000	158.403	620	170	165	161	157	153	148	144	139	134	125	110.583	373.167	556	495	455	437	416	384	349	320	281	230	173	1	43	762.072	830.794	0	0	0	369	366.186	0	0	417	405.744	0	0	0	0	0.000	0.000	0	0	0	0	0.000	0	0	0	0.000	0	0
136	136	2357	984.457	834.109	0.862	2113	98	72	42	22	2113	98	72	42	22	110.395	174.535	591	191	182	177	173	169	165	161	152	139	127	115.569	1640.754	2477	2262	2109	1959	1830	1703	1536	1365	1190	932	605	1	57	981.010	825.270	0	0	0	404	411.281	0	0	1956	1976.281	0	0	0	0	0.000	0.000	0	0	0	0	0.000	0	0	0	0.000	0	0
137	137	1496	895.336	838.790	0.889	705	408	248	92	23	705	408	248	92	23	111.000	189.538	242	228	219	209	200	190	180	170	160	151	136	116.997	222.417	492	273	256	236	224	212	202	193	186	178	166	0	0	0.000	0.000	0	0	0	0	0.000	0	0	0	0.000	0	0	0	0	0.000	0.000	0	0	0	0	0.000	0	0	0	0.000	0	0
138	138	1170	52.694	847.445	0.879	69	724	307	44	6	69	724	307	44	6	105.531	147.033	354	152	149	146	144	142	140	138	136	134	127	101.817	480.368	761	558	536	521	508	494	476	451	413	367	290	1	29	49.572	840.106	0	0	0	266	267.310	0	0	657	660.034	0	0	0	0	0.000	0.000	0	0	0	0	0.000	0	0	0	0.000	0	0
139	139	2055	180.858	866.395	0.891	337	1471	175	35	6	337	1471	175	35	6	107.000	294.317	774	426	330	304	282	269	256	239	218	195	163	102.970	1296.753	2538	2030	1841	1641	1478	1279	1060	897	719	585	485	0	0	0.000	0.000	0	0	0	0	0.000	0	0	0	0.000	0	0	0	0	0.000	0.000	0	0	0	0	0.000	0	0	0	0.000	0	0
140	140	529	340.407	860.552	0.904	26	35	201	232	27	26	35	201	232	27	108.000	113.660	118	116	115	115	114	114	113	113	112	112	110	102.000	530.586	826	747	689	626	578	545	509	436	376	304	201	0	0	0.000	0.000	0	0	0	0	0.000	0	0	0	0.000	0	0	0	0	0.000	0.000	0	0	0	0	0.000	0	0	0	0.000	0	0
141	141	1559	1692.518	894.083	0.897	67	585	706	152	19	67	585	706	152	19	110.000	176.980	1023	253	148	143	140	137	134	131	128	124	117	102.838	130.928	151	141	139	136	133	131	128	126	123	120	112	1	137	1701.524	900.319	0	0	0	502	540.387	0	0	134	134.774	0	0	0	0	0.000	0.000	0	0	0	0	0.000	0	0	0	0.000	0	0
142	142	1314	126.873	899.907	0.919	56	52	514	612	59	56	52	514	612	59	107.000	116.307	127	122	120	119	117	115	114	114	113	112	109	103.000	592.719	818	753	712	668	632	591	550	515	477	444	304	0	0	0.000	0.000	0	0	0	0	0.000	0	0	0	0.000	0	0	0	0	0.000	0.000	0	0	0	0	0.000	0	0	0	0.000	0	0
143	143	1568	1094.592	898.652	0.873	29	462	996	38	9	29	462	996	38	9	109.980	153.043	175	167	164	162	160	156	151	145	139	135	124	106.504	911.679	1438	1256	1123	1067	1005	946	872	771	655	523	376	0	0	0.000	0.000	0	0	0	0	0.000	0	0	0	0.000	0	0	0	0	0.000	0.000	0	0	0	0	0.000	0	0	0	0.000	0	0
144	144	1323	1430.254	894.696	0.897	340	606	266	58	25	340	606	266	58	25	109.382	1162.566	24910	2151	369	209	184	174	166	160	150	142	125	102.973	128.909	187	140	135	132	130	128	125	123	120	117	108	1	109	1427.187	887.873	0	0	0	9037	10328.156	0	0	152	151.624	0	0	0	0	0.000	0.000	0	0	0	0	0.000	0	0	0	0.000	0	0
145	145	1932	345.921	909.257	0.840	42	491	1024	300	42	42	491	1024	300	42	107.184	114.155	119	116	116	115	115	114	114	113	113	112	108	102.985	649.588	1064	907	832	777	719	672	627	555	443	335	245	0	0	0.000	0.000	0	0	0	0	0.000	0	0	0	0.000	0	0	0	0	0.000	0.000	0	0	0	0	0.000	0	0	0	0.000	0	0
146	146	1973	916.926	903.988	0.885	1098	510	253	64	17	1098	510	253	64	17	111.000	160.350	187	177	172	166	163	159	156	153	150	147	133	116.136	2654.443	4179	3868	3533	3196	2888	2652	2380	2069	1761	1505	1184	0	0	0.000	0.000	0	0	0	0	0.000	0	0	0	0.000	0	0	0	0	0.000	0.000	0	0	0	0	0.000	0	0	0	0.000	0	0
147	147	1148	1223.221	903.578	0.887	20	218	552	301	31	20	218	552	301	31	109.999	115.868	121	118	117	117	116	116	115	115	114	114	111	104.000	634.496	939	850	808	771	726	669	608	523	446	354	262	0	0	0.000	0.000	0	0	0	0	0.000	0	0	0	0.000	0	0	0	0	0.000	0.000	0	0	0	0	0.000	0	0	0	0.000	0	0
148	148	2049	1153.961	911.258	0.863	67	920	880	108	30	67	920	880	108	30	110.079	153.097	185	162	160	158	156	155	153	150	146	141	127	104.964	791.321	1198	1097	1028	952	869	788	709	650	581	473	349	0	0	0.000	0.000	0	0	0	0	0.000	0	0	0	0.000	0	0	0	0	0.000	0.000	0	0	0	0	0.000	0	0	0	0.000	0	0
149	149	2049	967.243	915.786	0.909	1039	784	145	35	14	1039	784	145	35	14	110.295	154.699	180	168	165	163	159	157	153	150	145	137	120	114.796	2194.390	3392	3107	2854	2697	2478	2215	1948	1742	1552	1272	709	0	0	0.000	0.000	0	0	0	0	0.000	0	0	0	0.000	0	0	0	0	0.000	0.000	0	0	0	0	0.000	0	0	0	0.000	0	0
150	150	1568	50.988	914.474	0.927	202	181	1069	93	3	202	181	1069	93	3	105.791	137.212	237	147	143	141	139	137	134	130	126	122	111	102.614	442.814	716	593	542	504	478	449	420	391	340	279	206	1	14	66.948	910.075	0	0	0	218	216.786	0	0	628	617.143	0	0	0	0	0.000	0.000	0	0	0	0	0.000	0	0	0	0.000	0	0
151	151	1539	618.626	928.082	0.863	183	380	386	469	81	183	380	386	469	81	109.966	150.120	259	167	161	157	152	147	144	141	138	134	121	106.668	376.783	578	483	454	429	408	385	359	328	294	248	187	0	0	0.000	0.000	0	0	0	0	0.000	0	0	0	0.000	0	0	0	0	0.000	0.000	0	0	0	0	0.000	0	0	0	0.000	0	0
152	152	1746	1328.703	927.031	0.897	60	681	868	92	7	60	681	868	92	7	109.986	116.592	124	119	118	117	117	116	116	115	115	114	112	103.000	648.732	1073	956	851	751	693	632	576	506	446	390	319	0	0	0.000	0.000	0	0	0	0	0.000	0	0	0	0.000	0	0	0	0	0.000	0.000	0	0	0	0	0.000	0	0	0	0.000	0	0
153	153	1488	1734.234	925.358	0.877	72	420	821	126	12	72	420	821	126	12	109.613	137.862	167	147	144	142	141	139	137	134	131	125	116	102.674	130.690	148	139	136	134	133	132	130	128	125	120	111	0	0	0.000	0.000	0	0	0	0	0.000	0	0	0	0.000	0	0	0	0	0.000	0.000	0	0	0	0	0.000	0	0	0	0.000	0	0
154	154	1896	1271.172	933.501	0.879	575	934	217	110	30	575	934	217	110	30	110.000	117.544	129	123	120	118	117	117	116	116	115	114	112	103.290	608.292	1037	944	853	742	673	598	517	432	384	322	214	0	0	0.000	0.000	0	0	0	0	0.000	0	0	0	0.000	0	0	0	0	0.000	0.000	0	0	0	0	0.000	0	0	0	0.000	0	0
155	155	665	1604.225	920.896	0.912	44	94	338	158	19	44	94	338	158	19	110.000	211.926	273	260	246	234	222	210	198	190	179	168	152	104.006	1779.672	2635	2477	2306	2139	1971	1783	1606	1434	1263	1097	809	0	0	0.000	0.000	0	0	0	0	0.000	0	0	0	0.000	0	0	0	0	0.000	0.000	0	0	0	0	0.000	0	0	0	0.000	0	0
156	156	1722	172.217	928.449	0.869	36	441	821	341	44	36	441	821	341	44	107.000	115.409	128	122	118	117	115	114	113	113	112	112	108	102.937	483.485	817	716	663	606	540	468	409	361	330	260	135	0	0	0.000	0.000	0	0	0	0	0.000	0	0	0	0.000	0	0	0	0	0.000	0.000	0	0	0	0	0.000	0	0	0	0.000	0	0
157	157	355	1375.450	920.154	0.793	12	78	161	85	10	12	78	161	85	10	109.735	117.245	124	120	119	118	118	117	117	116	115	114	112	103.000	638.907	760	725	704	685	658	642	616	598	575	553	518	0	0	0.000	0.000	0	0	0	0	0.000	0	0	0	0.000	0	0	0	0	0.000	0.000	0	0	0	0	0.000	0	0	0	0.000	0	0
158	158	492	873.964	920.622	0.950	261	159	35	18	15	261	159	35	18	15	110.018	133.244	144	141	139	136	135	134	132	130	128	126	121	114.947	1502.374	2116	1926	1869	1786	1668	1555	1423	1289	1146	977	636	0	0	0.000	0.000	0	0	0	0	0.000	0	0	0	0.000	0	0	0	0	0.000	0.000	0	0	0	0	0.000	0	0	0	0.000	0	0
159	159	2195	1566.036	938.923	0.900	53	516	1367	196	10	53	516	1367	196	10	110.000	281.728	388	350	334	319	304	285	267	248	227	205	155	104.124	2601.305	4115	3678	3467	3216	2965	2679	2394	2086	1723	1324	756	0	0	0.000	0.000	0	0	0	0	0.000	0	0	0	0.000	0	0	0	0	0.000	0.000	0	0	0	0	0.000	0	0	0	0.000	0	0
160	160	1269	1113.378	945.867	0.851	1013	162	58	15	12	1013	162	58	15	12	109.976	143.149	154	151	149	147	145	144	142	140	138	135	126	105.037	565.034	754	698	661	636	609	583	543	507	469	411	296	0	0	0.000	0.000	0	0	0	0	0.000	0	0	0	0.000	0	0	0	0	0.000	0.000	0	0	0	0	0.000	0	0	0	0.000	0	0
161	161	1860	106.899	944.414	0.854	34	403	988	376	23	34	403	988	376	23	106.822	113.489	121	117	116	115	114	113	113	112	111	111	108	102.692	522.980	885	734	659	611	575	538	485	422	362	294	237	0	0	0.000	0.000	0	0	0	0	0.000	0	0	0	0.000	0	0	0	0	0.000	0.000	0	0	0	0	0.000	0	0	0	0.000	0	0
162	162	1881	1973.710	948.156	0.870	42	190	730	837	25	42	190	730	837	25	108.802	147.759	411	163	147	145	142	140	138	136	132	125	115	103.415	182.790	230	206	196	191	187	183	179	175	169	159	128	1	89	1981.267	957.471	0	0	0	275	285.753	0	0	218	215.292	0	0	0	0	0.000	0.000	0	0	0	0	0.000	0	0	0	0.000	0	0
163	163	1665	1190.568	952.366	0.915	674	820	105	30	11	674	820	105	30	11	110.000	129.391	141	135	133	132	131	129	128	127	126	123	116	104.377	222.742	293	262	249	241	233	224	214	205	195	185	158	0	0	0.000	0.000	0	0	0	0	0.000	0	0	0	0.000	0	0	0	0	0.000	0.000	0	0	0	0	0.000	0	0	0	0.000	0	0
164	164	496	1524.122	945.392	0.917	43	62	212	148	20	43	62	212	148	20	110.000	189.819	235	223	214	206	197	189	180	174	167	160	141	104.000	1595.403	2275	2173	2045	1924	1761	1621	1462	1298	1152	1025	773	0	0	0.000	0.000	0	0	0	0	0.000	0	0	0	0.000	0	0	0	0	0.000	0.000	0	0	0	0	0.000	0	0	0	0.000	0	0
165	165	1669	827.523	955.857	0.888	132	395	1004	101	4	132	395	1004	101	4	109.996	155.817	171	165	163	161	159	157	155	153	149	143	128	111.055	2501.807	3180	2976	2835	2739	2635	2558	2481	2385	2206	1941	1163	0	0	0.000	0.000	0	0	0	0	0.000	0	0	0	0.000	0	0	0	0	0.000	0.000	0	0	0	0	0.000	0	0	0	0.000	0	0
166	166	1821	315.134	966.893	0.851	28	420	1114	202	28	28	420	1114	202	28	107.865	113.216	119	115	114	114	114	113	113	112	112	111	108	102.992	538.805	934	840	750	669	580	495	449	395	348	293	238	0	0	0.000	0.000	0	0	0	0	0.000	0	0	0	0.000	0	0	0	0	0.000	0.000	0	0	0	0	0.000	0	0	0	0.000	0	0
167	167	1839	1617.266	963.822	0.893	15	113	1252	401	26	15	113	1252	401	26	109.941	286.194	371	351	339	327	312	298	281	265	242	197	131	103.945	2652.596	3885	3504	3308	3125	2907	2738	2516	2306	2074	1745	398	0	0	0.000	0.000	0	0	0	0	0.000	0	0	0	0.000	0	0	0	0	0.000	0.000	0	0	0	0	0.000	0	0	0	0.000	0	0
168	168	1063	52.783	962.421	0.899	57	153	633	186	10	57	153	633	186	10	105.532	111.780	118	115	113	113	112	112	111	111	110	109	106	101.835	508.927	747	672	613	577	546	519	487	451	398	343	205	0	0	0.000	0.000	0	0	0	0	0.000	0	0	0	0.000	0	0	0	0	0.000	0.000	0	0	0	0	0.000	0	0	0	0.000	0	0
169	169	2569	643.808	979.754	0.896	1717	410	223	172	23	1717	410	223	172	23	110.079	745.454	8693	2114	583	231	197	188	177	166	154	145	125	107.909	461.315	1449	669	595	532	472	419	374	320	276	232	171	1	316	647.786	967.004	0	0	0	3711	4113.411	0	0	846	889.022	0	0	1	88	648.278	966.460	0	0	0	6932	6799.761	0	0	1210	1225.011	0	0
170	170	1514	382.907	989.189	0.881	65	701	623	84	18	65	701	623	84	18	107.688	113.349	120	116	115	114	113	113	113	112	112	111	109	102.000	144.841	173	160	156	153	150	146	141	137	133	129	121	0	0	0.000	0.000	0	0	0	0	0.000	0	0	0	0.000	0	0	0	0	0.000	0.000	0	0	0	0	0.000	0	0	0	0.000	0	0
171	171	1495	1982.008	994.703	0.897	14	127	892	413	21	14	127	892	413	21	109.690	133.928	149	142	140	139	137	136	133	131	127	123	116	104.000	503.997	754	625	594	560	531	505	474	443	415	379	271	0	0	0.000	0.000	0	0	0	0	0.000	0	0	0	0.000	0	0	0	0	0.000	0.000	0	0	0	0	0.000	0	0	0	0.000	0	0
172	172	1078	1204.867	997.067	0.916	61	143	287	439	128	61	143	287	439	128	110.000	129.021	139	135	133	132	131	130	129	127	124	121	114	104.000	253.672	333	311	296	279	268	259	247	234	210	190	145	0	0	0.000	0.000	0	0	0	0	0.000	0	0	0	0.000	0	0	0	0	0.000	0.000	0	0	0	0	0.000	0	0	0	0.000	0	0
173	173	1446	1845.735	1003.367	0.900	39	363	730	253	26	39	363	730	253	26	108.966	119.499	131	126	123	121	120	119	118	117	116	115	111	103.000	1295.405	1817	1673	1584	1494	1407	1312	1217	1126	1027	893	542	0	0	0.000	0.000	0	0	0	0	0.000	0	0	0	0.000	0	0	0	0	0.000	0.000	0	0	0	0	0.000	0	0	0	0.000	0	0
174	174	1652	1901.372	1003.146	0.866	11	131	860	592	30	11	131	860	592	30	109.000	118.143	126	122	121	120	119	118	117	116	116	114	112	103.078	1175.884	2055	1787	1666	1546	1380	1210	1039	854	669	484	354	0	0	0.000	0.000	0	0	0	0	0.000	0	0	0	0.000	0	0	0	0	0.000	0.000	0	0	0	0	0.000	0	0	0	0.000	0	0
175	175	1292	2024.394	1009.735	0.891	33	92	462	637	40	33	92	462	637	40	108.765	131.469	142	137	136	135	134	133	131	129	127	123	118	103.245	640.622	922	832	788	742	700	663	617	555	487	417	249	0	0	0.000	0.000	0	0	0	0	0.000	0	0	0	0.000	0	0	0	0	0.000	0.000	0	0	0	0	0.000	0	0	0	0.000	0	0
176	176	1575	1019.715	1007.207	0.870	11	97	732	646	67	11	97	732	646	67	109.479	173.479	216	197	192	187	180	173	168	162	155	147	136	105.977	720.597	1183	1048	983	917	831	725	619	527	444	390	284	0	0	0.000	0.000	0	0	0	0	0.000	0	0	0	0.000	0	0	0	0	0.000	0.000	0	0	0	0	0.000	0	0	0	0.000	0	0
177	177	1681	1745.035	1028.071	0.828	16	102	584	828	130	16	102	584	828	130	108.961	118.112	127	122	121	119	118	118	117	116	116	115	111	102.854	492.546	808	699	643	603	558	498	438	384	325	277	208	0	0	0.000	0.000	0	0	0	0	0.000	0	0	0	0.000	0	0	0	0	0.000	0.000	0	0	0	0	0.000	0	0	0	0.000	0	0
178	178	256	1948.267	1010.560	0.931	31	58	89	57	15	31	58	89	57	15	110.000	118.543	124	121	121	120	119	119	118	117	116	116	114	104.000	246.531	335	316	295	274	257	242	226	215	202	190	168	0	0	0.000	0.000	0	0	0	0	0.000	0	0	0	0.000	0	0	0	0	0.000	0.000	0	0	0	0	0.000	0	0	0	0.000	0	0
179	179	1551	1068.488	1028.825	0.866	48	375	795	278	23	48	375	795	278	23	109.606	188.326	225	214	209	205	200	193	186	177	167	153	128	104.506	962.295	1277	1190	1148	1110	1063	1010	954	867	761	645	428	0	0	0.000	0.000	0	0	0	0	0.000	0	0	0	0.000	0	0	0	0	0.000	0.000	0	0	0	0	0.000	0	0	0	0.000	0	0
180	180	1257	556.108	1035.028	0.916	66	165	759	241	3	66	165	759	241	3	109.482	150.395	168	163	159	155	153	150	148	146	143	139	127	105.671	462.332	673	620	572	527	496	463	430	394	363	314	231	0	0	0.000	0.000	0	0	0	0	0.000	0	0	0	0.000	0	0	0	0	0.000	0.000	0	0	0	0	0.000	0	0	0	0.000	0	0
181	181	1165	671.108	1036.339	0.912	498	343	179	109	15	498	343	179	109	15	109.976	127.449	149	141	135	130	127	125	124	123	121	118	114	106.451	608.400	865	773	741	711	680	630	578	527	475	409	260	0	0	0.000	0.000	0	0	0	0	0.000	0	0	0	0.000	0	0	0	0	0.000	0.000	0	0	0	0	0.000	0	0	0	0.000	0	0
182	182	1457	1990.415	1050.243	0.929	716	218	235	216	61	716	218	235	216	61	109.135	539.618	5686	1516	320	169	156	153	150	145	138	131	120	103.329	653.316	2465	1052	678	645	610	575	525	468	406	316	203	1	205	1990.851	1058.537	0	0	0	2485	2694.649	0	0	1421	1476.600	0	0	1	91	1990.879	1057.746	0	0	0	4028	3932.473	0	0	1999	1948.571	0	0
183	183	1159	1911.358	1083.875	0.911	29	322	518	205	57	29	322	518	205	57	109.000	160.844	182	175	173	169	166	162	159	154	149	144	135	102.976	892.115	1261	1198	1151	1084	1007	928	838	739	637	520	347	0	0	0.000	0.000	0	0	0	0	0.000	0	0	0	0.000	0	0	0	0	0.000	0.000	0	0	0	0	0.000	0	0	0	0.000	0	0
184	184	1223	404.818	1107.852	0.892	36	341	697	118	6	36	341	697	118	6	108.903	196.065	231	216	211	206	202	198	193	188	181	173	152	103.000	208.066	257	238	229	222	216	208	201	194	186	179	166	0	0	0.000	0.000	0	0	0	0	0.000	0	0	0	0.000	0	0	0	0	0.000	0.000	0	0	0	0	0.000	0	0	0	0.000	0	0
185	185	1370	593.166	1110.453	0.859	52	80	536	596	79	52	80	536	596	79	107.712	138.687	157	150	147	144	141	139	136	134	131	127	119	104.628	446.364	621	563	532	506	480	448	419	390	364	333	216	0	0	0.000	0.000	0	0	0	0	0.000	0	0	0	0.000	0	0	0	0	0.000	0.000	0	0	0	0	0.000	0	0	0	0.000	0	0
186	186	1299	471.395	1110.261	0.911	26	237	737	245	26	26	237	737	245	26	108.998	118.932	132	124	121	119	119	118	118	117	116	116	113	103.298	800.116	1078	986	933	884	841	808	768	717	673	606	425	0	0	0.000	0.000	0	0	0	0	0.000	0	0	0	0.000	0	0	0	0	0.000	0.000	0	0	0	0	0.000	0	0	0	0.000	0	0
187	187	1651	283.217	1123.281	0.881	52	484	819	242	24	52	484	819	242	24	107.825	133.331	151	145	143	139	136	134	131	127	124	122	116	101.597	118.010	131	124	122	120	119	118	117	116	114	113	107	0	0	0.000	0.000	0	0	0	0	0.000	0	0	0	0.000	0	0	0	0	0.000	0.000	0	0	0	0	0.000	0	0	0	0.000	0	0
188	188	2544	1916.541	1135.142	0.887	134	1084	1172	78	19	134	1084	1172	78	19	109.000	158.629	182	173	170	168	166	163	158	152	146	138	120	102.325	761.187	1446	1208	1022	921	821	709	622	549	478	415	226	0	0	0.000	0.000	0	0	0	0	0.000	0	0	0	0.000	0	0	0	0	0.000	0.000	0	0	0	0	0.000	0	0	0	0.000	0	0
189	189	899	330.542	1123.962	0.884	20	109	439	269	36	20	109	439	269	36	108.000	128.347	141	135	134	132	131	129	127	125	123	120	114	102.000	115.237	126	120	118	117	116	115	114	113	112	111	104	0	0	0.000	0.000	0	0	0	0	0.000	0	0	0	0.000	0	0	0	0	0.000	0.000	0	0	0	0	0.000	0	0	0	0.000	0	0
190	190	2063	902.535	1142.523	0.888	41	192	1072	676	51	41	192	1072	676	51	109.327	228.344	729	255	246	238	230	223	217	210	202	183	141	102.921	142.631	163	153	150	148	146	144	142	139	136	131	112	1	26	893.231	1145.974	0	0	0	527	527.462	0	0	154	154.538	0	0	0	0	0.000	0.000	0	0	0	0	0.000	0	0	0	0.000	0	0
191	191	1956	514.480	1142.850	0.887	13	221	1218	447	17	13	221	1218	447	17	109.030	120.173	132	124	122	121	120	120	119	119	118	116	111	104.550	893.552	1348	1218	1134	1058	987	915	840	764	659	514	313	0	0	0.000	0.000	0	0	0	0	0.000	0	0	0	0.000	0	0	0	0	0.000	0.000	0	0	0	0	0.000	0	0	0	0.000	0	0
192	192	230	976.137	1127.271	0.943	9	35	80	72	29	9	35	80	72	29	108.830	116.509	122	119	118	117	117	116	116	115	115	114	111	102.326	133.596	164	158	151	144	139	133	128	122	116	112	106	0	0	0.000	0.000	0	0	0	0	0.000	0	0	0	0.000	0	0	0	0	0.000	0.000	0	0	0	0	0.000	0	0	0	0.000	0	0
193	193	1103	1865.835	1144.705	0.924	91	581	361	34	8	91	581	361	34	8	109.339	154.103	180	171	167	162	158	155	153	147	141	134	123	102.363	722.418	1219	1022	890	821	752	693	649	610	563	476	305	0	0	0.000	0.000	0	0	0	0	0.000	0	0	0	0.000	0	0	0	0	0.000	0.000	0	0	0	0	0.000	0	0	0	0.000	0	0
194	194	1680	377.630	1156.026	0.854	37	156	899	511	43	37	156	899	511	43	108.000	193.302	695	207	199	194	189	185	180	176	170	161	141	102.823	188.605	242	219	211	204	197	191	184	176	166	154	134	1	39	388.748	1149.026	0	0	0	468	469.128	0	0	208	208.872	0	0	0	0	0.000	0.000	0	0	0	0	0.000	0	0	0	0.000	0	0
195	195	1642	968.709	1163.153	0.869	66	446	769	296	28	66	446	769	296	28	109.384	123.231	131	127	126	125	124	124	123	122	121	118	112	101.554	174.727	218	196	189	184	179	175	172	166	160	151	133	0	0	0.000	0.000	0	0	0	0	0.000	0	0	0	0.000	0	0	0	0	0.000	0.000	0	0	0	0	0.000	0	0	0	0.000	0	0
196	196	1375	197.381	1159.045	0.884	36	325	713	247	29	36	325	713	247	29	106.329	112.417	119	115	114	113	113	112	112	112	111	110	108	101.751	392.907	584	536	500	457	425	392	357	327	290	251	190	0	0	0.000	0.000	0	0	0	0	0.000	0	0	0	0.000	0	0	0	0	0.000	0.000	0	0	0	0	0.000	0	0	0	0.000	0	0
197	197	2019	567.058	1163.429	0.887	43	187	1029	680	42	43	187	1029	680	42	109.027	122.579	136	129	126	125	124	122	121	120	119	117	111	104.888	1026.964	1637	1416	1293	1194	1102	1046	966	868	763	642	334	0	0	0.000	0.000	0	0	0	0	0.000	0	0	0	0.000	0	0	0	0	0.000	0.000	0	0	0	0	0.000	0	0	0	0.000	0	0
198	198	237	343.177	1149.826	0.952	12	25	72	104	22	12	25	72	104	22	108.000	156.211	176	171	168	165	162	157	152	148	146	140	130	102.000	159.768	184	177	172	169	166	162	158	154	146	138	125	0	0	0.000	0.000	0	0	0	0	0.000	0	0	0	0.000	0	0	0	0	0.000	0.000	0	0	0	0	0.000	0	0	0	0.000	0	0
199	199	1835	749.893	1188.126	0.900	1388	325	57	18	15	1388	325	57	18	15	109.360	125.899	135	130	129	128	127	126	125	124	123	121	111	103.302	2436.488	5333	3837	3239	2836	2559	2317	2069	1809	1554	1311	650	0	0	0.000	0.000	0	0	0	0	0.000	0	0	0	0.000	0	0	0	0	0.000	0.000	0	0	0	0	0.000	0	0	0	0.000	0	0
200	200	2491	913.541	1204.492	0.884	76	635	1212	435	90	76	635	1212	435	90	109.914	233.317	1892	299	228	215	203	192	181	170	158	145	133	102.120	133.619	184	148	144	140	136	132	128	126	123	120	110	1	100	899.132	1194.066	0	0	0	960	1008.770	0	0	162	162.740	0	0	0	0	0.000	0.000	0	0	0	0	0.000	0	0	0	0.000	0	0
201	201	1972	511.213	1193.382	0.905	112	1212	568	28	5	112	1212	568	28	5	109.702	120.551	136	128	124	122	121	120	119	118	116	115	111	104.047	903.306	1393	1253	1162	1085	1020	956	876	760	612	467	327	0	0	0.000	0.000	0	0	0	0	0.000	0	0	0	0.000	0	0	0	0	0.000	0.000	0	0	0	0	0.000	0	0	0	0.000	0	0
202	202	2643	117.336	1208.736	0.855	126	1066	1186	190	20	126	1066	1186	190	20	105.998	115.282	126	120	118	117	116	115	114	113	112	111	108	101.235	781.971	1594	1184	1023	902	815	744	682	604	531	447	252	0	0	0.000	0.000	0	0	0	0	0.000	0	0	0	0.000	0	0	0	0	0.000	0.000	0	0	0	0	0.000	0	0	0	0.000	0	0
203	203	1754	180.874	1210.025	0.879	72	562	861	200	35	72	562	861	200	35	106.308	113.820	125	119	117	115	114	113	112	112	111	110	108	102.000	459.159	661	606	576	546	506	464	413	381	350	309	206	0	0	0.000	0.000	0	0	0	0	0.000	0	0	0	0.000	0	0	0	0	0.000	0.000	0	0	0	0	0.000	0	0	0	0.000	0	0
204	204	313	550.969	1197.453	0.931	31	75	104	76	22	31	75	104	76	22	109.080	114.572	121	117	116	115	115	115	114	114	113	112	111	104.051	333.585	491	452	412	381	354	330	304	282	261	232	173	0	0	0.000	0.000	0	0	0	0	0.000	0	0	0	0.000	0	0	0	0	0.000	0.000	0	0	0	0	0.000	0	0	0	0.000	0	0
205	205	683	2010.672	1213.744	0.930	34	79	242	266	47	34	79	242	266	47	108.000	114.294	119	116	116	115	115	114	114	113	113	112	109	102.000	396.319	563	515	479	445	416	390	372	354	325	281	199	0	0	0.000	0.000	0	0	0	0	0.000	0	0	0	0.000	0	0	0	0	0.000	0.000	0	0	0	0	0.000	0	0	0	0.000	0	0
206	206	1933	423.628	1230.160	0.896	73	265	1200	348	13	73	265	1200	348	13	109.000	137.225	188	150	144	141	140	138	135	131	127	123	117	104.730	852.769	1396	1182	1071	999	957	907	833	714	565	460	311	0	0	0.000	0.000	0	0	0	0	0.000	0	0	0	0.000	0	0	0	0	0.000	0.000	0	0	0	0	0.000	0	0	0	0.000	0	0
207	207	1132	973.320	1229.623	0.910	25	100	458	448	77	25	100	458	448	77	110.245	121.683	129	125	124	124	123	122	121	120	119	118	113	101.265	170.527	208	196	191	183	176	172	167	161	152	142	123	0	0	0.000	0.000	0	0	0	0	0.000	0	0	0	0.000	0	0	0	0	0.000	0.000	0	0	0	0	0.000	0	0	0	0.000	0	0
208	208	1649	1785.167	1230.982	0.886	293	1224	78	27	16	293	1224	78	27	16	109.313	125.953	139	133	131	129	127	126	124	122	121	119	112	102.693	219.434	314	272	257	244	233	222	210	196	176	161	146	0	0	0.000	0.000	0	0	0	0	0.000	0	0	0	0.000	0	0	0	0	0.000	0.000	0	0	0	0	0.000	0	0	0	0.000	0	0
209	209	1812	2007.621	1256.337	0.860	63	138	1047	507	15	63	138	1047	507	15	107.992	115.030	122	118	117	116	115	115	114	114	113	112	110	102.175	530.162	829	708	668	629	582	532	487	445	407	348	137	0	0	0.000	0.000	0	0	0	0	0.000	0	0	0	0.000	0	0	0	0	0.000	0.000	0	0	0	0	0.000	0	0	0	0.000	0	0
210	210	1632	378.722	1262.220	0.904	31	123	874	549	16	31	123	874	549	16	108.577	141.176	156	152	149	148	146	144	142	137	130	125	121	104.585	978.012	1447	1337	1274	1230	1156	1067	940	811	616	470	335	0	0	0.000	0.000	0	0	0	0	0.000	0	0	0	0.000	0	0	0	0	0.000	0.000	0	0	0	0	0.000	0	0	0	0.000	0	0
211	211	2397	927.482	1274.629	0.873	96	1305	874	61	5	96	1305	874	61	5	110.864	296.127	1473	450	285	265	251	236	221	208	192	169	141	102.941	138.232	172	152	148	145	142	139	135	131	128	125	114	1	189	933.871	1277.088	0	0	0	911	941.106	0	0	151	149.709	0	0	0	0	0.000	0.000	0	0	0	0	0.000	0	0	0	0.000	0	0
212	212	1653	1822.321	1272.757	0.880	39	530	867	180	10	39	530	867	180	10	110.000	128.924	144	136	134	132	131	129	128	126	124	121	115	103.000	260.701	354	327	314	299	283	267	253	230	204	178	158	0	0	0.000	0.000	0	0	0	0	0.000	0	0	0	0.000	0	0	0	0	0.000	0.000	0	0	0	0	0.000	0	0	0	0.000	0	0
213	213	1570	983.787	1275.527	0.856	58	496	674	290	23	58	496	674	290	23	111.000	123.167	133	129	126	125	124	123	122	121	120	119	113	102.673	168.029	210	194	187	180	172	165	160	155	151	146	132	0	0	0.000	0.000	0	0	0	0	0.000	0	0	0	0.000	0	0	0	0	0.000	0.000	0	0	0	0	0.000	0	0	0	0.000	0	0
214	214	682	421.981	1287.873	0.748	330	130	143	48	22	330	130	143	48	22	109.000	175.518	538	265	184	155	148	146	144	142	139	136	128	105.000	549.238	980	743	673	638	596	539	478	430	396	366	344	1	77	423.517	1276.150	0	0	0	335	345.792	0	0	663	682.234	0	0	0	0	0.000	0.000	0	0	0	0	0.000	0	0	0	0.000	0	0
215	215	1322	450.978	1287.680	0.702	1137	90	39	32	19	1137	90	39	32	19	109.000	140.638	166	153	149	145	143	141	139	137	134	125	114	105.000	540.123	941	788	707	643	594	535	475	426	385	321	131	0	0	0.000	0.000	0	0	0	0	0.000	0	0	0	0.000	0	0	0	0	0.000	0.000	0	0	0	0	0.000	0	0	0	0.000	0	0
216	216	760	395.796	1307.058	0.861	44	64	252	310	75	44	64	252	310	75	108.317	142.630	155	150	148	146	144	143	141	139	138	135	131	104.993	595.004	866	802	748	701	649	610	550	484	440	385	323	0	0	0.000	0.000	0	0	0	0	0.000	0	0	0	0.000	0	0	0	0	0.000	0.000	0	0	0	0	0.000	0	0	0	0.000	0	0
217	217	357	1848.590	1301.884	0.942	33	76	161	76	4	33	76	161	76	4	110.000	120.826	126	124	123	122	122	121	121	120	119	118	113	103.000	184.468	226	213	205	197	192	187	181	176	167	151	130	0	0	0.000	0.000	0	0	0	0	0.000	0	0	0	0.000	0	0	0	0	0.000	0.000	0	0	0	0	0.000	0	0	0	0.000	0	0
218	218	2169	1270.331	1320.363	0.881	118	1201	726	72	9	118	1201	726	72	9	110.560	131.206	170	148	142	136	131	127	125	123	122	120	115	103.000	670.502	2217	1089	889	751	676	597	512	441	381	335	193	1	10	1268.701	1330.002	0	0	0	161	160.600	0	0	325	321.600	0	0	1	77	1263.109	1308.949	0	0	0	135	136.974	0	0	1864	1827.805	0	0
219	219	565	896.183	1316.214	0.794	37	178	201	108	27	37	178	201	108	27	111.342	257.232	289	276	271	266	262	258	255	251	245	237	213	103.159	138.005	148	144	142	141	139	138	137	136	134	132	126	0	0	0.000	0.000	0	0	0	0	0.000	0	0	0	0.000	0	0	0	0	0.000	0.000	0	0	0	0	0.000	0	0	0	0.000	0	0
220	220	2225	941.884	1344.334	0.873	255	1397	434	84	18	255	1397	434	84	18	111.354	134.448	218	142	139	137	135	134	132	131	129	126	116	103.477	130.199	149	139	136	133	131	130	128	127	125	122	110	0	0	0.000	0.000	0	0	0	0	0.000	0	0	0	0.000	0	0	0	0	0.000	0.000	0	0	0	0	0.000	0	0	0	0.000	0	0
221	221	2497	793.626	1357.736	0.874	35	905	1241	241	26	35	905	1241	241	26	111.000	2106.838	13700	8074	3597	1337	586	314	217	181	161	144	127	103.739	785.199	2972	1967	1008	666	607	554	505	445	367	282	188	0	0	0.000	0.000	0	0	0	0	0.000	0	0	0	0.000	0	0	0	0	0.000	0.000	0	0	0	0	0.000	0	0	0	0.000	0	0
222	222	690	908.940	1375.553	0.897	28	234	328	77	9	28	234	328	77	9	111.000	124.694	133	129	128	126	125	125	124	123	122	120	116	103.474	124.855	134	130	129	128	127	126	125	123	122	119	108	0	0	0.000	0.000	0	0	0	0	0.000	0	0	0	0.000	0	0	0	0	0.000	0.000	0	0	0	0	0.000	0	0	0	0.000	0	0
223	223	274	176.311	1376.685	0.915	6	28	151	67	14	6	28	151	67	14	107.000	120.124	128	125	123	122	121	120	119	118	117	116	112	101.000	168.591	196	187	181	178	174	171	167	160	156	150	135	0	0	0.000	0.000	0	0	0	0	0.000	0	0	0	0.000	0	0	0	0	0.000	0.000	0	0	0	0	0.000	0	0	0	0.000	0	0
224	224	1630	145.790	1396.142	0.893	28	207	950	388	32	28	207	950	388	32	106.050	135.496	473	148	129	127	125	124	122	121	120	118	112	101.996	203.026	407	237	224	216	211	204	194	183	173	162	146	1	98	158.280	1400.604	0	0	0	276	287.061	0	0	276	283.469	0	0	0	0	0.000	0.000	0	0	0	0	0.000	0	0	0	0.000	0	0
225	225	2204	774.976	1416.950	0.853	63	821	1130	118	24	63	821	1130	118	24	110.971	162.536	186	176	173	169	167	165	162	158	154	145	125	102.996	502.132	713	637	605	568	528	500	474	446	415	375	201	0	0	0.000	0.000	0	0	0	0	0.000	0	0	0	0.000	0	0	0	0	0.000	0.000	0	0	0	0	0.000	0	0	0	0.000	0	0
226	226	1446	1947.832	1423.810	0.915	10	70	214	931	195	10	70	214	931	195	109.098	118.671	137	125	121	119	118	117	117	116	115	114	110	102.154	698.571	1020	923	881	848	807	742	658	570	492	411	315	1	186	1943.964	1413.002	0	0	0	127	126.817	0	0	850	857.086	0	0	0	0	0.000	0.000	0	0	0	0	0.000	0	0	0	0.000	0	0
227	227	1091	1941.624	1466.150	0.893	32	45	369	545	77	32	45	369	545	77	109.085	116.394	125	119	118	117	117	116	116	115	115	114	111	103.000	597.110	880	827	789	742	690	621	543	462	392	334	268	0	0	0.000	0.000	0	0	0	0	0.000	0	0	0	0.000	0	0	0	0	0.000	0.000	0	0	0	0	0.000	0	0	0	0.000	0	0
228	228	1528	1700.463	1475.620	0.907	438	900	73	72	36	438	900	73	72	36	110.870	142.870	567	147	138	136	134	132	130	129	127	125	118	102.972	593.175	1520	744	690	652	618	588	553	514	473	419	253	1	71	1708.223	1482.897	0	0	0	306	323.380	0	0	986	1013.113	0	0	0	0	0.000	0.000	0	0	0	0	0.000	0	0	0	0.000	0	0
229	229	2292	1900.471	1491.684	0.849	1449	679	67	33	6	1449	679	67	33	6	110.038	117.950	129	123	121	119	118	117	116	116	115	114	112	103.000	147.648	185	170	164	157	152	146	141	137	133	128	114	0	0	0.000	0.000	0	0	0	0	0.000	0	0	0	0.000	0	0	0	0	0.000	0.000	0	0	0	0	0.000	0	0	0	0.000	0	0
230	230	1074	1464.745	1485.088	0.903	96	184	430	299	50	96	184	430	299	50	110.999	150.285	183	171	165	161	156	150	145	140	134	129	121	103.000	118.788	134	126	123	122	120	119	117	116	114	111	107	0	0	0.000	0.000	0	0	0	0	0.000	0	0	0	0.000	0	0	0	0	0.000	0.000	0	0	0	0	0.000	0	0	0	0.000	0	0
231	231	1584	228.537	1499.404	0.908	70	561	791	123	7	70	561	791	123	7	106.390	127.437	143	138	136	132	129	127	125	123	120	117	113	102.000	618.677	928	782	728	689	662	630	593	560	518	433	257	0	0	0.000	0.000	0	0	0	0	0.000	0	0	0	0.000	0	0	0	0	0.000	0.000	0	0	0	0	0.000	0	0	0	0.000	0	0
232	232	2119	268.171	1537.723	0.907	116	1136	740	80	14	116	1136	740	80	14	107.000	134.359	193	149	143	139	136	133	131	128	125	121	114	102.000	767.989	1249	1024	945	893	842	778	716	642	573	515	237	0	0	0.000	0.000	0	0	0	0	0.000	0	0	0	0.000	0	0	0	0	0.000	0.000	0	0	0	0	0.000	0	0	0	0.000	0	0
233	233	1093	1636.898	1525.562	0.800	169	444	288	137	24	169	444	288	137	24	110.400	194.812	265	228	210	204	200	194	189	183	174	161	148	103.008	138.866	169	151	146	144	142	139	137	134	131	126	114	0	0	0.000	0.000	0	0	0	0	0.000	0	0	0	0.000	0	0	0	0	0.000	0.000	0	0	0	0	0.000	0	0	0	0.000	0	0
234	234	1512	1923.777	1539.066	0.878	515	580	202	156	43	515	580	202	156	43	109.265	117.005	127	122	120	118	117	116	116	115	114	114	112	102.988	166.691	201	189	183	179	174	170	165	161	156	135	106	0	0	0.000	0.000	0	0	0	0	0.000	0	0	0	0.000	0	0	0	0	0.000	0.000	0	0	0	0	0.000	0	0	0	0.000	0	0
235	235	1780	699.882	1544.132	0.898	29	49	1008	630	24	29	49	1008	630	24	109.285	115.541	122	118	117	116	116	116	115	115	114	113	110	103.000	354.843	563	491	463	429	394	367	325	279	236	204	178	0	0	0.000	0.000	0	0	0	0	0.000	0	0	0	0.000	0	0	0	0	0.000	0.000	0	0	0	0	0.000	0	0	0	0.000	0	0
236	236	1465	1281.704	1560.253	0.873	5	86	618	638	89	5	86	618	638	89	111.000	213.071	257	246	238	230	224	218	208	197	187	175	159	102.416	147.501	170	161	158	155	152	149	146	142	137	130	121	0	0	0.000	0.000	0	0	0	0	0.000	0	0	0	0.000	0	0	0	0	0.000	0.000	0	0	0	0	0.000	0	0	0	0.000	0	0
237	237	232	657.319	1558.141	0.844	127	32	19	34	17	127	32	19	34	17	109.000	113.909	118	116	115	115	114	114	113	113	113	112	111	103.000	242.987	316	278	262	253	247	240	234	228	223	216	204	0	0	0.000	0.000	0	0	0	0	0.000	0	0	0	0.000	0	0	0	0	0.000	0.000	0	0	0	0	0.000	0	0	0	0.000	0	0
238	238	626	667.177	1575.657	0.895	55	261	189	69	38	55	261	189	69	38	108.724	115.110	119	117	116	116	116	115	115	114	114	113	111	103.334	320.613	445	398	372	359	343	322	303	283	263	241	188	0	0	0.000	0.000	0	0	0	0	0.000	0	0	0	0.000	0	0	0	0	0.000	0.000	0	0	0	0	0.000	0	0	0	0.000	0	0
239	239	1749	591.164	1588.930	0.874	41	358	1121	179	15	41	358	1121	179	15	109.420	147.885	176	166	162	158	152	147	143	140	135	129	122	103.250	530.273	847	775	724	661	607	549	484	409	329	256	185	0	0	0.000	0.000	0	0	0	0	0.000	0	0	0	0.000	0	0	0	0	0.000	0.000	0	0	0	0	0.000	0	0	0	0.000	0	0
240	240	1475	1300.254	1604.143	0.894	11	43	370	807	215	11	43	370	807	215	110.999	226.826	929	262	250	237	228	218	207	194	181	171	145	102.224	150.709	180	167	162	159	156	152	147	142	138	134	122	1	33	1300.755	1592.470	0	0	0	594	600.515	0	0	157	155.303	0	0	0	0	0.000	0.000	0	0	0	0	0.000	0	0	0	0.000	0	0
241	241	2222	1591.340	1636.775	0.880	29	253	1232	559	91	29	253	1232	559	91	109.677	158.928	1062	164	160	153	149	145	141	138	134	130	120	105.505	1148.577	2050	1831	1571	1378	1217	1100	997	852	725	591	378	1	66	1602.276	1623.723	0	0	0	509	528.076	0	0	1375	1362.697	0	0	0	0	0.000	0.000	0	0	0	0	0.000	0	0	0	0.000	0	0
242	242	1193	575.490	1634.418	0.892	3	45	459	577	79	3	45	459	577	79	109.000	151.035	182	162	159	156	153	151	148	146	142	138	126	102.956	547.442	727	673	654	626	592	556	514	483	448	404	274	0	0	0.000	0.000	0	0	0	0	0.000	0	0	0	0.000	0	0	0	0	0.000	0.000	0	0	0	0	0.000	0	0	0	0.000	0	0
243	243	1693	629.188	1637.263	0.887	26	116	652	797	74	26	116	652	797	74	109.000	143.032	162	154	151	149	146	143	141	138	135	131	124	102.789	471.530	750	647	615	578	529	479	428	376	323	276	208	0	0	0.000	0.000	0	0	0	0	0.000	0	0	0	0.000	0	0	0	0	0.000	0.000	0	0	0	0	0.000	0	0	0	0.000	0	0
244	244	1395	887.061	1641.655	0.911	84	843	348	70	13	84	843	348	70	13	110.133	153.204	170	163	161	159	157	155	153	149	145	140	130	102.424	1220.313	1555	1466	1431	1397	1359	1301	1222	1112	985	847	547	0	0	0.000	0.000	0	0	0	0	0.000	0	0	0	0.000	0	0	0	0	0.000	0.000	0	0	0	0	0.000	0	0	0	0.000	0	0
245	245	2237	1534.325	1655.409	0.889	113	311	1568	194	12	113	311	1568	194	12	110.834	172.471	1433	166	161	159	157	154	150	145	139	133	123	105.738	1474.914	3337	2029	1928	1814	1679	1543	1400	1226	992	700	463	1	75	1538.378	1638.120	0	0	0	646	687.493	0	0	2222	2185.333	0	0	0	0	0.000	0.000	0	0	0	0	0.000	0	0	0	0.000	0	0
246	246	614	1315.794	1646.834	0.915	54	249	184	89	30	54	249	184	89	30	111.000	155.570	174	169	164	161	158	155	152	149	147	145	137	102.560	113.801	124	118	117	116	115	114	113	112	111	110	106	0	0	0.000	0.000	0	0	0	0	0.000	0	0	0	0.000	0	0	0	0	0.000	0.000	0	0	0	0	0.000	0	0	0	0.000	0	0
247	247	1356	1352.116	1653.873	0.920	44	392	644	217	37	44	392	644	217	37	111.000	594.080	8740	1538	447	227	194	184	177	170	155	140	122	103.000	123.723	166	136	130	126	125	123	121	119	116	113	107	1	117	1341.002	1661.318	0	0	0	3256	3716.393	0	0	140	138.214	0	0	0	0	0.000	0.000	0	0	0	0	0.000	0	0	0	0.000	0	0
248	248	1285	1128.921	1665.493	0.898	218	818	146	63	21	218	818	146	63	21	111.000	331.104	404	377	358	347	338	331	323	314	304	290	250	103.205	405.880	531	478	452	437	421	408	394	379	359	328	264	0	0	0.000	0.000	0	0	0	0	0.000	0	0	0	0.000	0	0	0	0	0.000	0.000	0	0	0	0	0.000	0	0	0	0.000	0	0
249	249	2404	1834.053	1674.276	0.901	79	710	1150	361	46	79	710	1150	361	46	110.014	182.788	228	211	205	201	196	190	180	170	155	143	131	104.181	4090.354	5968	5452	5254	5075	4844	4571	4129	3537	2680	1846	1283	0	0	0.000	0.000	0	0	0	0	0.000	0	0	0	0.000	0	0	0	0	0.000	0.000	0	0	0	0	0.000	0	0	0	0.000	0	0
250	250	2103	1778.970	1670.910	0.874	136	902	823	173	33	136	902	823	173	33	110.189	178.804	225	214	207	199	190	181	170	160	150	141	127	104.009	3625.242	5751	5380	5025	4647	4260	3858	3301	2769	2208	1542	831	0	0	0.000	0.000	0	0	0	0	0.000	0	0	0	0.000	0	0	0	0	0.000	0.000	0	0	0	0	0.000	0	0	0	0.000	0	0
251	251	1475	905.639	1684.591	0.914	45	382	721	260	35	45	382	721	260	35	110.080	196.820	1982	217	157	149	145	141	139	136	133	130	123	103.000	884.803	3473	1470	1235	1034	891	782	659	568	483	398	272	1	86	910.685	1685.671	0	0	0	837	927.337	0	0	2094	2155.105	0	0	1	36	910.892	1684.388	0	0	0	1135	1154.139	0	0	2657	2627.639	0	0
252	252	2668	1590.191	1700.076	0.837	87	426	1327	702	66	87	426	1327	702	66	110.398	153.143	175	168	164	162	159	156	152	146	141	134	123	105.056	1587.144	2407	2293	2143	1963	1795	1632	1452	1276	1088	831	272	0	0	0.000	0.000	0	0	0	0	0.000	0	0	0	0.000	0	0	0	0	0.000	0.000	0	0	0	0	0.000	0	0	0	0.000	0	0
253	253	2358	1158.836	1704.954	0.837	115	541	1175	447	38	115	541	1175	447	38	110.934	309.832	426	395	372	352	333	313	296	274	249	219	148	103.648	413.509	609	548	511	483	451	422	391	355	316	260	158	0	0	0.000	0.000	0	0	0	0	0.000	0	0	0	0.000	0	0	0	0	0.000	0.000	0	0	0	0	0.000	0	0	0	0.000	0	0
254	254	1814	790.851	1729.602	0.886	273	1368	82	42	23	273	1368	82	42	23	110.721	169.321	212	191	186	182	178	173	167	159	149	141	124	102.106	121.284	142	127	125	124	123	122	121	119	117	114	106	0	0	0.000	0.000	0	0	0	0	0.000	0	0	0	0.000	0	0	0	0	0.000	0.000	0	0	0	0	0.000	0	0	0	0.000	0	0
255	255	1869	53.595	1754.267	0.867	828	604	298	86	22	828	604	298	86	22	106.447	169.762	621	203	173	166	161	157	153	146	137	125	114	103.078	120.887	136	128	126	124	123	121	120	118	116	113	106	1	91	64.307	1742.365	0	0	0	393	402.890	0	0	123	122.912	0	0	0	0	0.000	0.000	0	0	0	0	0.000	0	0	0	0.000	0	0
256	256	2473	1134.647	1773.240	0.891	136	1353	772	143	22	136	1353	772	143	22	111.058	304.954	461	425	373	339	315	295	277	259	242	208	168	103.474	663.510	1126	1029	887	770	701	633	572	521	471	369	247	0	0	0.000	0.000	0	0	0	0	0.000	0	0	0	0.000	0	0	0	0	0.000	0.000	0	0	0	0	0.000	0	0	0	0.000	0	0
257	257	1480	817.856	1775.104	0.889	64	985	332	68	15	64	985	332	68	15	110.336	184.774	223	207	201	195	189	184	179	175	170	164	151	102.189	120.437	135	127	125	123	122	120	119	118	116	115	108	0	0	0.000	0.000	0	0	0	0	0.000	0	0	0	0.000	0	0	0	0	0.000	0.000	0	0	0	0	0.000	0	0	0	0.000	0	0
258	258	2019	196.284	1791.735	0.858	161	954	677	168	19	161	954	677	168	19	107.000	198.567	1945	262	143	138	135	132	128	124	121	117	109	102.463	377.425	1235	567	513	462	407	367	317	262	206	135	109	1	148	190.414	1804.756	0	0	0	869	917.203	0	0	716	711.068	0	0	1	42	190.439	1807.253	0	0	0	1248	1219.000	0	0	1050	1046.595	0	0
259	259	1372	47.999	1816.018	0.801	748	320	138	76	74	748	320	138	76	74	105.617	188.275	212	203	200	196	194	190	185	182	178	171	153	103.493	457.944	566	527	512	501	488	472	456	430	401	360	303	0	0	0.000	0.000	0	0	0	0	0.000	0	0	0	0.000	0	0	0	0	0.000	0.000	0	0	0	0	0.000	0	0	0	0.000	0	0
260	260	403	858.100	1812.136	0.914	78	224	84	6	4	78	224	84	6	4	110.000	311.613	465	389	365	346	330	316	303	284	251	217	178	102.000	170.447	232	200	188	181	172	167	163	159	154	144	127	0	0	0.000	0.000	0	0	0	0	0.000	0	0	0	0.000	0	0	0	0	0.000	0.000	0	0	0	0	0.000	0	0	0	0.000	0	0
261	261	1623	142.205	1849.668	0.877	141	151	586	649	51	141	151	586	649	51	106.994	130.618	193	140	136	134	132	131	129	127	123	117	111	104.000	396.799	606	515	480	453	429	402	377	345	315	271	152	0	0	0.000	0.000	0	0	0	0	0.000	0	0	0	0.000	0	0	0	0	0.000	0.000	0	0	0	0	0.000	0	0	0	0.000	0	0
262	262	1435	84.301	1912.859	0.900	201	293	714	181	29	201	293	714	181	29	104.108	111.151	118	114	113	112	112	111	111	110	109	109	106	102.888	444.551	659	602	578	550	511	462	411	357	308	254	188	0	0	0.000	0.000	0	0	0	0	0.000	0	0	0	0.000	0	0	0	0	0.000	0.000	0	0	0	0	0.000	0	0	0	0.000	0	0
263	263	1597	310.495	1930.113	0.885	35	342	875	281	20	35	342	875	281	20	106.026	152.066	178	167	162	159	155	153	150	146	142	136	125	102.000	119.697	133	126	124	123	121	119	118	117	115	114	107	0	0	0.000	0.000	0	0	0	0	0.000	0	0	0	0.000	0	0	0	0	0.000	0.000	0	0	0	0	0.000	0	0	0	0.000	0	0
264	264	1158	1198.578	1925.002	0.917	36	463	578	52	15	36	463	578	52	15	109.833	117.939	123	120	119	119	118	118	117	117	116	116	113	102.882	913.880	1430	1283	1200	1103	1004	916	847	753	643	510	391	0	0	0.000	0.000	0	0	0	0	0.000	0	0	0	0.000	0	0	0	0	0.000	0.000	0	0	0	0	0.000	0	0	0	0.000	0	0
265	265	2043	1379.797	1933.467	0.892	1143	696	61	62	23	1143	696	61	62	23	110.665	124.828	135	130	128	127	126	125	124	123	122	120	113	102.028	178.446	230	211	202	194	186	178	170	163	155	147	129	0	0	0.000	0.000	0	0	0	0	0.000	0	0	0	0.000	0	0	0	0	0.000	0.000	0	0	0	0	0.000	0	0	0	0.000	0	0
266	266	1062	1185.823	1970.776	0.920	222	682	124	15	7	222	682	124	15	7	109.000	120.482	129	126	124	122	121	120	119	118	117	116	114	103.000	1010.656	1329	1194	1134	1098	1061	1024	987	944	895	794	576	0	0	0.000	0.000	0	0	0	0	0.000	0	0	0	0.000	0	0	0	0	0.000	0.000	0	0	0	0	0.000	0	0	0	0.000	0	0
267	267	1721	347.210	1979.726	0.837	102	947	612	24	7	102	947	612	24	7	106.398	166.049	203	183	177	173	170	167	164	161	156	147	127	103.095	126.702	140	132	130	129	128	127	126	125	123	121	111	0	0	0.000	0.000	0	0	0	0	0.000	0	0	0	0.000	0	0	0	0	0.000	0.000	0	0	0	0	0.000	0	0	0	0.000	0	0
268	268	877	299.423	1973.876	0.868	12	40	280	478	49	12	40	280	478	49	105.502	143.791	167	162	157	153	148	144	141	135	130	126	114	102.043	117.712	129	123	122	121	119	118	117	116	114	111	105	0	0	0.000	0.000	0	0	0	0	0.000	0	0	0	0.000	0	0	0	0	0.000	0.000	0	0	0	0	0.000	0	0	0	0.000	0	0
269	269	1868	1422.128	1977.533	0.901	284	843	625	59	15	284	843	625	59	15	114.960	202.768	264	240	228	220	213	205	194	184	175	166	143	102.281	119.270	144	127	125	123	121	120	118	116	114	110	105	0	0	0.000	0.000	0	0	0	0	0.000	0	0	0	0.000	0	0	0	0	0.000	0.000	0	0	0	0	0.000	0	0	0	0.000	0	0
270	270	1602	255.927	2012.704	0.897	39	282	1087	154	13	39	282	1087	154	13	104.164	218.710	298	258	246	235	226	219	212	206	193	178	140	102.000	763.001	1083	988	891	840	785	750	717	687	642	582	325	0	0	0.000	0.000	0	0	0	0	0.000	0	0	0	0.000	0	0	0	0	0.000	0.000	0	0	0	0	0.000	0	0	0	0.000	0	0
271	271	257	376.777	2001.444	0.935	30	39	43	64	76	30	39	43	64	76	106.249	137.152	154	150	146	143	140	137	135	132	127	124	116	103.988	117.280	127	123	120	120	119	118	117	116	113	112	108	0	0	0.000	0.000	0	0	0	0	0.000	0	0	0	0.000	0	0	0	0	0.000	0.000	0	0	0	0	0.000	0	0	0	0.000	0	0
272	272	1605	1729.442	2015.383	0.869	576	772	172	44	18	576	772	172	44	18	108.354	1665.619	20539	4749	852	379	330	304	276	253	225	198	170	100.981	125.960	159	140	133	129	126	124	121	120	118	116	109	1	209	1739.295	2004.503	0	0	0	9066	9895.493	0	0	141	140.656	0	0	0	0	0.000	0.000	0	0	0	0	0.000	0	0	0	0.000	0	0
273	273	1152	159.724	2028.458	0.866	203	479	326	103	16	203	479	326	103	16	103.000	142.118	182	163	155	149	145	142	138	133	128	124	112	100.185	127.337	170	146	139	134	130	126	122	118	114	112	103	0	0	0.000	0.000	0	0	0	0	0.000	0	0	0	0.000	0	0	0	0	0.000	0.000	0	0	0	0	0.000	0	0	0	0.000	0	0
