 	cell	area	x	y	circ	BFI_lev_b1	BFI_lev_b2	BFI_lev_b3	BFI_lev_b4	BFI_lev_b5	BFO_lev_b1	BFO_lev_b2	BFO_lev_b3	BFO_lev_b4	BFO_lev_b5	RFP_int_bg	RFP_int_mean	RFP_int_b0	RFP_int_b1	RFP_int_b2	RFP_int_b3	RFP_int_b4	RFP_int_b5	RFP_int_b6	RFP_int_b7	RFP_int_b8	RFP_int_b9	RFP_int_b10	GFP_int_bg	GFP_int_mean	GFP_int_b0	GFP_int_b1	GFP_int_b2	GFP_int_b3	GFP_int_b4	GFP_int_b5	GFP_int_b6	GFP_int_b7	GFP_int_b8	GFP_int_b9	GFP_int_b10	inRFPnfoci	f1_inRFParea	f1_inRFPx	f1_inRFPy	f2_inRFParea	f2_inRFPx	f2_inRFPy	f1_inRFP_toRFPmed	f1_inRFP_toRFPmean	f2_inRFP_toRFPmed	f2_inRFP_toRFPmean	f1_inRFP_toGFPmed	f1_inRFP_toGFPmean	f2_inRFP_toGFPmed	f2_inRFP_toGFPmean	inGFPnfoci	f1_inGFParea	f1_inGFPx	f1_inGFPy	f2_inGFParea	f2_inGFPx	f2_inGFPy	f1_inGFP_toRFPmed	f1_inGFP_toRFPmean	f2_inGFP_toRFPmed	f2_inGFP_toRFPmean	f1_inGFP_toGFPmed	f1_inGFP_toGFPmean	f2_inGFP_toGFPmed	f2_inGFP_toGFPmean
1	1	1630	1402.648	34.284	0.890	381	402	501	237	76	381	402	501	237	76	106.356	115.201	124	119	117	116	115	115	114	114	113	112	109	102.991	1032.498	1634	1430	1316	1214	1118	1039	974	895	796	661	163	0	0	0.000	0.000	0	0	0	0	0.000	0	0	0	0.000	0	0	0	0	0.000	0.000	0	0	0	0	0.000	0	0	0	0.000	0	0
2	2	1393	694.222	36.120	0.902	386	907	46	20	12	386	907	46	20	12	106.000	112.426	120	116	115	114	113	112	111	111	110	109	106	102.337	189.682	240	228	221	215	208	195	181	166	154	144	132	0	0	0.000	0.000	0	0	0	0	0.000	0	0	0	0.000	0	0	0	0	0.000	0.000	0	0	0	0	0.000	0	0	0	0.000	0	0
3	3	2002	950.122	43.547	0.901	104	596	1074	180	9	104	596	1074	180	9	105.886	118.842	146	126	122	120	119	118	117	116	115	113	110	100.812	115.006	139	125	120	117	115	114	112	111	109	108	104	0	0	0.000	0.000	0	0	0	0	0.000	0	0	0	0.000	0	0	0	0	0.000	0.000	0	0	0	0	0.000	0	0	0	0.000	0	0
4	4	257	1772.572	28.117	0.924	32	45	92	67	19	32	45	92	67	19	104.623	112.062	115	114	114	114	113	112	112	111	110	109	107	101.000	234.412	301	289	273	260	245	236	224	215	199	182	148	0	0	0.000	0.000	0	0	0	0	0.000	0	0	0	0.000	0	0	0	0	0.000	0.000	0	0	0	0	0.000	0	0	0	0.000	0	0
5	5	1379	643.818	44.716	0.905	140	445	715	40	10	140	445	715	40	10	106.021	111.094	116	113	112	112	111	111	111	110	110	109	107	102.000	191.723	236	221	214	208	202	197	189	180	168	154	134	0	0	0.000	0.000	0	0	0	0	0.000	0	0	0	0.000	0	0	0	0	0.000	0.000	0	0	0	0	0.000	0	0	0	0.000	0	0
6	6	902	1488.250	59.559	0.913	86	230	230	281	55	86	230	230	281	55	106.881	124.825	140	134	131	129	127	125	122	121	118	116	108	102.701	115.662	129	123	122	120	118	116	114	111	109	107	103	0	0	0.000	0.000	0	0	0	0	0.000	0	0	0	0.000	0	0	0	0	0.000	0.000	0	0	0	0	0.000	0	0	0	0.000	0	0
7	7	2554	1447.341	78.140	0.854	1895	383	175	59	22	1895	383	175	59	22	107.895	664.424	22034	335	159	154	149	146	142	138	132	126	113	103.442	129.520	220	140	132	130	128	127	125	123	121	114	104	1	122	1432.119	65.538	0	0	0	8890	9569.885	0	0	174	174.246	0	0	1	119	1432.136	66.909	0	0	0	5390	6997.210	0	0	192	190.151	0	0
8	8	872	745.083	64.860	0.916	21	94	363	327	49	21	94	363	327	49	107.000	141.405	170	163	157	150	145	139	134	131	128	124	115	102.235	119.438	132	126	124	122	121	120	119	117	115	112	104	0	0	0.000	0.000	0	0	0	0	0.000	0	0	0	0.000	0	0	0	0	0.000	0.000	0	0	0	0	0.000	0	0	0	0.000	0	0
9	9	1457	1391.346	82.737	0.899	553	275	304	257	56	553	275	304	257	56	107.296	114.522	121	118	117	116	115	114	114	113	112	111	109	103.043	1076.995	1601	1428	1332	1248	1172	1080	987	913	844	726	400	0	0	0.000	0.000	0	0	0	0	0.000	0	0	0	0.000	0	0	0	0	0.000	0.000	0	0	0	0	0.000	0	0	0	0.000	0	0
10	10	1595	1774.851	130.695	0.891	66	99	494	790	121	66	99	494	790	121	106.000	129.624	145	140	137	135	133	130	127	125	122	119	112	102.000	478.071	741	648	606	559	533	507	463	414	347	258	193	0	0	0.000	0.000	0	0	0	0	0.000	0	0	0	0.000	0	0	0	0	0.000	0.000	0	0	0	0	0.000	0	0	0	0.000	0	0
11	11	1905	1380.796	132.387	0.903	165	279	883	498	46	165	279	883	498	46	107.278	131.780	154	139	138	136	135	134	132	129	125	120	112	103.000	129.413	149	137	135	134	133	131	130	128	125	116	103	0	0	0.000	0.000	0	0	0	0	0.000	0	0	0	0.000	0	0	0	0	0.000	0.000	0	0	0	0	0.000	0	0	0	0.000	0	0
12	12	2207	1438.764	134.590	0.877	56	377	1305	403	23	56	377	1305	403	23	107.855	493.079	7450	889	174	140	137	136	133	129	123	119	113	102.641	129.248	209	139	133	131	129	127	125	123	120	112	103	1	214	1450.812	137.309	0	0	0	3133	3497.238	0	0	171	169.593	0	0	0	0	0.000	0.000	0	0	0	0	0.000	0	0	0	0.000	0	0
13	13	1120	495.049	129.154	0.908	23	74	410	533	65	23	74	410	533	65	106.000	111.987	118	114	113	113	112	112	111	111	111	110	108	102.136	583.791	861	768	696	651	616	582	549	506	459	414	308	0	0	0.000	0.000	0	0	0	0	0.000	0	0	0	0.000	0	0	0	0	0.000	0.000	0	0	0	0	0.000	0	0	0	0.000	0	0
14	14	762	1145.389	148.252	0.921	40	212	381	110	13	40	212	381	110	13	106.236	143.129	168	160	155	151	148	145	141	136	130	124	115	102.000	499.635	747	665	616	582	551	519	470	421	378	319	200	0	0	0.000	0.000	0	0	0	0	0.000	0	0	0	0.000	0	0	0	0	0.000	0.000	0	0	0	0	0.000	0	0	0	0.000	0	0
15	15	1777	1186.235	159.680	0.863	31	98	813	749	46	31	98	813	749	46	106.654	154.909	186	174	170	166	161	156	152	147	140	132	118	102.000	545.862	780	709	657	615	578	549	520	482	430	381	256	0	0	0.000	0.000	0	0	0	0	0.000	0	0	0	0.000	0	0	0	0	0.000	0.000	0	0	0	0	0.000	0	0	0	0.000	0	0
16	16	2386	217.936	169.608	0.886	41	340	1258	642	35	41	340	1258	642	35	106.545	245.395	324	304	294	283	272	258	240	222	194	161	134	102.283	586.936	855	776	743	711	678	640	599	535	415	268	179	0	0	0.000	0.000	0	0	0	0	0.000	0	0	0	0.000	0	0	0	0	0.000	0.000	0	0	0	0	0.000	0	0	0	0.000	0	0
17	17	1761	475.317	172.155	0.872	552	996	70	78	42	552	996	70	78	42	106.309	113.223	119	115	114	114	113	113	113	112	112	111	109	103.000	782.446	1130	1035	979	934	878	820	764	678	570	452	240	0	0	0.000	0.000	0	0	0	0	0.000	0	0	0	0.000	0	0	0	0	0.000	0.000	0	0	0	0	0.000	0	0	0	0.000	0	0
18	18	2305	281.662	182.956	0.901	13	96	743	1223	186	13	96	743	1223	186	107.000	215.264	289	276	264	249	230	211	198	182	168	158	140	102.957	489.154	728	691	655	610	563	509	449	383	311	254	211	0	0	0.000	0.000	0	0	0	0	0.000	0	0	0	0.000	0	0	0	0	0.000	0.000	0	0	0	0	0.000	0	0	0	0.000	0	0
19	19	1983	372.468	190.388	0.892	66	328	855	600	98	66	328	855	600	98	107.000	112.869	121	116	114	114	113	113	112	112	111	111	108	103.719	591.891	1019	860	800	743	684	629	541	430	367	292	221	0	0	0.000	0.000	0	0	0	0	0.000	0	0	0	0.000	0	0	0	0	0.000	0.000	0	0	0	0	0.000	0	0	0	0.000	0	0
20	20	2251	1375.963	195.009	0.897	109	734	1175	175	14	109	734	1175	175	14	108.000	115.467	123	119	118	117	116	115	114	114	113	113	110	101.985	156.874	231	170	166	164	161	159	157	153	148	136	113	0	0	0.000	0.000	0	0	0	0	0.000	0	0	0	0.000	0	0	0	0	0.000	0.000	0	0	0	0	0.000	0	0	0	0.000	0	0
21	21	1324	1568.241	190.492	0.869	64	305	733	188	9	64	305	733	188	9	107.273	133.495	157	145	141	138	135	133	131	129	126	122	116	102.000	500.241	709	642	597	560	536	513	487	459	419	348	184	0	0	0.000	0.000	0	0	0	0	0.000	0	0	0	0.000	0	0	0	0	0.000	0.000	0	0	0	0	0.000	0	0	0	0.000	0	0
22	22	323	1503.989	191.012	0.968	72	87	60	68	32	72	87	60	68	32	107.808	114.839	120	117	116	116	115	115	114	114	114	113	111	101.960	226.248	344	276	260	248	233	223	214	204	192	179	156	0	0	0.000	0.000	0	0	0	0	0.000	0	0	0	0.000	0	0	0	0	0.000	0.000	0	0	0	0	0.000	0	0	0	0.000	0	0
23	23	814	1998.954	201.743	0.885	70	584	129	12	5	70	584	129	12	5	105.940	175.258	352	259	207	179	159	151	146	144	142	138	130	102.000	1005.332	1387	1262	1170	1101	1048	1009	966	916	850	757	528	1	84	1996.975	194.855	0	0	0	290	290.167	0	0	1305	1275.929	0	0	0	0	0.000	0.000	0	0	0	0	0.000	0	0	0	0.000	0	0
24	24	3003	429.090	224.578	0.881	471	2173	231	59	36	471	2173	231	59	36	106.999	114.566	125	119	117	116	115	114	113	113	112	112	108	103.941	748.570	1123	1040	976	920	859	777	680	581	506	431	211	0	0	0.000	0.000	0	0	0	0	0.000	0	0	0	0.000	0	0	0	0	0.000	0.000	0	0	0	0	0.000	0	0	0	0.000	0	0
25	25	1802	1524.557	223.571	0.897	62	1101	565	45	4	62	1101	565	45	4	107.278	132.835	161	144	140	138	136	134	131	128	124	120	115	102.000	460.304	760	646	601	559	519	479	430	374	305	238	135	0	0	0.000	0.000	0	0	0	0	0.000	0	0	0	0.000	0	0	0	0	0.000	0.000	0	0	0	0	0.000	0	0	0	0.000	0	0
26	26	2304	248.310	230.673	0.876	50	440	1431	308	33	50	440	1431	308	33	107.000	154.875	192	178	171	166	160	154	148	143	138	134	121	102.854	432.481	764	654	587	531	470	419	370	320	280	234	189	0	0	0.000	0.000	0	0	0	0	0.000	0	0	0	0.000	0	0	0	0	0.000	0.000	0	0	0	0	0.000	0	0	0	0.000	0	0
27	27	1915	306.861	239.869	0.898	77	254	1025	483	31	77	254	1025	483	31	107.000	169.367	201	193	190	185	180	174	167	158	147	137	121	103.616	598.364	794	758	731	708	680	647	595	532	463	362	175	0	0	0.000	0.000	0	0	0	0	0.000	0	0	0	0.000	0	0	0	0	0.000	0.000	0	0	0	0	0.000	0	0	0	0.000	0	0
28	28	451	2000.005	226.343	0.892	145	120	99	65	11	145	120	99	65	11	105.328	124.605	149	138	131	128	125	123	121	119	117	116	112	102.000	506.676	933	764	653	582	542	500	456	401	346	279	188	0	0	0.000	0.000	0	0	0	0	0.000	0	0	0	0.000	0	0	0	0	0.000	0.000	0	0	0	0	0.000	0	0	0	0.000	0	0
29	29	1216	371.312	244.473	0.902	451	527	168	39	12	451	527	168	39	12	107.000	113.582	119	116	115	115	114	114	113	113	112	111	108	104.000	643.716	859	823	795	757	714	661	611	554	497	429	318	0	0	0.000	0.000	0	0	0	0	0.000	0	0	0	0.000	0	0	0	0	0.000	0.000	0	0	0	0	0.000	0	0	0	0.000	0	0
30	30	1678	495.648	267.253	0.905	119	1194	318	7	4	119	1194	318	7	4	107.000	134.703	511	147	129	126	124	122	120	119	117	115	112	102.448	120.299	137	127	125	123	122	120	119	117	116	114	107	1	98	503.224	261.967	0	0	0	285	298.082	0	0	127	126.571	0	0	0	0	0.000	0.000	0	0	0	0	0.000	0	0	0	0.000	0	0
31	31	839	344.756	263.451	0.928	96	183	187	283	75	96	183	187	283	75	107.000	132.738	149	144	141	138	135	133	130	128	125	122	116	104.000	860.238	1251	1167	1109	1036	958	877	788	705	618	531	362	0	0	0.000	0.000	0	0	0	0	0.000	0	0	0	0.000	0	0	0	0	0.000	0.000	0	0	0	0	0.000	0	0	0	0.000	0	0
32	32	559	454.668	270.326	0.839	56	126	148	167	57	56	126	148	167	57	107.000	115.796	124	119	118	117	116	116	115	114	114	113	110	103.438	113.469	124	118	117	116	115	114	112	111	110	109	105	0	0	0.000	0.000	0	0	0	0	0.000	0	0	0	0.000	0	0	0	0	0.000	0.000	0	0	0	0	0.000	0	0	0	0.000	0	0
33	33	1859	1247.528	295.891	0.851	231	1274	289	19	10	231	1274	289	19	10	108.400	154.433	432	185	160	153	147	143	138	135	130	127	115	102.268	298.952	431	381	359	340	320	301	280	259	235	213	167	1	114	1239.222	295.652	0	0	0	291	299.833	0	0	363	361.193	0	0	0	0	0.000	0.000	0	0	0	0	0.000	0	0	0	0.000	0	0
34	34	1217	456.918	302.554	0.895	103	585	329	130	41	103	585	329	130	41	106.875	127.571	139	134	132	131	130	128	127	125	123	120	115	102.565	126.960	139	133	131	129	128	127	126	125	123	121	112	0	0	0.000	0.000	0	0	0	0	0.000	0	0	0	0.000	0	0	0	0	0.000	0.000	0	0	0	0	0.000	0	0	0	0.000	0	0
35	35	294	1220.968	332.655	0.823	22	32	88	118	25	22	32	88	118	25	109.000	121.898	129	126	125	124	124	123	121	120	119	117	113	102.983	205.031	242	233	230	223	217	211	202	192	179	167	153	0	0	0.000	0.000	0	0	0	0	0.000	0	0	0	0.000	0	0	0	0	0.000	0.000	0	0	0	0	0.000	0	0	0	0.000	0	0
36	36	2010	1258.821	350.057	0.855	83	1245	568	61	15	83	1245	568	61	15	108.614	143.319	312	163	153	147	143	139	135	131	128	122	113	102.963	333.839	497	436	408	385	364	341	319	289	264	224	121	1	58	1246.408	354.118	0	0	0	245	241.069	0	0	422	420.810	0	0	0	0	0.000	0.000	0	0	0	0	0.000	0	0	0	0.000	0	0
37	37	948	309.196	344.747	0.900	20	98	152	565	90	20	98	152	565	90	107.000	144.418	168	161	155	151	147	144	140	137	134	130	122	102.972	1026.862	1439	1349	1242	1149	1062	1022	973	917	831	740	531	0	0	0.000	0.000	0	0	0	0	0.000	0	0	0	0.000	0	0	0	0	0.000	0.000	0	0	0	0	0.000	0	0	0	0.000	0	0
38	38	2424	357.961	364.842	0.856	73	686	1477	124	23	73	686	1477	124	23	107.443	151.832	181	171	165	161	158	154	151	146	140	127	112	103.000	933.885	1471	1355	1226	1138	1030	945	854	745	620	512	244	0	0	0.000	0.000	0	0	0	0	0.000	0	0	0	0.000	0	0	0	0	0.000	0.000	0	0	0	0	0.000	0	0	0	0.000	0	0
39	39	1466	200.981	386.719	0.844	327	823	247	26	13	327	823	247	26	13	105.956	118.583	130	125	122	120	119	118	117	116	115	113	110	101.913	126.833	165	143	137	133	130	125	122	118	115	113	107	0	0	0.000	0.000	0	0	0	0	0.000	0	0	0	0.000	0	0	0	0	0.000	0.000	0	0	0	0	0.000	0	0	0	0.000	0	0
40	40	453	1292.412	379.035	0.926	42	97	138	145	24	42	97	138	145	24	108.000	115.916	121	119	118	117	116	116	115	114	114	113	111	102.000	163.841	229	209	199	189	177	167	152	139	127	116	106	0	0	0.000	0.000	0	0	0	0	0.000	0	0	0	0.000	0	0	0	0	0.000	0.000	0	0	0	0	0.000	0	0	0	0.000	0	0
41	41	1690	1534.430	414.040	0.892	112	811	705	24	6	112	811	705	24	6	107.757	128.237	142	136	134	132	130	128	126	124	123	120	114	102.000	389.962	587	526	491	464	434	399	362	319	279	240	179	0	0	0.000	0.000	0	0	0	0	0.000	0	0	0	0.000	0	0	0	0	0.000	0.000	0	0	0	0	0.000	0	0	0	0.000	0	0
42	42	209	1501.994	408.122	0.961	9	47	66	58	24	9	47	66	58	24	108.000	118.914	124	122	121	120	120	119	118	118	117	116	113	102.000	255.565	336	321	302	289	270	256	244	231	213	190	158	0	0	0.000	0.000	0	0	0	0	0.000	0	0	0	0.000	0	0	0	0	0.000	0.000	0	0	0	0	0.000	0	0	0	0.000	0	0
43	43	1826	129.205	424.711	0.887	98	621	973	98	10	98	621	973	98	10	106.000	137.977	179	150	143	142	140	138	136	133	129	125	115	101.548	130.616	147	137	136	134	133	131	130	128	126	122	106	0	0	0.000	0.000	0	0	0	0	0.000	0	0	0	0.000	0	0	0	0	0.000	0.000	0	0	0	0	0.000	0	0	0	0.000	0	0
44	44	1825	1604.745	438.040	0.896	32	220	1022	502	24	32	220	1022	502	24	108.792	141.470	163	153	148	146	144	142	139	137	134	130	120	102.000	1133.925	1952	1522	1403	1295	1207	1107	1017	938	859	766	568	0	0	0.000	0.000	0	0	0	0	0.000	0	0	0	0.000	0	0	0	0	0.000	0.000	0	0	0	0	0.000	0	0	0	0.000	0	0
45	45	567	912.369	447.237	0.890	155	156	153	74	19	155	156	153	74	19	109.000	183.309	258	233	218	204	191	179	168	158	150	142	133	103.000	136.402	179	157	151	145	140	136	132	126	122	117	110	0	0	0.000	0.000	0	0	0	0	0.000	0	0	0	0.000	0	0	0	0	0.000	0.000	0	0	0	0	0.000	0	0	0	0.000	0	0
46	46	1623	1544.506	565.092	0.919	39	97	471	900	94	39	97	471	900	94	108.464	246.803	939	296	264	250	237	227	215	203	186	166	141	103.930	542.932	874	734	659	622	575	536	506	472	426	353	226	1	67	1551.121	569.033	0	0	0	664	662.687	0	0	729	728.403	0	0	0	0	0.000	0.000	0	0	0	0	0.000	0	0	0	0.000	0	0
47	47	1823	1552.980	619.864	0.911	134	1196	437	11	3	134	1196	437	11	3	108.934	205.990	260	244	237	230	221	212	202	187	171	158	135	103.282	502.965	736	663	618	579	548	523	487	444	382	310	219	0	0	0.000	0.000	0	0	0	0	0.000	0	0	0	0.000	0	0	0	0	0.000	0.000	0	0	0	0	0.000	0	0	0	0.000	0	0
48	48	726	1097.430	617.620	0.863	62	356	191	82	23	62	356	191	82	23	109.096	186.865	306	254	230	205	186	173	164	156	149	140	130	102.999	145.420	212	183	169	155	145	138	133	130	126	121	111	0	0	0.000	0.000	0	0	0	0	0.000	0	0	0	0.000	0	0	0	0	0.000	0.000	0	0	0	0	0.000	0	0	0	0.000	0	0
49	49	1744	1941.922	675.917	0.921	14	101	516	1022	52	14	101	516	1022	52	108.000	121.837	130	126	125	124	123	122	121	120	119	117	112	102.000	119.666	132	125	123	122	121	120	119	118	116	113	104	0	0	0.000	0.000	0	0	0	0	0.000	0	0	0	0.000	0	0	0	0	0.000	0.000	0	0	0	0	0.000	0	0	0	0.000	0	0
50	50	1856	594.441	685.355	0.873	77	822	811	102	4	77	822	811	102	4	107.904	144.124	292	158	149	144	141	139	136	133	130	127	122	103.042	458.899	932	652	576	532	493	451	404	362	319	282	220	1	68	589.297	698.639	0	0	0	239	240.059	0	0	793	799.353	0	0	0	0	0.000	0.000	0	0	0	0	0.000	0	0	0	0.000	0	0
51	51	1110	1427.462	683.603	0.885	64	78	170	624	152	64	78	170	624	152	109.043	141.638	162	153	149	147	145	142	139	137	133	130	124	104.840	511.220	748	673	618	582	551	521	484	444	394	343	275	0	0	0.000	0.000	0	0	0	0	0.000	0	0	0	0.000	0	0	0	0	0.000	0.000	0	0	0	0	0.000	0	0	0	0.000	0	0
52	52	1432	1984.047	696.265	0.906	123	680	396	186	25	123	680	396	186	25	107.999	213.558	2270	330	139	125	124	122	121	120	119	117	113	102.000	118.367	166	123	121	119	118	118	117	115	114	112	107	1	116	1982.985	706.664	0	0	0	970	1074.448	0	0	132	134.345	0	0	0	0	0.000	0.000	0	0	0	0	0.000	0	0	0	0.000	0	0
53	53	1848	885.379	704.947	0.878	72	1187	546	6	4	72	1187	546	6	4	109.838	134.462	207	154	138	132	131	130	129	128	126	123	115	103.096	119.007	132	126	124	123	121	120	118	116	114	112	105	1	86	885.008	694.263	0	0	0	187	186.930	0	0	113	113.058	0	0	0	0	0.000	0.000	0	0	0	0	0.000	0	0	0	0.000	0	0
54	54	887	760.898	698.885	0.863	58	372	351	81	7	58	372	351	81	7	109.000	184.062	467	233	192	182	176	170	164	159	153	148	136	104.000	124.947	141	134	131	129	127	125	123	121	119	117	108	1	43	774.285	701.380	0	0	0	358	361.651	0	0	131	129.302	0	0	0	0	0.000	0.000	0	0	0	0	0.000	0	0	0	0.000	0	0
55	55	1857	338.346	723.911	0.849	82	661	973	90	18	82	661	973	90	18	108.000	116.389	131	123	120	117	116	115	114	113	113	112	109	104.485	1336.660	2092	1890	1734	1585	1473	1364	1242	1112	949	739	432	0	0	0.000	0.000	0	0	0	0	0.000	0	0	0	0.000	0	0	0	0	0.000	0.000	0	0	0	0	0.000	0	0	0	0.000	0	0
56	56	2897	1477.099	740.057	0.876	2384	365	59	46	24	2384	365	59	46	24	110.765	134.038	156	142	140	138	137	135	134	131	127	123	115	106.962	302.970	447	387	363	342	324	306	286	264	244	217	152	0	0	0.000	0.000	0	0	0	0	0.000	0	0	0	0.000	0	0	0	0	0.000	0.000	0	0	0	0	0.000	0	0	0	0.000	0	0
57	57	2024	293.781	745.192	0.881	108	195	636	945	88	108	195	636	945	88	107.197	115.605	127	122	119	117	115	114	114	113	113	112	109	105.024	650.696	1058	920	827	757	701	646	595	550	488	386	244	0	0	0.000	0.000	0	0	0	0	0.000	0	0	0	0.000	0	0	0	0	0.000	0.000	0	0	0	0	0.000	0	0	0	0.000	0	0
58	58	1975	763.511	749.205	0.898	62	393	980	450	49	62	393	980	450	49	108.993	117.857	127	122	120	119	118	118	117	116	115	114	111	104.000	1386.826	2066	1782	1686	1583	1476	1355	1265	1204	1146	1021	508	0	0	0.000	0.000	0	0	0	0	0.000	0	0	0	0.000	0	0	0	0	0.000	0.000	0	0	0	0	0.000	0	0	0	0.000	0	0
59	59	2313	1057.703	757.512	0.893	179	1275	748	55	8	179	1275	748	55	8	109.048	242.042	1362	293	276	260	242	226	213	198	181	166	147	103.000	791.640	1437	1187	1114	1020	897	798	705	574	454	373	301	1	49	1078.353	750.470	0	0	0	798	790.163	0	0	1027	1015.510	0	0	0	0	0.000	0.000	0	0	0	0	0.000	0	0	0	0.000	0	0
60	60	431	254.554	742.871	0.899	45	69	103	173	33	45	69	103	173	33	106.766	111.343	116	114	113	112	112	111	111	110	110	109	108	105.000	383.912	561	491	446	427	406	384	364	340	314	283	221	0	0	0.000	0.000	0	0	0	0	0.000	0	0	0	0.000	0	0	0	0	0.000	0.000	0	0	0	0	0.000	0	0	0	0.000	0	0
61	61	1842	900.869	761.585	0.892	163	267	1274	98	10	163	267	1274	98	10	109.868	147.157	804	171	123	120	118	118	117	117	116	115	110	103.000	122.124	173	129	125	123	122	121	119	118	117	114	107	1	140	909.348	746.057	0	0	0	425	449.686	0	0	145	146.021	0	0	0	0	0.000	0.000	0	0	0	0	0.000	0	0	0	0.000	0	0
62	62	1813	1426.118	769.890	0.890	149	248	676	599	101	149	248	676	599	101	110.362	141.095	165	154	150	146	143	140	137	134	132	130	125	106.136	412.295	763	674	605	533	453	383	326	276	229	192	162	0	0	0.000	0.000	0	0	0	0	0.000	0	0	0	0.000	0	0	0	0	0.000	0.000	0	0	0	0	0.000	0	0	0	0.000	0	0
63	63	1167	1522.817	770.144	0.897	583	417	116	29	9	583	417	116	29	9	109.979	133.517	145	140	138	137	136	134	132	130	128	126	121	106.274	354.346	489	453	429	406	382	361	340	314	282	242	179	0	0	0.000	0.000	0	0	0	0	0.000	0	0	0	0.000	0	0	0	0	0.000	0.000	0	0	0	0	0.000	0	0	0	0.000	0	0
64	64	778	718.650	768.588	0.910	37	119	331	229	40	37	119	331	229	40	109.000	114.356	121	116	115	115	115	114	114	114	113	113	111	104.000	882.424	1214	1149	1093	1032	971	912	842	768	680	574	390	0	0	0.000	0.000	0	0	0	0	0.000	0	0	0	0.000	0	0	0	0	0.000	0.000	0	0	0	0	0.000	0	0	0	0.000	0	0
65	65	2423	337.148	783.808	0.874	196	312	1227	607	44	196	312	1227	607	44	108.000	114.911	123	118	117	116	115	115	114	114	113	112	109	104.826	1342.662	2318	2198	2010	1736	1485	1286	1108	925	745	576	235	0	0	0.000	0.000	0	0	0	0	0.000	0	0	0	0.000	0	0	0	0	0.000	0.000	0	0	0	0	0.000	0	0	0	0.000	0	0
66	66	2091	1014.776	793.698	0.880	154	1051	771	74	4	154	1051	771	74	4	109.630	248.131	1308	303	274	260	249	238	225	208	191	168	147	102.668	839.444	1526	1226	1081	1000	929	845	761	667	559	439	300	1	41	1036.955	794.970	0	0	0	782	803.780	0	0	1274	1223.683	0	0	0	0	0.000	0.000	0	0	0	0	0.000	0	0	0	0.000	0	0
67	67	1712	223.843	795.987	0.888	42	112	636	815	62	42	112	636	815	62	107.106	147.637	166	157	155	153	151	149	146	143	140	137	123	103.888	586.518	820	762	705	661	627	598	564	527	473	394	238	0	0	0.000	0.000	0	0	0	0	0.000	0	0	0	0.000	0	0	0	0	0.000	0.000	0	0	0	0	0.000	0	0	0	0.000	0	0
68	68	658	1385.194	785.377	0.911	81	290	159	84	30	81	290	159	84	30	109.296	133.771	147	142	139	136	135	133	132	131	129	128	122	104.388	313.900	432	386	363	342	329	313	299	283	265	244	205	0	0	0.000	0.000	0	0	0	0	0.000	0	0	0	0.000	0	0	0	0	0.000	0.000	0	0	0	0	0.000	0	0	0	0.000	0	0
69	69	1794	1462.148	798.564	0.888	408	864	435	43	13	408	864	435	43	13	110.439	156.245	183	171	167	164	162	159	156	151	145	138	121	106.407	455.672	687	589	546	511	480	456	429	403	375	335	172	0	0	0.000	0.000	0	0	0	0	0.000	0	0	0	0.000	0	0	0	0	0.000	0.000	0	0	0	0	0.000	0	0	0	0.000	0	0
70	70	603	266.144	794.997	0.939	305	108	92	75	15	305	108	92	75	15	107.738	124.289	136	132	130	129	126	124	122	120	119	117	113	105.000	359.589	528	471	445	422	395	367	337	301	269	236	174	0	0	0.000	0.000	0	0	0	0	0.000	0	0	0	0.000	0	0	0	0	0.000	0.000	0	0	0	0	0.000	0	0	0	0.000	0	0
71	71	2309	688.364	808.932	0.894	951	1033	205	54	8	951	1033	205	54	8	108.489	122.604	149	132	129	125	123	121	119	118	117	115	111	103.579	639.159	970	813	763	728	690	658	617	579	520	426	223	0	0	0.000	0.000	0	0	0	0	0.000	0	0	0	0.000	0	0	0	0	0.000	0.000	0	0	0	0	0.000	0	0	0	0.000	0	0
72	72	2166	743.860	809.541	0.863	90	1166	789	79	6	90	1166	789	79	6	108.964	115.839	122	118	117	117	116	116	115	115	114	113	111	103.881	1248.770	2098	1896	1753	1572	1402	1263	1126	951	756	548	374	0	0	0.000	0.000	0	0	0	0	0.000	0	0	0	0.000	0	0	0	0	0.000	0.000	0	0	0	0	0.000	0	0	0	0.000	0	0
73	73	1436	876.931	811.418	0.887	36	364	948	67	5	36	364	948	67	5	108.947	118.079	126	122	121	119	119	118	117	116	116	115	111	102.827	123.086	142	130	128	126	125	124	122	120	118	116	108	0	0	0.000	0.000	0	0	0	0	0.000	0	0	0	0.000	0	0	0	0	0.000	0.000	0	0	0	0	0.000	0	0	0	0.000	0	0
74	74	1147	1067.275	809.931	0.910	44	276	508	232	71	44	276	508	232	71	109.890	221.658	283	261	253	244	233	224	216	206	192	175	137	102.746	714.460	1051	963	908	847	793	733	668	604	528	436	248	0	0	0.000	0.000	0	0	0	0	0.000	0	0	0	0.000	0	0	0	0	0.000	0.000	0	0	0	0	0.000	0	0	0	0.000	0	0
75	75	1267	1414.799	811.985	0.893	14	98	671	441	21	14	98	671	441	21	109.763	130.740	145	140	137	135	133	131	129	127	125	122	115	105.036	403.398	634	565	521	478	438	394	354	317	286	260	222	0	0	0.000	0.000	0	0	0	0	0.000	0	0	0	0.000	0	0	0	0	0.000	0.000	0	0	0	0	0.000	0	0	0	0.000	0	0
76	76	1495	277.171	835.841	0.898	325	381	698	49	11	325	381	698	49	11	107.808	141.899	166	159	154	149	145	142	139	135	130	126	117	104.422	540.086	815	756	702	640	586	544	498	445	393	318	244	0	0	0.000	0.000	0	0	0	0	0.000	0	0	0	0.000	0	0	0	0	0.000	0.000	0	0	0	0	0.000	0	0	0	0.000	0	0
77	77	523	360.050	827.841	0.894	18	80	290	102	19	18	80	290	102	19	108.000	114.633	120	117	116	115	115	115	114	114	113	112	110	104.000	1174.767	1655	1537	1437	1357	1302	1247	1149	1072	926	668	310	0	0	0.000	0.000	0	0	0	0	0.000	0	0	0	0.000	0	0	0	0	0.000	0.000	0	0	0	0	0.000	0	0	0	0.000	0	0
78	78	1137	203.372	844.922	0.902	41	237	671	154	4	41	237	671	154	4	107.000	132.451	148	142	139	137	135	133	130	128	126	123	115	103.000	488.376	684	622	591	553	524	492	459	428	392	348	269	0	0	0.000	0.000	0	0	0	0	0.000	0	0	0	0.000	0	0	0	0	0.000	0.000	0	0	0	0	0.000	0	0	0	0.000	0	0
79	79	628	1442.130	848.356	0.909	7	68	310	201	29	7	68	310	201	29	109.006	132.185	141	139	137	136	134	133	131	130	127	125	120	104.449	418.244	565	514	493	468	449	429	405	375	341	304	248	0	0	0.000	0.000	0	0	0	0	0.000	0	0	0	0.000	0	0	0	0	0.000	0.000	0	0	0	0	0.000	0	0	0	0.000	0	0
80	80	877	732.651	858.716	0.907	18	216	408	197	18	18	216	408	197	18	108.531	118.051	134	124	121	119	118	117	116	116	115	114	111	102.860	1106.864	1555	1446	1387	1305	1226	1137	1047	969	879	687	354	0	0	0.000	0.000	0	0	0	0	0.000	0	0	0	0.000	0	0	0	0	0.000	0.000	0	0	0	0	0.000	0	0	0	0.000	0	0
81	81	1554	156.092	886.358	0.894	22	88	464	878	83	22	88	464	878	83	106.712	136.765	551	149	131	128	125	123	121	119	118	116	111	102.228	406.472	1273	562	504	462	423	391	352	314	280	237	192	1	95	154.394	897.724	0	0	0	290	308.579	0	0	754	748.063	0	0	1	16	155.730	898.377	0	0	0	461	446.250	0	0	1081	1076.750	0	0
82	82	1700	204.105	896.354	0.887	42	222	1025	358	20	42	222	1025	358	20	107.000	148.225	693	166	140	138	135	131	128	126	123	119	111	102.532	422.374	676	572	526	494	462	419	383	347	312	274	202	1	101	201.580	900.074	0	0	0	359	373.050	0	0	393	386.752	0	0	0	0	0.000	0.000	0	0	0	0	0.000	0	0	0	0.000	0	0
83	83	974	113.652	899.042	0.911	11	216	537	173	28	11	216	537	173	28	106.000	128.486	136	134	132	131	130	129	128	126	124	122	116	102.000	440.378	587	541	508	489	468	446	427	411	373	321	233	0	0	0.000	0.000	0	0	0	0	0.000	0	0	0	0.000	0	0	0	0	0.000	0.000	0	0	0	0	0.000	0	0	0	0.000	0	0
84	84	440	390.045	920.003	0.926	26	32	124	200	53	26	32	124	200	53	108.000	145.027	161	156	154	152	149	147	143	139	136	131	123	102.000	815.536	1213	1123	1081	1007	916	823	726	641	580	496	334	0	0	0.000	0.000	0	0	0	0	0.000	0	0	0	0.000	0	0	0	0	0.000	0.000	0	0	0	0	0.000	0	0	0	0.000	0	0
85	85	1593	427.234	930.498	0.906	29	97	200	967	278	29	97	200	967	278	107.984	147.999	171	160	158	155	153	151	148	144	138	130	119	102.711	965.330	1421	1294	1230	1162	1080	982	895	813	716	588	302	0	0	0.000	0.000	0	0	0	0	0.000	0	0	0	0.000	0	0	0	0	0.000	0.000	0	0	0	0	0.000	0	0	0	0.000	0	0
86	86	874	468.676	927.213	0.922	44	179	437	168	32	44	179	437	168	32	108.000	147.096	164	157	155	153	151	149	146	143	139	134	125	103.000	854.938	1176	1081	1015	969	934	906	860	769	669	561	361	0	0	0.000	0.000	0	0	0	0	0.000	0	0	0	0.000	0	0	0	0	0.000	0.000	0	0	0	0	0.000	0	0	0	0.000	0	0
87	87	1576	104.368	940.264	0.883	99	403	852	174	24	99	403	852	174	24	106.000	111.334	115	113	113	112	112	111	111	111	110	109	107	102.000	127.864	171	135	133	131	129	127	126	124	122	120	109	0	0	0.000	0.000	0	0	0	0	0.000	0	0	0	0.000	0	0	0	0	0.000	0.000	0	0	0	0	0.000	0	0	0	0.000	0	0
88	88	1714	471.935	971.038	0.911	34	101	581	881	72	34	101	581	881	72	107.976	151.890	548	166	161	157	151	145	139	134	130	126	114	103.475	939.407	2032	1408	1318	1205	1083	927	801	682	552	439	286	1	52	468.634	975.407	0	0	0	323	339.788	0	0	1619	1614.654	0	0	0	0	0.000	0.000	0	0	0	0	0.000	0	0	0	0.000	0	0
89	89	1301	90.481	981.764	0.909	605	402	148	87	35	605	402	148	87	35	105.860	113.445	126	120	117	115	113	112	111	111	110	109	107	102.000	121.637	133	128	126	125	123	122	121	119	118	115	105	0	0	0.000	0.000	0	0	0	0	0.000	0	0	0	0.000	0	0	0	0	0.000	0.000	0	0	0	0	0.000	0	0	0	0.000	0	0
90	90	1196	25.426	1007.071	0.888	389	281	235	217	53	389	281	235	217	53	104.514	110.252	117	114	112	111	110	110	109	109	108	108	106	102.902	125.746	180	136	131	128	126	124	123	121	119	117	109	0	0	0.000	0.000	0	0	0	0	0.000	0	0	0	0.000	0	0	0	0	0.000	0.000	0	0	0	0	0.000	0	0	0	0.000	0	0
91	91	1578	530.616	1030.256	0.908	65	369	894	180	46	65	369	894	180	46	108.101	118.350	127	123	122	120	119	118	117	116	115	114	111	103.000	1505.884	2459	2013	1875	1737	1616	1518	1420	1290	1152	972	436	0	0	0.000	0.000	0	0	0	0	0.000	0	0	0	0.000	0	0	0	0	0.000	0.000	0	0	0	0	0.000	0	0	0	0.000	0	0
92	92	2450	1817.357	1055.937	0.902	74	593	1343	359	35	74	593	1343	359	35	109.062	154.900	175	167	164	162	160	158	154	150	145	138	125	103.005	1189.699	1680	1550	1446	1377	1308	1252	1178	1074	914	724	442	0	0	0.000	0.000	0	0	0	0	0.000	0	0	0	0.000	0	0	0	0	0.000	0.000	0	0	0	0	0.000	0	0	0	0.000	0	0
93	93	1633	1346.540	1082.326	0.858	34	301	971	283	13	34	301	971	283	13	109.884	183.348	718	205	193	186	181	177	172	164	154	144	127	103.000	2720.323	4260	3768	3423	3150	2943	2769	2550	2273	2002	1656	837	1	41	1361.247	1077.926	0	0	0	444	459.195	0	0	3356	3279.098	0	0	0	0	0.000	0.000	0	0	0	0	0.000	0	0	0	0.000	0	0
94	94	1662	63.705	1099.816	0.875	13	446	1039	123	7	13	446	1039	123	7	105.141	112.591	130	116	114	113	113	112	112	111	110	109	107	102.757	959.514	1524	1280	1191	1126	1063	998	913	818	704	558	406	1	66	72.883	1101.206	0	0	0	122	121.712	0	0	859	843.864	0	0	0	0	0.000	0.000	0	0	0	0	0.000	0	0	0	0.000	0	0
95	95	2459	1855.119	1111.328	0.853	75	406	1397	500	38	75	406	1397	500	38	110.025	164.964	770	184	158	153	149	145	141	137	133	129	120	103.444	971.054	3023	1602	1383	1200	1051	907	781	642	499	383	263	1	131	1838.396	1115.607	0	0	0	440	465.542	0	0	2094	2073.420	0	0	1	26	1840.429	1113.706	0	0	0	524	528.423	0	0	2749	2717.923	0	0
96	96	1553	300.364	1124.899	0.842	110	344	851	209	13	110	344	851	209	13	108.000	130.882	145	140	138	135	133	131	129	127	125	122	114	102.591	181.875	213	204	199	194	189	185	181	177	168	151	120	0	0	0.000	0.000	0	0	0	0	0.000	0	0	0	0.000	0	0	0	0	0.000	0.000	0	0	0	0	0.000	0	0	0	0.000	0	0
97	97	2167	1905.716	1140.260	0.887	45	492	1108	436	38	45	492	1108	436	38	109.381	173.093	206	196	191	186	181	176	171	164	153	145	125	103.602	1379.579	2085	1871	1761	1660	1564	1463	1335	1178	976	709	453	0	0	0.000	0.000	0	0	0	0	0.000	0	0	0	0.000	0	0	0	0	0.000	0.000	0	0	0	0	0.000	0	0	0	0.000	0	0
98	98	1658	1363.880	1141.383	0.873	49	981	563	33	10	49	981	563	33	10	110.000	183.154	229	211	204	197	189	183	176	170	165	154	134	103.846	2837.032	4233	3854	3697	3468	3167	2827	2553	2322	2045	1727	1144	0	0	0.000	0.000	0	0	0	0	0.000	0	0	0	0.000	0	0	0	0	0.000	0.000	0	0	0	0	0.000	0	0	0	0.000	0	0
99	99	1398	99.557	1138.880	0.900	19	112	781	425	28	19	112	781	425	28	106.000	112.217	119	115	114	113	112	112	112	111	111	110	107	102.715	993.574	1535	1378	1276	1207	1115	1022	929	818	705	541	390	0	0	0.000	0.000	0	0	0	0	0.000	0	0	0	0.000	0	0	0	0	0.000	0.000	0	0	0	0	0.000	0	0	0	0.000	0	0
100	100	1330	942.831	1139.668	0.891	297	953	47	15	7	297	953	47	15	7	109.587	141.389	156	151	149	147	145	143	140	136	133	130	125	102.670	276.999	398	347	334	322	308	289	264	236	210	191	152	0	0	0.000	0.000	0	0	0	0	0.000	0	0	0	0.000	0	0	0	0	0.000	0.000	0	0	0	0	0.000	0	0	0	0.000	0	0
101	101	1528	1505.498	1145.068	0.924	34	147	974	331	20	34	147	974	331	20	110.836	153.429	179	171	167	163	159	154	149	144	140	134	123	103.000	643.251	892	853	822	782	731	667	602	526	450	393	296	0	0	0.000	0.000	0	0	0	0	0.000	0	0	0	0.000	0	0	0	0	0.000	0.000	0	0	0	0	0.000	0	0	0	0.000	0	0
102	102	1136	337.094	1151.562	0.870	86	257	538	208	22	86	257	538	208	22	108.000	126.609	140	135	133	130	128	126	125	123	121	119	111	103.787	408.125	538	507	494	480	455	424	393	357	319	277	201	0	0	0.000	0.000	0	0	0	0	0.000	0	0	0	0.000	0	0	0	0	0.000	0.000	0	0	0	0	0.000	0	0	0	0.000	0	0
103	103	1561	43.795	1153.713	0.874	31	294	750	371	81	31	294	750	371	81	104.645	110.234	115	112	112	111	111	110	110	109	109	108	106	103.012	1057.935	1506	1415	1369	1319	1235	1131	1018	903	739	520	353	0	0	0.000	0.000	0	0	0	0	0.000	0	0	0	0.000	0	0	0	0	0.000	0.000	0	0	0	0	0.000	0	0	0	0.000	0	0
104	104	1970	1696.044	1156.467	0.889	26	287	1131	453	26	26	287	1131	453	26	109.988	133.388	203	145	137	135	133	131	129	127	125	122	117	102.000	240.342	366	317	289	268	250	235	222	207	192	174	146	1	52	1697.633	1170.349	0	0	0	187	185.962	0	0	354	352.462	0	0	0	0	0.000	0.000	0	0	0	0	0.000	0	0	0	0.000	0	0
105	105	1503	213.983	1156.065	0.876	43	71	491	751	115	43	71	491	751	115	107.000	133.754	192	144	140	138	136	134	132	129	124	120	112	102.009	177.754	215	198	192	187	183	178	173	168	163	157	135	0	0	0.000	0.000	0	0	0	0	0.000	0	0	0	0.000	0	0	0	0	0.000	0.000	0	0	0	0	0.000	0	0	0	0.000	0	0
106	106	904	1083.506	1162.176	0.880	51	323	350	144	23	51	323	350	144	23	110.558	123.549	137	130	128	126	125	123	122	121	119	118	113	102.735	124.699	141	130	129	127	126	125	124	123	121	118	109	0	0	0.000	0.000	0	0	0	0	0.000	0	0	0	0.000	0	0	0	0	0.000	0.000	0	0	0	0	0.000	0	0	0	0.000	0	0
107	107	1981	1038.863	1176.395	0.888	421	1440	58	18	4	421	1440	58	18	4	110.771	122.683	134	130	128	126	124	122	120	119	118	117	114	103.311	126.895	148	134	132	130	129	127	125	124	122	119	113	0	0	0.000	0.000	0	0	0	0	0.000	0	0	0	0.000	0	0	0	0	0.000	0.000	0	0	0	0	0.000	0	0	0	0.000	0	0
108	108	2469	1854.623	1179.607	0.892	123	1121	986	177	21	123	1121	986	177	21	110.423	540.917	6545	1208	201	184	177	171	166	158	149	142	127	103.188	1425.166	6611	2116	1619	1455	1314	1171	1034	913	736	578	371	1	285	1846.968	1169.873	0	0	0	3006	3218.130	0	0	3785	3893.842	0	0	1	155	1847.193	1168.654	0	0	0	4539	4244.497	0	0	5144	5048.697	0	0
109	109	390	1736.613	1167.611	0.919	22	51	128	134	50	22	51	128	134	50	110.000	118.454	124	122	120	120	119	118	118	117	117	116	113	101.990	131.238	158	150	144	140	136	132	127	122	117	113	108	0	0	0.000	0.000	0	0	0	0	0.000	0	0	0	0.000	0	0	0	0	0.000	0.000	0	0	0	0	0.000	0	0	0	0.000	0	0
110	110	1789	1537.116	1183.497	0.900	209	769	616	136	18	209	769	616	136	18	110.628	148.686	189	162	159	156	153	150	146	141	136	131	125	103.415	494.880	755	682	643	605	560	510	451	391	339	287	220	0	0	0.000	0.000	0	0	0	0	0.000	0	0	0	0.000	0	0	0	0	0.000	0.000	0	0	0	0	0.000	0	0	0	0.000	0	0
111	111	1829	964.381	1191.973	0.911	423	1229	77	61	25	423	1229	77	61	25	110.000	133.859	151	143	140	137	136	134	132	130	128	125	117	103.616	231.081	331	301	280	262	242	225	210	197	185	170	146	0	0	0.000	0.000	0	0	0	0	0.000	0	0	0	0.000	0	0	0	0	0.000	0.000	0	0	0	0	0.000	0	0	0	0.000	0	0
112	112	1240	908.406	1190.904	0.901	111	265	583	211	45	111	265	583	211	45	110.000	138.653	150	146	143	141	140	139	137	136	134	133	127	103.389	246.152	323	285	276	269	260	250	239	228	213	198	169	0	0	0.000	0.000	0	0	0	0	0.000	0	0	0	0.000	0	0	0	0	0.000	0.000	0	0	0	0	0.000	0	0	0	0.000	0	0
113	113	1600	350.502	1199.657	0.899	217	1187	131	23	21	217	1187	131	23	21	108.934	132.811	160	147	142	138	136	133	130	127	123	119	114	106.204	315.936	472	421	392	365	334	313	293	269	246	211	176	0	0	0.000	0.000	0	0	0	0	0.000	0	0	0	0.000	0	0	0	0	0.000	0.000	0	0	0	0	0.000	0	0	0	0.000	0	0
114	114	800	1079.661	1195.869	0.919	144	416	167	45	16	144	416	167	45	16	111.000	149.942	190	174	167	160	153	146	141	139	136	130	121	104.150	120.877	144	130	127	124	122	120	118	117	115	113	106	0	0	0.000	0.000	0	0	0	0	0.000	0	0	0	0.000	0	0	0	0	0.000	0.000	0	0	0	0	0.000	0	0	0	0.000	0	0
115	115	1607	1550.723	1230.563	0.875	29	98	518	796	134	29	98	518	796	134	111.000	213.677	3146	215	152	145	138	133	129	127	125	122	117	104.000	386.903	1327	586	528	472	418	355	300	259	226	200	159	1	89	1557.597	1231.583	0	0	0	1159	1343.326	0	0	806	826.101	0	0	1	34	1558.284	1230.505	0	0	0	1701	1764.382	0	0	1029	1016.853	0	0
116	116	1549	1054.085	1230.865	0.903	39	717	610	136	11	39	717	610	136	11	111.768	143.065	156	150	149	148	146	144	142	140	137	133	125	105.607	590.236	770	727	703	666	638	612	578	545	491	409	281	0	0	0.000	0.000	0	0	0	0	0.000	0	0	0	0.000	0	0	0	0	0.000	0.000	0	0	0	0	0.000	0	0	0	0.000	0	0
117	117	1645	1180.365	1238.151	0.888	30	161	782	553	87	30	161	782	553	87	110.001	116.329	121	118	118	117	117	116	116	116	115	114	112	104.129	668.924	1253	1041	966	885	766	637	535	455	381	328	264	0	0	0.000	0.000	0	0	0	0	0.000	0	0	0	0.000	0	0	0	0	0.000	0.000	0	0	0	0	0.000	0	0	0	0.000	0	0
118	118	1630	1789.098	1249.041	0.833	28	122	836	578	38	28	122	836	578	38	110.691	130.556	143	138	136	135	133	132	129	127	125	122	114	103.000	229.337	306	276	261	250	240	229	219	209	199	183	146	0	0	0.000	0.000	0	0	0	0	0.000	0	0	0	0.000	0	0	0	0	0.000	0.000	0	0	0	0	0.000	0	0	0	0.000	0	0
119	119	2244	365.363	1261.922	0.879	1477	532	174	16	16	1477	532	174	16	16	109.390	143.027	229	152	148	145	144	142	140	138	135	131	115	108.286	368.879	683	429	407	390	379	369	357	344	328	306	214	0	0	0.000	0.000	0	0	0	0	0.000	0	0	0	0.000	0	0	0	0	0.000	0.000	0	0	0	0	0.000	0	0	0	0.000	0	0
120	120	1507	975.395	1254.997	0.909	25	77	752	598	24	25	77	752	598	24	110.782	161.556	246	179	173	168	165	161	157	153	148	141	128	104.997	1056.720	1660	1430	1293	1211	1114	1044	973	902	820	717	486	0	0	0.000	0.000	0	0	0	0	0.000	0	0	0	0.000	0	0	0	0	0.000	0.000	0	0	0	0	0.000	0	0	0	0.000	0	0
121	121	2477	1028.117	1274.945	0.910	283	1214	833	57	13	283	1214	833	57	13	111.355	358.468	7440	264	167	163	159	156	153	149	142	136	122	106.196	518.969	1611	697	653	614	568	527	472	407	339	262	176	1	140	1034.326	1286.239	0	0	0	2997	3379.343	0	0	962	977.121	0	0	1	15	1034.790	1285.032	0	0	0	5848	5964.000	0	0	1455	1448.600	0	0
122	122	1868	1085.641	1275.101	0.871	593	580	373	239	46	593	580	373	239	46	111.581	138.833	254	150	147	144	142	137	133	129	126	123	117	106.490	440.168	726	615	569	537	504	454	390	332	294	260	141	1	42	1065.182	1277.586	0	0	0	213	212.714	0	0	473	446.048	0	0	0	0	0.000	0.000	0	0	0	0	0.000	0	0	0	0.000	0	0
123	123	1779	308.806	1272.985	0.837	841	524	237	116	39	841	524	237	116	39	109.238	140.214	161	153	150	148	145	141	137	133	130	126	121	107.992	816.794	1237	1132	1081	1036	962	859	743	628	527	423	280	0	0	0.000	0.000	0	0	0	0	0.000	0	0	0	0.000	0	0	0	0	0.000	0.000	0	0	0	0	0.000	0	0	0	0.000	0	0
124	124	1643	1575.851	1281.889	0.877	12	44	494	939	121	12	44	494	939	121	111.071	181.362	229	213	206	201	193	185	174	164	153	145	131	103.963	302.435	464	411	374	349	328	304	277	252	224	195	151	0	0	0.000	0.000	0	0	0	0	0.000	0	0	0	0.000	0	0	0	0	0.000	0.000	0	0	0	0	0.000	0	0	0	0.000	0	0
125	125	1454	1530.941	1278.683	0.912	27	143	754	480	26	27	143	754	480	26	111.004	142.930	160	154	152	150	148	144	140	137	133	129	122	104.000	489.193	650	614	595	572	546	514	475	430	378	321	219	0	0	0.000	0.000	0	0	0	0	0.000	0	0	0	0.000	0	0	0	0	0.000	0.000	0	0	0	0	0.000	0	0	0	0.000	0	0
126	126	1317	1206.487	1293.369	0.904	21	258	614	350	45	21	258	614	350	45	110.000	117.089	122	119	119	118	118	117	117	116	116	115	111	105.000	778.620	1090	1029	963	889	831	786	732	675	611	521	361	0	0	0.000	0.000	0	0	0	0	0.000	0	0	0	0.000	0	0	0	0	0.000	0.000	0	0	0	0	0.000	0	0	0	0.000	0	0
127	127	796	398.438	1291.759	0.900	570	132	50	19	15	570	132	50	19	15	108.807	141.361	182	165	159	152	145	138	133	129	126	122	115	108.000	133.386	159	145	141	138	136	134	131	128	124	121	114	0	0	0.000	0.000	0	0	0	0	0.000	0	0	0	0.000	0	0	0	0	0.000	0.000	0	0	0	0	0.000	0	0	0	0.000	0	0
128	128	603	1757.215	1298.706	0.900	141	322	107	13	6	141	322	107	13	6	110.254	147.174	165	158	155	152	149	147	144	142	141	137	130	103.000	122.038	133	127	125	124	123	122	121	120	119	117	112	0	0	0.000	0.000	0	0	0	0	0.000	0	0	0	0.000	0	0	0	0	0.000	0.000	0	0	0	0	0.000	0	0	0	0.000	0	0
129	129	261	275.977	1306.689	0.950	13	53	117	66	8	13	53	117	66	8	108.000	119.077	125	123	121	121	120	119	118	118	117	116	112	107.000	451.766	651	605	569	530	492	454	412	376	340	301	235	0	0	0.000	0.000	0	0	0	0	0.000	0	0	0	0.000	0	0	0	0	0.000	0.000	0	0	0	0	0.000	0	0	0	0.000	0	0
130	130	1418	245.690	1326.392	0.852	14	224	629	429	83	14	224	629	429	83	107.843	132.927	154	145	141	138	136	133	130	127	125	121	115	105.465	814.088	1104	1032	970	912	861	823	773	724	671	601	404	0	0	0.000	0.000	0	0	0	0	0.000	0	0	0	0.000	0	0	0	0	0.000	0.000	0	0	0	0	0.000	0	0	0	0.000	0	0
131	131	1205	1630.741	1319.228	0.839	155	465	353	175	38	155	465	353	175	38	111.000	185.327	282	216	206	196	189	184	179	172	165	153	134	103.751	160.624	198	184	174	168	164	160	156	152	148	141	123	0	0	0.000	0.000	0	0	0	0	0.000	0	0	0	0.000	0	0	0	0	0.000	0.000	0	0	0	0	0.000	0	0	0	0.000	0	0
132	132	1887	1545.836	1326.073	0.885	118	1381	342	10	7	118	1381	342	10	7	111.240	234.660	1832	305	202	192	187	182	175	167	158	146	130	104.061	309.459	468	400	376	358	339	319	296	268	235	197	156	1	115	1551.507	1332.788	0	0	0	877	930.904	0	0	384	365.600	0	0	0	0	0.000	0.000	0	0	0	0	0.000	0	0	0	0.000	0	0
133	133	2985	1688.008	1332.766	0.883	62	554	1904	383	25	62	554	1904	383	25	110.991	1918.486	22543	6272	752	228	193	183	175	167	160	149	126	104.000	981.711	5890	2033	945	816	727	629	551	474	410	344	185	1	447	1681.451	1333.110	0	0	0	10400	11135.273	0	0	2861	3145.577	0	0	1	322	1681.123	1332.755	0	0	0	14373	13755.168	0	0	3772	3757.550	0	0
134	134	1573	1276.673	1329.725	0.895	60	174	743	524	36	60	174	743	524	36	110.389	176.847	309	203	191	187	182	176	169	162	154	144	128	105.000	1809.347	2657	2413	2262	2134	2020	1893	1741	1548	1328	1073	556	0	0	0.000	0.000	0	0	0	0	0.000	0	0	0	0.000	0	0	0	0	0.000	0.000	0	0	0	0	0.000	0	0	0	0.000	0	0
135	135	1935	1488.607	1327.895	0.886	35	130	771	875	88	35	130	771	875	88	111.870	726.571	10004	1334	327	278	255	238	224	212	192	168	136	104.915	985.039	2565	1388	1285	1139	1014	929	844	745	632	501	265	1	185	1487.676	1325.106	0	0	0	4392	4922.362	0	0	1866	1858.259	0	0	0	0	0.000	0.000	0	0	0	0	0.000	0	0	0	0.000	0	0
136	136	1508	669.479	1333.535	0.858	18	94	722	607	42	18	94	722	607	42	110.000	142.592	254	152	150	147	145	143	140	136	132	128	120	104.527	523.295	718	652	620	591	563	534	508	477	440	366	232	0	0	0.000	0.000	0	0	0	0	0.000	0	0	0	0.000	0	0	0	0	0.000	0.000	0	0	0	0	0.000	0	0	0	0.000	0	0
137	137	2198	823.239	1341.714	0.876	34	184	853	1021	56	34	184	853	1021	56	110.000	121.608	133	127	125	123	122	121	120	119	118	117	113	105.181	2183.159	3927	3356	3072	2822	2556	2284	1879	1489	1204	960	681	0	0	0.000	0.000	0	0	0	0	0.000	0	0	0	0.000	0	0	0	0	0.000	0.000	0	0	0	0	0.000	0	0	0	0.000	0	0
138	138	859	344.572	1334.893	0.888	220	272	202	133	22	220	272	202	133	22	108.963	162.889	205	191	185	176	168	161	156	150	144	136	122	108.009	351.831	544	489	450	407	372	340	320	296	264	230	164	0	0	0.000	0.000	0	0	0	0	0.000	0	0	0	0.000	0	0	0	0	0.000	0.000	0	0	0	0	0.000	0	0	0	0.000	0	0
139	139	609	1997.855	1331.694	0.762	115	284	140	54	6	115	284	140	54	6	108.644	136.149	145	141	140	138	137	136	135	134	133	131	124	104.000	767.870	1054	936	912	866	825	782	721	676	630	579	473	0	0	0.000	0.000	0	0	0	0	0.000	0	0	0	0.000	0	0	0	0	0.000	0.000	0	0	0	0	0.000	0	0	0	0.000	0	0
140	140	2565	565.355	1367.295	0.850	27	484	1732	237	27	27	484	1732	237	27	109.956	290.565	1186	340	328	320	310	295	274	248	219	187	158	105.000	806.763	1183	1020	990	963	934	900	836	740	592	412	295	1	34	567.803	1369.422	0	0	0	872	859.176	0	0	1007	942.706	0	0	0	0	0.000	0.000	0	0	0	0	0.000	0	0	0	0.000	0	0
141	141	1415	1048.647	1349.686	0.812	49	561	633	139	11	49	561	633	139	11	110.910	150.290	171	165	163	159	156	153	150	145	135	129	123	105.889	504.367	797	720	681	630	569	509	455	393	319	264	228	0	0	0.000	0.000	0	0	0	0	0.000	0	0	0	0.000	0	0	0	0	0.000	0.000	0	0	0	0	0.000	0	0	0	0.000	0	0
142	142	1611	1909.246	1363.965	0.899	35	154	617	658	101	35	154	617	658	101	110.000	267.083	1224	427	261	232	220	214	207	198	185	166	137	103.263	132.798	152	142	139	137	135	134	132	130	127	122	107	1	128	1917.238	1373.794	0	0	0	763	781.961	0	0	144	144.094	0	0	0	0	0.000	0.000	0	0	0	0	0.000	0	0	0	0.000	0	0
143	143	822	1949.261	1356.952	0.795	143	182	371	84	23	143	182	371	84	23	110.000	189.802	525	236	210	202	192	183	168	159	154	145	132	104.000	123.601	141	134	131	128	126	124	121	118	116	113	108	1	23	1934.339	1348.506	0	0	0	409	397.609	0	0	125	123.913	0	0	0	0	0.000	0.000	0	0	0	0	0.000	0	0	0	0.000	0	0
144	144	1815	618.359	1369.125	0.855	29	583	965	157	34	29	583	965	157	34	110.000	178.656	264	220	207	193	183	175	168	161	153	143	133	105.000	262.923	347	314	304	292	282	272	259	241	218	195	166	0	0	0.000	0.000	0	0	0	0	0.000	0	0	0	0.000	0	0	0	0	0.000	0.000	0	0	0	0	0.000	0	0	0	0.000	0	0
145	145	1598	1311.353	1375.539	0.882	175	890	448	44	5	175	890	448	44	5	110.998	168.364	203	189	185	181	177	171	165	159	152	143	130	104.285	1751.076	2543	2304	2174	2054	1948	1821	1658	1488	1343	1108	590	0	0	0.000	0.000	0	0	0	0	0.000	0	0	0	0.000	0	0	0	0	0.000	0.000	0	0	0	0	0.000	0	0	0	0.000	0	0
146	146	1524	703.214	1375.632	0.874	59	407	781	213	22	59	407	781	213	22	110.303	138.322	157	150	148	146	143	140	136	133	128	124	117	103.961	483.055	761	661	597	565	536	506	467	417	345	270	194	0	0	0.000	0.000	0	0	0	0	0.000	0	0	0	0.000	0	0	0	0	0.000	0.000	0	0	0	0	0.000	0	0	0	0.000	0	0
147	147	1088	857.747	1379.539	0.899	28	156	762	117	5	28	156	762	117	5	110.085	137.353	156	150	147	144	141	137	134	131	128	125	120	105.018	530.260	761	719	671	622	573	539	502	449	393	330	228	0	0	0.000	0.000	0	0	0	0	0.000	0	0	0	0.000	0	0	0	0	0.000	0.000	0	0	0	0	0.000	0	0	0	0.000	0	0
148	148	1910	1159.291	1383.876	0.899	69	450	1135	212	10	69	450	1135	212	10	110.652	138.910	157	149	147	144	142	139	137	134	131	128	121	104.127	484.337	775	672	633	589	536	491	438	385	330	280	224	0	0	0.000	0.000	0	0	0	0	0.000	0	0	0	0.000	0	0	0	0	0.000	0.000	0	0	0	0	0.000	0	0	0	0.000	0	0
149	149	1972	1688.257	1393.829	0.881	71	1155	631	60	17	71	1155	631	60	17	110.735	191.624	229	214	208	202	197	193	188	183	178	168	139	103.859	848.605	1179	1070	1001	945	899	862	818	768	698	606	350	0	0	0.000	0.000	0	0	0	0	0.000	0	0	0	0.000	0	0	0	0	0.000	0.000	0	0	0	0	0.000	0	0	0	0.000	0	0
150	150	2298	1025.214	1396.783	0.890	14	92	990	1087	63	14	92	990	1087	63	111.000	161.834	837	170	166	164	160	156	150	145	140	133	124	104.122	552.540	996	755	716	670	624	566	511	462	399	308	221	1	51	1024.607	1403.146	0	0	0	446	458.686	0	0	577	590.686	0	0	0	0	0.000	0.000	0	0	0	0	0.000	0	0	0	0.000	0	0
151	151	1467	817.764	1403.033	0.910	51	158	1085	141	4	51	158	1085	141	4	110.008	141.776	280	150	146	144	142	139	136	133	130	127	121	104.729	497.195	720	659	623	577	536	504	472	428	382	313	240	1	34	809.828	1398.083	0	0	0	228	228.676	0	0	628	619.294	0	0	0	0	0.000	0.000	0	0	0	0	0.000	0	0	0	0.000	0	0
152	152	1650	1871.168	1415.219	0.890	92	672	730	116	19	92	672	730	116	19	110.121	2786.238	50521	6960	692	240	198	178	169	163	152	141	127	102.937	129.198	236	146	135	131	127	125	122	120	118	114	106	1	164	1856.186	1413.394	0	0	0	21049	22842.744	0	0	166	168.348	0	0	1	62	1856.049	1413.752	0	0	0	36229	35852.871	0	0	198	197.226	0	0
153	153	1680	1992.196	1417.569	0.900	18	71	605	868	93	18	71	605	868	93	109.242	134.445	147	143	142	140	139	137	135	131	127	121	111	103.588	1185.550	1787	1558	1458	1348	1267	1198	1110	1041	960	772	464	0	0	0.000	0.000	0	0	0	0	0.000	0	0	0	0.000	0	0	0	0	0.000	0.000	0	0	0	0	0.000	0	0	0	0.000	0	0
154	154	925	1510.694	1415.348	0.904	23	68	544	257	17	23	68	544	257	17	111.946	190.977	228	218	210	204	198	192	185	178	171	164	150	104.736	644.063	885	792	753	718	686	656	621	579	532	480	372	0	0	0.000	0.000	0	0	0	0	0.000	0	0	0	0.000	0	0	0	0	0.000	0.000	0	0	0	0	0.000	0	0	0	0.000	0	0
155	155	2386	546.006	1432.504	0.900	137	263	1457	467	14	137	263	1457	467	14	110.000	1032.435	9406	3364	618	332	301	278	259	238	213	190	159	104.984	810.091	1950	1182	985	916	866	799	719	633	527	388	265	1	408	548.411	1435.506	0	0	0	4323	4595.613	0	0	1274	1303.015	0	0	0	0	0.000	0.000	0	0	0	0	0.000	0	0	0	0.000	0	0
156	156	248	656.727	1414.862	0.902	27	68	90	38	18	27	68	90	38	18	109.871	115.460	122	117	117	116	116	115	115	115	114	113	112	104.000	117.746	130	123	122	121	120	119	118	115	112	110	104	0	0	0.000	0.000	0	0	0	0	0.000	0	0	0	0.000	0	0	0	0	0.000	0.000	0	0	0	0	0.000	0	0	0	0.000	0	0
157	157	1578	855.753	1435.056	0.895	47	316	1026	149	3	47	316	1026	149	3	110.008	146.977	162	157	155	153	151	149	147	144	139	133	121	104.210	628.693	877	819	771	721	673	633	593	551	498	428	276	0	0	0.000	0.000	0	0	0	0	0.000	0	0	0	0.000	0	0	0	0	0.000	0.000	0	0	0	0	0.000	0	0	0	0.000	0	0
158	158	1180	1923.239	1426.724	0.924	75	306	554	195	23	75	306	554	195	23	109.957	130.377	149	140	137	135	133	131	129	126	123	120	114	103.180	122.216	135	130	128	127	125	123	121	119	116	113	107	0	0	0.000	0.000	0	0	0	0	0.000	0	0	0	0.000	0	0	0	0	0.000	0.000	0	0	0	0	0.000	0	0	0	0.000	0	0
159	159	2040	606.603	1441.036	0.829	195	1515	240	46	15	195	1515	240	46	15	109.472	240.330	2407	254	190	185	181	175	168	159	149	137	131	104.434	260.383	506	318	300	287	272	260	247	230	212	188	162	1	117	610.651	1446.719	0	0	0	1130	1234.085	0	0	388	391.949	0	0	0	0	0.000	0.000	0	0	0	0	0.000	0	0	0	0.000	0	0
160	160	1433	682.624	1431.750	0.895	17	219	901	242	18	17	219	901	242	18	110.054	116.427	122	119	118	117	117	116	116	115	115	114	112	103.600	125.514	141	133	131	129	128	125	124	122	120	118	110	0	0	0.000	0.000	0	0	0	0	0.000	0	0	0	0.000	0	0	0	0	0.000	0.000	0	0	0	0	0.000	0	0	0	0.000	0	0
161	161	1640	1554.966	1439.335	0.895	27	263	890	399	33	27	263	890	399	33	111.045	189.979	242	224	217	210	200	191	183	174	162	151	136	104.098	618.274	911	827	784	746	695	628	558	514	466	384	271	0	0	0.000	0.000	0	0	0	0	0.000	0	0	0	0.000	0	0	0	0	0.000	0.000	0	0	0	0	0.000	0	0	0	0.000	0	0
162	162	1359	1660.640	1441.356	0.889	24	108	525	601	81	24	108	525	601	81	111.000	203.951	260	245	237	229	222	209	196	181	167	154	135	103.809	457.606	629	588	563	538	513	485	445	397	344	283	205	0	0	0.000	0.000	0	0	0	0	0.000	0	0	0	0.000	0	0	0	0	0.000	0.000	0	0	0	0	0.000	0	0	0	0.000	0	0
163	163	2081	1616.375	1463.030	0.882	57	685	1043	222	32	57	685	1043	222	32	110.958	191.815	268	244	224	207	195	185	177	171	163	153	133	104.000	381.753	652	595	515	449	397	356	320	286	261	231	170	0	0	0.000	0.000	0	0	0	0	0.000	0	0	0	0.000	0	0	0	0	0.000	0.000	0	0	0	0	0.000	0	0	0	0.000	0	0
164	164	1479	1022.544	1460.435	0.870	14	230	789	355	54	14	230	789	355	54	111.000	118.067	127	121	120	119	118	118	117	117	116	115	113	104.000	1092.293	1619	1494	1420	1338	1230	1110	984	876	771	652	492	0	0	0.000	0.000	0	0	0	0	0.000	0	0	0	0.000	0	0	0	0	0.000	0.000	0	0	0	0	0.000	0	0	0	0.000	0	0
165	165	2261	1396.521	1479.873	0.875	44	250	1319	571	38	44	250	1319	571	38	111.058	308.049	1708	357	335	319	302	284	271	257	240	222	193	104.000	1163.113	2287	1586	1474	1384	1288	1164	1069	976	838	678	488	1	49	1383.613	1486.072	0	0	0	1052	1034.714	0	0	1737	1729.490	0	0	0	0	0.000	0.000	0	0	0	0	0.000	0	0	0	0.000	0	0
166	166	504	870.499	1474.165	0.927	7	98	193	163	33	7	98	193	163	33	110.000	129.605	139	136	134	132	130	129	128	127	126	124	120	103.000	423.065	541	513	493	475	457	435	409	381	350	320	260	0	0	0.000	0.000	0	0	0	0	0.000	0	0	0	0.000	0	0	0	0	0.000	0.000	0	0	0	0	0.000	0	0	0	0.000	0	0
167	167	352	497.567	1471.749	0.757	158	137	23	19	10	158	137	23	19	10	109.997	117.293	126	121	118	118	117	117	117	116	116	115	113	105.000	118.991	158	132	122	119	117	116	115	114	113	112	110	0	0	0.000	0.000	0	0	0	0	0.000	0	0	0	0.000	0	0	0	0	0.000	0.000	0	0	0	0	0.000	0	0	0	0.000	0	0
168	168	1499	390.346	1482.691	0.897	135	972	329	26	5	135	972	329	26	5	108.286	119.012	130	126	123	121	119	118	117	116	115	114	111	104.000	455.500	776	633	590	545	506	458	408	359	311	264	209	0	0	0.000	0.000	0	0	0	0	0.000	0	0	0	0.000	0	0	0	0	0.000	0.000	0	0	0	0	0.000	0	0	0	0.000	0	0
169	169	1330	545.148	1485.731	0.851	71	428	626	134	47	71	428	626	134	47	110.000	243.644	2982	338	151	139	137	135	133	130	127	124	119	105.000	226.716	684	289	262	243	227	213	197	182	170	154	139	1	103	541.146	1482.181	0	0	0	1241	1348.612	0	0	415	427.806	0	0	1	43	541.099	1482.426	0	0	0	1967	1993.000	0	0	526	527.581	0	0
170	170	1421	646.026	1489.767	0.891	25	337	871	128	36	25	337	871	128	36	109.021	243.396	367	293	265	256	251	243	236	226	211	195	161	104.074	272.870	440	319	309	296	284	274	263	251	238	218	173	0	0	0.000	0.000	0	0	0	0	0.000	0	0	0	0.000	0	0	0	0	0.000	0.000	0	0	0	0	0.000	0	0	0	0.000	0	0
171	171	220	1438.623	1485.768	0.930	6	24	98	69	19	6	24	98	69	19	112.000	164.859	185	181	180	176	171	167	163	158	152	144	128	104.000	463.591	625	589	557	531	497	464	435	412	383	335	270	0	0	0.000	0.000	0	0	0	0	0.000	0	0	0	0.000	0	0	0	0	0.000	0.000	0	0	0	0	0.000	0	0	0	0.000	0	0
172	172	2809	593.865	1511.034	0.902	31	172	1225	1216	110	31	172	1225	1216	110	109.998	818.838	10133	2186	651	288	243	234	221	202	178	157	133	104.774	282.321	561	362	337	320	302	287	270	245	211	176	131	1	303	604.626	1520.587	0	0	0	4201	4785.366	0	0	391	400.502	0	0	0	0	0.000	0.000	0	0	0	0	0.000	0	0	0	0.000	0	0
173	173	404	49.968	1496.748	0.822	114	139	90	38	11	114	139	90	38	11	105.000	118.926	127	124	123	122	121	120	118	116	115	114	110	100.017	263.911	360	316	292	280	268	258	252	245	235	221	195	0	0	0.000	0.000	0	0	0	0	0.000	0	0	0	0.000	0	0	0	0	0.000	0.000	0	0	0	0	0.000	0	0	0	0.000	0	0
174	174	933	1013.718	1508.133	0.844	11	181	534	168	13	11	181	534	168	13	111.000	118.098	124	121	120	119	118	118	117	117	116	116	114	103.991	1102.247	1786	1572	1392	1260	1141	1088	1001	904	812	716	535	0	0	0.000	0.000	0	0	0	0	0.000	0	0	0	0.000	0	0	0	0	0.000	0.000	0	0	0	0	0.000	0	0	0	0.000	0	0
175	175	2179	1456.804	1524.000	0.871	10	131	960	920	114	10	131	960	920	114	111.660	278.634	435	337	315	303	292	281	269	254	236	218	163	103.628	1151.875	1757	1522	1393	1295	1218	1143	1076	1000	908	787	548	0	0	0.000	0.000	0	0	0	0	0.000	0	0	0	0.000	0	0	0	0	0.000	0.000	0	0	0	0	0.000	0	0	0	0.000	0	0
176	176	855	354.962	1510.603	0.907	104	581	138	14	13	104	581	138	14	13	107.880	120.193	133	128	124	122	120	119	118	117	116	115	112	103.202	451.716	654	578	533	503	479	458	434	410	377	316	212	0	0	0.000	0.000	0	0	0	0	0.000	0	0	0	0.000	0	0	0	0	0.000	0.000	0	0	0	0	0.000	0	0	0	0.000	0	0
177	177	538	1700.688	1534.295	0.912	38	49	121	245	76	38	49	121	245	76	110.000	120.230	126	124	123	122	121	120	120	119	118	116	114	103.000	237.392	326	303	287	268	251	236	220	207	193	174	148	0	0	0.000	0.000	0	0	0	0	0.000	0	0	0	0.000	0	0	0	0	0.000	0.000	0	0	0	0	0.000	0	0	0	0.000	0	0
178	178	2833	432.023	1564.595	0.834	11	69	1190	1374	140	11	69	1190	1374	140	108.028	161.951	281	179	172	167	164	161	158	154	149	142	125	103.208	857.130	1235	1106	1060	1010	947	890	827	750	657	530	361	0	0	0.000	0.000	0	0	0	0	0.000	0	0	0	0.000	0	0	0	0	0.000	0.000	0	0	0	0	0.000	0	0	0	0.000	0	0
179	179	2716	584.678	1576.880	0.883	92	899	1539	121	12	92	899	1539	121	12	109.900	256.718	2506	459	176	156	153	151	148	145	139	131	121	103.799	583.528	1362	800	730	687	634	584	523	451	394	338	268	1	234	574.867	1564.550	0	0	0	1074	1202.632	0	0	944	943.577	0	0	0	0	0.000	0.000	0	0	0	0	0.000	0	0	0	0.000	0	0
180	180	440	1667.301	1587.429	0.740	29	150	179	58	9	29	150	179	58	9	109.573	148.839	157	154	153	151	150	149	148	146	145	144	141	102.893	684.968	846	807	776	752	736	712	685	654	622	500	376	0	0	0.000	0.000	0	0	0	0	0.000	0	0	0	0.000	0	0	0	0	0.000	0.000	0	0	0	0	0.000	0	0	0	0.000	0	0
181	181	2316	560.380	1644.699	0.877	100	282	1457	428	9	100	282	1457	428	9	108.982	177.914	1838	175	164	160	155	151	145	140	136	130	123	103.654	607.488	1671	870	780	706	643	593	536	477	420	352	267	1	74	564.427	1645.314	0	0	0	849	871.797	0	0	1123	1089.257	0	0	0	0	0.000	0.000	0	0	0	0	0.000	0	0	0	0.000	0	0
182	182	1608	211.223	1644.119	0.888	543	855	79	56	34	543	855	79	56	34	107.000	113.780	124	118	116	114	114	113	113	112	111	111	109	102.000	663.248	1016	886	831	784	750	708	633	547	456	384	302	0	0	0.000	0.000	0	0	0	0	0.000	0	0	0	0.000	0	0	0	0	0.000	0.000	0	0	0	0	0.000	0	0	0	0.000	0	0
183	183	2610	1496.971	1664.053	0.897	250	2084	223	13	10	250	2084	223	13	10	110.000	120.052	131	126	124	122	121	119	118	117	116	115	112	102.631	143.448	174	159	153	149	146	143	141	138	134	129	111	0	0	0.000	0.000	0	0	0	0	0.000	0	0	0	0.000	0	0	0	0	0.000	0.000	0	0	0	0	0.000	0	0	0	0.000	0	0
184	184	1403	67.216	1660.288	0.895	43	177	745	382	26	43	177	745	382	26	104.840	111.191	118	115	113	112	111	111	110	110	109	109	107	101.000	489.608	703	612	569	539	514	494	471	447	409	354	241	0	0	0.000	0.000	0	0	0	0	0.000	0	0	0	0.000	0	0	0	0	0.000	0.000	0	0	0	0	0.000	0	0	0	0.000	0	0
185	185	1548	1986.407	1685.596	0.881	37	262	842	352	32	37	262	842	352	32	108.355	114.394	119	116	116	115	115	114	114	114	113	112	110	101.012	597.468	965	820	770	730	684	622	548	476	409	336	260	0	0	0.000	0.000	0	0	0	0	0.000	0	0	0	0.000	0	0	0	0	0.000	0.000	0	0	0	0	0.000	0	0	0	0.000	0	0
186	186	836	1593.542	1680.820	0.883	34	331	394	50	4	34	331	394	50	4	108.996	119.242	131	126	124	121	119	118	118	117	115	114	112	101.854	134.299	154	144	141	139	137	136	134	132	128	122	109	0	0	0.000	0.000	0	0	0	0	0.000	0	0	0	0.000	0	0	0	0	0.000	0.000	0	0	0	0	0.000	0	0	0	0.000	0	0
187	187	1912	1551.308	1691.716	0.878	54	659	983	153	22	54	659	983	153	22	109.754	117.638	126	121	119	119	118	117	117	116	116	115	111	102.882	133.436	155	144	141	138	136	134	132	129	126	123	110	0	0	0.000	0.000	0	0	0	0	0.000	0	0	0	0.000	0	0	0	0	0.000	0.000	0	0	0	0	0.000	0	0	0	0.000	0	0
188	188	1381	388.123	1724.365	0.917	18	234	756	329	22	18	234	756	329	22	107.487	144.075	165	157	154	151	148	146	143	139	134	127	116	103.000	979.349	1730	1435	1260	1109	1017	954	888	810	719	586	319	0	0	0.000	0.000	0	0	0	0	0.000	0	0	0	0.000	0	0	0	0	0.000	0.000	0	0	0	0	0.000	0	0	0	0.000	0	0
189	189	406	1969.034	1727.715	0.907	5	19	150	186	39	5	19	150	186	39	108.387	114.855	121	118	117	116	115	114	114	113	113	112	111	101.000	463.103	615	543	508	492	478	462	449	436	410	385	312	0	0	0.000	0.000	0	0	0	0	0.000	0	0	0	0.000	0	0	0	0	0.000	0.000	0	0	0	0	0.000	0	0	0	0.000	0	0
190	190	1685	344.413	1741.281	0.902	386	1170	77	16	5	386	1170	77	16	5	107.015	154.202	208	176	169	164	159	153	148	143	138	132	123	103.000	1149.279	2065	1755	1559	1393	1270	1108	967	838	727	624	474	0	0	0.000	0.000	0	0	0	0	0.000	0	0	0	0.000	0	0	0	0	0.000	0.000	0	0	0	0	0.000	0	0	0	0.000	0	0
191	191	241	1562.115	1730.881	0.902	12	39	101	73	12	12	39	101	73	12	109.000	117.515	122	121	119	118	118	117	117	116	116	115	114	103.000	388.697	584	485	456	432	412	396	374	350	317	289	215	0	0	0.000	0.000	0	0	0	0	0.000	0	0	0	0.000	0	0	0	0	0.000	0.000	0	0	0	0	0.000	0	0	0	0.000	0	0
192	192	1675	2007.537	1746.367	0.887	58	466	993	122	9	58	466	993	122	9	107.826	113.652	118	115	115	114	114	114	113	113	113	112	108	100.708	662.702	1063	968	906	833	750	654	562	484	424	374	273	0	0	0.000	0.000	0	0	0	0	0.000	0	0	0	0.000	0	0	0	0	0.000	0.000	0	0	0	0	0.000	0	0	0	0.000	0	0
193	193	1321	1586.151	1744.033	0.896	83	496	627	74	9	83	496	627	74	9	108.753	117.872	123	120	119	119	118	118	117	117	116	116	113	102.179	608.089	958	798	751	710	673	629	577	514	445	386	256	0	0	0.000	0.000	0	0	0	0	0.000	0	0	0	0.000	0	0	0	0	0.000	0.000	0	0	0	0	0.000	0	0	0	0.000	0	0
194	194	1635	1538.352	1752.776	0.833	79	605	755	153	12	79	605	755	153	12	109.000	117.604	124	121	119	118	118	117	117	116	116	115	113	102.438	631.522	1033	908	827	745	691	642	591	534	435	322	243	0	0	0.000	0.000	0	0	0	0	0.000	0	0	0	0.000	0	0	0	0	0.000	0.000	0	0	0	0	0.000	0	0	0	0.000	0	0
195	195	1078	379.880	1770.502	0.891	12	120	481	397	51	12	120	481	397	51	107.060	147.642	205	165	160	156	151	147	143	138	133	128	120	103.000	1191.532	1707	1553	1487	1420	1341	1252	1141	1011	864	728	479	0	0	0.000	0.000	0	0	0	0	0.000	0	0	0	0.000	0	0	0	0	0.000	0.000	0	0	0	0	0.000	0	0	0	0.000	0	0
196	196	1097	54.478	1791.830	0.907	361	585	94	22	14	361	585	94	22	14	104.556	127.174	143	138	134	130	129	127	125	123	120	118	111	101.181	483.721	719	655	616	579	533	484	433	390	350	309	263	0	0	0.000	0.000	0	0	0	0	0.000	0	0	0	0.000	0	0	0	0	0.000	0.000	0	0	0	0	0.000	0	0	0	0.000	0	0
197	197	2085	102.962	1815.071	0.853	7	55	1317	637	17	7	55	1317	637	17	105.045	152.791	579	216	142	135	132	130	127	125	121	118	112	102.000	531.348	849	717	660	626	586	550	507	451	388	320	211	1	195	92.970	1813.503	0	0	0	325	347.928	0	0	549	576.077	0	0	0	0	0.000	0.000	0	0	0	0	0.000	0	0	0	0.000	0	0
198	198	1911	911.964	1813.250	0.909	651	1075	91	47	28	651	1075	91	47	28	110.965	199.101	236	225	219	215	211	207	201	193	178	156	132	105.452	977.153	1347	1265	1192	1130	1077	1026	965	909	797	585	285	0	0	0.000	0.000	0	0	0	0	0.000	0	0	0	0.000	0	0	0	0	0.000	0.000	0	0	0	0	0.000	0	0	0	0.000	0	0
199	199	1509	810.323	1810.818	0.906	60	81	513	705	114	60	81	513	705	114	110.272	184.168	220	206	202	198	194	188	181	174	165	155	136	104.167	1057.899	1381	1316	1278	1230	1172	1101	1026	948	868	725	362	0	0	0.000	0.000	0	0	0	0	0.000	0	0	0	0.000	0	0	0	0	0.000	0.000	0	0	0	0	0.000	0	0	0	0.000	0	0
200	200	835	1376.151	1822.321	0.882	39	205	417	146	14	39	205	417	146	14	110.111	121.861	129	126	125	124	123	122	121	120	119	117	113	102.000	166.695	205	190	186	182	179	176	168	158	145	130	108	0	0	0.000	0.000	0	0	0	0	0.000	0	0	0	0.000	0	0	0	0	0.000	0.000	0	0	0	0	0.000	0	0	0	0.000	0	0
201	201	1546	867.108	1829.555	0.911	401	753	237	92	31	401	753	237	92	31	110.975	175.114	529	204	190	183	176	169	163	157	149	141	133	106.208	756.028	1352	1153	1042	948	854	747	645	541	458	370	299	1	47	850.412	1812.189	0	0	0	374	382.000	0	0	537	541.170	0	0	0	0	0.000	0.000	0	0	0	0	0.000	0	0	0	0.000	0	0
202	202	2261	1424.362	1836.694	0.859	51	240	995	802	135	51	240	995	802	135	110.945	122.757	134	128	126	125	124	123	121	120	119	118	114	101.973	179.754	241	217	208	201	192	182	171	161	150	137	117	0	0	0.000	0.000	0	0	0	0	0.000	0	0	0	0.000	0	0	0	0	0.000	0.000	0	0	0	0	0.000	0	0	0	0.000	0	0
203	203	1688	955.250	1840.137	0.860	685	494	223	197	60	685	494	223	197	60	110.903	127.954	175	140	131	128	126	125	124	123	122	119	114	104.858	151.421	179	166	162	159	156	153	149	145	140	136	122	1	72	950.578	1830.145	0	0	0	163	163.389	0	0	165	162.944	0	0	0	0	0.000	0.000	0	0	0	0	0.000	0	0	0	0.000	0	0
204	204	413	211.776	1849.419	0.922	53	73	130	129	14	53	73	130	129	14	107.000	131.007	139	136	134	133	132	131	130	129	128	126	121	102.412	696.867	931	882	825	771	718	688	663	637	592	519	413	0	0	0.000	0.000	0	0	0	0	0.000	0	0	0	0.000	0	0	0	0	0.000	0.000	0	0	0	0	0.000	0	0	0	0.000	0	0
205	205	583	914.907	1863.927	0.855	310	138	88	30	10	310	138	88	30	10	111.451	138.041	208	151	140	138	137	135	134	132	131	129	124	106.557	234.597	647	446	312	229	190	175	166	161	157	152	142	0	0	0.000	0.000	0	0	0	0	0.000	0	0	0	0.000	0	0	0	0	0.000	0.000	0	0	0	0	0.000	0	0	0	0.000	0	0
206	206	2185	1485.918	1870.272	0.879	172	1398	532	33	10	172	1398	532	33	10	111.320	125.168	146	132	129	128	126	125	123	122	121	119	115	102.533	182.622	231	211	204	197	190	183	176	170	163	152	139	0	0	0.000	0.000	0	0	0	0	0.000	0	0	0	0.000	0	0	0	0	0.000	0.000	0	0	0	0	0.000	0	0	0	0.000	0	0
207	207	1610	115.666	1870.223	0.885	14	193	825	482	71	14	193	825	482	71	105.449	134.332	147	141	140	139	138	136	134	131	128	125	115	102.137	1218.326	1773	1620	1545	1466	1352	1238	1153	1058	907	708	508	0	0	0.000	0.000	0	0	0	0	0.000	0	0	0	0.000	0	0	0	0	0.000	0.000	0	0	0	0	0.000	0	0	0	0.000	0	0
208	208	1028	936.360	1881.000	0.899	334	353	254	52	10	334	353	254	52	10	111.000	179.080	533	267	174	163	160	156	150	144	140	135	127	105.906	470.294	743	670	621	566	508	463	419	368	320	284	228	1	142	924.421	1872.686	0	0	0	355	363.430	0	0	661	648.225	0	0	0	0	0.000	0.000	0	0	0	0	0.000	0	0	0	0.000	0	0
209	209	2382	541.614	1903.877	0.872	109	1142	1020	63	12	109	1142	1020	63	12	108.000	227.051	743	314	236	220	213	206	197	187	174	160	134	102.000	756.133	1119	986	926	885	842	798	753	685	569	422	285	1	116	541.164	1892.139	0	0	0	546	553.810	0	0	859	817.310	0	0	0	0	0.000	0.000	0	0	0	0	0.000	0	0	0	0.000	0	0
210	210	1739	167.325	1895.058	0.828	74	758	733	124	15	74	758	733	124	15	106.551	136.588	155	146	143	141	139	137	135	133	130	126	117	103.000	1412.021	2463	2119	1878	1693	1525	1376	1261	1111	947	752	504	0	0	0.000	0.000	0	0	0	0	0.000	0	0	0	0.000	0	0	0	0	0.000	0.000	0	0	0	0	0.000	0	0	0	0.000	0	0
211	211	1593	1410.091	1894.660	0.883	21	131	686	645	80	21	131	686	645	80	111.060	144.724	160	156	153	151	148	145	143	140	136	132	122	102.415	914.331	1267	1188	1123	1060	990	921	857	794	735	619	371	0	0	0.000	0.000	0	0	0	0	0.000	0	0	0	0.000	0	0	0	0	0.000	0.000	0	0	0	0	0.000	0	0	0	0.000	0	0
212	212	1505	2002.878	1926.532	0.876	96	144	915	291	31	96	144	915	291	31	106.948	115.395	123	119	118	117	116	115	114	114	113	112	109	101.822	1149.834	1808	1575	1471	1366	1275	1194	1071	933	798	671	451	0	0	0.000	0.000	0	0	0	0	0.000	0	0	0	0.000	0	0	0	0	0.000	0.000	0	0	0	0	0.000	0	0	0	0.000	0	0
213	213	1923	844.933	1928.472	0.902	578	541	456	258	58	578	541	456	258	58	109.294	190.668	223	214	209	204	200	195	189	182	174	159	135	106.249	1052.614	1476	1354	1274	1222	1166	1111	1039	958	813	638	367	0	0	0.000	0.000	0	0	0	0	0.000	0	0	0	0.000	0	0	0	0	0.000	0.000	0	0	0	0	0.000	0	0	0	0.000	0	0
214	214	2229	196.003	1935.213	0.842	147	193	781	958	102	147	193	781	958	102	106.031	129.881	144	137	135	133	132	130	129	128	125	122	112	102.967	886.334	1367	1206	1086	1000	916	854	803	756	702	632	383	0	0	0.000	0.000	0	0	0	0	0.000	0	0	0	0.000	0	0	0	0	0.000	0.000	0	0	0	0	0.000	0	0	0	0.000	0	0
215	215	790	252.993	1926.325	0.904	215	308	165	52	39	215	308	165	52	39	105.919	124.172	139	134	130	128	126	124	122	120	118	115	110	103.000	717.587	1118	998	915	839	782	720	659	600	531	428	270	0	0	0.000	0.000	0	0	0	0	0.000	0	0	0	0.000	0	0	0	0	0.000	0.000	0	0	0	0	0.000	0	0	0	0.000	0	0
216	216	2890	1104.644	1951.568	0.886	1634	1046	127	12	6	1634	1046	127	12	6	109.899	118.076	130	123	121	119	118	117	117	116	115	114	111	102.761	123.102	137	130	128	126	125	123	122	120	119	116	108	0	0	0.000	0.000	0	0	0	0	0.000	0	0	0	0.000	0	0	0	0	0.000	0.000	0	0	0	0	0.000	0	0	0	0.000	0	0
217	217	1625	1446.670	1938.908	0.880	29	151	944	447	8	29	151	944	447	8	114.264	205.337	245	235	231	227	221	210	198	188	175	169	150	102.758	775.125	1138	991	924	870	826	783	738	696	630	552	252	0	0	0.000	0.000	0	0	0	0	0.000	0	0	0	0.000	0	0	0	0	0.000	0.000	0	0	0	0	0.000	0	0	0	0.000	0	0
218	218	1026	572.949	1945.053	0.910	53	191	459	273	25	53	191	459	273	25	107.795	158.312	320	196	170	161	154	149	146	141	135	130	117	102.000	597.735	914	757	719	690	656	621	577	533	477	383	203	1	41	580.788	1952.806	0	0	0	273	270.439	0	0	823	810.000	0	0	0	0	0.000	0.000	0	0	0	0	0.000	0	0	0	0.000	0	0
219	219	205	1417.309	1941.592	0.902	11	76	59	41	17	11	76	59	41	17	112.780	158.024	174	165	161	160	159	158	157	156	154	152	146	102.000	607.551	831	749	719	682	642	608	576	554	518	453	353	0	0	0.000	0.000	0	0	0	0	0.000	0	0	0	0.000	0	0	0	0	0.000	0.000	0	0	0	0	0.000	0	0	0	0.000	0	0
220	220	445	1909.104	1971.772	0.943	37	118	189	77	12	37	118	189	77	12	107.622	112.825	117	115	114	114	113	113	112	112	112	111	110	102.000	467.297	647	597	572	550	520	486	448	401	351	309	240	0	0	0.000	0.000	0	0	0	0	0.000	0	0	0	0.000	0	0	0	0	0.000	0.000	0	0	0	0	0.000	0	0	0	0.000	0	0
221	221	1610	164.518	1995.194	0.859	11	120	647	725	74	11	120	647	725	74	103.575	125.253	137	132	130	129	128	126	125	123	120	117	111	101.883	835.548	1168	1031	986	943	896	853	807	749	684	605	388	0	0	0.000	0.000	0	0	0	0	0.000	0	0	0	0.000	0	0	0	0	0.000	0.000	0	0	0	0	0.000	0	0	0	0.000	0	0
222	222	1657	1145.005	1995.278	0.878	858	379	225	132	43	858	379	225	132	43	108.996	115.386	123	120	118	116	115	115	114	114	113	112	110	102.392	118.952	132	125	123	122	120	119	118	117	114	111	106	0	0	0.000	0.000	0	0	0	0	0.000	0	0	0	0.000	0	0	0	0	0.000	0.000	0	0	0	0	0.000	0	0	0	0.000	0	0
223	223	1773	1923.080	2008.572	0.867	61	729	859	94	9	61	729	859	94	9	106.349	113.438	124	116	115	114	114	113	113	112	112	111	108	102.488	522.150	856	717	653	621	590	551	503	435	361	282	213	0	0	0.000	0.000	0	0	0	0	0.000	0	0	0	0.000	0	0	0	0	0.000	0.000	0	0	0	0	0.000	0	0	0	0.000	0	0
224	224	1412	1086.665	2005.704	0.922	1207	149	21	14	7	1207	149	21	14	7	108.320	115.498	124	119	117	116	116	115	115	114	114	113	111	102.781	121.649	133	128	126	125	124	123	121	120	118	114	104	0	0	0.000	0.000	0	0	0	0	0.000	0	0	0	0.000	0	0	0	0	0.000	0.000	0	0	0	0	0.000	0	0	0	0.000	0	0
225	225	1518	118.728	2025.289	0.902	49	341	869	207	21	49	341	869	207	21	102.070	108.957	115	112	111	110	109	109	108	108	107	106	104	100.014	111.020	125	116	114	113	111	111	110	109	108	107	102	0	0	0.000	0.000	0	0	0	0	0.000	0	0	0	0.000	0	0	0	0	0.000	0.000	0	0	0	0	0.000	0	0	0	0.000	0	0
