 	cell	area	x	y	circ	BFI_lev_b1	BFI_lev_b2	BFI_lev_b3	BFI_lev_b4	BFI_lev_b5	BFO_lev_b1	BFO_lev_b2	BFO_lev_b3	BFO_lev_b4	BFO_lev_b5	RFP_int_bg	RFP_int_mean	RFP_int_b0	RFP_int_b1	RFP_int_b2	RFP_int_b3	RFP_int_b4	RFP_int_b5	RFP_int_b6	RFP_int_b7	RFP_int_b8	RFP_int_b9	RFP_int_b10	GFP_int_bg	GFP_int_mean	GFP_int_b0	GFP_int_b1	GFP_int_b2	GFP_int_b3	GFP_int_b4	GFP_int_b5	GFP_int_b6	GFP_int_b7	GFP_int_b8	GFP_int_b9	GFP_int_b10	inRFPnfoci	f1_inRFParea	f1_inRFPx	f1_inRFPy	f2_inRFParea	f2_inRFPx	f2_inRFPy	f1_inRFP_toRFPmed	f1_inRFP_toRFPmean	f2_inRFP_toRFPmed	f2_inRFP_toRFPmean	f1_inRFP_toGFPmed	f1_inRFP_toGFPmean	f2_inRFP_toGFPmed	f2_inRFP_toGFPmean	inGFPnfoci	f1_inGFParea	f1_inGFPx	f1_inGFPy	f2_inGFParea	f2_inGFPx	f2_inGFPy	f1_inGFP_toRFPmed	f1_inGFP_toRFPmean	f2_inGFP_toRFPmed	f2_inGFP_toRFPmean	f1_inGFP_toGFPmed	f1_inGFP_toGFPmean	f2_inGFP_toGFPmed	f2_inGFP_toGFPmean
1	1	1705	1102.247	28.789	0.903	62	708	775	105	16	62	708	775	105	16	105.603	167.317	415	235	186	168	160	154	147	141	134	126	114	101.784	117.189	154	127	124	121	118	115	114	112	111	109	105	1	49	1090.364	29.062	0	0	0	313	315.918	0	0	129	129.102	0	0	0	0	0	0	0	0	0	0	0	0	0	0	0	0	0
2	2	1591	1157.628	45.808	0.933	62	203	1084	217	7	62	203	1084	217	7	106.293	208.409	258	248	240	233	226	218	205	189	173	156	134	102.000	147.265	167	159	156	154	152	150	147	144	140	131	109	0	0	0.000	0.000	0	0	0	0	0.000	0	0	0	0.000	0	0	0	0	0	0	0	0	0	0	0	0	0	0	0	0	0
3	3	1936	773.055	49.823	0.890	66	73	576	1092	91	66	73	576	1092	91	106.215	121.908	146	129	126	124	122	121	120	119	117	116	111	102.103	973.321	1452	1346	1251	1186	1115	1038	931	807	666	502	350	0	0	0.000	0.000	0	0	0	0	0.000	0	0	0	0.000	0	0	0	0	0	0	0	0	0	0	0	0	0	0	0	0	0
4	4	659	365.870	52.719	0.877	118	252	166	78	34	118	252	166	78	34	105.094	132.753	148	142	140	137	135	133	131	128	126	123	116	101.000	120.850	137	128	126	124	123	121	119	118	116	113	106	0	0	0.000	0.000	0	0	0	0	0.000	0	0	0	0.000	0	0	0	0	0	0	0	0	0	0	0	0	0	0	0	0	0
5	5	276	1215.555	52.353	0.947	26	65	83	77	21	26	65	83	77	21	106.638	112.688	117	115	115	114	113	113	112	111	111	110	108	102.000	401.732	578	521	495	465	437	405	379	343	315	270	199	0	0	0.000	0.000	0	0	0	0	0.000	0	0	0	0.000	0	0	0	0	0	0	0	0	0	0	0	0	0	0	0	0	0
6	6	1670	817.099	76.487	0.898	405	1108	77	40	17	405	1108	77	40	17	107.398	166.808	712	283	170	139	128	124	122	121	118	116	110	102.575	863.792	1286	1158	1089	1020	959	896	814	733	637	536	284	1	221	818.803	67.584	0	0	0	367	395.462	0	0	1153	1129.851	0	0	0	0	0	0	0	0	0	0	0	0	0	0	0	0	0
7	7	711	45.239	73.864	0.879	51	192	218	174	63	51	192	218	174	63	102.837	130.775	153	146	142	138	134	131	127	123	119	116	111	99.083	111.498	125	118	115	114	112	111	110	109	107	106	102	0	0	0.000	0.000	0	0	0	0	0.000	0	0	0	0.000	0	0	0	0	0	0	0	0	0	0	0	0	0	0	0	0	0
8	8	1597	1192.167	79.058	0.882	75	152	677	628	35	75	152	677	628	35	107.214	123.602	227	127	124	123	122	121	120	118	117	115	111	102.000	1022.138	1570	1381	1284	1198	1117	1033	950	883	789	626	353	1	89	1176.187	93.091	0	0	0	179	180.831	0	0	757	751.921	0	0	0	0	0	0	0	0	0	0	0	0	0	0	0	0	0
9	9	2145	1139.465	96.833	0.889	14	92	1449	532	25	14	92	1449	532	25	107.817	446.885	4996	933	281	241	226	215	204	191	175	157	135	102.000	143.441	185	159	154	150	147	143	140	136	133	127	108	1	201	1129.364	92.261	0	0	0	2192	2351.050	0	0	145	146.711	0	0	0	0	0	0	0	0	0	0	0	0	0	0	0	0	0
10	10	1610	1238.379	100.826	0.889	66	109	621	722	65	66	109	621	722	65	107.549	128.342	503	127	125	124	123	121	120	118	116	114	110	102.003	976.644	1357	1267	1194	1138	1080	1025	962	881	753	593	363	1	66	1225.074	90.137	0	0	0	270	277.758	0	0	1029	1003.515	0	0	0	0	0	0	0	0	0	0	0	0	0	0	0	0	0
11	11	1209	778.297	102.030	0.886	10	323	636	152	64	10	323	636	152	64	108.000	211.711	1832	278	148	144	141	139	136	132	127	123	118	102.947	238.400	326	291	277	267	257	244	231	211	192	178	159	1	131	790.405	110.918	0	0	0	865	924.244	0	0	241	233.908	0	0	0	0	0	0	0	0	0	0	0	0	0	0	0	0	0
12	12	1409	1006.617	125.819	0.902	203	733	364	70	12	203	733	364	70	12	107.373	212.970	285	246	238	230	222	215	207	199	189	174	141	102.000	163.925	215	180	174	171	167	164	161	157	152	145	126	0	0	0.000	0.000	0	0	0	0	0.000	0	0	0	0.000	0	0	0	0	0	0	0	0	0	0	0	0	0	0	0	0	0
13	13	805	769.825	138.150	0.911	277	340	103	47	24	277	340	103	47	24	108.000	128.533	146	138	135	133	131	128	126	123	121	119	114	103.000	256.757	328	311	301	292	282	269	250	229	208	187	151	0	0	0.000	0.000	0	0	0	0	0.000	0	0	0	0.000	0	0	0	0	0	0	0	0	0	0	0	0	0	0	0	0	0
14	14	1787	1150.915	155.677	0.887	52	153	1004	525	17	52	153	1004	525	17	108.059	220.139	2322	236	174	165	160	153	146	140	136	130	120	102.969	142.388	181	158	154	151	147	143	139	134	129	125	111	1	108	1159.303	146.440	0	0	0	1036	1112.731	0	0	166	167.500	0	0	0	0	0	0	0	0	0	0	0	0	0	0	0	0	0
15	15	1276	1048.322	197.507	0.870	398	675	161	12	9	398	675	161	12	9	108.009	1711.561	5853	3584	2270	1682	1441	1316	1179	1052	911	718	392	102.000	161.582	239	199	186	178	169	160	152	142	135	127	109	0	0	0.000	0.000	0	0	0	0	0.000	0	0	0	0.000	0	0	0	0	0	0	0	0	0	0	0	0	0	0	0	0	0
16	16	1129	1149.845	204.744	0.904	33	81	189	664	142	33	81	189	664	142	108.107	157.103	185	178	174	169	166	160	153	146	139	132	122	103.000	146.109	164	158	156	154	152	150	147	143	136	127	109	0	0	0.000	0.000	0	0	0	0	0.000	0	0	0	0.000	0	0	0	0	0	0	0	0	0	0	0	0	0	0	0	0	0
17	17	1203	1117.845	266.979	0.827	41	240	557	322	24	41	240	557	322	24	108.000	115.958	122	119	118	117	116	116	115	115	114	113	110	102.000	216.562	310	258	236	227	222	217	210	202	191	178	150	0	0	0.000	0.000	0	0	0	0	0.000	0	0	0	0.000	0	0	0	0	0	0	0	0	0	0	0	0	0	0	0	0	0
18	18	1660	1954.375	358.820	0.917	16	91	649	792	70	16	91	649	792	70	106.965	124.172	151	134	130	127	125	123	121	120	118	117	111	102.000	692.872	1011	916	853	807	769	723	657	580	508	441	307	0	0	0.000	0.000	0	0	0	0	0.000	0	0	0	0.000	0	0	0	0	0	0	0	0	0	0	0	0	0	0	0	0	0
19	19	1938	1582.828	394.277	0.912	550	1182	108	42	13	550	1182	108	42	13	108.000	321.095	460	417	385	363	342	318	293	269	254	240	197	102.267	119.677	131	125	123	122	121	120	119	118	116	115	108	0	0	0.000	0.000	0	0	0	0	0.000	0	0	0	0.000	0	0	0	0	0	0	0	0	0	0	0	0	0	0	0	0	0
20	20	1852	692.316	402.972	0.897	47	210	740	754	61	47	210	740	754	61	107.535	115.926	128	121	119	117	116	115	114	114	113	112	110	102.969	670.422	1375	893	821	773	726	676	625	559	493	416	249	0	0	0.000	0.000	0	0	0	0	0.000	0	0	0	0.000	0	0	0	0	0	0	0	0	0	0	0	0	0	0	0	0	0
21	21	1678	1217.036	396.681	0.896	29	227	816	517	59	29	227	816	517	59	108.000	115.784	125	120	118	117	116	115	115	114	113	112	110	102.980	422.822	599	539	512	485	457	428	399	365	338	289	227	0	0	0.000	0.000	0	0	0	0	0.000	0	0	0	0.000	0	0	0	0	0	0	0	0	0	0	0	0	0	0	0	0	0
22	22	1926	1980.823	402.913	0.903	121	238	1200	312	22	121	238	1200	312	22	106.551	408.350	6578	755	178	130	128	125	122	120	117	115	110	102.000	695.808	1021	950	914	868	814	750	679	580	469	332	189	1	163	1972.863	396.817	0	0	0	2680	2962.190	0	0	860	834.190	0	0	0	0	0	0	0	0	0	0	0	0	0	0	0	0	0
23	23	1789	1932.393	411.880	0.873	57	222	1005	449	18	57	222	1005	449	18	106.988	158.888	1609	161	123	121	119	118	117	116	115	114	111	102.454	558.385	904	825	771	713	648	569	497	420	338	266	168	1	105	1940.224	408.367	0	0	0	638	703.886	0	0	743	752.429	0	0	0	0	0	0	0	0	0	0	0	0	0	0	0	0	0
24	24	1783	1728.810	411.915	0.857	70	364	998	305	14	70	364	998	305	14	107.721	165.320	245	204	185	178	171	162	155	147	139	132	120	102.339	130.372	154	142	139	136	133	131	128	125	122	118	108	0	0	0.000	0.000	0	0	0	0	0.000	0	0	0	0.000	0	0	0	0	0	0	0	0	0	0	0	0	0	0	0	0	0
25	25	1539	1677.889	433.763	0.886	61	234	937	266	13	61	234	937	266	13	107.603	177.940	208	199	195	191	187	181	176	171	161	149	130	102.289	139.444	159	149	147	145	143	142	140	138	135	124	105	0	0	0.000	0.000	0	0	0	0	0.000	0	0	0	0.000	0	0	0	0	0	0	0	0	0	0	0	0	0	0	0	0	0
26	26	1377	1889.330	435.736	0.893	99	467	660	88	20	99	467	660	88	20	106.890	122.866	138	129	127	125	124	123	122	120	119	117	110	102.859	648.516	867	828	806	765	710	659	611	565	519	442	264	0	0	0.000	0.000	0	0	0	0	0.000	0	0	0	0.000	0	0	0	0	0	0	0	0	0	0	0	0	0	0	0	0	0
27	27	1310	1178.296	440.444	0.893	35	102	348	661	134	35	102	348	661	134	107.995	159.715	896	167	148	144	142	140	137	132	127	122	116	103.000	142.644	166	155	152	150	148	145	142	139	133	125	114	1	75	1166.346	445.064	0	0	0	448	469.853	0	0	151	150.707	0	0	0	0	0	0	0	0	0	0	0	0	0	0	0	0	0
28	28	1232	553.937	502.645	0.865	25	126	536	475	48	25	126	536	475	48	107.032	113.649	120	116	115	114	114	113	113	113	112	111	109	102.000	118.120	133	124	123	121	120	118	117	115	113	111	106	0	0	0.000	0.000	0	0	0	0	0.000	0	0	0	0.000	0	0	0	0	0	0	0	0	0	0	0	0	0	0	0	0	0
29	29	1177	1398.150	529.625	0.904	5	94	441	548	67	5	94	441	548	67	108.607	121.956	130	127	126	125	124	122	121	119	118	117	113	102.000	116.563	127	121	120	118	118	117	116	115	114	112	106	0	0	0.000	0.000	0	0	0	0	0.000	0	0	0	0.000	0	0	0	0	0	0	0	0	0	0	0	0	0	0	0	0	0
30	30	1658	524.540	548.539	0.878	28	92	650	720	138	28	92	650	720	138	107.014	113.902	122	117	116	115	114	114	113	113	112	112	109	102.347	122.283	132	127	126	125	124	123	122	121	119	116	107	0	0	0.000	0.000	0	0	0	0	0.000	0	0	0	0.000	0	0	0	0	0	0	0	0	0	0	0	0	0	0	0	0	0
31	31	483	910.801	543.824	0.842	148	206	75	37	10	148	206	75	37	10	109.000	202.449	288	257	234	217	206	197	188	180	172	162	140	103.000	115.778	132	125	121	118	116	114	113	112	111	109	105	0	0	0.000	0.000	0	0	0	0	0.000	0	0	0	0.000	0	0	0	0	0	0	0	0	0	0	0	0	0	0	0	0	0
32	32	1433	1362.263	562.497	0.868	12	136	612	531	119	12	136	612	531	119	109.000	122.706	136	130	127	125	124	122	121	119	118	117	113	102.008	116.977	134	122	120	119	118	117	116	115	114	112	105	0	0	0.000	0.000	0	0	0	0	0.000	0	0	0	0.000	0	0	0	0	0	0	0	0	0	0	0	0	0	0	0	0	0
33	33	1709	1244.546	592.748	0.902	93	169	814	549	54	93	169	814	549	54	109.000	292.551	2416	770	177	134	126	122	121	119	117	116	111	103.000	124.033	142	132	127	126	125	123	122	121	120	118	109	1	274	1259.508	594.751	0	0	0	1036	1137.376	0	0	132	131.577	0	0	0	0	0	0	0	0	0	0	0	0	0	0	0	0	0
34	34	1880	510.812	603.104	0.856	17	125	789	871	42	17	125	789	871	42	106.970	112.985	117	115	114	114	113	113	113	112	112	111	109	101.991	132.697	151	143	140	138	136	133	131	128	125	122	110	0	0	0.000	0.000	0	0	0	0	0.000	0	0	0	0.000	0	0	0	0	0	0	0	0	0	0	0	0	0	0	0	0	0
35	35	1686	928.716	609.328	0.881	38	359	800	415	43	38	359	800	415	43	109.956	192.127	296	226	218	210	204	193	181	173	165	154	141	103.000	126.738	139	133	131	129	128	127	126	124	123	120	113	0	0	0.000	0.000	0	0	0	0	0.000	0	0	0	0.000	0	0	0	0	0	0	0	0	0	0	0	0	0	0	0	0	0
36	36	1521	1198.781	615.903	0.886	22	96	810	524	28	22	96	810	524	28	109.039	121.460	156	127	124	123	122	121	120	119	117	116	113	103.000	122.216	135	129	127	125	123	122	121	120	118	115	108	1	12	1190.505	603.006	0	0	0	150	148.917	0	0	120	119.917	0	0	0	0	0	0	0	0	0	0	0	0	0	0	0	0	0
37	37	985	882.060	634.303	0.907	54	256	495	155	4	54	256	495	155	4	110.000	186.213	233	220	209	201	193	187	179	171	163	154	140	102.826	125.170	140	131	130	129	127	126	125	123	120	117	109	0	0	0.000	0.000	0	0	0	0	0.000	0	0	0	0.000	0	0	0	0	0	0	0	0	0	0	0	0	0	0	0	0	0
38	38	2023	462.843	650.386	0.893	9	250	893	717	105	9	250	893	717	105	107.153	114.158	121	118	116	115	114	114	113	113	112	112	107	101.690	128.621	147	138	135	133	130	128	126	124	122	120	112	0	0	0.000	0.000	0	0	0	0	0.000	0	0	0	0.000	0	0	0	0	0	0	0	0	0	0	0	0	0	0	0	0	0
39	39	958	1235.258	644.026	0.906	53	215	483	166	28	53	215	483	166	28	109.000	153.817	264	199	174	163	151	144	139	133	129	125	117	102.269	117.986	135	127	124	121	119	117	115	113	112	111	105	1	52	1227.972	641.937	0	0	0	235	234.250	0	0	129	128.827	0	0	0	0	0	0	0	0	0	0	0	0	0	0	0	0	0
40	40	684	503.907	644.475	0.926	16	151	294	175	33	16	151	294	175	33	107.000	113.811	120	117	116	115	114	113	113	113	112	112	109	102.000	125.548	142	134	131	129	128	127	125	123	121	115	108	0	0	0.000	0.000	0	0	0	0	0.000	0	0	0	0.000	0	0	0	0	0	0	0	0	0	0	0	0	0	0	0	0	0
41	41	1366	1810.197	659.721	0.889	40	242	846	206	13	40	242	846	206	13	108.463	118.515	139	124	121	120	119	117	116	115	115	114	111	102.000	138.223	165	152	148	145	142	139	136	132	128	122	114	0	0	0.000	0.000	0	0	0	0	0.000	0	0	0	0.000	0	0	0	0	0	0	0	0	0	0	0	0	0	0	0	0	0
42	42	1394	41.589	663.288	0.858	78	104	636	519	37	78	104	636	519	37	104.206	109.452	114	112	111	110	110	109	109	109	108	108	106	101.000	973.462	1728	1427	1309	1194	1077	985	884	774	633	481	346	0	0	0.000	0.000	0	0	0	0	0.000	0	0	0	0.000	0	0	0	0	0	0	0	0	0	0	0	0	0	0	0	0	0
43	43	1619	1312.445	685.114	0.890	171	476	798	131	14	171	476	798	131	14	108.778	526.962	10700	659	231	212	198	187	177	166	155	143	126	103.008	122.994	176	132	128	126	124	123	121	118	115	112	105	1	101	1323.575	695.121	0	0	0	4309	4749.653	0	0	144	146.228	0	0	1	10	1324.198	693.902	0	0	0	8216	8123.800	0	0	168	167.600	0	0
44	44	1781	67.686	711.305	0.847	44	165	1078	433	29	44	165	1078	433	29	105.000	111.809	118	115	114	113	112	111	111	110	110	109	106	101.555	1221.925	1937	1794	1608	1435	1288	1181	1080	990	877	728	440	0	0	0.000	0.000	0	0	0	0	0.000	0	0	0	0.000	0	0	0	0	0	0	0	0	0	0	0	0	0	0	0	0	0
45	45	956	1911.250	731.438	0.891	29	97	509	277	21	29	97	509	277	21	108.000	595.709	11839	1031	255	178	166	158	151	146	141	136	128	102.000	118.664	139	126	123	121	119	118	117	116	114	112	105	1	79	1919.415	731.253	0	0	0	3971	4616.747	0	0	123	122.962	0	0	0	0	0	0	0	0	0	0	0	0	0	0	0	0	0
46	46	687	909.526	743.449	0.849	77	304	220	60	15	77	304	220	60	15	109.000	150.830	173	167	163	160	156	152	147	142	138	133	123	102.131	127.064	156	138	133	131	129	127	125	122	120	117	110	0	0	0.000	0.000	0	0	0	0	0.000	0	0	0	0.000	0	0	0	0	0	0	0	0	0	0	0	0	0	0	0	0	0
47	47	758	1286.871	765.167	0.920	222	206	179	90	51	222	206	179	90	51	109.974	143.224	159	154	151	149	147	144	141	137	134	132	127	104.999	410.489	565	507	478	455	434	416	396	371	345	303	229	0	0	0.000	0.000	0	0	0	0	0.000	0	0	0	0.000	0	0	0	0	0	0	0	0	0	0	0	0	0	0	0	0	0
48	48	1486	1420.168	771.801	0.914	13	82	460	807	90	13	82	460	807	90	110.000	216.338	468	246	238	232	228	224	214	199	181	164	142	104.390	157.157	179	169	167	164	162	160	158	154	147	138	123	0	0	0.000	0.000	0	0	0	0	0.000	0	0	0	0.000	0	0	0	0	0	0	0	0	0	0	0	0	0	0	0	0	0
49	49	1494	1468.396	781.440	0.908	82	1166	197	14	9	82	1166	197	14	9	109.084	477.902	7183	691	259	238	229	220	209	198	186	171	144	103.960	160.471	213	178	173	170	166	162	157	151	147	141	122	1	111	1475.450	789.609	0	0	0	3055	3234.658	0	0	185	184.973	0	0	0	0	0	0	0	0	0	0	0	0	0	0	0	0	0
50	50	1289	147.524	785.115	0.920	19	69	350	714	117	19	69	350	714	117	106.016	112.698	123	117	115	114	113	112	111	111	110	109	108	103.041	907.697	1359	1156	1086	1027	968	932	893	834	714	595	429	0	0	0.000	0.000	0	0	0	0	0.000	0	0	0	0.000	0	0	0	0	0	0	0	0	0	0	0	0	0	0	0	0	0
51	51	1645	1190.468	793.210	0.914	1296	201	74	28	12	1296	201	74	28	12	110.000	140.136	244	150	146	144	142	140	137	133	129	126	120	104.020	1253.579	1977	1729	1600	1521	1410	1316	1204	1039	847	668	505	1	16	1188.871	807.141	0	0	0	218	214.875	0	0	1445	1395.000	0	0	0	0	0	0	0	0	0	0	0	0	0	0	0	0	0
52	52	1373	1779.327	796.426	0.880	184	579	416	147	30	184	579	416	147	30	108.731	124.300	135	127	126	126	125	124	124	123	122	121	116	102.948	251.002	470	328	290	264	246	233	222	214	209	205	186	0	0	0.000	0.000	0	0	0	0	0.000	0	0	0	0.000	0	0	0	0	0	0	0	0	0	0	0	0	0	0	0	0	0
53	53	2079	1314.738	801.208	0.871	213	550	1203	61	13	213	550	1203	61	13	110.000	165.506	564	192	165	159	156	153	148	143	138	133	121	105.000	454.494	727	636	576	532	497	466	429	376	314	254	176	1	109	1302.541	806.076	0	0	0	362	373.156	0	0	566	522.183	0	0	0	0	0	0	0	0	0	0	0	0	0	0	0	0	0
54	54	695	79.890	799.339	0.914	23	92	296	211	62	23	92	296	211	62	105.000	109.823	115	112	111	111	110	110	109	109	108	108	106	103.000	515.341	751	670	620	587	557	525	487	449	402	356	282	0	0	0.000	0.000	0	0	0	0	0.000	0	0	0	0.000	0	0	0	0	0	0	0	0	0	0	0	0	0	0	0	0	0
55	55	502	1148.053	799.554	0.885	41	130	199	100	18	41	130	199	100	18	110.000	123.584	137	128	127	126	126	124	123	121	119	118	114	104.000	676.462	1067	911	868	822	782	707	629	552	467	396	269	0	0	0.000	0.000	0	0	0	0	0.000	0	0	0	0.000	0	0	0	0	0	0	0	0	0	0	0	0	0	0	0	0	0
56	56	1955	1369.512	818.092	0.868	1446	349	80	48	19	1446	349	80	48	19	110.153	335.494	2099	844	428	260	188	160	149	143	139	133	121	105.171	281.116	465	400	343	309	286	269	252	237	214	192	140	1	324	1367.026	822.945	0	0	0	962	1049.083	0	0	298	317.577	0	0	0	0	0	0	0	0	0	0	0	0	0	0	0	0	0
57	57	1695	122.959	820.764	0.866	74	787	749	47	5	74	787	749	47	5	105.763	113.174	122	118	116	114	113	112	112	111	111	110	107	103.114	755.778	1190	1087	1008	943	853	762	684	593	496	392	292	0	0	0.000	0.000	0	0	0	0	0.000	0	0	0	0.000	0	0	0	0	0	0	0	0	0	0	0	0	0	0	0	0	0
58	58	1107	1414.272	813.777	0.886	42	85	479	430	46	42	85	479	430	46	110.000	142.388	162	155	153	151	148	144	140	136	131	126	119	105.000	333.101	430	406	390	379	367	352	328	302	272	235	167	0	0	0.000	0.000	0	0	0	0	0.000	0	0	0	0.000	0	0	0	0	0	0	0	0	0	0	0	0	0	0	0	0	0
59	59	1770	175.615	827.146	0.888	18	104	901	681	31	18	104	901	681	31	106.968	113.108	126	117	114	114	113	113	112	112	111	110	108	102.853	1069.950	1636	1416	1348	1272	1180	1094	1008	918	797	658	403	0	0	0.000	0.000	0	0	0	0	0.000	0	0	0	0.000	0	0	0	0	0	0	0	0	0	0	0	0	0	0	0	0	0
60	60	254	1036.426	817.345	0.767	22	44	136	42	5	22	44	136	42	5	109.000	130.996	139	136	134	133	132	131	130	130	128	127	122	103.000	118.843	126	123	121	120	120	119	118	117	117	116	113	0	0	0.000	0.000	0	0	0	0	0.000	0	0	0	0.000	0	0	0	0	0	0	0	0	0	0	0	0	0	0	0	0	0
61	61	1418	1161.254	831.766	0.894	104	808	360	100	19	104	808	360	100	19	109.854	184.586	1707	169	146	144	143	140	138	134	131	127	122	104.000	1162.662	1827	1707	1579	1466	1338	1219	1064	907	713	541	394	1	111	1141.916	833.371	0	0	0	738	805.144	0	0	960	869.396	0	0	0	0	0	0	0	0	0	0	0	0	0	0	0	0	0
62	62	1674	309.362	847.098	0.871	129	432	806	262	20	129	432	806	262	20	107.000	124.049	149	135	130	127	124	122	121	119	118	116	111	102.294	121.359	157	133	128	124	121	120	118	116	114	112	105	0	0	0.000	0.000	0	0	0	0	0.000	0	0	0	0.000	0	0	0	0	0	0	0	0	0	0	0	0	0	0	0	0	0
63	63	1800	1358.955	866.842	0.896	1310	352	75	25	21	1310	352	75	25	21	110.074	138.062	154	148	146	144	141	139	136	133	129	126	121	105.327	775.424	1214	1093	1007	934	859	785	712	631	532	426	337	0	0	0.000	0.000	0	0	0	0	0.000	0	0	0	0.000	0	0	0	0	0	0	0	0	0	0	0	0	0	0	0	0	0
64	64	766	296.676	888.087	0.896	34	352	308	49	11	34	352	308	49	11	107.000	134.466	184	158	149	141	135	130	126	123	120	118	112	102.291	126.462	151	141	136	133	130	127	123	120	116	111	104	0	0	0.000	0.000	0	0	0	0	0.000	0	0	0	0.000	0	0	0	0	0	0	0	0	0	0	0	0	0	0	0	0	0
65	65	1008	1380.061	906.877	0.928	388	514	43	16	38	388	514	43	16	38	109.828	146.566	161	156	154	153	151	149	146	142	138	133	125	105.000	849.767	1175	1095	991	952	919	877	834	772	687	572	387	0	0	0.000	0.000	0	0	0	0	0.000	0	0	0	0.000	0	0	0	0	0	0	0	0	0	0	0	0	0	0	0	0	0
66	66	1684	1304.355	937.779	0.912	49	222	1214	153	9	49	222	1214	153	9	110.000	116.388	124	120	118	117	116	116	115	115	114	114	111	104.000	542.407	880	748	675	610	559	516	479	448	422	388	287	0	0	0.000	0.000	0	0	0	0	0.000	0	0	0	0.000	0	0	0	0	0	0	0	0	0	0	0	0	0	0	0	0	0
67	67	1998	68.475	939.816	0.900	397	1224	231	62	49	397	1224	231	62	49	104.608	111.221	122	115	113	112	111	111	110	110	109	109	107	101.993	131.430	148	140	138	136	135	133	131	128	125	121	110	0	0	0.000	0.000	0	0	0	0	0.000	0	0	0	0.000	0	0	0	0	0	0	0	0	0	0	0	0	0	0	0	0	0
68	68	1513	1258.191	950.995	0.912	56	91	467	777	79	56	91	467	777	79	109.664	116.078	122	118	118	117	117	116	116	115	115	114	111	103.646	708.734	903	847	830	817	799	776	723	653	572	472	255	0	0	0.000	0.000	0	0	0	0	0.000	0	0	0	0.000	0	0	0	0	0	0	0	0	0	0	0	0	0	0	0	0	0
69	69	622	24.874	968.018	0.934	48	186	177	162	40	48	186	177	162	40	104.000	109.863	114	112	111	111	110	110	109	109	109	108	106	101.773	275.852	466	365	325	300	281	270	254	236	220	203	165	0	0	0.000	0.000	0	0	0	0	0.000	0	0	0	0.000	0	0	0	0	0	0	0	0	0	0	0	0	0	0	0	0	0
70	70	586	267.935	978.509	0.834	176	300	67	27	11	176	300	67	27	11	106.787	151.618	199	185	170	162	155	149	143	137	132	127	117	101.630	120.925	149	136	129	124	122	120	117	115	112	109	105	0	0	0.000	0.000	0	0	0	0	0.000	0	0	0	0.000	0	0	0	0	0	0	0	0	0	0	0	0	0	0	0	0	0
71	71	1791	55.328	991.865	0.885	263	1322	141	29	16	263	1322	141	29	16	104.347	111.210	120	116	113	112	111	111	110	110	109	108	105	101.936	132.200	152	144	141	139	137	134	131	127	123	117	104	0	0	0.000	0.000	0	0	0	0	0.000	0	0	0	0.000	0	0	0	0	0	0	0	0	0	0	0	0	0	0	0	0	0
72	72	1747	318.398	1147.756	0.895	74	827	764	38	7	74	827	764	38	7	107.754	120.340	136	128	126	123	121	119	118	117	116	114	111	102.000	113.636	127	117	116	115	114	114	113	112	111	109	104	0	0	0.000	0.000	0	0	0	0	0.000	0	0	0	0.000	0	0	0	0	0	0	0	0	0	0	0	0	0	0	0	0	0
73	73	1815	1804.115	1208.242	0.897	383	1252	119	27	9	383	1252	119	27	9	109.768	126.503	153	140	133	128	125	124	122	121	120	119	115	102.997	162.926	195	178	175	172	169	165	163	160	154	141	115	0	0	0.000	0.000	0	0	0	0	0.000	0	0	0	0.000	0	0	0	0	0	0	0	0	0	0	0	0	0	0	0	0	0
74	74	1803	1336.078	1213.520	0.858	28	162	751	752	66	28	162	751	752	66	110.588	117.112	125	120	119	118	117	117	116	116	115	115	111	103.000	249.838	350	324	308	289	270	250	230	215	192	173	151	0	0	0.000	0.000	0	0	0	0	0.000	0	0	0	0.000	0	0	0	0	0	0	0	0	0	0	0	0	0	0	0	0	0
75	75	559	1310.899	1246.752	0.935	31	36	205	228	46	31	36	205	228	46	109.946	116.440	123	119	118	117	117	116	116	115	115	114	112	103.889	254.862	318	301	292	280	272	263	252	241	219	196	156	0	0	0.000	0.000	0	0	0	0	0.000	0	0	0	0.000	0	0	0	0	0	0	0	0	0	0	0	0	0	0	0	0	0
76	76	1766	970.976	1265.906	0.868	33	437	1065	180	15	33	437	1065	180	15	109.994	153.062	174	167	163	160	157	155	152	148	143	138	125	103.025	1090.586	1601	1423	1323	1232	1149	1093	1020	960	866	751	472	0	0	0.000	0.000	0	0	0	0	0.000	0	0	0	0.000	0	0	0	0	0	0	0	0	0	0	0	0	0	0	0	0	0
77	77	1339	912.796	1262.007	0.897	50	57	353	699	150	50	57	353	699	150	109.429	149.131	172	164	161	157	153	149	145	142	139	134	125	103.540	1014.807	1566	1414	1286	1190	1103	1002	914	829	738	653	424	0	0	0.000	0.000	0	0	0	0	0.000	0	0	0	0.000	0	0	0	0	0	0	0	0	0	0	0	0	0	0	0	0	0
78	78	2612	1356.228	1295.027	0.876	76	915	1393	140	18	76	915	1393	140	18	110.956	1384.443	12615	5723	1213	251	176	165	158	153	148	142	128	104.562	1022.350	1540	1330	1266	1214	1154	1097	1016	902	751	563	318	1	682	1358.204	1306.997	0	0	0	4700	4654.657	0	0	1233	1205.009	0	0	0	0	0	0	0	0	0	0	0	0	0	0	0	0	0
79	79	2111	104.292	1305.449	0.872	86	418	1155	377	36	86	418	1155	377	36	106.434	257.217	1898	262	230	225	216	206	198	190	182	175	143	102.525	1109.935	1598	1477	1391	1296	1210	1145	1056	948	807	705	508	1	114	105.875	1288.951	0	0	0	992	1053.939	0	0	1149	1148.482	0	0	0	0	0	0	0	0	0	0	0	0	0	0	0	0	0
80	80	1705	1228.898	1314.650	0.903	111	288	1002	258	21	111	288	1002	258	21	111.000	143.670	191	164	157	150	144	140	137	135	132	129	121	104.000	1635.965	2940	2306	2095	1909	1770	1628	1468	1318	1205	985	579	0	0	0.000	0.000	0	0	0	0	0.000	0	0	0	0.000	0	0	0	0	0	0	0	0	0	0	0	0	0	0	0	0	0
81	81	2357	151.427	1344.843	0.848	49	400	1355	469	32	49	400	1355	469	32	106.192	208.735	251	236	230	226	222	217	209	200	188	168	129	103.000	1233.483	1661	1523	1466	1413	1355	1293	1215	1121	1015	882	351	0	0	0.000	0.000	0	0	0	0	0.000	0	0	0	0.000	0	0	0	0	0	0	0	0	0	0	0	0	0	0	0	0	0
82	82	2884	1336.640	1359.029	0.880	21	575	1699	497	36	21	575	1699	497	36	111.471	216.162	1197	315	201	179	175	172	169	166	161	154	133	104.425	1115.601	1440	1355	1311	1266	1225	1175	1117	1052	941	755	407	1	198	1340.757	1351.122	0	0	0	617	662.116	0	0	782	825.525	0	0	0	0	0	0	0	0	0	0	0	0	0	0	0	0	0
83	83	1899	1516.088	1361.946	0.862	108	822	892	36	7	108	822	892	36	7	110.808	250.705	373	330	305	284	263	245	227	211	197	187	146	102.845	883.250	1592	1354	1211	1088	993	903	787	643	508	413	290	0	0	0.000	0.000	0	0	0	0	0.000	0	0	0	0.000	0	0	0	0	0	0	0	0	0	0	0	0	0	0	0	0	0
84	84	1654	75.596	1362.844	0.895	249	810	467	81	9	249	810	467	81	9	105.403	119.829	136	130	126	122	120	119	117	115	114	113	108	102.002	904.067	1555	1282	1161	1059	977	919	851	764	636	501	259	0	0	0.000	0.000	0	0	0	0	0.000	0	0	0	0.000	0	0	0	0	0	0	0	0	0	0	0	0	0	0	0	0	0
85	85	1506	1417.920	1404.778	0.878	6	148	749	530	50	6	148	749	530	50	111.527	146.173	424	149	147	145	144	143	142	140	138	136	128	103.000	155.272	183	170	166	163	160	157	154	149	144	138	124	1	37	1439.901	1399.656	0	0	0	285	277.270	0	0	154	152.946	0	0	0	0	0	0	0	0	0	0	0	0	0	0	0	0	0
86	86	1524	1356.862	1420.241	0.884	82	507	621	248	34	82	507	621	248	34	111.829	141.196	161	153	150	147	145	142	139	136	132	128	122	103.139	154.398	185	171	166	162	159	156	152	147	141	135	122	0	0	0.000	0.000	0	0	0	0	0.000	0	0	0	0.000	0	0	0	0	0	0	0	0	0	0	0	0	0	0	0	0	0
87	87	1011	105.957	1422.727	0.828	158	484	292	53	7	158	484	292	53	7	106.000	127.971	152	142	138	133	129	126	124	122	119	116	113	101.681	116.581	141	125	122	120	117	115	114	112	111	109	105	0	0	0.000	0.000	0	0	0	0	0.000	0	0	0	0.000	0	0	0	0	0	0	0	0	0	0	0	0	0	0	0	0	0
88	88	816	782.746	1425.851	0.844	47	198	344	181	36	47	198	344	181	36	110.000	452.229	2674	947	436	355	330	301	278	266	249	215	145	102.000	139.461	190	158	154	150	147	141	137	131	124	113	103	1	99	774.109	1416.974	0	0	0	1403	1465.687	0	0	161	163.475	0	0	0	0	0	0	0	0	0	0	0	0	0	0	0	0	0
89	89	1447	1661.933	1442.839	0.867	60	225	793	311	33	60	225	793	311	33	111.000	120.944	131	126	124	122	121	120	120	119	118	117	114	102.263	877.061	2510	1198	1081	1013	933	877	807	710	594	463	140	0	0	0.000	0.000	0	0	0	0	0.000	0	0	0	0.000	0	0	0	0	0	0	0	0	0	0	0	0	0	0	0	0	0
90	90	1836	933.073	1459.557	0.889	29	592	1074	100	8	29	592	1074	100	8	110.000	273.729	3329	363	200	184	178	173	168	163	157	151	133	103.000	115.983	133	120	118	117	116	116	115	114	113	112	106	1	105	919.506	1460.646	0	0	0	1406	1555.210	0	0	124	123.619	0	0	0	0	0	0	0	0	0	0	0	0	0	0	0	0	0
91	91	743	929.462	1505.768	0.928	42	82	415	170	21	42	82	415	170	21	110.207	149.567	178	169	163	159	154	150	145	140	135	131	124	103.000	124.977	134	131	130	129	127	126	125	123	120	117	108	0	0	0.000	0.000	0	0	0	0	0.000	0	0	0	0.000	0	0	0	0	0	0	0	0	0	0	0	0	0	0	0	0	0
92	92	2020	1069.464	1552.967	0.868	15	136	1172	632	27	15	136	1172	632	27	111.000	155.353	251	168	163	159	156	153	151	147	143	138	125	104.000	1445.411	2430	2125	1937	1759	1609	1435	1289	1133	934	764	505	0	0	0.000	0.000	0	0	0	0	0.000	0	0	0	0.000	0	0	0	0	0	0	0	0	0	0	0	0	0	0	0	0	0
93	93	720	456.625	1554.788	0.876	25	161	348	154	18	25	161	348	154	18	108.968	123.281	134	129	127	126	124	123	122	121	120	118	114	101.786	116.482	128	123	121	119	118	117	115	114	112	110	104	0	0	0.000	0.000	0	0	0	0	0.000	0	0	0	0.000	0	0	0	0	0	0	0	0	0	0	0	0	0	0	0	0	0
94	94	553	1112.155	1552.295	0.938	35	68	153	211	69	35	68	153	211	69	110.673	129.899	142	136	134	133	132	130	129	127	125	123	118	104.000	719.933	1112	946	872	826	766	715	672	634	586	480	317	0	0	0.000	0.000	0	0	0	0	0.000	0	0	0	0.000	0	0	0	0	0	0	0	0	0	0	0	0	0	0	0	0	0
95	95	1635	1018.260	1577.293	0.890	38	133	621	746	63	38	133	621	746	63	111.000	151.240	206	164	161	158	156	153	148	144	140	135	123	103.684	1590.669	2344	2134	2000	1907	1773	1644	1528	1359	1152	921	630	0	0	0.000	0.000	0	0	0	0	0.000	0	0	0	0.000	0	0	0	0	0	0	0	0	0	0	0	0	0	0	0	0	0
96	96	1263	38.183	1602.443	0.921	80	303	685	156	13	80	303	685	156	13	103.419	109.990	120	113	112	111	110	110	109	109	108	108	104	100.154	126.104	139	133	132	130	129	127	125	124	122	117	105	0	0	0.000	0.000	0	0	0	0	0.000	0	0	0	0.000	0	0	0	0	0	0	0	0	0	0	0	0	0	0	0	0	0
97	97	966	929.842	1616.804	0.882	138	482	250	63	15	138	482	250	63	15	110.224	157.459	239	199	179	167	159	151	144	138	134	129	123	101.665	129.347	174	156	143	135	130	125	120	117	115	113	108	0	0	0.000	0.000	0	0	0	0	0.000	0	0	0	0.000	0	0	0	0	0	0	0	0	0	0	0	0	0	0	0	0	0
98	98	2197	415.762	1624.778	0.892	86	1022	904	94	43	86	1022	904	94	43	109.000	1212.112	15499	3423	1042	500	363	330	301	275	247	212	158	101.330	132.039	188	158	144	137	133	129	125	121	117	114	106	1	226	421.777	1624.893	0	0	0	6293	7068.199	0	0	157	160.221	0	0	0	0	0	0	0	0	0	0	0	0	0	0	0	0	0
99	99	2197	68.277	1646.619	0.848	62	259	1133	624	70	62	259	1133	624	70	104.754	110.799	118	115	113	112	111	110	110	109	109	108	106	100.270	119.501	132	126	123	122	121	119	118	117	116	114	107	0	0	0.000	0.000	0	0	0	0	0.000	0	0	0	0.000	0	0	0	0	0	0	0	0	0	0	0	0	0	0	0	0	0
100	100	1075	1072.449	1683.770	0.869	32	394	567	54	4	32	394	567	54	4	110.018	253.860	2233	472	236	169	156	149	145	143	139	135	125	102.043	120.673	138	131	126	124	121	119	118	117	115	113	107	1	100	1082.174	1679.313	0	0	0	912	993.530	0	0	128	126.770	0	0	0	0	0	0	0	0	0	0	0	0	0	0	0	0	0
101	101	1439	652.858	1718.628	0.885	48	217	829	290	29	48	217	829	290	29	108.911	118.017	130	123	121	119	118	117	117	116	115	114	112	102.000	113.782	125	118	117	116	115	114	113	112	111	109	106	0	0	0.000	0.000	0	0	0	0	0.000	0	0	0	0.000	0	0	0	0	0	0	0	0	0	0	0	0	0	0	0	0	0
102	102	583	1222.262	1714.641	0.838	61	179	194	95	41	61	179	194	95	41	111.000	162.808	194	182	173	167	164	162	158	155	152	148	139	103.000	126.113	147	136	132	129	127	125	124	122	120	118	110	0	0	0.000	0.000	0	0	0	0	0.000	0	0	0	0.000	0	0	0	0	0	0	0	0	0	0	0	0	0	0	0	0	0
103	103	1125	1413.395	1894.560	0.901	82	261	529	212	16	82	261	529	212	16	110.000	126.572	142	136	133	131	128	125	123	122	121	119	115	102.038	131.775	154	141	138	136	135	133	131	128	125	119	108	0	0	0.000	0.000	0	0	0	0	0.000	0	0	0	0.000	0	0	0	0	0	0	0	0	0	0	0	0	0	0	0	0	0
104	104	1599	857.113	1921.499	0.913	133	828	481	102	17	133	828	481	102	17	108.034	121.210	135	131	128	125	121	119	118	117	116	115	112	101.938	123.191	139	129	127	126	125	124	122	121	120	116	107	0	0	0.000	0.000	0	0	0	0	0.000	0	0	0	0.000	0	0	0	0	0	0	0	0	0	0	0	0	0	0	0	0	0
105	105	1741	1432.402	1981.168	0.821	49	596	916	147	7	49	596	916	147	7	115.317	274.683	343	320	308	297	286	275	265	253	242	230	200	104.001	1367.334	2090	1945	1877	1797	1687	1532	1333	1104	766	507	150	0	0	0.000	0.000	0	0	0	0	0.000	0	0	0	0.000	0	0	0	0	0	0	0	0	0	0	0	0	0	0	0	0	0
106	106	1658	183.423	2021.161	0.885	23	256	767	512	71	23	256	767	512	71	103.521	178.403	210	202	196	191	186	180	174	168	161	153	130	100.000	409.205	575	513	492	471	447	422	394	359	321	281	207	0	0	0.000	0.000	0	0	0	0	0.000	0	0	0	0.000	0	0	0	0	0	0	0	0	0	0	0	0	0	0	0	0	0
107	107	1072	230.784	2027.575	0.898	41	56	313	566	79	41	56	313	566	79	103.245	169.616	214	202	194	186	179	171	163	155	147	134	116	100.007	419.708	619	558	531	497	460	426	386	347	308	273	211	0	0	0.000	0.000	0	0	0	0	0.000	0	0	0	0.000	0	0	0	0	0	0	0	0	0	0	0	0	0	0	0	0	0
