 	cell	area	x	y	circ	BFI_lev_b1	BFI_lev_b2	BFI_lev_b3	BFI_lev_b4	BFI_lev_b5	BFO_lev_b1	BFO_lev_b2	BFO_lev_b3	BFO_lev_b4	BFO_lev_b5	RFP_int_bg	RFP_int_mean	RFP_int_b0	RFP_int_b1	RFP_int_b2	RFP_int_b3	RFP_int_b4	RFP_int_b5	RFP_int_b6	RFP_int_b7	RFP_int_b8	RFP_int_b9	RFP_int_b10	GFP_int_bg	GFP_int_mean	GFP_int_b0	GFP_int_b1	GFP_int_b2	GFP_int_b3	GFP_int_b4	GFP_int_b5	GFP_int_b6	GFP_int_b7	GFP_int_b8	GFP_int_b9	GFP_int_b10	inRFPnfoci	f1_inRFParea	f1_inRFPx	f1_inRFPy	f2_inRFParea	f2_inRFPx	f2_inRFPy	f1_inRFP_toRFPmed	f1_inRFP_toRFPmean	f2_inRFP_toRFPmed	f2_inRFP_toRFPmean	f1_inRFP_toGFPmed	f1_inRFP_toGFPmean	f2_inRFP_toGFPmed	f2_inRFP_toGFPmean	inGFPnfoci	f1_inGFParea	f1_inGFPx	f1_inGFPy	f2_inGFParea	f2_inGFPx	f2_inGFPy	f1_inGFP_toRFPmed	f1_inGFP_toRFPmean	f2_inGFP_toRFPmed	f2_inGFP_toRFPmean	f1_inGFP_toGFPmed	f1_inGFP_toGFPmean	f2_inGFP_toGFPmed	f2_inGFP_toGFPmean
1	1	2673	123.120	30.730	0.866	406	1653	462	62	37	406	1653	462	62	37	101.942	113.173	121	117	116	115	114	114	113	111	110	108	105	109.949	464.599	757	630	593	554	516	477	439	402	353	244	158	0	0	0.000	0.000	0	0.000	0.000	0	0.000	0	0.000	0	0.000	0	0.000	0	0	0.000	0.000	0	0	0	0	0.000	0	0	0	0.000	0	0
2	2	1419	1487.337	28.054	0.870	375	912	79	14	2	375	912	79	14	2	102.648	107.438	112	109	109	108	108	107	107	107	106	106	104	100.224	122.172	136	130	127	125	123	122	121	119	117	115	108	0	0	0.000	0.000	0	0.000	0.000	0	0.000	0	0.000	0	0.000	0	0.000	0	0	0.000	0.000	0	0	0	0	0.000	0	0	0	0.000	0	0
3	3	2299	228.488	43.849	0.846	87	1457	661	44	9	87	1457	661	44	9	102.791	131.597	146	142	140	138	136	133	130	126	123	119	109	108.896	3143.883	4908	4275	3972	3712	3491	3275	3061	2787	2331	1634	909	0	0	0.000	0.000	0	0.000	0.000	0	0.000	0	0.000	0	0.000	0	0.000	0	0	0.000	0.000	0	0	0	0	0.000	0	0	0	0.000	0	0
4	4	1452	291.725	37.356	0.866	44	176	721	419	58	44	176	721	419	58	102.854	136.105	157	149	145	141	138	136	134	132	128	123	112	106.384	157.368	198	178	172	167	162	157	153	148	142	136	124	0	0	0.000	0.000	0	0.000	0.000	0	0.000	0	0.000	0	0.000	0	0.000	0	0	0.000	0.000	0	0	0	0	0.000	0	0	0	0.000	0	0
5	5	635	356.463	28.946	0.924	27	57	173	284	83	27	57	173	284	83	102.000	163.417	203	189	182	176	171	165	160	153	144	134	122	103.650	2004.091	2894	2675	2547	2400	2231	2082	1910	1747	1509	1149	729	0	0	0.000	0.000	0	0.000	0.000	0	0.000	0	0.000	0	0.000	0	0.000	0	0	0.000	0.000	0	0	0	0	0.000	0	0	0	0.000	0	0
6	6	1636	1540.172	50.988	0.894	96	299	882	298	30	96	299	882	298	30	103.023	110.738	120	115	113	112	111	110	110	109	109	108	105	100.369	630.094	1053	911	853	779	688	601	524	471	423	382	309	0	0	0.000	0.000	0	0.000	0.000	0	0.000	0	0.000	0	0.000	0	0.000	0	0	0.000	0.000	0	0	0	0	0.000	0	0	0	0.000	0	0
7	7	1139	1365.552	48.934	0.924	551	344	107	78	42	551	344	107	78	42	102.845	110.892	119	115	114	113	111	111	110	109	108	107	105	101.000	154.614	258	222	188	164	149	140	134	128	125	121	110	0	0	0.000	0.000	0	0.000	0.000	0	0.000	0	0.000	0	0.000	0	0.000	0	0	0.000	0.000	0	0	0	0	0.000	0	0	0	0.000	0	0
8	8	1686	1414.438	56.570	0.884	54	413	969	204	9	54	413	969	204	9	103.584	108.507	113	110	110	109	109	108	108	108	107	107	104	101.059	119.787	137	129	126	124	121	119	117	115	114	112	106	0	0	0.000	0.000	0	0.000	0.000	0	0.000	0	0.000	0	0.000	0	0.000	0	0	0.000	0.000	0	0	0	0	0.000	0	0	0	0.000	0	0
9	9	2454	1473.418	77.900	0.874	23	412	1601	324	42	23	412	1601	324	42	103.968	109.617	115	112	112	111	110	109	109	108	108	107	104	101.571	116.512	133	124	121	119	117	116	114	113	112	111	106	0	0	0.000	0.000	0	0.000	0.000	0	0.000	0	0.000	0	0.000	0	0.000	0	0	0.000	0.000	0	0	0	0	0.000	0	0	0	0.000	0	0
10	10	2126	660.000	82.645	0.883	26	294	1281	454	20	26	294	1281	454	20	104.580	285.796	3589	419	138	134	131	128	125	123	121	118	110	102.591	1371.814	2141	1883	1761	1615	1463	1352	1263	1156	1027	863	530	1	189	645.623	70.549	0	0.000	0.000	1617	1744.841	0	0.000	1738	1689.741	0	0.000	0	0	0.000	0.000	0	0	0	0	0.000	0	0	0	0.000	0	0
11	11	2265	594.650	86.125	0.875	67	1060	932	126	36	67	1060	932	126	36	104.869	1304.725	28493	1926	372	229	202	187	178	172	166	157	130	102.487	118.860	196	122	120	118	118	117	116	115	114	112	106	2	66	610.027	98.746	186	578.529	78.452	448	458.955	10697	11997.516	119	118.773	144	146.962	1	78	578.389	77.460	0	0	0	19062	17859.987	0	0	166	165.141	0	0
12	12	1666	1344.339	90.019	0.919	372	1092	136	32	12	372	1092	136	32	12	104.000	130.855	147	142	140	137	134	131	129	125	122	119	113	101.000	705.618	1146	1033	943	855	779	721	647	559	462	364	269	0	0	0.000	0.000	0	0.000	0.000	0	0.000	0	0.000	0	0.000	0	0.000	0	0	0.000	0.000	0	0	0	0	0.000	0	0	0	0.000	0	0
13	13	1945	1602.734	97.887	0.861	31	419	1407	60	6	31	419	1407	60	6	103.796	115.917	133	121	119	118	117	116	115	114	112	111	107	101.599	252.500	348	313	294	277	264	251	237	226	213	198	148	0	0	0.000	0.000	0	0.000	0.000	0	0.000	0	0.000	0	0.000	0	0.000	0	0	0.000	0.000	0	0	0	0	0.000	0	0	0	0.000	0	0
14	14	1751	145.233	100.707	0.845	87	178	712	680	54	87	178	712	680	54	103.000	110.228	117	113	112	111	111	110	110	109	109	108	104	103.737	284.278	522	422	371	333	305	275	243	216	189	171	146	0	0	0.000	0.000	0	0.000	0.000	0	0.000	0	0.000	0	0.000	0	0.000	0	0	0.000	0.000	0	0	0	0	0.000	0	0	0	0.000	0	0
15	15	263	253.602	82.672	0.946	28	48	109	65	9	28	48	109	65	9	103.000	110.038	114	113	111	111	110	110	110	109	109	108	107	104.038	941.738	1442	1324	1219	1125	1028	932	869	778	669	553	433	0	0	0.000	0.000	0	0.000	0.000	0	0.000	0	0.000	0	0.000	0	0.000	0	0	0.000	0.000	0	0	0	0	0.000	0	0	0	0.000	0	0
16	16	1212	1142.561	103.740	0.895	73	403	638	60	12	73	403	638	60	12	103.894	113.127	121	117	115	114	113	113	112	112	111	110	107	102.000	1625.414	2388	2154	2031	1916	1799	1683	1566	1399	1228	961	521	0	0	0.000	0.000	0	0.000	0.000	0	0.000	0	0.000	0	0.000	0	0.000	0	0	0.000	0.000	0	0	0	0	0.000	0	0	0	0.000	0	0
17	17	599	790.551	107.077	0.928	23	67	139	295	63	23	67	139	295	63	104.928	110.065	113	112	111	111	111	110	110	109	109	108	106	103.923	1460.988	2482	2239	2005	1835	1673	1526	1328	1108	871	607	331	0	0	0.000	0.000	0	0.000	0.000	0	0.000	0	0.000	0	0.000	0	0.000	0	0	0.000	0.000	0	0	0	0	0.000	0	0	0	0.000	0	0
18	18	1657	514.130	123.299	0.855	90	229	916	355	47	90	229	916	355	47	104.000	122.735	135	130	128	126	125	123	121	119	118	115	110	102.000	1423.395	2425	2142	1949	1772	1607	1435	1254	1073	870	706	293	0	0	0.000	0.000	0	0.000	0.000	0	0.000	0	0.000	0	0.000	0	0.000	0	0	0.000	0.000	0	0	0	0	0.000	0	0	0	0.000	0	0
19	19	2400	693.550	133.092	0.877	102	595	1295	315	29	102	595	1295	315	29	105.000	127.888	143	136	134	133	131	130	128	124	120	116	110	103.835	1534.065	2362	2108	1997	1897	1773	1623	1476	1267	1025	757	515	0	0	0.000	0.000	0	0.000	0.000	0	0.000	0	0.000	0	0.000	0	0.000	0	0	0.000	0.000	0	0	0	0	0.000	0	0	0	0.000	0	0
20	20	1517	634.612	127.743	0.860	39	184	775	448	41	39	184	775	448	41	105.937	121.889	135	128	125	124	123	122	121	120	119	116	109	103.000	196.375	266	234	224	212	204	197	187	179	170	160	137	0	0	0.000	0.000	0	0.000	0.000	0	0.000	0	0.000	0	0.000	0	0.000	0	0	0.000	0.000	0	0	0	0	0.000	0	0	0	0.000	0	0
21	21	1880	758.469	139.132	0.864	187	1134	473	19	16	187	1134	473	19	16	104.911	115.751	128	121	118	117	116	116	115	114	113	111	107	104.392	2866.970	4782	4268	3789	3441	3098	2856	2610	2276	1884	1500	1101	0	0	0.000	0.000	0	0.000	0.000	0	0.000	0	0.000	0	0.000	0	0.000	0	0	0.000	0.000	0	0	0	0	0.000	0	0	0	0.000	0	0
22	22	1205	570.379	134.315	0.886	70	584	430	88	10	70	584	430	88	10	105.000	253.874	1778	399	269	215	194	184	177	174	170	161	126	102.567	116.866	130	123	121	119	118	117	116	115	113	110	104	1	81	570.980	145.636	0	0.000	0.000	798	867.272	0	0.000	121	121.160	0	0.000	0	0	0.000	0.000	0	0	0	0	0.000	0	0	0	0.000	0	0
23	23	1942	1536.586	141.072	0.898	83	535	1142	133	17	83	535	1142	133	17	105.000	136.767	161	150	147	145	141	137	133	129	126	123	113	102.699	540.707	831	716	668	620	578	544	514	481	418	349	250	0	0	0.000	0.000	0	0.000	0.000	0	0.000	0	0.000	0	0.000	0	0.000	0	0	0.000	0.000	0	0	0	0	0.000	0	0	0	0.000	0	0
24	24	537	1577.466	134.851	0.881	36	148	210	109	24	36	148	210	109	24	104.998	117.767	123	121	120	119	119	118	117	116	115	114	110	102.385	207.795	253	236	230	224	216	209	203	195	187	178	155	0	0	0.000	0.000	0	0.000	0.000	0	0.000	0	0.000	0	0.000	0	0.000	0	0	0.000	0.000	0	0	0	0	0.000	0	0	0	0.000	0	0
25	25	2634	1477.873	156.500	0.884	29	665	1629	248	17	29	665	1629	248	17	104.798	1006.317	16558	2374	267	145	139	136	134	132	130	126	111	102.822	481.113	709	633	583	548	515	480	442	410	379	339	231	1	281	1488.085	161.799	0	0.000	0.000	6752	7524.737	0	0.000	522	513.505	0	0.000	0	0	0.000	0.000	0	0	0	0	0.000	0	0	0	0.000	0	0
26	26	385	475.876	138.413	0.908	48	96	183	48	3	48	96	183	48	3	103.795	113.634	119	117	116	115	114	114	113	112	112	111	109	102.000	1211.210	1611	1537	1451	1364	1301	1250	1185	1085	967	866	561	0	0	0.000	0.000	0	0.000	0.000	0	0.000	0	0.000	0	0.000	0	0.000	0	0	0.000	0.000	0	0	0	0	0.000	0	0	0	0.000	0	0
27	27	1970	1602.141	173.772	0.843	235	799	812	51	27	235	799	812	51	27	104.996	121.414	193	133	123	121	120	118	117	116	114	112	108	103.330	250.145	369	326	314	291	267	251	236	220	193	163	140	1	109	1591.771	177.991	0	0.000	0.000	164	165.991	0	0.000	277	273.394	0	0.000	0	0	0.000	0.000	0	0	0	0	0.000	0	0	0	0.000	0	0
28	28	1254	601.620	162.747	0.903	69	462	477	170	52	69	462	477	170	52	105.141	124.156	133	129	128	127	125	124	123	122	121	119	115	102.662	209.835	277	251	242	234	225	214	203	190	175	159	142	0	0	0.000	0.000	0	0.000	0.000	0	0.000	0	0.000	0	0.000	0	0.000	0	0	0.000	0.000	0	0	0	0	0.000	0	0	0	0.000	0	0
29	29	312	1032.303	159.979	0.935	34	54	93	91	34	34	54	93	91	34	105.000	110.263	116	113	112	111	110	110	110	109	109	108	107	102.000	573.426	901	804	727	669	608	556	510	473	423	376	299	0	0	0.000	0.000	0	0.000	0.000	0	0.000	0	0.000	0	0.000	0	0.000	0	0	0.000	0.000	0	0	0	0	0.000	0	0	0	0.000	0	0
30	30	1902	999.723	180.359	0.889	35	65	683	1002	82	35	65	683	1002	82	104.822	129.558	145	140	137	135	133	131	128	126	123	116	107	102.073	1838.270	2732	2409	2260	2136	2018	1874	1716	1592	1422	1225	579	0	0	0.000	0.000	0	0.000	0.000	0	0.000	0	0.000	0	0.000	0	0.000	0	0	0.000	0.000	0	0	0	0	0.000	0	0	0	0.000	0	0
31	31	1883	880.068	179.413	0.901	34	380	1077	306	37	34	380	1077	306	37	105.000	110.644	116	113	112	111	111	110	110	110	109	109	106	103.150	126.112	145	135	133	130	128	126	124	122	119	117	112	0	0	0.000	0.000	0	0.000	0.000	0	0.000	0	0.000	0	0.000	0	0.000	0	0	0.000	0.000	0	0	0	0	0.000	0	0	0	0.000	0	0
32	32	1501	829.020	183.676	0.878	79	307	970	95	18	79	307	970	95	18	105.035	118.973	126	123	122	121	120	119	118	117	116	115	111	104.000	136.906	159	148	145	142	139	137	134	132	129	126	116	0	0	0.000	0.000	0	0.000	0.000	0	0.000	0	0.000	0	0.000	0	0.000	0	0	0.000	0.000	0	0	0	0	0.000	0	0	0	0.000	0	0
33	33	1793	772.122	190.676	0.872	89	194	807	619	42	89	194	807	619	42	104.991	114.978	124	120	118	117	116	115	114	113	112	111	106	104.098	2271.880	3963	3138	2911	2701	2506	2322	2169	1925	1593	1174	493	0	0	0.000	0.000	0	0.000	0.000	0	0.000	0	0.000	0	0.000	0	0.000	0	0	0.000	0.000	0	0	0	0	0.000	0	0	0	0.000	0	0
34	34	914	1735.376	195.153	0.895	42	130	480	219	33	42	130	480	219	33	104.000	110.920	117	114	112	112	111	111	110	110	109	109	107	102.792	1003.693	1538	1373	1269	1171	1100	1028	945	848	740	613	375	0	0	0.000	0.000	0	0.000	0.000	0	0.000	0	0.000	0	0.000	0	0.000	0	0	0.000	0.000	0	0	0	0	0.000	0	0	0	0.000	0	0
35	35	1647	1572.672	206.179	0.876	1310	269	32	12	15	1310	269	32	12	15	105.000	409.282	5201	999	199	144	140	138	137	135	133	130	122	104.000	596.913	881	773	694	659	632	600	571	540	485	416	294	1	183	1567.869	192.793	0	0.000	0.000	2002	2308.683	0	0.000	738	669.448	0	0.000	0	0	0.000	0.000	0	0	0	0	0.000	0	0	0	0.000	0	0
36	36	1294	1637.320	205.923	0.882	265	702	234	59	14	265	702	234	59	14	104.953	142.874	160	155	152	150	148	146	143	139	133	125	117	103.393	467.340	675	591	565	540	513	481	447	408	364	317	249	0	0	0.000	0.000	0	0.000	0.000	0	0.000	0	0.000	0	0.000	0	0.000	0	0	0.000	0.000	0	0	0	0	0.000	0	0	0	0.000	0	0
37	37	1299	925.725	206.207	0.904	81	105	302	688	99	81	105	302	688	99	105.000	110.003	114	112	111	111	110	110	110	109	109	108	106	103.000	130.867	232	142	135	133	131	129	127	125	122	119	111	0	0	0.000	0.000	0	0.000	0.000	0	0.000	0	0.000	0	0.000	0	0.000	0	0	0.000	0.000	0	0	0	0	0.000	0	0	0	0.000	0	0
38	38	1472	1489.972	213.879	0.923	500	842	76	26	12	500	842	76	26	12	104.918	118.192	145	123	121	119	118	117	116	115	115	113	108	103.075	482.600	714	646	603	559	514	473	443	413	372	328	229	0	0	0.000	0.000	0	0.000	0.000	0	0.000	0	0.000	0	0.000	0	0.000	0	0	0.000	0.000	0	0	0	0	0.000	0	0	0	0.000	0	0
39	39	614	1670.544	212.573	0.922	34	114	177	231	41	34	114	177	231	41	105.000	124.055	138	133	130	128	126	125	122	120	118	116	112	103.000	338.081	522	442	404	377	360	347	330	310	269	220	154	0	0	0.000	0.000	0	0.000	0.000	0	0.000	0	0.000	0	0.000	0	0.000	0	0	0.000	0.000	0	0	0	0	0.000	0	0	0	0.000	0	0
40	40	2023	1948.971	237.260	0.910	85	564	1183	132	18	85	564	1183	132	18	103.976	119.212	131	127	125	123	121	120	117	115	113	112	107	101.880	589.173	956	838	770	723	674	632	564	482	377	268	195	0	0	0.000	0.000	0	0.000	0.000	0	0.000	0	0.000	0	0.000	0	0.000	0	0	0.000	0.000	0	0	0	0	0.000	0	0	0	0.000	0	0
41	41	1465	1712.033	238.508	0.866	79	496	696	135	20	79	496	696	135	20	104.792	110.886	116	113	112	112	111	111	110	110	109	109	106	103.000	1157.558	1842	1644	1506	1383	1283	1171	1049	925	791	665	482	0	0	0.000	0.000	0	0.000	0.000	0	0.000	0	0.000	0	0.000	0	0.000	0	0	0.000	0.000	0	0	0	0	0.000	0	0	0	0.000	0	0
42	42	1021	728.842	239.607	0.896	47	279	475	178	19	47	279	475	178	19	104.471	110.358	115	112	112	111	111	110	110	110	109	108	104	102.677	135.127	153	143	141	139	137	135	133	132	130	126	118	0	0	0.000	0.000	0	0.000	0.000	0	0.000	0	0.000	0	0.000	0	0.000	0	0	0.000	0.000	0	0	0	0	0.000	0	0	0	0.000	0	0
43	43	537	979.724	238.659	0.923	28	110	208	168	14	28	110	208	168	14	105.000	114.963	122	119	118	116	116	115	114	113	112	111	108	103.000	902.274	1337	1197	1134	1074	994	923	831	742	659	583	394	0	0	0.000	0.000	0	0.000	0.000	0	0.000	0	0.000	0	0.000	0	0.000	0	0	0.000	0.000	0	0	0	0	0.000	0	0	0	0.000	0	0
44	44	1990	1610.308	258.533	0.884	1835	89	24	19	14	1835	89	24	19	14	104.989	169.164	1176	194	144	141	139	137	134	131	127	123	112	103.477	976.782	1462	1348	1280	1191	1109	1017	922	805	680	535	267	1	115	1597.339	251.766	0	0.000	0.000	589	620.930	0	0.000	835	815.339	0	0.000	0	0	0.000	0.000	0	0	0	0	0.000	0	0	0	0.000	0	0
45	45	1734	928.848	260.222	0.886	51	116	715	696	125	51	116	715	696	125	105.000	114.245	122	118	117	116	115	114	113	113	112	111	108	103.000	1322.593	2259	1829	1640	1507	1419	1319	1233	1151	991	811	419	0	0	0.000	0.000	0	0.000	0.000	0	0.000	0	0.000	0	0.000	0	0.000	0	0	0.000	0.000	0	0	0	0	0.000	0	0	0	0.000	0	0
46	46	636	1908.871	252.406	0.914	11	112	339	154	12	11	112	339	154	12	104.000	115.803	124	120	118	118	117	116	115	114	113	112	108	102.000	451.142	649	574	534	503	474	451	433	408	377	329	211	0	0	0.000	0.000	0	0.000	0.000	0	0.000	0	0.000	0	0.000	0	0.000	0	0	0.000	0.000	0	0	0	0	0.000	0	0	0	0.000	0	0
47	47	2369	491.050	285.381	0.844	149	1182	848	117	21	149	1182	848	117	21	105.000	3266.966	50444	9127	1108	382	321	295	274	252	229	203	146	101.363	124.691	183	135	129	126	124	123	121	120	118	115	104	1	267	486.991	279.805	0	0.000	0.000	21835	23829.891	0	0.000	144	146.206	0	0.000	1	25	485.585	280.770	0	0	0	44969	44235.280	0	0	174	172.880	0	0
48	48	1867	977.556	280.801	0.904	45	473	1132	160	19	45	473	1132	160	19	105.000	155.019	751	200	137	132	129	127	124	122	119	117	111	103.000	1531.324	2563	2237	2019	1871	1735	1604	1417	1188	975	765	565	1	148	976.458	293.501	0	0.000	0.000	406	432.831	0	0.000	2335	2283.324	0	0.000	0	0	0.000	0.000	0	0	0	0	0.000	0	0	0	0.000	0	0
49	49	1654	1934.061	294.859	0.876	59	239	1061	232	32	59	239	1061	232	32	103.975	119.701	131	127	125	123	122	120	119	117	115	111	105	101.199	534.738	804	708	653	612	571	533	499	462	418	360	246	0	0	0.000	0.000	0	0.000	0.000	0	0.000	0	0.000	0	0.000	0	0.000	0	0	0.000	0.000	0	0	0	0	0.000	0	0	0	0.000	0	0
50	50	2014	1592.200	314.221	0.888	124	412	1155	267	19	124	412	1155	267	19	105.000	131.186	162	142	140	137	134	132	129	126	121	117	108	102.857	875.041	1478	1305	1196	1099	1003	899	785	661	540	410	244	0	0	0.000	0.000	0	0.000	0.000	0	0.000	0	0.000	0	0.000	0	0.000	0	0	0.000	0.000	0	0	0	0	0.000	0	0	0	0.000	0	0
51	51	672	792.875	309.916	0.855	49	237	264	93	20	49	237	264	93	20	105.000	130.004	152	146	141	138	134	130	125	121	118	116	112	102.000	121.932	159	139	130	126	122	120	117	114	112	111	106	0	0	0.000	0.000	0	0.000	0.000	0	0.000	0	0.000	0	0.000	0	0.000	0	0	0.000	0.000	0	0	0	0	0.000	0	0	0	0.000	0	0
52	52	917	19.721	327.943	0.896	330	355	147	52	14	330	355	147	52	14	101.121	112.668	119	116	115	114	113	113	112	111	111	110	108	100.000	172.525	208	198	191	183	178	172	165	160	155	149	132	0	0	0.000	0.000	0	0.000	0.000	0	0.000	0	0.000	0	0.000	0	0.000	0	0	0.000	0.000	0	0	0	0	0.000	0	0	0	0.000	0	0
53	53	1699	62.494	342.630	0.890	18	278	1264	102	10	18	278	1264	102	10	102.000	112.426	121	116	115	114	113	112	111	111	110	109	104	100.035	177.298	226	210	204	198	193	185	173	159	145	135	113	0	0	0.000	0.000	0	0.000	0.000	0	0.000	0	0.000	0	0.000	0	0.000	0	0	0.000	0.000	0	0	0	0	0.000	0	0	0	0.000	0	0
54	54	2174	658.204	359.244	0.869	21	154	823	1030	104	21	154	823	1030	104	105.685	222.881	2079	265	176	166	160	156	152	147	139	131	121	101.890	453.750	743	614	566	525	488	454	425	390	333	275	206	1	144	663.373	347.139	0	0.000	0.000	952	1048.847	0	0.000	530	499.083	0	0.000	0	0	0.000	0.000	0	0	0	0	0.000	0	0	0	0.000	0	0
55	55	915	829.451	355.100	0.903	59	192	428	197	13	59	192	428	197	13	105.984	111.757	116	114	113	113	112	112	111	111	110	110	108	102.000	166.444	220	189	179	174	170	166	161	157	151	144	127	0	0	0.000	0.000	0	0.000	0.000	0	0.000	0	0.000	0	0.000	0	0.000	0	0	0.000	0.000	0	0	0	0	0.000	0	0	0	0.000	0	0
56	56	1491	862.152	395.270	0.903	120	679	598	49	7	120	679	598	49	7	106.000	510.739	4012	1145	671	480	375	286	241	218	196	178	145	102.000	119.962	153	129	125	122	120	119	117	116	114	112	106	2	95	864.945	410.078	116	847.457	393.824	1926	2045.284	1133	1149.621	131	131.895	128	126.466	0	0	0.000	0.000	0	0	0	0	0.000	0	0	0	0.000	0	0
57	57	245	542.437	383.875	0.944	16	48	59	82	35	16	48	59	82	35	105.000	118.898	137	122	121	120	119	118	118	117	116	115	113	102.000	234.678	361	282	265	253	246	235	225	213	200	188	169	0	0	0.000	0.000	0	0.000	0.000	0	0.000	0	0.000	0	0.000	0	0.000	0	0	0.000	0.000	0	0	0	0	0.000	0	0	0	0.000	0	0
58	58	352	2012.229	390.451	0.935	38	85	100	96	26	38	85	100	96	26	103.435	107.474	111	109	109	108	108	108	107	107	106	106	104	101.122	221.327	304	272	251	239	230	218	208	199	190	178	160	0	0	0.000	0.000	0	0.000	0.000	0	0.000	0	0.000	0	0.000	0	0.000	0	0	0.000	0.000	0	0	0	0	0.000	0	0	0	0.000	0	0
59	59	1728	571.347	404.230	0.883	103	801	692	96	13	103	801	692	96	13	105.503	166.768	200	186	181	178	173	168	164	159	152	146	120	102.343	563.345	850	755	706	665	629	583	532	474	405	335	222	0	0	0.000	0.000	0	0.000	0.000	0	0.000	0	0.000	0	0.000	0	0.000	0	0	0.000	0.000	0	0	0	0	0.000	0	0	0	0.000	0	0
60	60	492	607.996	392.785	0.918	9	88	213	146	27	9	88	213	146	27	106.000	146.179	161	156	153	151	149	147	144	142	139	135	129	102.114	433.258	522	495	478	468	459	444	431	407	386	355	277	0	0	0.000	0.000	0	0.000	0.000	0	0.000	0	0.000	0	0.000	0	0.000	0	0	0.000	0.000	0	0	0	0	0.000	0	0	0	0.000	0	0
61	61	2106	1791.421	408.617	0.887	34	147	734	1080	79	34	147	734	1080	79	105.083	239.245	564	287	262	249	240	233	224	214	197	171	137	102.711	1912.522	3380	2736	2509	2300	2097	1871	1697	1487	1286	1150	627	1	23	1784.126	417.899	0	0.000	0.000	521	518.696	0	0.000	1272	1296.304	0	0.000	0	0	0.000	0.000	0	0	0	0	0.000	0	0	0	0.000	0	0
62	62	1525	1004.154	411.830	0.912	70	431	855	115	19	70	431	855	115	19	105.000	115.125	129	122	119	117	115	114	113	112	111	110	108	102.000	744.688	1060	955	876	825	788	756	727	690	621	520	294	0	0	0.000	0.000	0	0.000	0.000	0	0.000	0	0.000	0	0.000	0	0.000	0	0	0.000	0.000	0	0	0	0	0.000	0	0	0	0.000	0	0
63	63	1044	778.442	414.043	0.917	21	164	445	356	37	21	164	445	356	37	106.000	142.171	208	167	156	150	145	140	134	129	125	122	115	101.734	116.152	136	122	120	118	117	116	114	113	112	111	106	0	0	0.000	0.000	0	0.000	0.000	0	0.000	0	0.000	0	0.000	0	0.000	0	0	0.000	0.000	0	0	0	0	0.000	0	0	0	0.000	0	0
64	64	1549	622.551	428.720	0.898	39	296	734	408	39	39	296	734	408	39	105.209	161.439	337	188	173	168	161	156	150	144	140	131	117	102.065	419.442	645	562	531	496	452	413	383	348	311	276	209	1	44	637.180	427.106	0	0.000	0.000	293	291.091	0	0.000	533	519.909	0	0.000	0	0	0.000	0.000	0	0	0	0	0.000	0	0	0	0.000	0	0
65	65	2486	1765.483	462.343	0.899	97	285	1383	615	60	97	285	1383	615	60	105.580	230.530	311	273	264	257	249	238	226	213	192	171	145	102.971	2201.920	3189	2978	2838	2684	2545	2371	2126	1852	1558	1137	715	0	0	0.000	0.000	0	0.000	0.000	0	0.000	0	0.000	0	0.000	0	0.000	0	0	0.000	0.000	0	0	0	0	0.000	0	0	0	0.000	0	0
66	66	666	551.878	476.111	0.918	14	50	216	337	39	14	50	216	337	39	105.000	117.599	127	124	122	120	119	117	116	115	114	112	108	102.529	123.146	139	132	129	128	125	122	120	119	117	115	110	0	0	0.000	0.000	0	0.000	0.000	0	0.000	0	0.000	0	0.000	0	0.000	0	0	0.000	0.000	0	0	0	0	0.000	0	0	0	0.000	0	0
67	67	2259	1186.626	506.902	0.892	19	307	1604	277	10	19	307	1604	277	10	105.946	113.502	121	116	115	115	114	114	113	112	111	110	107	103.691	1141.844	2030	1751	1610	1450	1300	1114	954	808	699	592	314	0	0	0.000	0.000	0	0.000	0.000	0	0.000	0	0.000	0	0.000	0	0.000	0	0	0.000	0.000	0	0	0	0	0.000	0	0	0	0.000	0	0
68	68	1514	861.920	514.662	0.905	31	234	794	403	27	31	234	794	403	27	106.000	146.762	200	162	156	152	149	146	143	139	135	131	122	103.000	887.514	1323	1173	1092	1027	964	901	846	766	681	572	425	0	0	0.000	0.000	0	0.000	0.000	0	0.000	0	0.000	0	0.000	0	0.000	0	0	0.000	0.000	0	0	0	0	0.000	0	0	0	0.000	0	0
69	69	1604	561.011	519.166	0.898	12	48	428	937	153	12	48	428	937	153	105.133	126.630	144	136	134	131	129	127	124	122	120	116	108	102.774	132.559	153	144	140	138	135	133	131	128	125	120	106	0	0	0.000	0.000	0	0.000	0.000	0	0.000	0	0.000	0	0.000	0	0.000	0	0	0.000	0.000	0	0	0	0	0.000	0	0	0	0.000	0	0
70	70	796	1382.504	511.137	0.929	52	153	292	224	62	52	153	292	224	62	104.982	112.394	117	114	114	113	113	112	112	112	111	110	108	101.369	772.482	993	945	902	876	849	821	773	709	622	531	364	0	0	0.000	0.000	0	0.000	0.000	0	0.000	0	0.000	0	0.000	0	0.000	0	0	0.000	0.000	0	0	0	0	0.000	0	0	0	0.000	0	0
71	71	929	226.969	524.901	0.904	37	150	497	171	48	37	150	497	171	48	103.944	130.389	139	136	135	133	132	131	130	128	127	124	113	102.000	1595.379	2452	2147	1915	1816	1723	1611	1499	1372	1227	1053	691	0	0	0.000	0.000	0	0.000	0.000	0	0.000	0	0.000	0	0.000	0	0.000	0	0	0.000	0.000	0	0	0	0	0.000	0	0	0	0.000	0	0
72	72	1238	814.441	530.252	0.896	27	32	376	656	128	27	32	376	656	128	106.000	143.299	161	156	153	151	148	145	142	139	134	128	115	102.689	954.032	1330	1218	1153	1083	1015	956	902	834	768	692	446	0	0	0.000	0.000	0	0.000	0.000	0	0.000	0	0.000	0	0.000	0	0.000	0	0	0.000	0.000	0	0	0	0	0.000	0	0	0	0.000	0	0
73	73	1405	1418.332	534.066	0.892	309	664	290	103	15	309	664	290	103	15	105.000	112.327	118	115	114	113	113	112	112	111	111	110	108	102.767	420.609	802	618	498	444	416	392	373	354	325	284	207	0	0	0.000	0.000	0	0.000	0.000	0	0.000	0	0.000	0	0.000	0	0.000	0	0	0.000	0.000	0	0	0	0	0.000	0	0	0	0.000	0	0
74	74	1575	610.205	546.053	0.867	27	128	687	643	66	27	128	687	643	66	105.634	123.072	135	129	127	125	124	123	122	121	119	117	113	102.021	130.840	148	141	138	136	134	131	129	126	124	121	109	0	0	0.000	0.000	0	0.000	0.000	0	0.000	0	0.000	0	0.000	0	0.000	0	0	0.000	0.000	0	0	0	0	0.000	0	0	0	0.000	0	0
75	75	1764	1469.052	553.215	0.901	29	206	787	618	82	29	206	787	618	82	105.902	111.163	115	113	113	112	112	111	111	110	110	109	107	103.134	460.535	776	635	579	545	506	461	424	389	332	272	183	0	0	0.000	0.000	0	0.000	0.000	0	0.000	0	0.000	0	0.000	0	0.000	0	0	0.000	0.000	0	0	0	0	0.000	0	0	0	0.000	0	0
76	76	2353	244.173	571.739	0.894	8	307	1492	492	18	8	307	1492	492	18	103.844	202.603	1983	257	136	132	130	128	126	124	121	118	112	102.494	1510.401	2646	2155	1987	1858	1729	1577	1425	1259	995	665	403	1	184	252.073	588.269	0	0.000	0.000	896	989.957	0	0.000	1880	1815.793	0	0.000	0	0	0.000	0.000	0	0	0	0	0.000	0	0	0	0.000	0	0
77	77	1852	1816.921	569.431	0.862	48	1192	543	31	5	48	1192	543	31	5	104.922	110.964	116	113	113	112	111	111	110	110	109	109	106	102.967	885.324	1368	1175	1109	1054	986	925	851	778	665	488	329	0	0	0.000	0.000	0	0.000	0.000	0	0.000	0	0.000	0	0.000	0	0.000	0	0	0.000	0.000	0	0	0	0	0.000	0	0	0	0.000	0	0
78	78	906	357.614	575.283	0.869	31	273	370	180	33	31	273	370	180	33	105.000	130.106	139	136	134	133	132	131	130	128	126	122	114	103.000	2036.741	2888	2686	2527	2367	2228	2080	1925	1774	1542	1294	904	0	0	0.000	0.000	0	0.000	0.000	0	0.000	0	0.000	0	0.000	0	0.000	0	0	0.000	0.000	0	0	0	0	0.000	0	0	0	0.000	0	0
79	79	1086	1509.138	579.608	0.919	169	385	294	166	48	169	385	294	166	48	106.000	111.215	116	113	112	112	112	111	111	110	110	109	107	103.000	587.092	923	842	738	668	615	578	538	489	436	374	261	0	0	0.000	0.000	0	0.000	0.000	0	0.000	0	0.000	0	0.000	0	0.000	0	0	0.000	0.000	0	0	0	0	0.000	0	0	0	0.000	0	0
80	80	2518	307.888	588.546	0.854	31	316	1056	981	76	31	316	1056	981	76	104.616	127.008	168	135	132	130	128	127	125	123	121	119	110	103.000	1773.452	2888	2493	2304	2143	1988	1830	1644	1440	1194	952	643	0	0	0.000	0.000	0	0.000	0.000	0	0.000	0	0.000	0	0.000	0	0.000	0	0	0.000	0.000	0	0	0	0	0.000	0	0	0	0.000	0	0
81	81	1516	1415.413	592.892	0.896	75	109	503	711	86	75	109	503	711	86	105.815	118.064	125	122	121	120	119	118	118	117	115	114	109	103.369	600.438	848	793	753	708	661	609	558	510	447	398	250	0	0	0.000	0.000	0	0.000	0.000	0	0.000	0	0.000	0	0.000	0	0.000	0	0	0.000	0.000	0	0	0	0	0.000	0	0	0	0.000	0	0
82	82	931	661.169	586.450	0.884	53	238	447	159	17	53	238	447	159	17	105.350	125.041	138	133	131	129	128	127	126	123	118	113	108	103.200	616.011	921	863	805	738	684	630	560	492	430	364	236	0	0	0.000	0.000	0	0.000	0.000	0	0.000	0	0.000	0	0.000	0	0.000	0	0	0.000	0.000	0	0	0	0	0.000	0	0	0	0.000	0	0
83	83	408	1456.551	584.398	0.867	38	131	139	78	19	38	131	139	78	19	106.000	111.826	116	114	113	113	112	112	112	111	111	110	108	104.000	513.882	749	710	665	614	567	521	473	422	373	318	229	0	0	0.000	0.000	0	0.000	0.000	0	0.000	0	0.000	0	0.000	0	0.000	0	0	0.000	0.000	0	0	0	0	0.000	0	0	0	0.000	0	0
84	84	1587	1323.392	597.115	0.906	90	180	969	293	28	90	180	969	293	28	106.000	667.440	6247	1741	383	262	246	230	215	201	182	161	131	102.490	275.815	370	345	324	307	295	283	265	244	224	204	147	1	214	1320.222	597.310	0	0.000	0.000	3028	3279.467	0	0.000	286	279.341	0	0.000	0	0	0.000	0.000	0	0	0	0	0.000	0	0	0	0.000	0	0
85	85	1711	618.291	602.098	0.906	12	114	881	647	32	12	114	881	647	32	105.641	130.440	180	141	137	135	132	130	128	125	122	118	108	103.615	659.127	1116	965	883	804	734	659	599	515	433	345	240	0	0	0.000	0.000	0	0.000	0.000	0	0.000	0	0.000	0	0.000	0	0.000	0	0	0.000	0.000	0	0	0	0	0.000	0	0	0	0.000	0	0
86	86	2287	1846.580	618.098	0.845	46	386	1375	422	19	46	386	1375	422	19	105.000	111.209	117	114	113	112	112	111	111	110	110	109	106	103.156	898.733	1552	1355	1199	1071	975	896	818	729	590	449	306	0	0	0.000	0.000	0	0.000	0.000	0	0.000	0	0.000	0	0.000	0	0.000	0	0	0.000	0.000	0	0	0	0	0.000	0	0	0	0.000	0	0
87	87	1805	1278.878	613.573	0.890	47	283	1069	334	33	47	283	1069	334	33	106.000	223.049	291	278	264	251	238	222	208	198	184	170	135	102.000	296.916	418	379	358	338	321	305	285	258	230	205	151	0	0	0.000	0.000	0	0.000	0.000	0	0.000	0	0.000	0	0.000	0	0.000	0	0	0.000	0.000	0	0	0	0	0.000	0	0	0	0.000	0	0
88	88	1390	1150.510	614.856	0.897	45	289	857	173	3	45	289	857	173	3	105.954	134.248	156	148	145	142	138	134	131	127	124	120	114	103.000	149.229	180	170	165	161	157	152	147	139	132	126	107	0	0	0.000	0.000	0	0.000	0.000	0	0.000	0	0.000	0	0.000	0	0.000	0	0	0.000	0.000	0	0	0	0	0.000	0	0	0	0.000	0	0
89	89	1885	1742.166	619.116	0.900	52	454	1203	140	7	52	454	1203	140	7	105.000	112.388	121	115	114	113	113	112	112	111	111	110	107	102.740	1064.156	1521	1353	1283	1214	1148	1079	1015	942	850	748	435	0	0	0.000	0.000	0	0.000	0.000	0	0.000	0	0.000	0	0.000	0	0.000	0	0	0.000	0.000	0	0	0	0	0.000	0	0	0	0.000	0	0
90	90	1425	1197.518	627.667	0.883	28	334	711	292	39	28	334	711	292	39	104.974	129.686	144	139	136	134	132	130	128	125	123	121	113	102.985	145.020	172	161	157	154	151	147	143	137	131	126	113	0	0	0.000	0.000	0	0.000	0.000	0	0.000	0	0.000	0	0.000	0	0.000	0	0	0.000	0.000	0	0	0	0	0.000	0	0	0	0.000	0	0
91	91	1793	657.974	636.959	0.875	34	306	987	412	20	34	306	987	412	20	106.000	137.988	540	140	138	136	134	132	130	128	126	122	111	104.000	780.220	1240	1096	984	905	838	769	705	636	569	491	311	1	57	674.542	637.636	0	0.000	0.000	300	306.614	0	0.000	879	873.491	0	0.000	0	0	0.000	0.000	0	0	0	0	0.000	0	0	0	0.000	0	0
92	92	1811	1433.701	645.651	0.877	244	1233	262	30	3	244	1233	262	30	3	106.000	133.139	833	129	120	119	119	118	117	115	114	113	109	103.135	418.916	754	627	557	504	450	410	376	331	277	215	156	1	82	1447.960	643.461	0	0.000	0.000	385	406.671	0	0.000	652	599.232	0	0.000	0	0	0.000	0.000	0	0	0	0	0.000	0	0	0	0.000	0	0
93	93	2149	1800.046	644.458	0.824	8	131	1340	605	28	8	131	1340	605	28	105.225	111.217	117	113	112	112	112	111	111	110	110	109	107	103.874	900.702	1436	1268	1165	1081	1010	940	862	770	635	445	254	0	0	0.000	0.000	0	0.000	0.000	0	0.000	0	0.000	0	0.000	0	0.000	0	0	0.000	0.000	0	0	0	0	0.000	0	0	0	0.000	0	0
94	94	388	1336.012	640.662	0.900	118	150	62	34	15	118	150	62	34	15	106.000	125.997	136	133	131	130	128	127	125	123	120	118	112	103.000	113.716	124	120	118	117	115	114	112	111	109	108	104	0	0	0.000	0.000	0	0.000	0.000	0	0.000	0	0.000	0	0.000	0	0.000	0	0	0.000	0.000	0	0	0	0	0.000	0	0	0	0.000	0	0
95	95	1140	1171.533	662.546	0.889	23	195	610	253	29	23	195	610	253	29	104.554	135.531	152	146	144	143	141	138	134	130	126	121	114	103.000	149.998	175	165	163	160	158	155	151	146	140	123	105	0	0	0.000	0.000	0	0.000	0.000	0	0.000	0	0.000	0	0.000	0	0.000	0	0	0.000	0.000	0	0	0	0	0.000	0	0	0	0.000	0	0
96	96	1624	1405.201	681.118	0.896	1094	381	83	17	14	1094	381	83	17	14	106.000	126.961	237	143	127	125	123	122	120	119	118	116	110	103.139	532.661	833	720	675	626	575	524	478	443	400	345	285	1	105	1407.022	690.032	0	0.000	0.000	183	185.543	0	0.000	620	598.200	0	0.000	0	0	0.000	0.000	0	0	0	0	0.000	0	0	0	0.000	0	0
97	97	275	664.745	670.822	0.943	44	61	95	57	12	44	61	95	57	12	105.771	119.873	134	130	126	124	122	119	117	115	113	112	109	103.022	362.204	635	562	510	457	406	353	301	256	218	184	153	0	0	0.000	0.000	0	0.000	0.000	0	0.000	0	0.000	0	0.000	0	0.000	0	0	0.000	0.000	0	0	0	0	0.000	0	0	0	0.000	0	0
98	98	1497	1456.091	699.839	0.917	58	310	904	190	11	58	310	904	190	11	106.000	124.277	345	126	125	123	122	121	120	118	116	114	109	103.490	532.059	846	741	685	642	608	560	507	447	366	267	186	1	46	1438.188	694.207	0	0.000	0.000	214	222.000	0	0.000	594	577.478	0	0.000	0	0	0.000	0.000	0	0	0	0	0.000	0	0	0	0.000	0	0
99	99	1384	1731.629	705.647	0.890	46	82	404	765	66	46	82	404	765	66	105.034	111.496	120	115	114	112	112	111	111	110	109	109	106	102.975	554.627	837	721	666	623	593	563	526	491	448	384	221	0	0	0.000	0.000	0	0.000	0.000	0	0.000	0	0.000	0	0.000	0	0.000	0	0	0.000	0.000	0	0	0	0	0.000	0	0	0	0.000	0	0
100	100	1565	1023.375	722.966	0.864	21	67	409	881	154	21	67	409	881	154	105.732	252.964	2996	392	140	128	125	123	121	119	116	114	110	102.086	125.256	147	133	131	129	128	126	124	122	119	115	106	1	137	1013.272	714.257	0	0.000	0.000	1272	1413.328	0	0.000	135	135.175	0	0.000	0	0	0.000	0.000	0	0	0	0	0.000	0	0	0	0.000	0	0
101	101	2566	1993.338	740.700	0.868	175	1499	775	58	12	175	1499	775	58	12	104.604	2579.502	26916	10047	1369	297	207	192	182	173	165	158	127	100.672	118.664	180	138	119	117	116	115	114	113	111	109	101	1	444	1980.023	747.519	0	0.000	0.000	12714	13314.500	0	0.000	143	142.892	0	0.000	0	0	0.000	0.000	0	0	0	0	0.000	0	0	0	0.000	0	0
102	102	1290	1379.365	738.327	0.854	122	1076	67	4	5	122	1076	67	4	5	106.000	111.961	119	115	114	113	112	112	111	111	110	110	107	102.962	326.757	448	402	378	362	346	328	311	294	277	247	193	0	0	0.000	0.000	0	0.000	0.000	0	0.000	0	0.000	0	0.000	0	0.000	0	0	0.000	0.000	0	0	0	0	0.000	0	0	0	0.000	0	0
103	103	1696	599.524	745.081	0.904	96	766	709	96	6	96	766	709	96	6	103.812	112.295	121	116	114	113	113	112	111	111	110	109	106	101.830	179.377	239	210	201	193	186	179	172	164	156	149	129	0	0	0.000	0.000	0	0.000	0.000	0	0.000	0	0.000	0	0.000	0	0.000	0	0	0.000	0.000	0	0	0	0	0.000	0	0	0	0.000	0	0
104	104	1887	1772.069	742.694	0.882	30	98	910	749	59	30	98	910	749	59	105.000	111.715	124	116	114	112	111	111	110	110	110	109	106	102.941	566.722	940	815	700	646	609	570	525	466	403	335	223	0	0	0.000	0.000	0	0.000	0.000	0	0.000	0	0.000	0	0.000	0	0.000	0	0	0.000	0.000	0	0	0	0	0.000	0	0	0	0.000	0	0
105	105	1541	1426.808	749.619	0.870	40	1244	214	16	5	40	1244	214	16	5	105.873	111.469	117	114	113	112	112	111	111	111	110	109	106	102.838	309.241	461	386	361	342	325	309	295	276	256	230	179	0	0	0.000	0.000	0	0.000	0.000	0	0.000	0	0.000	0	0.000	0	0.000	0	0	0.000	0.000	0	0	0	0	0.000	0	0	0	0.000	0	0
106	106	1378	1003.010	770.707	0.900	37	145	639	478	44	37	145	639	478	44	106.000	127.724	201	143	134	129	126	124	123	121	119	117	110	102.000	128.249	146	137	135	133	132	130	128	125	122	115	105	1	35	994.974	755.450	0	0.000	0.000	173	171.343	0	0.000	130	130.343	0	0.000	0	0	0.000	0.000	0	0	0	0	0.000	0	0	0	0.000	0	0
107	107	1576	1590.205	771.343	0.890	33	472	698	254	80	33	472	698	254	80	106.000	143.609	225	153	150	148	146	144	141	138	135	131	124	104.000	3340.807	4992	4506	4206	3868	3574	3290	3021	2793	2555	2257	1501	0	0	0.000	0.000	0	0.000	0.000	0	0.000	0	0.000	0	0.000	0	0.000	0	0	0.000	0.000	0	0	0	0	0.000	0	0	0	0.000	0	0
108	108	614	1928.049	774.462	0.905	134	252	162	39	12	134	252	162	39	12	105.000	136.520	160	149	146	143	140	136	133	130	127	123	117	101.682	121.265	137	131	129	126	124	121	119	116	114	112	106	0	0	0.000	0.000	0	0.000	0.000	0	0.000	0	0.000	0	0.000	0	0.000	0	0	0.000	0.000	0	0	0	0	0.000	0	0	0	0.000	0	0
109	109	2446	1606.952	824.981	0.877	41	608	1430	309	22	41	608	1430	309	22	106.000	158.939	504	176	159	154	151	149	146	144	140	133	120	103.901	3938.922	6425	5652	5148	4703	4318	3922	3504	3115	2748	2367	946	1	108	1598.187	813.279	0	0.000	0.000	336	341.056	0	0.000	3296	3478.213	0	0.000	0	0	0.000	0.000	0	0	0	0	0.000	0	0	0	0.000	0	0
110	110	1463	479.973	859.974	0.879	115	493	681	128	30	115	493	681	128	30	105.000	123.258	164	146	131	124	121	118	117	115	114	113	110	102.000	1633.164	2769	2233	1982	1841	1738	1645	1557	1431	1252	1017	546	0	0	0.000	0.000	0	0.000	0.000	0	0.000	0	0.000	0	0.000	0	0.000	0	0	0.000	0.000	0	0	0	0	0.000	0	0	0	0.000	0	0
111	111	959	728.096	944.685	0.867	56	189	465	204	20	56	189	465	204	20	105.956	112.565	119	116	115	114	113	112	112	111	110	110	108	102.000	593.236	1037	883	755	673	599	544	506	468	433	396	339	0	0	0.000	0.000	0	0.000	0.000	0	0.000	0	0.000	0	0.000	0	0.000	0	0	0.000	0.000	0	0	0	0	0.000	0	0	0	0.000	0	0
112	112	727	935.980	942.208	0.884	101	348	204	50	10	101	348	204	50	10	105.000	113.352	120	116	115	114	114	113	113	112	112	111	109	101.000	129.004	145	139	137	135	133	130	127	124	122	118	106	0	0	0.000	0.000	0	0.000	0.000	0	0.000	0	0.000	0	0.000	0	0.000	0	0	0.000	0.000	0	0	0	0	0.000	0	0	0	0.000	0	0
113	113	1015	77.408	960.072	0.913	34	70	618	260	21	34	70	618	260	21	102.912	135.193	148	142	141	139	138	136	135	133	129	126	117	101.000	567.277	764	719	696	671	635	584	532	480	438	386	298	0	0	0.000	0.000	0	0.000	0.000	0	0.000	0	0.000	0	0.000	0	0.000	0	0	0.000	0.000	0	0	0	0	0.000	0	0	0	0.000	0	0
114	114	1768	34.086	979.458	0.860	12	169	1320	235	9	12	169	1320	235	9	102.405	125.986	142	136	133	130	128	126	123	121	120	117	107	100.937	431.166	799	636	554	501	455	414	372	332	294	261	209	0	0	0.000	0.000	0	0.000	0.000	0	0.000	0	0.000	0	0.000	0	0.000	0	0	0.000	0.000	0	0	0	0	0.000	0	0	0	0.000	0	0
115	115	2478	1552.440	1019.692	0.873	38	404	1636	333	15	38	404	1636	333	15	106.017	122.155	133	127	126	124	123	122	121	120	119	117	109	101.772	400.149	535	488	471	453	431	407	379	353	330	308	203	0	0	0.000	0.000	0	0.000	0.000	0	0.000	0	0.000	0	0.000	0	0.000	0	0	0.000	0.000	0	0	0	0	0.000	0	0	0	0.000	0	0
116	116	1634	506.221	1022.162	0.902	281	1256	43	24	16	281	1256	43	24	16	105.000	113.323	121	116	115	114	114	113	112	112	111	111	108	103.525	232.450	336	302	282	263	251	236	216	198	178	164	140	0	0	0.000	0.000	0	0.000	0.000	0	0.000	0	0.000	0	0.000	0	0.000	0	0	0.000	0.000	0	0	0	0	0.000	0	0	0	0.000	0	0
117	117	1104	33.726	1025.134	0.864	19	101	348	560	58	19	101	348	560	58	101.894	125.966	142	135	133	131	129	127	125	122	119	114	107	100.918	630.428	1004	863	805	756	701	631	568	505	455	394	224	0	0	0.000	0.000	0	0.000	0.000	0	0.000	0	0.000	0	0.000	0	0.000	0	0	0.000	0.000	0	0	0	0	0.000	0	0	0	0.000	0	0
118	118	1605	376.557	1039.462	0.893	61	638	765	101	4	61	638	765	101	4	105.000	219.941	272	257	249	242	235	227	217	203	189	170	141	103.966	1088.339	1533	1395	1331	1275	1216	1163	1093	992	829	635	401	0	0	0.000	0.000	0	0.000	0.000	0	0.000	0	0.000	0	0.000	0	0.000	0	0	0.000	0.000	0	0	0	0	0.000	0	0	0	0.000	0	0
119	119	2039	1597.853	1058.519	0.870	32	340	941	616	72	32	340	941	616	72	106.695	255.077	1640	668	248	153	133	128	125	123	121	118	111	101.373	350.617	502	420	403	389	375	360	344	322	299	261	163	1	328	1603.229	1052.871	0	0.000	0.000	786	840.848	0	0.000	380	374.683	0	0.000	0	0	0.000	0.000	0	0	0	0	0.000	0	0	0	0.000	0	0
120	120	2587	1069.973	1068.964	0.861	2047	384	87	25	15	2047	384	87	25	15	106.990	3751.141	39363	16394	1569	280	177	166	160	155	150	146	127	100.949	141.563	234	176	149	143	139	136	132	129	125	120	106	1	458	1084.829	1063.886	0	0.000	0.000	18669	19702.522	0	0.000	182	181.993	0	0.000	0	0	0.000	0.000	0	0	0	0	0.000	0	0	0	0.000	0	0
121	121	1636	470.180	1067.255	0.857	83	180	589	711	33	83	180	589	711	33	105.452	113.499	122	116	115	115	114	113	113	112	112	111	109	105.213	239.851	337	307	288	273	260	246	227	213	186	162	142	0	0	0.000	0.000	0	0.000	0.000	0	0.000	0	0.000	0	0.000	0	0.000	0	0	0.000	0.000	0	0	0	0	0.000	0	0	0	0.000	0	0
122	122	1671	335.199	1077.252	0.876	92	676	753	117	3	92	676	753	117	3	105.810	307.741	2144	410	256	243	233	223	212	199	189	176	147	103.180	1014.519	1518	1356	1267	1199	1129	1056	975	875	757	585	409	1	134	341.053	1059.974	0	0.000	0.000	1192	1218.560	0	0.000	1235	1203.507	0	0.000	0	0	0.000	0.000	0	0	0	0	0.000	0	0	0	0.000	0	0
123	123	2260	731.495	1100.737	0.859	83	171	1632	276	64	83	171	1632	276	64	107.327	155.643	180	171	165	162	160	158	155	151	145	137	122	104.644	5225.943	7335	6906	6516	6107	5769	5399	4955	4533	4041	3379	1477	0	0	0.000	0.000	0	0.000	0.000	0	0.000	0	0.000	0	0.000	0	0.000	0	0	0.000	0.000	0	0	0	0	0.000	0	0	0	0.000	0	0
124	124	798	435.009	1098.553	0.907	61	46	409	233	32	61	46	409	233	32	105.709	115.224	122	119	118	117	116	116	114	114	113	112	108	105.977	225.451	292	267	255	244	234	226	218	208	196	184	152	0	0	0.000	0.000	0	0.000	0.000	0	0.000	0	0.000	0	0.000	0	0.000	0	0	0.000	0.000	0	0	0	0	0.000	0	0	0	0.000	0	0
125	125	1617	62.803	1104.297	0.896	152	524	655	207	50	152	524	655	207	50	102.411	111.307	120	115	114	112	112	111	110	110	109	108	105	100.741	1054.464	1815	1442	1318	1205	1113	1039	958	874	803	717	421	0	0	0.000	0.000	0	0.000	0.000	0	0.000	0	0.000	0	0.000	0	0.000	0	0	0.000	0.000	0	0	0	0	0.000	0	0	0	0.000	0	0
126	126	2360	197.872	1139.074	0.869	1358	433	290	237	14	1358	433	290	237	14	104.244	488.212	6531	1214	291	147	128	124	122	120	118	115	111	101.976	646.769	1021	936	856	785	708	650	593	525	439	343	267	1	251	188.837	1140.465	0	0.000	0.000	2782	3042.861	0	0.000	641	677.622	0	0.000	0	0	0.000	0.000	0	0	0	0	0.000	0	0	0	0.000	0	0
127	127	1578	1845.403	1141.136	0.878	104	864	505	64	13	104	864	505	64	13	105.921	113.784	124	118	115	114	113	113	112	112	111	111	109	100.709	536.743	848	741	683	647	614	566	499	431	371	290	226	0	0	0.000	0.000	0	0.000	0.000	0	0.000	0	0.000	0	0.000	0	0.000	0	0	0.000	0.000	0	0	0	0	0.000	0	0	0	0.000	0	0
128	128	1956	1614.337	1172.136	0.846	80	437	1088	302	22	80	437	1088	302	22	107.124	114.720	122	117	116	116	115	115	114	114	113	112	109	101.661	1196.008	2199	1832	1640	1538	1366	1182	1016	864	728	565	361	0	0	0.000	0.000	0	0.000	0.000	0	0.000	0	0.000	0	0.000	0	0.000	0	0	0.000	0.000	0	0	0	0	0.000	0	0	0	0.000	0	0
129	129	1395	1822.743	1181.860	0.900	38	193	733	371	24	38	193	733	371	24	106.000	113.082	124	116	115	114	113	113	112	112	111	110	106	101.000	565.574	846	758	706	661	621	577	531	481	429	351	237	0	0	0.000	0.000	0	0.000	0.000	0	0.000	0	0.000	0	0.000	0	0.000	0	0	0.000	0.000	0	0	0	0	0.000	0	0	0	0.000	0	0
130	130	1828	225.504	1198.039	0.901	32	109	942	652	67	32	109	942	652	67	104.936	134.204	763	131	128	126	124	123	122	120	118	115	110	102.000	855.135	1334	1201	1113	1031	951	880	823	718	578	445	319	1	70	208.071	1185.644	0	0.000	0.000	374	382.643	0	0.000	908	874.229	0	0.000	0	0	0.000	0.000	0	0	0	0	0.000	0	0	0	0.000	0	0
131	131	861	183.335	1189.124	0.914	276	333	166	46	23	276	333	166	46	23	104.468	117.793	126	121	120	119	119	118	117	117	116	114	109	101.851	586.454	797	738	705	674	643	610	570	524	474	397	266	0	0	0.000	0.000	0	0.000	0.000	0	0.000	0	0.000	0	0.000	0	0.000	0	0	0.000	0.000	0	0	0	0	0.000	0	0	0	0.000	0	0
132	132	2068	414.577	1209.011	0.779	771	932	187	87	51	771	932	187	87	51	107.000	117.830	125	121	120	119	119	118	117	116	115	114	108	108.839	2241.606	3901	3340	2992	2667	2419	2192	1967	1756	1522	1228	843	0	0	0.000	0.000	0	0.000	0.000	0	0.000	0	0.000	0	0.000	0	0.000	0	0	0.000	0.000	0	0	0	0	0.000	0	0	0	0.000	0	0
133	133	1632	895.504	1207.641	0.868	10	347	929	285	32	10	347	929	285	32	107.000	194.575	250	224	214	205	199	194	190	187	178	162	133	101.691	246.251	347	298	280	265	251	243	234	224	214	201	151	0	0	0.000	0.000	0	0.000	0.000	0	0.000	0	0.000	0	0.000	0	0.000	0	0	0.000	0.000	0	0	0	0	0.000	0	0	0	0.000	0	0
134	134	2583	469.026	1224.084	0.868	1192	839	358	111	51	1192	839	358	111	51	107.000	253.711	521	412	339	283	245	218	202	187	177	164	134	109.677	504.539	727	618	592	566	543	521	496	463	417	355	243	0	0	0.000	0.000	0	0.000	0.000	0	0.000	0	0.000	0	0.000	0	0.000	0	0	0.000	0.000	0	0	0	0	0.000	0	0	0	0.000	0	0
135	135	1187	818.388	1212.525	0.912	43	67	532	477	48	43	67	532	477	48	107.941	182.203	227	213	205	198	190	182	175	167	159	151	140	102.554	229.408	316	281	263	253	246	235	222	207	190	171	146	0	0	0.000	0.000	0	0.000	0.000	0	0.000	0	0.000	0	0.000	0	0.000	0	0	0.000	0.000	0	0	0	0	0.000	0	0	0	0.000	0	0
136	136	1186	1589.137	1217.080	0.888	8	99	654	346	50	8	99	654	346	50	107.089	116.002	129	121	119	117	116	115	114	114	113	113	110	101.546	1066.952	1452	1353	1292	1224	1172	1111	1064	966	838	682	408	0	0	0.000	0.000	0	0.000	0.000	0	0.000	0	0.000	0	0.000	0	0.000	0	0	0.000	0.000	0	0	0	0	0.000	0	0	0	0.000	0	0
137	137	1970	677.703	1224.199	0.751	174	930	694	127	5	174	930	694	127	5	108.760	131.885	451	132	128	127	126	125	124	122	120	118	114	107.702	2926.750	4997	4397	4090	3719	3304	2888	2533	2272	1886	1412	799	0	0	0.000	0.000	0	0.000	0.000	0	0.000	0	0.000	0	0.000	0	0.000	0	0	0.000	0.000	0	0	0	0	0.000	0	0	0	0.000	0	0
138	138	1945	347.298	1232.653	0.899	625	1115	96	56	27	625	1115	96	56	27	105.503	127.604	140	135	134	132	131	129	127	124	121	118	111	105.898	616.791	930	819	783	738	701	652	596	524	433	342	253	0	0	0.000	0.000	0	0.000	0.000	0	0.000	0	0.000	0	0.000	0	0.000	0	0	0.000	0.000	0	0	0	0	0.000	0	0	0	0.000	0	0
139	139	625	936.032	1221.615	0.910	18	22	94	408	72	18	22	94	408	72	107.000	184.013	214	206	201	198	194	189	185	177	167	151	128	101.696	223.611	287	265	255	249	241	229	220	211	193	165	128	0	0	0.000	0.000	0	0.000	0.000	0	0.000	0	0.000	0	0.000	0	0.000	0	0	0.000	0.000	0	0	0	0	0.000	0	0	0	0.000	0	0
140	140	1831	857.092	1240.459	0.905	119	623	751	268	29	119	623	751	268	29	106.907	186.052	232	215	208	201	194	189	182	172	163	155	127	102.000	224.407	302	284	270	254	237	224	209	196	182	167	144	0	0	0.000	0.000	0	0.000	0.000	0	0.000	0	0.000	0	0.000	0	0.000	0	0	0.000	0.000	0	0	0	0	0.000	0	0	0	0.000	0	0
141	141	538	254.642	1228.550	0.912	33	52	143	249	52	33	52	143	249	52	105.000	114.238	119	117	117	116	115	114	114	113	112	111	108	102.169	514.349	784	687	646	610	564	519	478	437	382	324	213	0	0	0.000	0.000	0	0.000	0.000	0	0.000	0	0.000	0	0.000	0	0.000	0	0	0.000	0.000	0	0	0	0	0.000	0	0	0	0.000	0	0
142	142	1298	1550.943	1248.592	0.903	57	343	822	58	3	57	343	822	58	3	108.000	113.809	118	116	115	115	114	114	113	113	112	112	110	101.026	839.388	1255	1146	999	940	894	840	781	722	657	572	385	0	0	0.000	0.000	0	0.000	0.000	0	0.000	0	0.000	0	0.000	0	0.000	0	0	0.000	0.000	0	0	0	0	0.000	0	0	0	0.000	0	0
143	143	1501	58.586	1245.500	0.868	114	900	403	45	12	114	900	403	45	12	103.199	109.062	116	113	111	110	109	109	108	108	107	107	105	100.251	144.121	168	158	155	153	151	148	143	137	131	126	113	0	0	0.000	0.000	0	0.000	0.000	0	0.000	0	0.000	0	0.000	0	0.000	0	0	0.000	0.000	0	0	0	0	0.000	0	0	0	0.000	0	0
144	144	2176	112.306	1252.979	0.895	130	940	807	185	76	130	940	807	185	76	103.988	109.392	115	112	111	110	110	109	109	108	108	107	105	100.000	140.120	165	154	150	146	144	141	138	135	130	126	111	0	0	0.000	0.000	0	0.000	0.000	0	0.000	0	0.000	0	0.000	0	0.000	0	0	0.000	0.000	0	0	0	0	0.000	0	0	0	0.000	0	0
145	145	1698	525.510	1254.662	0.908	116	1115	347	57	29	116	1115	347	57	29	107.181	189.479	722	219	207	201	193	185	177	167	157	139	120	108.057	522.886	787	699	669	636	601	563	515	447	368	262	151	1	35	517.667	1248.749	0	0.000	0.000	459	469.886	0	0.000	619	616.829	0	0.000	0	0	0.000	0.000	0	0	0	0	0.000	0	0	0	0.000	0	0
146	146	294	580.874	1246.871	0.881	23	41	71	107	45	23	41	71	107	45	107.000	121.109	128	126	125	123	122	122	120	119	118	116	113	107.000	1511.371	2255	2133	2018	1908	1756	1586	1399	1202	972	777	475	0	0	0.000	0.000	0	0.000	0.000	0	0.000	0	0.000	0	0.000	0	0.000	0	0	0.000	0.000	0	0	0	0	0.000	0	0	0	0.000	0	0
147	147	2339	414.704	1274.740	0.740	1108	864	222	99	11	1108	864	222	99	11	106.393	115.249	122	118	117	116	116	115	115	114	113	112	109	108.283	1434.304	2992	2463	2167	1890	1605	1312	1053	846	706	618	284	0	0	0.000	0.000	0	0.000	0.000	0	0.000	0	0.000	0	0.000	0	0.000	0	0	0.000	0.000	0	0	0	0	0.000	0	0	0	0.000	0	0
148	148	2869	710.419	1273.697	0.852	23	258	2344	171	26	23	258	2344	171	26	108.053	126.021	209	130	128	126	125	125	124	123	121	119	112	107.358	3567.470	6628	5622	4855	4316	3942	3520	3073	2660	2225	1715	905	1	65	718.348	1276.449	0	0.000	0.000	177	178.092	0	0.000	1745	1790.831	0	0.000	0	0	0.000	0.000	0	0	0	0	0.000	0	0	0	0.000	0	0
149	149	1584	1880.458	1271.783	0.878	48	239	1014	245	10	48	239	1014	245	10	106.000	116.600	124	120	119	118	117	117	116	115	114	113	110	101.312	386.246	584	509	488	464	430	389	349	320	287	252	200	0	0	0.000	0.000	0	0.000	0.000	0	0.000	0	0.000	0	0.000	0	0.000	0	0	0.000	0.000	0	0	0	0	0.000	0	0	0	0.000	0	0
150	150	2227	593.604	1282.032	0.870	87	288	1381	391	26	87	288	1381	391	26	107.139	182.830	947	306	166	140	137	134	132	129	126	123	112	107.097	2441.618	4083	3422	3147	2902	2688	2498	2314	2067	1778	1288	733	1	251	599.871	1276.271	0	0.000	0.000	482	515.992	0	0.000	2000	2109.857	0	0.000	0	0	0.000	0.000	0	0	0	0	0.000	0	0	0	0.000	0	0
151	151	1610	1788.104	1272.312	0.863	93	545	824	103	12	93	545	824	103	12	106.270	176.937	221	201	193	187	183	178	173	168	159	149	139	102.000	178.084	229	206	198	191	186	181	174	168	158	146	128	0	0	0.000	0.000	0	0.000	0.000	0	0.000	0	0.000	0	0.000	0	0.000	0	0	0.000	0.000	0	0	0	0	0.000	0	0	0	0.000	0	0
152	152	1440	336.145	1286.816	0.872	56	405	832	99	8	56	405	832	99	8	104.972	126.814	140	136	133	131	129	127	125	122	120	118	112	104.478	602.748	860	800	763	728	687	646	601	518	418	322	240	0	0	0.000	0.000	0	0.000	0.000	0	0.000	0	0.000	0	0.000	0	0.000	0	0	0.000	0.000	0	0	0	0	0.000	0	0	0	0.000	0	0
153	153	1622	981.097	1288.732	0.875	25	323	1042	188	16	25	323	1042	188	16	106.006	113.020	121	116	115	114	113	113	112	112	111	110	108	102.185	581.575	806	728	695	664	629	598	557	524	473	404	287	0	0	0.000	0.000	0	0.000	0.000	0	0.000	0	0.000	0	0.000	0	0.000	0	0	0.000	0.000	0	0	0	0	0.000	0	0	0	0.000	0	0
154	154	2560	650.839	1298.214	0.882	224	938	1256	69	18	224	938	1256	69	18	107.555	147.638	682	150	139	137	135	134	132	131	128	126	116	107.770	3192.160	4756	4422	4125	3866	3629	3373	2996	2602	2178	1797	820	1	118	630.230	1290.905	0	0.000	0.000	365	389.729	0	0.000	3749	3712.559	0	0.000	0	0	0.000	0.000	0	0	0	0	0.000	0	0	0	0.000	0	0
155	155	2185	1558.073	1303.691	0.896	24	330	1364	385	36	24	330	1364	385	36	107.248	113.305	119	116	115	114	114	113	113	112	112	111	108	101.832	883.331	1618	1414	1264	1130	989	859	738	613	496	402	269	0	0	0.000	0.000	0	0.000	0.000	0	0.000	0	0.000	0	0.000	0	0.000	0	0	0.000	0.000	0	0	0	0	0.000	0	0	0	0.000	0	0
156	156	1647	1749.813	1304.230	0.898	35	470	992	111	5	35	470	992	111	5	106.591	199.361	239	231	225	217	210	204	197	189	176	157	134	101.780	208.678	257	241	232	226	218	212	206	199	189	168	134	0	0	0.000	0.000	0	0.000	0.000	0	0.000	0	0.000	0	0.000	0	0.000	0	0	0.000	0.000	0	0	0	0	0.000	0	0	0	0.000	0	0
157	157	1366	1840.276	1306.315	0.912	10	127	802	363	33	10	127	802	363	33	105.227	118.411	126	122	121	120	119	119	118	117	116	114	111	102.000	494.524	659	615	583	554	529	506	481	451	412	356	246	0	0	0.000	0.000	0	0.000	0.000	0	0.000	0	0.000	0	0.000	0	0.000	0	0	0.000	0.000	0	0	0	0	0.000	0	0	0	0.000	0	0
158	158	1643	1988.667	1315.666	0.891	58	204	1089	245	11	58	204	1089	245	11	106.000	188.875	257	227	214	202	193	186	178	172	165	156	132	102.315	575.256	1005	857	744	668	599	547	502	452	406	345	255	0	0	0.000	0.000	0	0.000	0.000	0	0.000	0	0.000	0	0.000	0	0.000	0	0	0.000	0.000	0	0	0	0	0.000	0	0	0	0.000	0	0
159	159	1423	1024.358	1317.070	0.887	25	248	704	384	30	25	248	704	384	30	106.000	112.701	118	115	114	113	113	112	112	112	111	111	109	102.479	513.266	795	695	630	594	553	517	470	424	383	341	230	0	0	0.000	0.000	0	0.000	0.000	0	0.000	0	0.000	0	0.000	0	0.000	0	0	0.000	0.000	0	0	0	0	0.000	0	0	0	0.000	0	0
160	160	1449	1288.739	1323.493	0.901	30	413	770	190	16	30	413	770	190	16	106.425	112.928	120	115	114	114	113	113	112	112	111	111	107	102.025	678.541	1062	925	844	795	746	694	636	565	481	409	334	0	0	0.000	0.000	0	0.000	0.000	0	0.000	0	0.000	0	0.000	0	0.000	0	0	0.000	0.000	0	0	0	0	0.000	0	0	0	0.000	0	0
161	161	949	1359.281	1318.145	0.933	16	185	469	167	91	16	185	469	167	91	106.202	113.582	121	116	115	114	114	113	113	113	112	111	109	101.967	819.377	1132	1069	995	937	890	831	758	708	651	570	388	0	0	0.000	0.000	0	0.000	0.000	0	0.000	0	0.000	0	0.000	0	0.000	0	0	0.000	0.000	0	0	0	0	0.000	0	0	0	0.000	0	0
162	162	1310	1326.494	1348.791	0.901	17	119	228	735	199	17	119	228	735	199	107.000	113.202	121	116	115	114	113	113	112	112	111	111	108	102.000	669.434	1097	985	921	873	803	694	578	467	388	324	257	0	0	0.000	0.000	0	0.000	0.000	0	0.000	0	0.000	0	0.000	0	0.000	0	0	0.000	0.000	0	0	0	0	0.000	0	0	0	0.000	0	0
163	163	1439	1627.956	1351.546	0.896	28	30	544	686	122	28	30	544	686	122	107.104	114.277	120	117	116	115	115	114	114	113	113	112	109	102.000	1055.671	1596	1373	1279	1209	1145	1082	1001	916	819	711	461	0	0	0.000	0.000	0	0.000	0.000	0	0.000	0	0.000	0	0.000	0	0.000	0	0	0.000	0.000	0	0	0	0	0.000	0	0	0	0.000	0	0
164	164	2592	1573.786	1365.852	0.881	38	622	1454	394	32	38	622	1454	394	32	107.817	115.081	122	119	118	117	116	115	114	113	113	112	109	102.703	842.286	1510	1285	1168	1057	947	818	711	609	528	441	257	0	0	0.000	0.000	0	0.000	0.000	0	0.000	0	0.000	0	0.000	0	0.000	0	0	0.000	0.000	0	0	0	0	0.000	0	0	0	0.000	0	0
165	165	851	1290.896	1367.209	0.921	16	42	263	450	65	16	42	263	450	65	107.000	114.261	127	120	117	115	114	113	113	112	112	111	109	102.054	599.005	885	814	762	710	649	587	540	493	443	392	336	2	11	1295.686	1368.046	81	1283.920	1369.848	118	118.455	122	121.877	799	793.000	476	485.333	0	0	0.000	0.000	0	0	0	0	0.000	0	0	0	0.000	0	0
166	166	778	1463.828	1364.235	0.784	10	127	379	216	30	10	127	379	216	30	106.931	116.627	129	123	120	119	117	116	114	114	113	112	109	102.000	139.375	156	148	145	143	141	139	137	135	134	132	124	0	0	0.000	0.000	0	0.000	0.000	0	0.000	0	0.000	0	0.000	0	0.000	0	0	0.000	0.000	0	0	0	0	0.000	0	0	0	0.000	0	0
167	167	1228	843.371	1394.438	0.907	6	49	323	743	84	6	49	323	743	84	107.000	156.902	182	173	170	167	163	159	155	149	143	137	121	104.000	1174.568	1617	1521	1478	1422	1353	1260	1155	1009	848	665	476	0	0	0.000	0.000	0	0.000	0.000	0	0.000	0	0.000	0	0.000	0	0.000	0	0	0.000	0.000	0	0	0	0	0.000	0	0	0	0.000	0	0
168	168	1754	885.112	1405.001	0.823	26	61	595	960	80	26	61	595	960	80	107.545	150.157	242	175	161	154	150	146	144	141	137	130	114	104.000	1132.381	1871	1662	1475	1326	1204	1097	998	901	804	701	382	1	14	893.161	1402.307	0	0.000	0.000	231	228.571	0	0.000	1596	1575.786	0	0.000	0	0	0.000	0.000	0	0	0	0	0.000	0	0	0	0.000	0	0
169	169	223	1042.229	1409.071	0.835	24	40	59	71	25	24	40	59	71	25	107.000	126.202	137	132	129	128	126	126	125	124	123	122	120	102.000	120.332	127	125	123	122	121	120	120	119	118	116	110	0	0	0.000	0.000	0	0.000	0.000	0	0.000	0	0.000	0	0.000	0	0.000	0	0	0.000	0.000	0	0	0	0	0.000	0	0	0	0.000	0	0
170	170	1696	1958.880	1431.691	0.902	147	1202	306	12	8	147	1202	306	12	8	105.998	121.368	131	126	125	124	123	122	121	119	117	116	110	102.738	414.202	690	609	528	468	435	395	360	327	300	272	219	0	0	0.000	0.000	0	0.000	0.000	0	0.000	0	0.000	0	0.000	0	0.000	0	0	0.000	0.000	0	0	0	0	0.000	0	0	0	0.000	0	0
171	171	1929	1073.792	1436.867	0.878	729	1084	58	12	7	729	1084	58	12	7	107.000	182.193	1746	188	165	158	154	152	149	145	141	135	125	102.708	134.698	153	142	140	138	137	135	134	132	129	126	112	1	70	1071.407	1420.315	0	0.000	0.000	772	815.243	0	0.000	143	142.343	0	0.000	0	0	0.000	0.000	0	0	0	0	0.000	0	0	0	0.000	0	0
172	172	1803	846.146	1443.278	0.891	36	278	938	438	77	36	278	938	438	77	107.000	266.705	3030	317	190	182	176	169	161	154	147	138	123	103.602	1270.001	2057	1876	1754	1617	1488	1338	1136	915	768	634	283	1	120	857.687	1439.889	0	0.000	0.000	1353	1469.958	0	0.000	1664	1593.450	0	0.000	0	0	0.000	0.000	0	0	0	0	0.000	0	0	0	0.000	0	0
173	173	934	1286.449	1458.243	0.791	33	218	421	199	50	33	218	421	199	50	107.000	223.676	334	300	283	273	257	239	220	180	144	123	114	102.988	139.372	187	167	158	151	146	142	136	127	116	110	106	0	0	0.000	0.000	0	0.000	0.000	0	0.000	0	0.000	0	0.000	0	0.000	0	0	0.000	0.000	0	0	0	0	0.000	0	0	0	0.000	0	0
174	174	1587	1615.833	1465.972	0.896	109	838	526	71	24	109	838	526	71	24	106.991	121.319	132	127	125	123	122	121	120	119	118	117	111	101.959	120.721	131	126	124	123	122	121	120	118	117	115	105	0	0	0.000	0.000	0	0.000	0.000	0	0.000	0	0.000	0	0.000	0	0.000	0	0	0.000	0.000	0	0	0	0	0.000	0	0	0	0.000	0	0
175	175	1383	248.765	1493.558	0.900	168	848	308	27	7	168	848	308	27	7	104.000	143.734	169	163	157	152	147	144	140	135	131	127	120	100.000	160.879	205	190	182	175	167	160	152	146	140	135	124	0	0	0.000	0.000	0	0.000	0.000	0	0.000	0	0.000	0	0.000	0	0.000	0	0	0.000	0.000	0	0	0	0	0.000	0	0	0	0.000	0	0
176	176	2450	1027.003	1504.173	0.867	19	322	1601	420	45	19	322	1601	420	45	107.992	180.186	222	201	195	191	187	183	178	172	164	152	137	104.000	951.977	1515	1240	1150	1083	1028	969	899	824	745	627	351	0	0	0.000	0.000	0	0.000	0.000	0	0.000	0	0.000	0	0.000	0	0.000	0	0	0.000	0.000	0	0	0	0	0.000	0	0	0	0.000	0	0
177	177	1927	2006.501	1507.479	0.895	16	78	1035	715	31	16	78	1035	715	31	104.700	119.687	130	125	123	122	121	120	119	117	116	114	108	101.567	681.386	1057	955	877	807	733	662	610	564	519	421	300	0	0	0.000	0.000	0	0.000	0.000	0	0.000	0	0.000	0	0.000	0	0.000	0	0	0.000	0.000	0	0	0	0	0.000	0	0	0	0.000	0	0
178	178	1627	1205.175	1505.661	0.885	62	1013	457	49	8	62	1013	457	49	8	106.443	125.334	135	131	129	128	127	126	125	123	121	118	112	102.000	121.914	133	128	126	125	123	122	121	119	118	116	109	0	0	0.000	0.000	0	0.000	0.000	0	0.000	0	0.000	0	0.000	0	0.000	0	0	0.000	0.000	0	0	0	0	0.000	0	0	0	0.000	0	0
179	179	1462	30.358	1509.179	0.858	30	374	747	265	19	30	374	747	265	19	101.277	106.453	111	108	108	107	107	106	106	106	105	105	103	100.000	463.078	682	611	579	546	517	486	449	400	343	268	191	0	0	0.000	0.000	0	0.000	0.000	0	0.000	0	0.000	0	0.000	0	0.000	0	0	0.000	0.000	0	0	0	0	0.000	0	0	0	0.000	0	0
180	180	2050	1057.971	1546.645	0.892	50	575	1044	311	23	50	575	1044	311	23	107.889	116.609	128	121	119	118	117	116	115	115	114	113	109	104.541	1702.816	2690	2348	2234	2121	1977	1798	1608	1419	1174	834	437	0	0	0.000	0.000	0	0.000	0.000	0	0.000	0	0.000	0	0.000	0	0.000	0	0	0.000	0.000	0	0	0	0	0.000	0	0	0	0.000	0	0
181	181	1211	248.768	1538.894	0.910	16	194	694	264	26	16	194	694	264	26	103.793	151.502	181	168	165	162	159	155	151	146	138	125	110	100.387	179.068	217	205	198	192	187	181	175	167	160	151	133	0	0	0.000	0.000	0	0.000	0.000	0	0.000	0	0.000	0	0.000	0	0.000	0	0	0.000	0.000	0	0	0	0	0.000	0	0	0	0.000	0	0
182	182	2737	996.249	1559.493	0.895	36	127	978	1395	146	36	127	978	1395	146	107.564	180.531	233	209	199	195	191	185	178	167	158	147	122	104.092	960.369	1527	1315	1213	1155	1097	1027	916	795	641	528	241	0	0	0.000	0.000	0	0.000	0.000	0	0.000	0	0.000	0	0.000	0	0.000	0	0	0.000	0.000	0	0	0	0	0.000	0	0	0	0.000	0	0
183	183	1633	50.258	1565.004	0.908	16	439	1043	90	11	16	439	1043	90	11	102.029	107.675	113	110	109	108	108	107	107	107	106	106	103	100.013	412.422	567	519	497	476	455	434	405	371	321	267	209	0	0	0.000	0.000	0	0.000	0.000	0	0.000	0	0.000	0	0.000	0	0.000	0	0	0.000	0.000	0	0	0	0	0.000	0	0	0	0.000	0	0
184	184	2156	1784.206	1579.582	0.870	12	70	1101	888	53	12	70	1101	888	53	106.006	122.137	160	126	124	123	122	122	121	120	119	117	110	102.620	1793.400	2546	2303	2137	2039	1934	1836	1723	1584	1443	1231	661	0	0	0.000	0.000	0	0.000	0.000	0	0.000	0	0.000	0	0.000	0	0.000	0	0	0.000	0.000	0	0	0	0	0.000	0	0	0	0.000	0	0
185	185	244	1179.260	1570.235	0.951	38	107	75	16	5	38	107	75	16	5	107.000	114.217	120	118	117	116	115	114	113	112	112	111	110	103.000	257.492	374	346	327	307	289	269	251	224	181	151	120	0	0	0.000	0.000	0	0.000	0.000	0	0.000	0	0.000	0	0.000	0	0.000	0	0	0.000	0.000	0	0	0	0	0.000	0	0	0	0.000	0	0
186	186	624	84.193	1582.884	0.932	16	63	168	305	61	16	63	168	305	61	103.000	107.620	112	109	109	108	108	108	107	107	107	106	105	100.772	346.083	486	439	418	397	375	353	339	314	287	229	156	0	0	0.000	0.000	0	0.000	0.000	0	0.000	0	0.000	0	0.000	0	0.000	0	0	0.000	0.000	0	0	0	0	0.000	0	0	0	0.000	0	0
187	187	2183	1048.060	1604.847	0.895	10	198	1473	436	16	10	198	1473	436	16	107.023	116.259	124	120	119	117	117	116	115	115	114	113	110	104.193	1585.787	2604	2335	2095	1914	1739	1575	1443	1312	1106	770	482	0	0	0.000	0.000	0	0.000	0.000	0	0.000	0	0.000	0	0.000	0	0.000	0	0	0.000	0.000	0	0	0	0	0.000	0	0	0	0.000	0	0
188	188	1359	1186.866	1605.679	0.884	89	591	587	58	12	89	591	587	58	12	107.000	123.777	136	133	131	128	126	123	121	119	118	115	109	103.400	888.963	1443	1324	1242	1136	1031	921	807	690	537	382	257	0	0	0.000	0.000	0	0.000	0.000	0	0.000	0	0.000	0	0.000	0	0.000	0	0	0.000	0.000	0	0	0	0	0.000	0	0	0	0.000	0	0
189	189	1510	1297.606	1607.708	0.869	46	530	735	161	15	46	530	735	161	15	107.293	130.847	142	136	135	134	132	131	130	128	127	125	118	102.971	984.509	1611	1487	1366	1208	1071	973	857	756	638	540	323	0	0	0.000	0.000	0	0.000	0.000	0	0.000	0	0.000	0	0.000	0	0.000	0	0	0.000	0.000	0	0	0	0	0.000	0	0	0	0.000	0	0
190	190	1029	1252.703	1606.295	0.900	13	61	217	623	90	13	61	217	623	90	107.634	126.207	139	135	133	131	128	126	124	122	120	118	111	102.829	870.030	1384	1200	1106	1040	969	897	822	708	603	509	339	0	0	0.000	0.000	0	0.000	0.000	0	0.000	0	0.000	0	0.000	0	0.000	0	0	0.000	0.000	0	0	0	0	0.000	0	0	0	0.000	0	0
191	191	2071	61.446	1623.123	0.846	20	871	1016	100	32	20	871	1016	100	32	102.077	107.707	114	110	109	108	108	107	107	107	106	105	103	100.366	399.059	559	509	483	457	433	405	377	348	315	275	206	0	0	0.000	0.000	0	0.000	0.000	0	0.000	0	0.000	0	0.000	0	0.000	0	0	0.000	0.000	0	0	0	0	0.000	0	0	0	0.000	0	0
192	192	2080	1616.973	1621.930	0.820	188	587	314	741	212	188	587	314	741	212	106.620	119.174	170	127	121	119	118	117	116	115	114	113	109	102.867	792.119	1392	1162	1010	925	850	775	710	633	558	473	265	1	83	1602.387	1628.441	0	0.000	0.000	150	150.735	0	0.000	1148	1088.807	0	0.000	0	0	0.000	0.000	0	0	0	0	0.000	0	0	0	0.000	0	0
193	193	2191	1800.353	1636.090	0.851	59	199	1278	584	23	59	199	1278	584	23	106.110	134.885	364	174	126	122	120	119	118	117	116	114	109	103.000	1492.230	2344	2091	1818	1649	1543	1464	1383	1278	1164	1029	523	1	252	1805.928	1645.840	0	0.000	0.000	237	246.075	0	0.000	1706	1777.806	0	0.000	0	0	0.000	0.000	0	0	0	0	0.000	0	0	0	0.000	0	0
194	194	239	1761.153	1624.162	0.940	10	31	76	76	37	10	31	76	76	37	106.017	112.941	117	116	115	114	114	113	112	111	111	110	108	103.000	591.038	870	800	770	720	675	626	576	491	399	323	212	0	0	0.000	0.000	0	0.000	0.000	0	0.000	0	0.000	0	0.000	0	0.000	0	0	0.000	0.000	0	0	0	0	0.000	0	0	0	0.000	0	0
195	195	1318	985.287	1642.047	0.921	31	288	617	296	60	31	288	617	296	60	107.000	133.291	143	140	138	136	135	133	132	131	129	127	121	102.766	127.280	149	134	132	130	129	127	126	124	123	119	110	0	0	0.000	0.000	0	0.000	0.000	0	0.000	0	0.000	0	0.000	0	0.000	0	0	0.000	0.000	0	0	0	0	0.000	0	0	0	0.000	0	0
196	196	1135	868.471	1644.532	0.888	20	221	605	243	25	20	221	605	243	25	106.013	111.314	115	113	112	112	112	111	111	111	110	110	107	102.003	133.617	149	143	142	140	137	135	132	129	125	121	114	0	0	0.000	0.000	0	0.000	0.000	0	0.000	0	0.000	0	0.000	0	0.000	0	0	0.000	0.000	0	0	0	0	0.000	0	0	0	0.000	0	0
197	197	1648	822.288	1655.958	0.880	110	1107	341	53	10	110	1107	341	53	10	106.161	113.334	119	116	115	114	114	113	112	112	111	111	109	102.000	124.667	147	138	134	131	127	124	121	117	115	112	107	0	0	0.000	0.000	0	0.000	0.000	0	0.000	0	0.000	0	0.000	0	0.000	0	0	0.000	0.000	0	0	0	0	0.000	0	0	0	0.000	0	0
198	198	1763	2005.067	1654.650	0.878	202	792	589	135	9	202	792	589	135	9	105.676	139.606	155	150	148	147	145	143	140	136	129	123	113	103.199	3385.433	5054	4579	4315	4102	3885	3591	3274	2948	2526	1723	928	0	0	0.000	0.000	0	0.000	0.000	0	0.000	0	0.000	0	0.000	0	0.000	0	0	0.000	0.000	0	0	0	0	0.000	0	0	0	0.000	0	0
199	199	1794	933.171	1659.393	0.900	1623	131	13	5	6	1623	131	13	5	6	107.000	131.478	145	139	137	135	134	133	131	129	125	122	114	102.833	128.822	146	138	135	133	131	129	127	125	122	120	111	0	0	0.000	0.000	0	0.000	0.000	0	0.000	0	0.000	0	0.000	0	0.000	0	0	0.000	0.000	0	0	0	0	0.000	0	0	0	0.000	0	0
200	200	326	1662.331	1649.088	0.942	48	98	72	65	34	48	98	72	65	34	107.000	116.233	127	121	119	118	116	116	115	114	113	112	111	103.755	468.733	1076	730	631	581	512	448	382	332	281	228	178	0	0	0.000	0.000	0	0.000	0.000	0	0.000	0	0.000	0	0.000	0	0.000	0	0	0.000	0.000	0	0	0	0	0.000	0	0	0	0.000	0	0
201	201	1782	1216.495	1662.170	0.841	30	275	897	483	52	30	275	897	483	52	106.997	113.874	121	116	115	115	114	114	113	113	112	112	109	104.000	813.717	1642	1217	1082	971	881	775	691	612	551	442	261	0	0	0.000	0.000	0	0.000	0.000	0	0.000	0	0.000	0	0.000	0	0.000	0	0	0.000	0.000	0	0	0	0	0.000	0	0	0	0.000	0	0
202	202	2139	1639.030	1674.193	0.883	507	513	843	218	12	507	513	843	218	12	107.000	168.277	744	289	175	138	128	125	123	121	119	117	110	104.000	770.853	1352	1152	994	890	820	754	687	610	536	440	302	1	280	1631.376	1680.602	0	0.000	0.000	374	400.518	0	0.000	799	791.089	0	0.000	0	0	0.000	0.000	0	0	0	0	0.000	0	0	0	0.000	0	0
203	203	3011	769.415	1687.011	0.879	74	2057	757	46	8	74	2057	757	46	8	106.000	116.082	130	123	121	119	117	115	114	113	112	111	108	101.308	142.853	218	161	156	152	148	143	140	136	132	124	102	0	0	0.000	0.000	0	0.000	0.000	0	0.000	0	0.000	0	0.000	0	0.000	0	0	0.000	0.000	0	0	0	0	0.000	0	0	0	0.000	0	0
204	204	1235	1170.943	1696.036	0.889	59	361	573	193	14	59	361	573	193	14	106.751	115.653	121	118	117	117	116	115	115	115	114	113	109	103.171	1370.058	1908	1781	1656	1517	1405	1324	1249	1185	1117	1059	777	0	0	0.000	0.000	0	0.000	0.000	0	0.000	0	0.000	0	0.000	0	0.000	0	0	0.000	0.000	0	0	0	0	0.000	0	0	0	0.000	0	0
205	205	1475	1988.574	1703.607	0.904	186	550	496	186	32	186	550	496	186	32	106.197	207.540	418	295	244	219	201	191	182	171	163	150	130	102.783	128.575	143	136	134	132	131	129	128	127	125	121	105	0	0	0.000	0.000	0	0.000	0.000	0	0.000	0	0.000	0	0.000	0	0.000	0	0	0.000	0.000	0	0	0	0	0.000	0	0	0	0.000	0	0
206	206	2136	928.316	1712.488	0.865	27	673	1334	48	5	27	673	1334	48	5	107.000	142.206	161	155	153	151	148	143	140	136	131	126	113	101.901	139.339	163	153	150	146	142	139	137	134	130	126	111	0	0	0.000	0.000	0	0.000	0.000	0	0.000	0	0.000	0	0.000	0	0.000	0	0	0.000	0.000	0	0	0	0	0.000	0	0	0	0.000	0	0
207	207	2775	462.904	1725.310	0.899	156	252	1343	919	60	156	252	1343	919	60	105.399	166.995	1303	169	165	162	160	158	155	147	137	127	112	102.000	1500.089	2214	2029	1925	1830	1744	1637	1536	1331	984	678	435	1	70	461.090	1734.893	0	0.000	0.000	603	647.214	0	0.000	1772	1650.000	0	0.000	0	0	0.000	0.000	0	0	0	0	0.000	0	0	0	0.000	0	0
208	208	1441	2022.241	1738.743	0.802	336	332	499	213	39	336	332	499	213	39	107.855	335.833	1912	589	402	316	281	253	226	202	179	153	131	103.711	128.700	147	138	134	131	130	129	127	125	124	121	115	2	106	2019.916	1747.898	21	2007.144	1740.506	1063	1103.632	625	618.571	136	135.311	135	135.048	0	0	0.000	0.000	0	0	0	0	0.000	0	0	0	0.000	0	0
209	209	464	965.274	1728.169	0.915	22	52	150	189	45	22	52	150	189	45	107.000	116.705	126	122	120	118	118	117	116	115	113	112	109	102.000	114.474	125	121	118	117	116	114	113	112	110	109	104	0	0	0.000	0.000	0	0.000	0.000	0	0.000	0	0.000	0	0.000	0	0.000	0	0	0.000	0.000	0	0	0	0	0.000	0	0	0	0.000	0	0
210	210	544	1967.690	1732.668	0.910	48	138	281	60	7	48	138	281	60	7	106.000	193.537	239	224	215	208	201	195	189	183	174	160	138	102.000	120.949	130	127	125	124	123	122	121	119	117	114	106	0	0	0.000	0.000	0	0.000	0.000	0	0.000	0	0.000	0	0.000	0	0.000	0	0	0.000	0.000	0	0	0	0	0.000	0	0	0	0.000	0	0
211	211	1907	307.004	1758.485	0.887	143	1159	440	89	39	143	1159	440	89	39	104.999	282.014	1508	577	332	238	203	184	173	164	156	149	127	101.197	112.548	121	116	115	114	113	113	112	111	110	109	104	2	200	311.854	1777.680	76	318.619	1755.151	819	857.640	468	477.382	113	113.160	115	114.855	0	0	0.000	0.000	0	0	0	0	0.000	0	0	0	0.000	0	0
212	212	1433	908.807	1760.862	0.906	93	579	547	149	37	93	579	547	149	37	106.821	142.993	162	154	150	148	146	143	141	139	135	131	124	102.571	139.922	161	150	147	144	142	140	138	136	134	130	120	0	0	0.000	0.000	0	0.000	0.000	0	0.000	0	0.000	0	0.000	0	0.000	0	0	0.000	0.000	0	0	0	0	0.000	0	0	0	0.000	0	0
213	213	1466	961.699	1764.834	0.901	16	249	699	389	75	16	249	699	389	75	106.795	140.651	154	149	146	145	143	141	140	138	135	132	124	102.384	135.194	152	143	141	139	138	136	134	132	130	126	117	0	0	0.000	0.000	0	0.000	0.000	0	0.000	0	0.000	0	0.000	0	0.000	0	0	0.000	0.000	0	0	0	0	0.000	0	0	0	0.000	0	0
214	214	1607	1961.130	1769.169	0.885	304	309	539	397	38	304	309	539	397	38	106.000	223.069	298	264	252	243	235	225	216	206	193	178	145	101.950	122.347	138	129	127	125	124	123	122	120	118	114	105	0	0	0.000	0.000	0	0.000	0.000	0	0.000	0	0.000	0	0.000	0	0.000	0	0	0.000	0.000	0	0	0	0	0.000	0	0	0	0.000	0	0
215	215	1590	1705.194	1771.106	0.888	15	339	974	218	11	15	339	974	218	11	106.750	178.903	233	203	197	193	188	182	176	168	159	147	134	103.955	1191.884	1832	1593	1484	1403	1325	1243	1152	1036	862	674	523	0	0	0.000	0.000	0	0.000	0.000	0	0.000	0	0.000	0	0.000	0	0.000	0	0	0.000	0.000	0	0	0	0	0.000	0	0	0	0.000	0	0
216	216	2058	42.496	1782.271	0.892	42	643	1141	164	19	42	643	1141	164	19	100.645	111.142	122	118	115	112	111	110	109	109	108	107	104	99.672	112.375	127	116	115	114	113	112	112	111	110	108	101	0	0	0.000	0.000	0	0.000	0.000	0	0.000	0	0.000	0	0.000	0	0.000	0	0	0.000	0.000	0	0	0	0	0.000	0	0	0	0.000	0	0
217	217	2175	451.200	1786.158	0.909	64	138	960	908	71	64	138	960	908	71	105.000	271.098	1256	582	362	253	189	165	158	151	142	134	117	102.184	1286.834	1965	1771	1665	1575	1464	1326	1175	1039	890	762	349	1	364	454.894	1796.229	0	0.000	0.000	636	687.962	0	0.000	1444	1360.802	0	0.000	0	0	0.000	0.000	0	0	0	0	0.000	0	0	0	0.000	0	0
218	218	525	870.817	1774.179	0.908	22	280	108	85	18	22	280	108	85	18	106.440	141.773	157	151	148	146	144	142	140	138	136	133	126	102.996	134.358	146	141	140	138	136	135	133	132	129	126	118	0	0	0.000	0.000	0	0.000	0.000	0	0.000	0	0.000	0	0.000	0	0.000	0	0	0.000	0.000	0	0	0	0	0.000	0	0	0	0.000	0	0
219	219	1407	1190.867	1784.232	0.913	126	142	490	559	67	126	142	490	559	67	106.000	115.348	125	119	118	117	116	115	114	114	113	112	108	104.000	2001.520	2979	2652	2451	2298	2139	2001	1875	1748	1614	1331	681	0	0	0.000	0.000	0	0.000	0.000	0	0.000	0	0.000	0	0.000	0	0.000	0	0	0.000	0.000	0	0	0	0	0.000	0	0	0	0.000	0	0
220	220	1327	1755.101	1792.068	0.897	19	27	95	878	274	19	27	95	878	274	107.133	166.962	211	190	181	173	168	165	163	159	153	147	133	104.824	1094.231	1874	1628	1426	1244	1127	1048	960	884	799	665	463	0	0	0.000	0.000	0	0.000	0.000	0	0.000	0	0.000	0	0.000	0	0.000	0	0	0.000	0.000	0	0	0	0	0.000	0	0	0	0.000	0	0
221	221	1513	2004.701	1795.285	0.892	1367	83	27	18	11	1367	83	27	18	11	106.821	239.610	336	292	274	256	243	234	225	218	208	196	171	101.872	127.143	138	133	131	129	128	127	126	125	123	122	114	0	0	0.000	0.000	0	0.000	0.000	0	0.000	0	0.000	0	0.000	0	0.000	0	0	0.000	0.000	0	0	0	0	0.000	0	0	0	0.000	0	0
222	222	2754	1814.593	1811.677	0.860	221	1616	746	91	18	221	1616	746	91	18	107.599	484.883	661	612	585	557	529	500	465	430	391	331	210	104.977	5049.610	7806	7048	6645	6187	5691	5264	4728	4152	3547	2641	1226	0	0	0.000	0.000	0	0.000	0.000	0	0.000	0	0.000	0	0.000	0	0.000	0	0	0.000	0.000	0	0	0	0	0.000	0	0	0	0.000	0	0
223	223	1093	204.349	1803.790	0.907	23	203	578	245	21	23	203	578	245	21	103.397	108.661	114	111	110	109	109	109	108	108	108	107	105	102.000	1024.904	1368	1297	1236	1178	1116	1054	988	911	818	712	444	0	0	0.000	0.000	0	0.000	0.000	0	0.000	0	0.000	0	0.000	0	0.000	0	0	0.000	0.000	0	0	0	0	0.000	0	0	0	0.000	0	0
224	224	1898	409.991	1820.798	0.866	495	1159	107	101	26	495	1159	107	101	26	105.000	136.470	319	157	136	132	130	128	127	125	122	120	113	103.000	425.954	671	581	538	499	457	424	393	356	315	268	215	1	120	407.600	1829.492	0	0.000	0.000	227	233.583	0	0.000	243	252.375	0	0.000	0	0	0.000	0.000	0	0	0	0	0.000	0	0	0	0.000	0	0
225	225	2737	1760.672	1846.668	0.831	1415	1151	23	12	5	1415	1151	23	12	5	107.259	686.230	5741	688	622	590	558	528	495	460	409	345	251	104.998	5349.385	8030	7162	6828	6498	6093	5595	5162	4630	3861	2936	1574	1	147	1766.395	1864.750	0	0.000	0.000	3364	3449.082	0	0.000	6677	6396.320	0	0.000	0	0	0.000	0.000	0	0	0	0	0.000	0	0	0	0.000	0	0
226	226	1444	794.789	1838.044	0.903	54	576	699	68	17	54	576	699	68	17	105.000	119.271	128	124	123	122	121	119	118	117	116	114	109	102.173	126.627	147	136	133	130	129	127	125	123	121	118	105	0	0	0.000	0.000	0	0.000	0.000	0	0.000	0	0.000	0	0.000	0	0.000	0	0	0.000	0.000	0	0	0	0	0.000	0	0	0	0.000	0	0
227	227	548	1865.600	1832.933	0.929	82	157	143	121	38	82	157	143	121	38	107.000	188.834	257	238	221	208	199	187	176	165	155	144	133	103.929	135.027	167	153	144	138	135	133	131	129	126	122	115	0	0	0.000	0.000	0	0.000	0.000	0	0.000	0	0.000	0	0.000	0	0.000	0	0	0.000	0.000	0	0	0	0	0.000	0	0	0	0.000	0	0
228	228	1668	912.228	1842.825	0.907	120	877	583	41	15	120	877	583	41	15	105.272	128.600	141	136	134	132	131	129	127	126	123	120	114	103.968	4059.928	6604	5707	5255	4887	4545	4162	3811	3398	2817	2062	1603	0	0	0.000	0.000	0	0.000	0.000	0	0.000	0	0.000	0	0.000	0	0.000	0	0	0.000	0.000	0	0	0	0	0.000	0	0	0	0.000	0	0
229	229	1640	193.672	1847.330	0.882	50	207	940	384	23	50	207	940	384	23	103.911	108.696	114	110	110	109	109	109	108	108	108	107	106	101.937	763.659	1490	1157	1016	909	817	751	678	603	490	351	245	0	0	0.000	0.000	0	0.000	0.000	0	0.000	0	0.000	0	0.000	0	0.000	0	0	0.000	0.000	0	0	0	0	0.000	0	0	0	0.000	0	0
230	230	1778	845.354	1847.921	0.895	88	855	728	71	5	88	855	728	71	5	105.485	122.840	131	126	125	124	124	123	122	121	121	119	112	103.000	133.900	158	147	144	141	138	135	130	126	123	120	112	0	0	0.000	0.000	0	0.000	0.000	0	0.000	0	0.000	0	0.000	0	0.000	0	0	0.000	0.000	0	0	0	0	0.000	0	0	0	0.000	0	0
231	231	607	370.499	1839.933	0.890	41	60	353	136	8	41	60	353	136	8	104.198	121.993	129	126	125	124	123	123	122	120	119	117	113	102.092	339.588	503	433	407	376	355	334	316	295	276	255	203	0	0	0.000	0.000	0	0.000	0.000	0	0.000	0	0.000	0	0.000	0	0.000	0	0	0.000	0.000	0	0	0	0	0.000	0	0	0	0.000	0	0
232	232	2057	1389.243	1865.843	0.883	191	1333	448	37	12	191	1333	448	37	12	106.840	124.482	154	140	133	128	124	121	119	117	116	115	112	103.000	3704.925	10916	6070	4967	4251	3885	3476	3013	2590	2163	1639	692	0	0	0.000	0.000	0	0.000	0.000	0	0.000	0	0.000	0	0.000	0	0.000	0	0	0.000	0.000	0	0	0	0	0.000	0	0	0	0.000	0	0
233	233	1263	1835.891	1862.755	0.893	111	431	487	187	23	111	431	487	187	23	107.000	568.678	6710	1096	355	308	279	259	241	220	197	166	132	104.134	158.994	314	184	172	165	158	153	148	143	138	132	113	1	119	1847.231	1861.431	0	0.000	0.000	2872	3155.790	0	0.000	224	229.571	0	0.000	1	30	1847.136	1860.826	0	0	0	5170	4993.067	0	0	284	278.867	0	0
234	234	1716	420.960	1872.537	0.858	530	960	104	66	29	530	960	104	66	29	104.897	144.058	935	145	130	128	126	123	121	118	115	113	109	101.972	458.943	729	653	609	555	505	469	418	363	310	252	188	1	87	417.948	1881.837	0	0.000	0.000	455	480.862	0	0.000	624	612.161	0	0.000	0	0	0.000	0.000	0	0	0	0	0.000	0	0	0	0.000	0	0
235	235	370	387.403	1863.086	0.960	46	166	89	39	24	46	166	89	39	24	104.178	126.827	148	139	134	131	128	126	124	122	120	117	108	102.000	154.692	365	216	171	155	145	140	134	130	126	119	107	0	0	0.000	0.000	0	0.000	0.000	0	0.000	0	0.000	0	0.000	0	0.000	0	0	0.000	0.000	0	0	0	0	0.000	0	0	0	0.000	0	0
236	236	2193	1634.153	1896.176	0.855	23	203	1334	562	38	23	203	1334	562	38	106.815	159.523	1466	166	128	126	124	123	122	121	119	117	109	103.077	1290.825	1978	1734	1625	1529	1440	1348	1249	1135	935	701	416	1	120	1624.732	1890.943	0	0.000	0.000	625	678.542	0	0.000	1518	1525.475	0	0.000	0	0	0.000	0.000	0	0	0	0	0.000	0	0	0	0.000	0	0
237	237	1153	1251.755	1892.694	0.902	52	109	446	480	43	52	109	446	480	43	105.502	161.455	185	179	175	171	166	162	158	154	149	143	128	103.263	611.454	854	801	754	708	664	623	577	524	467	405	303	0	0	0.000	0.000	0	0.000	0.000	0	0.000	0	0.000	0	0.000	0	0.000	0	0	0.000	0.000	0	0	0	0	0.000	0	0	0	0.000	0	0
238	238	509	2018.234	1892.007	0.875	9	37	108	247	97	9	37	108	247	97	103.996	191.397	249	228	219	213	204	193	183	172	162	152	133	101.525	118.900	133	126	124	122	121	120	118	116	114	111	106	0	0	0.000	0.000	0	0.000	0.000	0	0.000	0	0.000	0	0.000	0	0.000	0	0	0.000	0.000	0	0	0	0	0.000	0	0	0	0.000	0	0
239	239	1350	1452.357	1906.114	0.886	79	198	667	340	42	79	198	667	340	42	108.710	390.239	1655	618	459	400	361	331	303	286	260	235	182	102.833	135.392	168	151	147	142	138	134	132	129	126	121	105	1	42	1457.185	1916.818	0	0.000	0.000	1133	1090.833	0	0.000	148	146.976	0	0.000	0	0	0.000	0.000	0	0	0	0	0.000	0	0	0	0.000	0	0
240	240	1481	464.978	1913.110	0.877	9	99	628	667	57	9	99	628	667	57	104.384	123.821	136	130	128	127	126	125	123	122	120	116	108	101.000	570.997	866	765	711	666	634	598	558	497	411	326	185	0	0	0.000	0.000	0	0.000	0.000	0	0.000	0	0.000	0	0.000	0	0.000	0	0	0.000	0.000	0	0	0	0	0.000	0	0	0	0.000	0	0
241	241	808	153.020	1914.472	0.904	56	144	501	99	3	56	144	501	99	3	102.829	122.402	135	130	128	126	125	123	121	119	117	114	110	101.615	252.629	326	300	286	276	268	259	248	234	216	194	159	0	0	0.000	0.000	0	0.000	0.000	0	0.000	0	0.000	0	0.000	0	0.000	0	0	0.000	0.000	0	0	0	0	0.000	0	0	0	0.000	0	0
242	242	1799	1240.904	1940.724	0.841	22	219	1081	418	32	22	219	1081	418	32	105.563	165.167	559	186	174	167	161	156	151	148	142	132	124	102.882	526.439	902	778	689	617	562	512	455	414	371	298	235	1	54	1250.603	1935.555	0	0.000	0.000	371	381.889	0	0.000	672	645.204	0	0.000	0	0	0.000	0.000	0	0	0	0	0.000	0	0	0	0.000	0	0
243	243	1528	1599.174	1942.670	0.879	17	120	434	845	75	17	120	434	845	75	108.590	192.656	230	215	210	206	202	198	193	188	180	157	123	103.183	1495.300	2285	2048	1900	1751	1611	1475	1362	1255	1157	939	416	0	0	0.000	0.000	0	0.000	0.000	0	0.000	0	0.000	0	0.000	0	0.000	0	0	0.000	0.000	0	0	0	0	0.000	0	0	0	0.000	0	0
244	244	1921	264.992	1953.680	0.870	66	336	1181	293	8	66	336	1181	293	8	102.831	122.486	133	128	127	126	125	123	122	121	119	115	106	101.776	3866.300	5712	5224	4909	4690	4431	4135	3852	3400	2775	2029	385	0	0	0.000	0.000	0	0.000	0.000	0	0.000	0	0.000	0	0.000	0	0.000	0	0	0.000	0.000	0	0	0	0	0.000	0	0	0	0.000	0	0
245	245	1717	172.351	1951.703	0.889	44	62	787	748	42	44	62	787	748	42	101.896	151.497	367	220	166	142	136	132	129	126	123	119	109	101.087	268.626	403	365	336	315	292	271	248	221	197	169	146	1	191	177.050	1955.508	0	0.000	0.000	264	270.848	0	0.000	313	305.864	0	0.000	0	0	0.000	0.000	0	0	0	0	0.000	0	0	0	0.000	0	0
246	246	1874	1664.518	1971.361	0.881	13	230	978	570	53	13	230	978	570	53	105.609	114.515	127	121	118	116	115	113	113	112	111	110	107	102.420	1294.885	2269	1917	1736	1559	1421	1308	1202	1021	825	643	386	0	0	0.000	0.000	0	0.000	0.000	0	0.000	0	0.000	0	0.000	0	0.000	0	0	0.000	0.000	0	0	0	0	0.000	0	0	0	0.000	0	0
247	247	439	233.471	1978.637	0.930	5	32	58	267	70	5	32	58	267	70	101.884	115.321	126	122	121	120	118	116	114	111	109	107	105	100.902	2160.146	4422	3489	3174	3015	2874	2554	2143	1377	641	254	125	0	0	0.000	0.000	0	0.000	0.000	0	0.000	0	0.000	0	0.000	0	0.000	0	0	0.000	0.000	0	0	0	0	0.000	0	0	0	0.000	0	0
248	248	1877	1155.990	1999.415	0.872	104	1261	398	66	14	104	1261	398	66	14	105.000	121.669	142	130	126	123	122	121	120	119	117	115	109	101.388	4585.013	7887	5769	5477	5263	5061	4820	4461	4066	3676	2914	1275	0	0	0.000	0.000	0	0.000	0.000	0	0.000	0	0.000	0	0.000	0	0.000	0	0	0.000	0.000	0	0	0	0	0.000	0	0	0	0.000	0	0
249	249	405	1661.639	2013.042	0.948	10	31	134	175	43	10	31	134	175	43	104.985	111.452	118	114	113	112	112	111	111	110	110	109	106	101.217	963.583	1265	1205	1156	1102	1055	989	918	854	770	699	492	0	0	0.000	0.000	0	0.000	0.000	0	0.000	0	0.000	0	0.000	0	0.000	0	0	0.000	0.000	0	0	0	0	0.000	0	0	0	0.000	0	0
