 	cell	area	x	y	circ	BFI_lev_b1	BFI_lev_b2	BFI_lev_b3	BFI_lev_b4	BFI_lev_b5	BFO_lev_b1	BFO_lev_b2	BFO_lev_b3	BFO_lev_b4	BFO_lev_b5	RFP_int_bg	RFP_int_mean	RFP_int_b0	RFP_int_b1	RFP_int_b2	RFP_int_b3	RFP_int_b4	RFP_int_b5	RFP_int_b6	RFP_int_b7	RFP_int_b8	RFP_int_b9	RFP_int_b10	GFP_int_bg	GFP_int_mean	GFP_int_b0	GFP_int_b1	GFP_int_b2	GFP_int_b3	GFP_int_b4	GFP_int_b5	GFP_int_b6	GFP_int_b7	GFP_int_b8	GFP_int_b9	GFP_int_b10	inRFPnfoci	f1_inRFParea	f1_inRFPx	f1_inRFPy	f2_inRFParea	f2_inRFPx	f2_inRFPy	f1_inRFP_toRFPmed	f1_inRFP_toRFPmean	f2_inRFP_toRFPmed	f2_inRFP_toRFPmean	f1_inRFP_toGFPmed	f1_inRFP_toGFPmean	f2_inRFP_toGFPmed	f2_inRFP_toGFPmean	inGFPnfoci	f1_inGFParea	f1_inGFPx	f1_inGFPy	f2_inGFParea	f2_inGFPx	f2_inGFPy	f1_inGFP_toRFPmed	f1_inGFP_toRFPmean	f2_inGFP_toRFPmed	f2_inGFP_toRFPmean	f1_inGFP_toGFPmed	f1_inGFP_toGFPmean	f2_inGFP_toGFPmed	f2_inGFP_toGFPmean
1	1	1838	992.827	31.878	0.915	58	152	1123	442	30	58	152	1123	442	30	105.078	112.826	119	116	115	114	113	113	112	111	111	110	107	100.493	1039.714	1603	1405	1320	1228	1134	1035	934	847	782	705	423	0	0	0.000	0.000	0	0	0	0	0.000	0	0	0	0.000	0	0	0	0	0.000	0.000	0	0	0	0	0.000	0	0	0	0.000	0	0
2	2	867	1336.063	22.520	0.910	74	316	300	140	14	74	316	300	140	14	105.000	917.346	2663	1814	1284	1089	905	767	641	541	454	375	249	100.960	153.798	232	188	178	168	159	152	144	137	129	121	108	1	42	1334.691	17.572	0	0	0	2341	2331.000	0	0	180	180.571	0	0	0	0	0.000	0.000	0	0	0	0	0.000	0	0	0	0.000	0	0
3	3	1384	1839.468	38.319	0.886	50	284	572	393	62	50	284	572	393	62	104.532	140.053	188	164	156	149	143	137	133	128	124	120	107	101.865	1609.623	2224	2064	1951	1861	1795	1716	1615	1472	1265	965	359	0	0	0.000	0.000	0	0	0	0	0.000	0	0	0	0.000	0	0	0	0	0.000	0.000	0	0	0	0	0.000	0	0	0	0.000	0	0
4	4	1838	77.309	45.093	0.909	658	1066	67	14	6	658	1066	67	14	6	101.880	110.221	117	114	112	111	111	110	110	109	108	107	104	100.191	659.959	1098	929	842	764	700	642	594	542	480	407	317	0	0	0.000	0.000	0	0	0	0	0.000	0	0	0	0.000	0	0	0	0	0.000	0.000	0	0	0	0	0.000	0	0	0	0.000	0	0
5	5	1878	1880.455	58.044	0.878	119	1307	366	40	6	119	1307	366	40	6	104.888	145.503	176	165	156	151	148	145	142	139	135	130	116	102.039	727.879	1235	1081	941	856	791	718	639	565	491	439	242	0	0	0.000	0.000	0	0	0	0	0.000	0	0	0	0.000	0	0	0	0	0.000	0.000	0	0	0	0	0.000	0	0	0	0.000	0	0
6	6	2023	339.702	63.772	0.872	889	819	156	115	18	889	819	156	115	18	105.908	637.253	5228	2300	549	213	168	155	147	140	134	129	117	103.769	448.441	720	673	610	549	490	441	391	336	291	251	179	1	375	338.832	70.952	0	0	0	2410	2613.680	0	0	672	651.723	0	0	0	0	0.000	0.000	0	0	0	0	0.000	0	0	0	0.000	0	0
7	7	839	957.275	56.560	0.914	77	400	172	131	46	77	400	172	131	46	105.029	111.675	117	114	113	113	112	112	111	111	110	110	107	101.000	733.033	1090	1015	949	885	806	736	665	599	528	445	332	0	0	0.000	0.000	0	0	0	0	0.000	0	0	0	0.000	0	0	0	0	0.000	0.000	0	0	0	0	0.000	0	0	0	0.000	0	0
8	8	689	1397.460	69.773	0.906	77	124	317	142	20	77	124	317	142	20	106.000	279.959	346	333	319	308	295	285	277	262	240	216	173	101.000	124.508	139	134	132	130	128	126	124	120	116	113	103	0	0	0.000	0.000	0	0	0	0	0.000	0	0	0	0.000	0	0	0	0	0.000	0.000	0	0	0	0	0.000	0	0	0	0.000	0	0
9	9	2606	395.925	89.480	0.898	1341	896	266	50	15	1341	896	266	50	15	105.007	147.202	234	169	163	156	149	144	140	135	132	128	113	103.490	320.394	618	467	418	376	335	295	267	248	231	204	158	0	0	0.000	0.000	0	0	0	0	0.000	0	0	0	0.000	0	0	0	0	0.000	0.000	0	0	0	0	0.000	0	0	0	0.000	0	0
10	10	1881	1944.175	91.290	0.902	228	1148	398	64	14	228	1148	398	64	14	105.285	609.591	6023	1812	597	262	184	167	158	152	145	136	123	101.694	134.443	239	145	139	136	134	133	131	128	126	123	110	1	268	1940.109	98.696	0	0	0	2521	2835.724	0	0	137	141.974	0	0	1	18	1929.693	96.577	0	0	0	849	868.611	0	0	209	208.667	0	0
11	11	1300	1880.708	103.627	0.923	25	126	461	596	64	25	126	461	596	64	105.785	142.473	166	158	154	150	147	143	139	135	131	126	115	102.972	753.870	1143	1039	958	897	835	770	699	615	526	455	298	0	0	0.000	0.000	0	0	0	0	0.000	0	0	0	0.000	0	0	0	0	0.000	0.000	0	0	0	0	0.000	0	0	0	0.000	0	0
12	12	1566	1973.466	131.109	0.916	51	133	936	411	7	51	133	936	411	7	104.964	150.193	173	166	163	160	158	154	150	143	135	128	113	101.502	133.183	149	142	140	138	137	135	134	131	127	120	103	0	0	0.000	0.000	0	0	0	0	0.000	0	0	0	0.000	0	0	0	0	0.000	0.000	0	0	0	0	0.000	0	0	0	0.000	0	0
13	13	1674	1844.899	134.428	0.903	10	60	558	948	66	10	60	558	948	66	105.918	132.037	147	143	140	137	134	132	129	127	124	121	115	102.820	208.357	283	259	247	233	219	205	193	183	172	161	140	0	0	0.000	0.000	0	0	0	0	0.000	0	0	0	0.000	0	0	0	0	0.000	0.000	0	0	0	0	0.000	0	0	0	0.000	0	0
14	14	1421	1921.902	139.562	0.906	233	476	490	156	50	233	476	490	156	50	106.000	130.006	346	160	122	119	118	118	117	116	115	114	111	102.134	125.562	138	133	131	129	128	126	124	122	120	117	111	1	132	1906.328	142.525	0	0	0	226	229.894	0	0	130	128.356	0	0	0	0	0.000	0.000	0	0	0	0	0.000	0	0	0	0.000	0	0
15	15	1692	1889.298	177.326	0.913	95	623	802	139	8	95	623	802	139	8	105.985	118.280	131	124	121	119	118	118	117	116	115	113	108	103.084	132.827	151	142	140	138	137	135	133	130	128	118	102	0	0	0.000	0.000	0	0	0	0	0.000	0	0	0	0.000	0	0	0	0	0.000	0.000	0	0	0	0	0.000	0	0	0	0.000	0	0
16	16	2147	430.732	180.713	0.892	25	129	989	848	117	25	129	989	848	117	105.886	160.625	288	184	172	167	163	158	154	149	143	136	123	102.334	153.221	188	173	168	164	159	154	150	143	137	132	121	1	11	431.231	190.682	0	0	0	272	272.000	0	0	152	151.273	0	0	0	0	0.000	0.000	0	0	0	0	0.000	0	0	0	0.000	0	0
17	17	2018	786.745	181.874	0.906	589	1115	213	55	9	589	1115	213	55	9	106.983	152.217	237	176	165	157	153	150	146	141	135	129	116	102.416	129.103	145	137	135	133	131	130	128	126	124	120	109	0	0	0.000	0.000	0	0	0	0	0.000	0	0	0	0.000	0	0	0	0	0.000	0.000	0	0	0	0	0.000	0	0	0	0.000	0	0
18	18	2557	368.781	190.143	0.884	173	1583	673	58	13	173	1583	673	58	13	105.973	162.637	521	180	171	164	158	153	148	144	140	134	122	102.974	144.504	173	163	158	153	148	143	139	135	132	128	113	1	89	381.753	193.904	0	0	0	346	356.348	0	0	161	160.371	0	0	0	0	0.000	0.000	0	0	0	0	0.000	0	0	0	0.000	0	0
19	19	477	1793.314	173.046	0.908	34	53	152	171	58	34	53	152	171	58	106.635	116.851	123	120	119	118	118	117	116	115	115	114	111	104.226	157.782	195	180	171	166	159	155	151	149	145	141	132	0	0	0.000	0.000	0	0	0	0	0.000	0	0	0	0.000	0	0	0	0	0.000	0.000	0	0	0	0	0.000	0	0	0	0.000	0	0
20	20	1893	1830.130	192.743	0.897	83	440	1007	308	12	83	440	1007	308	12	106.484	136.699	153	145	142	140	138	136	135	133	132	129	120	105.302	211.697	281	252	240	229	219	210	202	194	187	173	148	0	0	0.000	0.000	0	0	0	0	0.000	0	0	0	0.000	0	0	0	0	0.000	0.000	0	0	0	0	0.000	0	0	0	0.000	0	0
21	21	1391	834.691	203.014	0.895	182	594	482	100	7	182	594	482	100	7	107.000	145.065	224	176	153	144	141	138	136	134	132	129	120	102.000	125.465	137	131	129	128	127	126	125	124	122	119	112	0	0	0.000	0.000	0	0	0	0	0.000	0	0	0	0.000	0	0	0	0	0.000	0.000	0	0	0	0	0.000	0	0	0	0.000	0	0
22	22	2417	1478.753	209.464	0.887	586	1334	283	134	41	586	1334	283	134	41	108.659	256.331	393	315	298	285	272	256	241	228	215	195	148	103.577	148.288	177	164	158	154	152	149	146	142	139	133	112	0	0	0.000	0.000	0	0	0	0	0.000	0	0	0	0.000	0	0	0	0	0.000	0.000	0	0	0	0	0.000	0	0	0	0.000	0	0
23	23	368	466.310	197.509	0.867	112	92	84	57	14	112	92	84	57	14	106.000	134.984	157	153	149	146	140	135	130	124	120	117	112	102.000	116.916	135	126	123	121	119	117	115	112	110	109	105	0	0	0.000	0.000	0	0	0	0	0.000	0	0	0	0.000	0	0	0	0	0.000	0.000	0	0	0	0	0.000	0	0	0	0.000	0	0
24	24	910	1529.500	215.352	0.912	150	372	208	119	52	150	372	208	119	52	107.584	199.632	234	221	216	210	205	200	195	191	186	178	155	103.736	136.557	164	145	143	141	139	137	136	133	131	126	116	0	0	0.000	0.000	0	0	0	0	0.000	0	0	0	0.000	0	0	0	0	0.000	0.000	0	0	0	0	0.000	0	0	0	0.000	0	0
25	25	768	333.771	220.737	0.917	20	108	271	320	35	20	108	271	320	35	105.751	130.460	155	139	137	135	134	132	129	126	123	119	113	102.010	134.525	161	147	142	140	138	136	133	130	125	120	112	0	0	0.000	0.000	0	0	0	0	0.000	0	0	0	0.000	0	0	0	0	0.000	0.000	0	0	0	0	0.000	0	0	0	0.000	0	0
26	26	1895	1555.294	248.370	0.893	73	143	815	759	61	73	143	815	759	61	107.872	119.337	133	124	122	121	120	119	118	117	116	115	110	103.777	969.644	1338	1219	1145	1095	1052	1004	951	889	810	676	273	0	0	0.000	0.000	0	0	0	0	0.000	0	0	0	0.000	0	0	0	0	0.000	0.000	0	0	0	0	0.000	0	0	0	0.000	0	0
27	27	2547	1818.504	278.559	0.857	1476	726	284	19	12	1476	726	284	19	12	108.390	199.576	260	243	230	217	204	193	186	180	175	166	146	108.295	1887.913	3249	2907	2685	2358	2053	1809	1578	1388	1208	974	571	0	0	0.000	0.000	0	0	0	0	0.000	0	0	0	0.000	0	0	0	0	0.000	0.000	0	0	0	0	0.000	0	0	0	0.000	0	0
28	28	1349	1516.755	278.692	0.718	26	206	730	320	42	26	206	730	320	42	108.000	117.987	131	123	121	120	118	117	116	116	115	114	111	103.933	892.594	1533	1371	1245	1146	1033	869	743	642	525	421	345	0	0	0.000	0.000	0	0	0	0	0.000	0	0	0	0.000	0	0	0	0	0.000	0.000	0	0	0	0	0.000	0	0	0	0.000	0	0
29	29	1217	732.823	276.776	0.892	70	533	536	46	13	70	533	536	46	13	108.000	144.417	173	163	157	153	148	144	139	135	131	128	121	103.000	1221.025	1961	1730	1584	1488	1379	1260	1126	973	808	657	510	0	0	0.000	0.000	0	0	0	0	0.000	0	0	0	0.000	0	0	0	0	0.000	0.000	0	0	0	0	0.000	0	0	0	0.000	0	0
30	30	1533	1734.770	290.188	0.914	267	790	429	17	6	267	790	429	17	6	108.213	155.562	181	168	165	162	159	156	153	150	147	142	124	107.026	1685.294	2737	2379	2120	1938	1793	1667	1539	1385	1227	1050	682	0	0	0.000	0.000	0	0	0	0	0.000	0	0	0	0.000	0	0	0	0	0.000	0.000	0	0	0	0	0.000	0	0	0	0.000	0	0
31	31	1614	1187.652	308.519	0.894	91	461	766	252	14	91	461	766	252	14	108.000	142.280	158	153	150	148	146	143	139	137	134	131	121	102.672	127.613	144	135	133	131	129	128	126	124	122	120	112	0	0	0.000	0.000	0	0	0	0	0.000	0	0	0	0.000	0	0	0	0	0.000	0.000	0	0	0	0	0.000	0	0	0	0.000	0	0
32	32	1660	698.606	311.105	0.903	64	363	849	314	30	64	363	849	314	30	107.792	153.134	174	169	166	163	161	158	154	148	139	129	114	103.000	1282.970	1819	1662	1572	1486	1410	1334	1254	1178	1040	777	378	0	0	0.000	0.000	0	0	0	0	0.000	0	0	0	0.000	0	0	0	0	0.000	0.000	0	0	0	0	0.000	0	0	0	0.000	0	0
33	33	2119	598.341	323.481	0.913	139	1024	751	131	35	139	1024	751	131	35	106.504	134.890	150	143	142	140	138	136	134	132	128	124	116	102.689	704.699	1055	926	873	821	768	714	668	623	540	442	284	0	0	0.000	0.000	0	0	0	0	0.000	0	0	0	0.000	0	0	0	0	0.000	0.000	0	0	0	0	0.000	0	0	0	0.000	0	0
34	34	1957	1787.245	323.740	0.918	1072	607	202	41	8	1072	607	202	41	8	108.538	160.511	189	177	171	167	163	160	158	154	150	144	128	108.280	1502.396	2405	2111	1934	1786	1640	1505	1365	1216	1082	892	506	0	0	0.000	0.000	0	0	0	0	0.000	0	0	0	0.000	0	0	0	0	0.000	0.000	0	0	0	0	0.000	0	0	0	0.000	0	0
35	35	1927	1030.859	332.088	0.904	319	1296	246	29	5	319	1296	246	29	5	108.226	113.607	120	116	115	114	114	114	113	113	112	111	110	103.013	118.563	133	124	122	120	119	118	117	116	115	114	107	0	0	0.000	0.000	0	0	0	0	0.000	0	0	0	0.000	0	0	0	0	0.000	0.000	0	0	0	0	0.000	0	0	0	0.000	0	0
36	36	1795	1083.776	337.064	0.894	19	591	1093	45	9	19	591	1093	45	9	108.196	113.826	122	117	116	115	114	114	113	113	112	111	109	102.733	117.911	130	124	122	121	119	118	117	116	114	111	104	0	0	0.000	0.000	0	0	0	0	0.000	0	0	0	0.000	0	0	0	0	0.000	0.000	0	0	0	0	0.000	0	0	0	0.000	0	0
37	37	1611	1157.201	355.565	0.886	55	475	845	190	11	55	475	845	190	11	108.000	141.652	161	153	152	150	148	145	141	137	132	122	111	102.263	130.063	145	139	137	135	134	132	130	128	125	116	104	0	0	0.000	0.000	0	0	0	0	0.000	0	0	0	0.000	0	0	0	0	0.000	0.000	0	0	0	0	0.000	0	0	0	0.000	0	0
38	38	925	1203.398	352.668	0.896	29	156	423	266	42	29	156	423	266	42	108.000	132.228	147	143	141	139	136	134	131	127	123	119	112	102.992	122.242	136	130	128	127	125	124	122	120	117	111	103	0	0	0.000	0.000	0	0	0	0	0.000	0	0	0	0.000	0	0	0	0	0.000	0.000	0	0	0	0	0.000	0	0	0	0.000	0	0
39	39	3015	117.656	368.356	0.877	20	307	2054	556	25	20	307	2054	556	25	105.191	316.467	570	366	351	341	330	321	310	297	273	240	160	101.566	133.489	150	142	140	139	137	135	133	130	126	122	108	0	0	0.000	0.000	0	0	0	0	0.000	0	0	0	0.000	0	0	0	0	0.000	0.000	0	0	0	0	0.000	0	0	0	0.000	0	0
40	40	2266	1652.364	362.777	0.877	157	927	860	270	11	157	927	860	270	11	107.485	117.298	125	122	121	119	118	117	116	115	114	114	110	103.000	129.719	150	141	139	136	133	129	126	123	121	119	108	0	0	0.000	0.000	0	0	0	0	0.000	0	0	0	0.000	0	0	0	0	0.000	0.000	0	0	0	0	0.000	0	0	0	0.000	0	0
41	41	1052	1298.037	359.994	0.915	337	574	109	15	7	337	574	109	15	7	108.380	309.587	445	390	348	331	317	305	294	282	270	243	183	102.000	114.188	128	119	117	116	115	114	113	112	111	109	104	0	0	0.000	0.000	0	0	0	0	0.000	0	0	0	0.000	0	0	0	0	0.000	0.000	0	0	0	0	0.000	0	0	0	0.000	0	0
42	42	970	1603.030	360.293	0.906	107	562	245	38	6	107	562	245	38	6	107.215	114.277	118	116	116	115	115	114	114	113	113	112	109	102.893	130.694	146	139	136	135	133	131	129	127	125	122	116	0	0	0.000	0.000	0	0	0	0	0.000	0	0	0	0.000	0	0	0	0	0.000	0.000	0	0	0	0	0.000	0	0	0	0.000	0	0
43	43	559	1012.446	367.712	0.930	24	30	273	198	31	24	30	273	198	31	108.737	113.744	118	116	115	115	114	114	113	113	112	112	109	103.789	111.880	118	116	115	113	113	112	111	110	109	108	105	0	0	0.000	0.000	0	0	0	0	0.000	0	0	0	0.000	0	0	0	0	0.000	0.000	0	0	0	0	0.000	0	0	0	0.000	0	0
44	44	2231	1247.677	379.229	0.917	220	1135	688	118	27	220	1135	688	118	27	108.151	341.090	1017	456	425	389	358	326	294	272	254	236	164	102.550	114.607	124	118	117	116	115	115	114	113	112	111	105	1	16	1229.512	386.047	0	0	0	856	834.750	0	0	120	119.812	0	0	0	0	0.000	0.000	0	0	0	0	0.000	0	0	0	0.000	0	0
45	45	1536	1836.393	389.448	0.898	172	783	490	54	16	172	783	490	54	16	107.000	117.100	130	123	120	118	117	116	116	115	114	113	109	106.027	717.688	1149	952	871	822	783	737	689	624	544	450	211	0	0	0.000	0.000	0	0	0	0	0.000	0	0	0	0.000	0	0	0	0	0.000	0.000	0	0	0	0	0.000	0	0	0	0.000	0	0
46	46	1864	560.615	406.306	0.890	40	242	1030	468	54	40	242	1030	468	54	106.866	137.800	161	151	147	144	140	137	135	132	128	125	118	102.723	848.791	1436	1216	1111	1029	956	862	765	664	579	467	267	0	0	0.000	0.000	0	0	0	0	0.000	0	0	0	0.000	0	0	0	0	0.000	0.000	0	0	0	0	0.000	0	0	0	0.000	0	0
47	47	1484	70.330	410.647	0.909	486	775	178	10	4	486	775	178	10	4	105.419	1291.518	8777	4588	1718	702	404	325	301	289	280	271	239	101.018	134.430	167	148	141	137	135	133	131	129	127	124	113	1	316	73.204	412.955	0	0	0	4192	4461.965	0	0	147	148.443	0	0	0	0	0.000	0.000	0	0	0	0	0.000	0	0	0	0.000	0	0
48	48	1854	997.526	411.924	0.904	11	48	556	1014	183	11	48	556	1014	183	108.231	114.626	122	117	116	116	115	115	114	113	113	112	110	103.471	1055.741	1656	1439	1364	1288	1201	1126	1018	867	714	550	349	0	0	0.000	0.000	0	0	0	0	0.000	0	0	0	0.000	0	0	0	0	0.000	0.000	0	0	0	0	0.000	0	0	0	0.000	0	0
49	49	1664	1112.040	413.469	0.884	76	1008	458	65	20	76	1008	458	65	20	108.100	114.725	124	118	116	116	115	114	114	114	113	112	110	102.767	116.028	129	122	120	118	117	115	114	113	112	111	104	0	0	0.000	0.000	0	0	0	0	0.000	0	0	0	0.000	0	0	0	0	0.000	0.000	0	0	0	0	0.000	0	0	0	0.000	0	0
50	50	1714	1378.594	430.077	0.895	23	398	949	258	46	23	398	949	258	46	108.044	179.714	225	206	201	195	189	181	174	166	157	151	137	102.512	144.323	167	158	155	152	149	146	141	137	133	129	113	0	0	0.000	0.000	0	0	0	0	0.000	0	0	0	0.000	0	0	0	0	0.000	0.000	0	0	0	0	0.000	0	0	0	0.000	0	0
51	51	430	1286.514	421.020	0.818	58	203	103	44	14	58	203	103	44	14	109.000	150.228	194	174	162	156	152	148	143	139	136	134	129	101.965	130.405	159	144	138	134	132	130	127	124	122	119	114	0	0	0.000	0.000	0	0	0	0	0.000	0	0	0	0.000	0	0	0	0	0.000	0.000	0	0	0	0	0.000	0	0	0	0.000	0	0
52	52	852	1155.847	428.864	0.918	56	424	335	16	7	56	424	335	16	7	107.908	113.146	118	115	115	114	114	113	113	112	112	111	108	102.009	115.744	125	120	118	118	117	116	115	114	113	111	107	0	0	0.000	0.000	0	0	0	0	0.000	0	0	0	0.000	0	0	0	0	0.000	0.000	0	0	0	0	0.000	0	0	0	0.000	0	0
53	53	2413	947.509	442.819	0.873	176	1188	813	161	27	176	1188	813	161	27	107.876	116.068	123	119	118	117	117	116	116	115	114	113	109	103.000	1254.422	2439	1861	1645	1506	1382	1244	1112	973	831	690	341	0	0	0.000	0.000	0	0	0	0	0.000	0	0	0	0.000	0	0	0	0	0.000	0.000	0	0	0	0	0.000	0	0	0	0.000	0	0
54	54	1517	600.536	442.387	0.904	39	725	692	17	7	39	725	692	17	7	107.821	139.481	155	151	148	146	144	141	137	134	130	127	117	102.539	904.160	1309	1194	1149	1099	1035	941	841	749	637	535	400	0	0	0.000	0.000	0	0	0	0	0.000	0	0	0	0.000	0	0	0	0	0.000	0.000	0	0	0	0	0.000	0	0	0	0.000	0	0
55	55	2149	1069.290	452.704	0.894	74	195	1607	231	12	74	195	1607	231	12	108.181	113.990	122	117	115	115	114	114	113	113	112	112	109	102.707	122.110	135	128	126	125	123	122	121	120	119	117	107	0	0	0.000	0.000	0	0	0	0	0.000	0	0	0	0.000	0	0	0	0	0.000	0.000	0	0	0	0	0.000	0	0	0	0.000	0	0
56	56	1724	1197.392	448.811	0.903	240	848	483	96	20	240	848	483	96	20	108.000	117.756	126	122	121	119	118	117	117	116	115	114	111	102.138	1180.959	2090	1610	1499	1396	1300	1207	1102	983	858	698	380	0	0	0.000	0.000	0	0	0	0	0.000	0	0	0	0.000	0	0	0	0	0.000	0.000	0	0	0	0	0.000	0	0	0	0.000	0	0
57	57	2496	1400.133	486.163	0.861	91	974	1237	130	6	91	974	1237	130	6	108.508	204.977	306	252	235	222	211	203	196	189	177	154	133	102.792	152.627	188	171	165	160	156	152	149	145	141	136	105	0	0	0.000	0.000	0	0	0	0	0.000	0	0	0	0.000	0	0	0	0	0.000	0.000	0	0	0	0	0.000	0	0	0	0.000	0	0
58	58	618	1320.769	469.150	0.928	59	175	304	58	9	59	175	304	58	9	109.000	195.684	275	252	236	220	204	191	179	167	157	148	132	102.141	111.105	125	115	114	113	112	111	111	110	108	106	103	0	0	0.000	0.000	0	0	0	0	0.000	0	0	0	0.000	0	0	0	0	0.000	0.000	0	0	0	0	0.000	0	0	0	0.000	0	0
59	59	1845	181.987	477.624	0.912	282	1474	48	10	8	282	1474	48	10	8	105.268	151.511	174	167	164	160	156	153	150	146	142	133	112	103.486	1407.853	2132	1938	1778	1663	1553	1437	1314	1175	1020	863	394	0	0	0.000	0.000	0	0	0	0	0.000	0	0	0	0.000	0	0	0	0	0.000	0.000	0	0	0	0	0.000	0	0	0	0.000	0	0
60	60	608	1544.527	484.914	0.917	59	192	258	72	14	59	192	258	72	14	107.785	114.809	120	118	116	116	115	115	114	114	113	113	111	101.839	427.021	635	597	566	515	461	424	381	341	304	258	201	0	0	0.000	0.000	0	0	0	0	0.000	0	0	0	0.000	0	0	0	0	0.000	0.000	0	0	0	0	0.000	0	0	0	0.000	0	0
61	61	1552	968.201	494.041	0.922	29	283	989	217	11	29	283	989	217	11	108.000	116.515	127	120	118	117	117	116	116	115	114	113	111	103.000	1277.296	1973	1773	1628	1539	1427	1293	1177	1045	908	787	358	0	0	0.000	0.000	0	0	0	0	0.000	0	0	0	0.000	0	0	0	0	0.000	0.000	0	0	0	0	0.000	0	0	0	0.000	0	0
62	62	1600	1341.694	505.768	0.877	92	249	821	364	34	92	249	821	364	34	109.000	290.519	549	368	344	327	312	294	275	252	225	196	158	102.291	116.309	129	121	119	118	117	116	115	114	113	112	106	0	0	0.000	0.000	0	0	0	0	0.000	0	0	0	0.000	0	0	0	0	0.000	0.000	0	0	0	0	0.000	0	0	0	0.000	0	0
63	63	1995	552.450	504.890	0.879	36	600	1177	112	27	36	600	1177	112	27	107.994	356.216	3937	812	292	181	153	142	137	133	129	124	117	102.583	118.577	145	125	122	120	119	118	117	116	114	113	106	1	207	548.394	515.407	0	0	0	1586	1807.406	0	0	128	128.850	0	0	0	0	0.000	0.000	0	0	0	0	0.000	0	0	0	0.000	0	0
64	64	1925	1718.978	507.731	0.872	48	221	1114	466	36	48	221	1114	466	36	109.614	129.884	149	141	138	134	132	130	127	124	122	120	116	102.400	120.471	135	128	126	124	122	121	119	117	115	113	104	0	0	0.000	0.000	0	0	0	0	0.000	0	0	0	0.000	0	0	0	0	0.000	0.000	0	0	0	0	0.000	0	0	0	0.000	0	0
65	65	1456	1669.784	501.496	0.875	91	298	528	424	81	91	298	528	424	81	109.267	236.480	718	311	255	242	229	218	206	191	175	163	134	102.000	116.160	131	124	121	119	117	115	114	113	112	110	103	1	67	1682.229	491.983	0	0	0	554	551.851	0	0	118	117.582	0	0	0	0	0.000	0.000	0	0	0	0	0.000	0	0	0	0.000	0	0
66	66	2012	1961.076	516.582	0.876	130	1158	553	85	32	130	1158	553	85	32	107.337	118.317	139	130	124	120	117	116	115	114	113	112	109	101.000	115.509	129	121	119	118	116	115	114	113	112	110	104	0	0	0.000	0.000	0	0	0	0	0.000	0	0	0	0.000	0	0	0	0	0.000	0.000	0	0	0	0	0.000	0	0	0	0.000	0	0
67	67	533	797.925	518.183	0.916	23	87	226	155	30	23	87	226	155	30	107.238	154.705	174	169	166	162	160	156	153	149	144	138	127	103.000	551.959	775	722	684	649	617	571	526	476	410	339	248	0	0	0.000	0.000	0	0	0	0	0.000	0	0	0	0.000	0	0	0	0	0.000	0.000	0	0	0	0	0.000	0	0	0	0.000	0	0
68	68	2762	45.677	543.130	0.879	65	137	1306	1122	83	65	137	1306	1122	83	104.748	245.692	1734	387	249	211	197	188	180	172	163	149	128	100.983	129.717	155	139	136	134	132	130	128	126	124	120	105	2	129	46.151	562.521	125	51.915	538.281	892	938.233	461	469.192	142	140.225	135	135.088	0	0	0.000	0.000	0	0	0	0	0.000	0	0	0	0.000	0	0
69	69	332	570.411	537.898	0.913	89	186	44	5	5	89	186	44	5	5	108.000	125.672	133	131	130	129	128	127	125	123	121	120	116	103.000	111.304	123	117	114	113	112	111	110	109	108	107	105	0	0	0.000	0.000	0	0	0	0	0.000	0	0	0	0.000	0	0	0	0	0.000	0.000	0	0	0	0	0.000	0	0	0	0.000	0	0
70	70	1971	785.797	558.638	0.893	65	145	783	873	64	65	145	783	873	64	108.736	152.758	184	171	165	161	157	153	149	145	139	134	123	103.613	593.187	955	819	761	700	648	595	545	490	426	345	264	0	0	0.000	0.000	0	0	0	0	0.000	0	0	0	0.000	0	0	0	0	0.000	0.000	0	0	0	0	0.000	0	0	0	0.000	0	0
71	71	1447	1686.644	558.024	0.887	566	579	188	49	29	566	579	188	49	29	109.384	129.819	143	137	135	133	131	129	128	126	125	124	121	102.001	115.437	130	122	119	117	116	115	114	113	112	111	106	0	0	0.000	0.000	0	0	0	0	0.000	0	0	0	0.000	0	0	0	0	0.000	0.000	0	0	0	0	0.000	0	0	0	0.000	0	0
72	72	1153	1727.774	553.927	0.891	15	101	266	629	117	15	101	266	629	117	109.475	131.210	144	138	136	135	134	133	131	128	125	122	114	102.016	119.208	131	124	123	122	121	120	119	117	116	114	108	0	0	0.000	0.000	0	0	0	0	0.000	0	0	0	0.000	0	0	0	0	0.000	0.000	0	0	0	0	0.000	0	0	0	0.000	0	0
73	73	2667	1385.454	567.527	0.821	116	450	1328	667	58	116	450	1328	667	58	108.754	141.040	515	149	134	130	128	127	126	125	123	121	115	102.000	547.538	854	735	684	636	593	552	505	463	407	353	240	1	160	1400.777	565.520	0	0	0	312	322.538	0	0	782	776.881	0	0	0	0	0.000	0.000	0	0	0	0	0.000	0	0	0	0.000	0	0
74	74	1690	150.966	595.676	0.912	433	1013	96	86	39	433	1013	96	86	39	106.000	113.464	124	118	115	114	114	113	112	112	111	110	107	102.811	1374.448	2257	1854	1689	1574	1467	1380	1302	1198	1038	842	586	0	0	0.000	0.000	0	0	0	0	0.000	0	0	0	0.000	0	0	0	0	0.000	0.000	0	0	0	0	0.000	0	0	0	0.000	0	0
75	75	494	652.282	583.727	0.960	37	141	248	56	5	37	141	248	56	5	108.785	142.964	162	156	153	151	148	145	140	136	132	128	120	102.000	131.520	146	141	139	137	135	134	131	128	124	119	110	0	0	0.000	0.000	0	0	0	0	0.000	0	0	0	0.000	0	0	0	0	0.000	0.000	0	0	0	0	0.000	0	0	0	0.000	0	0
76	76	1399	25.756	597.621	0.867	137	288	564	341	51	137	288	564	341	51	103.402	145.124	227	185	170	155	147	140	133	126	121	115	106	100.920	132.389	200	162	152	143	135	128	122	117	113	109	102	1	20	24.112	589.802	0	0	0	219	218.350	0	0	186	185.150	0	0	1	12	22.768	589.006	0	0	0	214	213.333	0	0	187	185.917	0	0
77	77	2027	1425.947	616.299	0.877	264	1105	473	100	38	264	1105	473	100	38	108.653	127.550	144	134	131	130	129	128	126	125	123	121	114	102.000	517.682	685	626	603	577	555	532	505	469	430	383	311	0	0	0.000	0.000	0	0	0	0	0.000	0	0	0	0.000	0	0	0	0	0.000	0.000	0	0	0	0	0.000	0	0	0	0.000	0	0
78	78	1977	748.937	619.427	0.911	156	490	1088	190	15	156	490	1088	190	15	109.015	117.730	125	121	120	119	118	118	117	116	116	115	111	103.312	1381.122	2151	1854	1750	1618	1500	1386	1293	1195	1076	912	308	0	0	0.000	0.000	0	0	0	0	0.000	0	0	0	0.000	0	0	0	0	0.000	0.000	0	0	0	0	0.000	0	0	0	0.000	0	0
79	79	2293	661.162	633.251	0.807	81	325	1180	611	42	81	325	1180	611	42	109.000	161.617	226	185	177	172	166	162	157	150	143	137	126	102.290	141.858	163	153	151	148	145	143	140	137	133	128	114	0	0	0.000	0.000	0	0	0	0	0.000	0	0	0	0.000	0	0	0	0	0.000	0.000	0	0	0	0	0.000	0	0	0	0.000	0	0
80	80	298	264.798	613.662	0.926	54	69	88	62	19	54	69	88	62	19	106.064	119.688	126	124	123	122	121	120	119	118	117	115	112	102.919	699.500	1007	906	863	838	795	748	681	597	524	428	304	0	0	0.000	0.000	0	0	0	0	0.000	0	0	0	0.000	0	0	0	0	0.000	0.000	0	0	0	0	0.000	0	0	0	0.000	0	0
81	81	2081	878.097	631.194	0.906	121	1662	220	26	17	121	1662	220	26	17	109.012	117.009	125	120	119	118	117	117	116	116	115	114	110	102.993	1443.211	2451	2175	1941	1776	1585	1422	1275	1159	940	717	365	0	0	0.000	0.000	0	0	0	0	0.000	0	0	0	0.000	0	0	0	0	0.000	0.000	0	0	0	0	0.000	0	0	0	0.000	0	0
82	82	1575	822.002	628.395	0.906	450	716	220	118	40	450	716	220	118	40	109.940	116.742	123	120	119	118	117	117	116	116	115	114	111	103.109	1273.761	1956	1745	1656	1568	1479	1365	1218	1041	850	660	429	0	0	0.000	0.000	0	0	0	0	0.000	0	0	0	0.000	0	0	0	0	0.000	0.000	0	0	0	0	0.000	0	0	0	0.000	0	0
83	83	1981	257.658	648.016	0.874	33	309	1435	147	18	33	309	1435	147	18	106.493	122.181	136	130	127	126	124	122	120	119	117	115	110	102.755	1007.217	1765	1429	1290	1168	1076	1000	918	835	740	580	432	0	0	0.000	0.000	0	0	0	0	0.000	0	0	0	0.000	0	0	0	0	0.000	0.000	0	0	0	0	0.000	0	0	0	0.000	0	0
84	84	1573	591.202	642.642	0.895	41	173	656	588	80	41	173	656	588	80	108.014	114.558	120	117	116	115	115	114	114	114	113	113	109	102.000	115.925	127	121	119	118	117	116	115	114	113	111	104	0	0	0.000	0.000	0	0	0	0	0.000	0	0	0	0.000	0	0	0	0	0.000	0.000	0	0	0	0	0.000	0	0	0	0.000	0	0
85	85	1526	158.328	654.634	0.885	257	948	229	42	27	257	948	229	42	27	104.971	112.728	119	115	115	114	113	113	112	111	111	110	108	102.000	1385.077	1991	1804	1695	1604	1532	1429	1337	1233	1074	865	592	0	0	0.000	0.000	0	0	0	0	0.000	0	0	0	0.000	0	0	0	0	0.000	0.000	0	0	0	0	0.000	0	0	0	0.000	0	0
86	86	1455	835.237	673.354	0.860	8	106	806	462	44	8	106	806	462	44	109.002	119.181	126	123	121	121	120	119	118	118	117	116	113	102.968	484.200	665	623	596	564	536	506	465	419	370	313	207	0	0	0.000	0.000	0	0	0	0	0.000	0	0	0	0.000	0	0	0	0	0.000	0.000	0	0	0	0	0.000	0	0	0	0.000	0	0
87	87	2668	644.115	695.702	0.889	2209	309	84	23	7	2209	309	84	23	7	109.000	163.351	207	183	178	175	172	169	164	157	144	132	121	103.000	137.669	162	151	147	144	142	139	136	132	128	123	110	0	0	0.000	0.000	0	0	0	0	0.000	0	0	0	0.000	0	0	0	0	0.000	0.000	0	0	0	0	0.000	0	0	0	0.000	0	0
88	88	542	1675.555	681.286	0.919	125	269	94	38	9	125	269	94	38	9	109.428	150.670	192	179	167	160	154	149	145	139	133	128	121	101.701	125.240	169	144	133	129	126	124	121	118	114	110	105	0	0	0.000	0.000	0	0	0	0	0.000	0	0	0	0.000	0	0	0	0	0.000	0.000	0	0	0	0	0.000	0	0	0	0.000	0	0
89	89	1680	233.509	696.483	0.893	16	70	362	934	263	16	70	362	934	263	105.998	121.119	133	128	126	124	122	121	119	118	117	115	108	102.733	918.791	1478	1339	1244	1163	1063	937	799	673	572	486	361	0	0	0.000	0.000	0	0	0	0	0.000	0	0	0	0.000	0	0	0	0	0.000	0.000	0	0	0	0	0.000	0	0	0	0.000	0	0
90	90	1802	1725.636	695.079	0.808	60	591	847	244	31	60	591	847	244	31	109.655	320.305	3283	576	236	202	183	167	154	145	137	131	121	102.000	116.711	132	122	120	119	118	117	116	114	113	111	106	1	180	1746.462	698.224	0	0	0	1426	1532.139	0	0	122	121.622	0	0	0	0	0.000	0.000	0	0	0	0	0.000	0	0	0	0.000	0	0
91	91	1449	1248.942	709.201	0.909	117	320	753	211	22	117	320	753	211	22	109.448	310.310	5264	269	221	213	203	196	192	187	175	158	135	102.000	128.312	148	138	134	132	130	129	127	125	123	118	108	1	72	1233.143	703.150	0	0	0	1958	2188.458	0	0	139	137.986	0	0	0	0	0.000	0.000	0	0	0	0	0.000	0	0	0	0.000	0	0
92	92	1486	557.768	710.094	0.903	109	217	798	304	29	109	217	798	304	29	108.088	191.686	528	241	203	192	185	179	173	165	155	143	126	102.086	118.923	131	124	123	121	120	119	118	117	116	113	105	1	70	544.358	713.014	0	0	0	406	408.929	0	0	123	123.371	0	0	0	0	0.000	0.000	0	0	0	0	0.000	0	0	0	0.000	0	0
93	93	2194	840.130	734.362	0.906	45	796	1189	109	16	45	796	1189	109	16	109.000	120.566	132	125	123	122	121	121	120	119	118	117	111	103.108	465.792	739	645	585	543	502	464	428	392	352	286	221	0	0	0.000	0.000	0	0	0	0	0.000	0	0	0	0.000	0	0	0	0	0.000	0.000	0	0	0	0	0.000	0	0	0	0.000	0	0
94	94	1197	1709.737	749.177	0.887	42	387	534	173	37	42	387	534	173	37	109.997	135.664	153	142	140	138	137	136	135	133	131	129	121	102.000	120.910	141	128	125	124	122	120	119	118	116	115	109	0	0	0.000	0.000	0	0	0	0	0.000	0	0	0	0.000	0	0	0	0	0.000	0.000	0	0	0	0	0.000	0	0	0	0.000	0	0
95	95	1225	1934.295	762.079	0.901	70	177	692	243	24	70	177	692	243	24	107.394	124.423	135	130	129	127	126	125	124	122	120	118	113	102.000	2739.278	4193	3553	3383	3224	3037	2826	2662	2470	2206	1627	678	0	0	0.000	0.000	0	0	0	0	0.000	0	0	0	0.000	0	0	0	0	0.000	0.000	0	0	0	0	0.000	0	0	0	0.000	0	0
96	96	2146	1297.097	774.920	0.904	422	1393	257	33	9	422	1393	257	33	9	109.000	126.296	150	141	133	128	125	123	122	121	120	119	114	102.075	113.899	126	119	117	115	114	113	113	112	111	109	104	0	0	0.000	0.000	0	0	0	0	0.000	0	0	0	0.000	0	0	0	0	0.000	0.000	0	0	0	0	0.000	0	0	0	0.000	0	0
97	97	1163	1807.449	774.868	0.859	712	373	36	10	10	712	373	36	10	10	110.000	1620.097	10697	3414	1743	1519	1356	1178	950	737	564	422	225	101.969	131.825	178	150	144	140	136	131	126	122	118	114	106	1	99	1799.377	774.978	0	0	0	6020	6298.515	0	0	154	154.394	0	0	0	0	0.000	0.000	0	0	0	0	0.000	0	0	0	0.000	0	0
98	98	2203	1185.079	787.308	0.877	74	816	1107	131	24	74	816	1107	131	24	109.695	340.688	4707	487	286	221	175	157	151	147	140	133	120	103.000	122.775	152	133	128	125	123	122	121	119	117	114	105	2	154	1181.378	799.488	23	1195.255	768.500	1945	2156.747	281	277.739	138	138.130	130	129.435	0	0	0.000	0.000	0	0	0	0	0.000	0	0	0	0.000	0	0
99	99	1501	1388.391	786.876	0.912	8	47	594	776	40	8	47	594	776	40	109.000	117.308	123	120	119	118	118	117	117	116	115	115	110	102.999	456.540	652	596	570	545	514	479	433	391	336	277	215	0	0	0.000	0.000	0	0	0	0	0.000	0	0	0	0.000	0	0	0	0	0.000	0.000	0	0	0	0	0.000	0	0	0	0.000	0	0
100	100	1996	548.232	790.628	0.895	103	732	861	224	30	103	732	861	224	30	108.022	180.634	235	216	208	200	192	183	175	165	153	138	125	103.000	142.552	167	158	155	152	149	145	140	136	130	124	110	0	0	0.000	0.000	0	0	0	0	0.000	0	0	0	0.000	0	0	0	0	0.000	0.000	0	0	0	0	0.000	0	0	0	0.000	0	0
101	101	2017	1453.348	802.294	0.833	46	698	1131	94	6	46	698	1131	94	6	109.914	200.678	265	244	230	217	204	195	187	180	176	170	146	103.000	171.361	227	202	191	181	175	170	164	157	152	146	135	0	0	0.000	0.000	0	0	0	0	0.000	0	0	0	0.000	0	0	0	0	0.000	0.000	0	0	0	0	0.000	0	0	0	0.000	0	0
102	102	1955	849.687	795.622	0.913	7	252	971	635	63	7	252	971	635	63	109.172	337.473	3257	762	304	194	166	157	148	140	132	126	120	104.000	1137.825	1867	1643	1541	1461	1357	1228	1066	843	640	496	372	1	215	846.102	793.547	0	0	0	1354	1528.437	0	0	1457	1440.409	0	0	0	0	0.000	0.000	0	0	0	0	0.000	0	0	0	0.000	0	0
103	103	904	1722.020	800.911	0.911	190	400	220	64	17	190	400	220	64	17	110.000	146.173	171	157	153	151	149	147	145	142	139	133	123	102.000	132.466	161	143	140	137	135	132	130	127	125	121	113	0	0	0.000	0.000	0	0	0	0	0.000	0	0	0	0.000	0	0	0	0	0.000	0.000	0	0	0	0	0.000	0	0	0	0.000	0	0
104	104	426	511.134	803.953	0.889	44	70	138	125	38	44	70	138	125	38	108.000	131.692	167	146	138	135	133	131	128	126	123	120	114	103.000	121.979	154	133	129	126	124	123	120	117	113	110	107	0	0	0.000	0.000	0	0	0	0	0.000	0	0	0	0.000	0	0	0	0	0.000	0.000	0	0	0	0	0.000	0	0	0	0.000	0	0
105	105	1945	1353.819	828.551	0.882	6	49	331	1192	329	6	49	331	1192	329	109.286	117.956	125	121	120	119	118	118	117	117	116	115	111	103.000	435.374	693	598	544	504	471	435	395	351	318	282	212	0	0	0.000	0.000	0	0	0	0	0.000	0	0	0	0.000	0	0	0	0	0.000	0.000	0	0	0	0	0.000	0	0	0	0.000	0	0
106	106	1561	902.359	837.670	0.891	126	819	537	20	14	126	819	537	20	14	108.824	118.747	132	124	121	120	119	118	118	117	116	115	109	104.000	650.950	1039	955	890	814	731	639	560	484	416	355	293	0	0	0.000	0.000	0	0	0	0	0.000	0	0	0	0.000	0	0	0	0	0.000	0.000	0	0	0	0	0.000	0	0	0	0.000	0	0
107	107	1616	847.758	847.602	0.898	55	169	1117	234	13	55	169	1117	234	13	109.124	159.166	179	172	170	168	165	161	158	153	148	141	127	103.877	1302.235	1748	1657	1581	1503	1422	1342	1241	1140	1024	895	534	0	0	0.000	0.000	0	0	0	0	0.000	0	0	0	0.000	0	0	0	0	0.000	0.000	0	0	0	0	0.000	0	0	0	0.000	0	0
108	108	455	1439.860	844.271	0.938	20	40	124	215	49	20	40	124	215	49	109.327	157.565	185	175	170	165	160	156	153	150	146	141	133	103.000	145.488	171	162	158	154	148	144	141	138	134	130	120	0	0	0.000	0.000	0	0	0	0	0.000	0	0	0	0.000	0	0	0	0	0.000	0.000	0	0	0	0	0.000	0	0	0	0.000	0	0
109	109	1906	1315.712	869.709	0.888	52	75	639	867	242	52	75	639	867	242	109.984	119.267	130	123	121	120	120	119	118	118	117	115	111	102.263	483.437	736	655	619	586	551	516	463	401	331	256	192	0	0	0.000	0.000	0	0	0	0	0.000	0	0	0	0.000	0	0	0	0	0.000	0.000	0	0	0	0	0.000	0	0	0	0.000	0	0
110	110	1594	1372.223	870.424	0.907	48	106	790	587	32	48	106	790	587	32	110.000	120.019	130	124	123	121	120	120	119	118	118	116	113	102.898	628.723	870	798	751	713	677	638	600	554	501	447	281	0	0	0.000	0.000	0	0	0	0	0.000	0	0	0	0.000	0	0	0	0	0.000	0.000	0	0	0	0	0.000	0	0	0	0.000	0	0
111	111	237	410.391	861.440	0.952	27	50	68	65	21	27	50	68	65	21	107.000	131.274	141	139	137	135	133	132	130	128	126	124	120	103.992	835.814	1306	1182	1077	991	897	819	764	683	610	520	371	0	0	0.000	0.000	0	0	0	0	0.000	0	0	0	0.000	0	0	0	0	0.000	0.000	0	0	0	0	0.000	0	0	0	0.000	0	0
112	112	1418	1223.531	884.827	0.908	14	64	486	754	78	14	64	486	754	78	110.000	121.618	229	125	122	121	120	119	118	118	117	116	112	102.133	240.115	305	278	265	257	249	242	234	225	213	201	159	1	60	1217.924	885.640	0	0	0	165	167.150	0	0	229	223.967	0	0	0	0	0.000	0.000	0	0	0	0	0.000	0	0	0	0.000	0	0
113	113	1715	896.005	891.978	0.911	99	348	1106	119	8	99	348	1106	119	8	109.000	117.728	124	121	120	119	118	118	117	116	116	115	111	102.706	687.639	999	910	873	838	798	754	690	600	473	338	209	0	0	0.000	0.000	0	0	0	0	0.000	0	0	0	0.000	0	0	0	0	0.000	0.000	0	0	0	0	0.000	0	0	0	0.000	0	0
114	114	1612	398.989	896.717	0.893	25	133	826	539	53	25	133	826	539	53	107.963	184.839	229	214	209	204	197	189	179	169	160	149	127	104.728	2345.533	3603	3238	3028	2840	2677	2483	2231	1924	1567	1314	606	0	0	0.000	0.000	0	0	0	0	0.000	0	0	0	0.000	0	0	0	0	0.000	0.000	0	0	0	0	0.000	0	0	0	0.000	0	0
115	115	1712	510.893	912.341	0.907	84	806	702	68	19	84	806	702	68	19	108.866	188.297	229	216	209	202	195	190	184	177	170	158	132	104.630	565.314	796	732	683	647	615	576	537	495	453	380	268	0	0	0.000	0.000	0	0	0	0	0.000	0	0	0	0.000	0	0	0	0	0.000	0.000	0	0	0	0	0.000	0	0	0	0.000	0	0
116	116	1445	1016.190	916.883	0.871	168	642	468	120	17	168	642	468	120	17	110.000	179.493	233	211	203	194	188	183	175	166	155	143	124	102.000	155.688	212	179	173	166	161	157	152	146	139	129	109	0	0	0.000	0.000	0	0	0	0	0.000	0	0	0	0.000	0	0	0	0	0.000	0.000	0	0	0	0	0.000	0	0	0	0.000	0	0
117	117	275	1235.122	915.171	0.908	43	126	39	40	23	43	126	39	40	23	110.000	118.142	124	121	120	119	119	118	118	117	116	116	114	102.000	179.815	295	213	201	187	181	177	173	168	162	150	128	0	0	0.000	0.000	0	0	0	0	0.000	0	0	0	0.000	0	0	0	0	0.000	0.000	0	0	0	0	0.000	0	0	0	0.000	0	0
118	118	1575	1205.914	934.268	0.859	16	147	831	509	48	16	147	831	509	48	109.338	132.116	466	129	125	125	124	123	122	121	121	120	115	101.888	244.788	310	283	273	263	254	244	235	226	218	209	177	1	83	1198.829	917.697	0	0	0	264	275.928	0	0	253	238.169	0	0	0	0	0.000	0.000	0	0	0	0	0.000	0	0	0	0.000	0	0
119	119	809	369.537	926.139	0.915	55	219	446	59	20	55	219	446	59	20	108.000	162.488	197	187	181	175	169	162	156	150	144	139	131	105.000	2763.512	3764	3635	3470	3301	3109	2847	2574	2295	2042	1778	1229	0	0	0.000	0.000	0	0	0	0	0.000	0	0	0	0.000	0	0	0	0	0.000	0.000	0	0	0	0	0.000	0	0	0	0.000	0	0
120	120	2038	554.384	948.550	0.878	44	183	1215	520	37	44	183	1215	520	37	109.491	185.855	240	225	210	201	193	186	179	170	160	149	134	104.045	543.299	868	761	689	638	599	555	501	441	378	331	216	0	0	0.000	0.000	0	0	0	0	0.000	0	0	0	0.000	0	0	0	0	0.000	0.000	0	0	0	0	0.000	0	0	0	0.000	0	0
121	121	1589	1979.707	944.942	0.894	271	1053	197	29	10	271	1053	197	29	10	108.133	118.945	125	122	121	120	120	119	118	117	117	116	113	101.000	128.632	146	136	133	131	130	128	127	125	124	122	113	0	0	0.000	0.000	0	0	0	0	0.000	0	0	0	0.000	0	0	0	0	0.000	0.000	0	0	0	0	0.000	0	0	0	0.000	0	0
122	122	364	309.418	939.244	0.913	7	23	70	212	44	7	23	70	212	44	107.516	157.893	177	169	165	162	159	157	156	154	152	149	137	104.000	114.195	124	119	117	116	115	114	113	112	111	111	107	0	0	0.000	0.000	0	0	0	0	0.000	0	0	0	0.000	0	0	0	0	0.000	0.000	0	0	0	0	0.000	0	0	0	0.000	0	0
123	123	1971	268.443	953.314	0.893	60	1347	473	52	7	60	1347	473	52	7	107.193	222.528	461	273	255	242	234	221	208	193	182	167	147	103.213	121.216	135	127	125	124	122	121	120	118	117	116	110	0	0	0.000	0.000	0	0	0	0	0.000	0	0	0	0.000	0	0	0	0	0.000	0.000	0	0	0	0	0.000	0	0	0	0.000	0	0
124	124	1708	406.245	951.687	0.895	99	1050	488	29	7	99	1050	488	29	7	108.000	182.574	217	208	202	198	193	189	183	177	163	144	118	105.351	2860.811	4531	4137	3756	3458	3189	2948	2720	2452	2124	1421	195	0	0	0.000	0.000	0	0	0	0	0.000	0	0	0	0.000	0	0	0	0	0.000	0.000	0	0	0	0	0.000	0	0	0	0.000	0	0
125	125	1548	1714.253	957.822	0.905	1464	36	21	15	10	1464	36	21	15	10	109.568	118.326	130	124	121	119	118	117	117	116	115	115	112	101.724	114.427	127	119	118	117	116	115	114	112	111	109	104	0	0	0.000	0.000	0	0	0	0	0.000	0	0	0	0.000	0	0	0	0	0.000	0.000	0	0	0	0	0.000	0	0	0	0.000	0	0
126	126	1662	1380.131	974.520	0.819	33	214	649	619	109	33	214	649	619	109	110.000	201.890	258	243	235	224	214	204	193	182	172	159	129	101.945	174.389	218	206	200	194	186	177	168	158	148	139	109	0	0	0.000	0.000	0	0	0	0	0.000	0	0	0	0.000	0	0	0	0	0.000	0.000	0	0	0	0	0.000	0	0	0	0.000	0	0
127	127	2144	215.496	982.638	0.891	280	1182	616	20	6	280	1182	616	20	6	107.000	255.675	456	324	299	276	261	247	237	225	212	191	150	102.348	123.187	139	129	127	126	125	124	122	121	119	117	107	0	0	0.000	0.000	0	0	0	0	0.000	0	0	0	0.000	0	0	0	0	0.000	0.000	0	0	0	0	0.000	0	0	0	0.000	0	0
128	128	602	334.918	974.597	0.915	33	92	222	199	47	33	92	222	199	47	108.000	187.113	327	271	225	198	180	169	160	154	148	142	133	104.151	116.154	125	121	119	118	117	116	115	114	113	111	106	1	22	338.610	976.092	0	0	0	310	308.273	0	0	121	120.727	0	0	0	0	0.000	0.000	0	0	0	0	0.000	0	0	0	0.000	0	0
129	129	1809	1584.713	982.659	0.897	57	1160	511	21	8	57	1160	511	21	8	110.143	135.656	161	146	142	139	137	135	133	132	129	126	117	102.423	320.222	455	409	382	362	343	324	304	283	259	228	176	0	0	0.000	0.000	0	0	0	0	0.000	0	0	0	0.000	0	0	0	0	0.000	0.000	0	0	0	0	0.000	0	0	0	0.000	0	0
130	130	1304	484.877	985.902	0.900	153	852	244	26	14	153	852	244	26	14	108.994	495.275	5671	978	426	291	265	249	238	223	199	175	143	105.000	121.065	147	127	124	123	122	121	119	118	117	115	107	1	110	491.868	990.232	0	0	0	2325	2541.618	0	0	129	129.691	0	0	0	0	0.000	0.000	0	0	0	0	0.000	0	0	0	0.000	0	0
131	131	1405	827.712	994.770	0.910	9	254	749	348	25	9	254	749	348	25	109.208	184.579	227	210	204	196	189	183	178	173	167	161	145	102.715	965.123	1588	1392	1285	1186	1097	975	855	753	630	524	357	0	0	0.000	0.000	0	0	0	0	0.000	0	0	0	0.000	0	0	0	0	0.000	0.000	0	0	0	0	0.000	0	0	0	0.000	0	0
132	132	656	970.641	996.238	0.869	171	356	104	10	5	171	356	104	10	5	110.000	167.947	226	202	187	179	172	166	159	153	146	140	129	102.000	122.101	138	131	128	126	124	122	120	118	116	113	106	0	0	0.000	0.000	0	0	0	0	0.000	0	0	0	0.000	0	0	0	0	0.000	0.000	0	0	0	0	0.000	0	0	0	0.000	0	0
133	133	1574	438.433	1000.571	0.896	40	108	673	662	63	40	108	673	662	63	108.198	114.671	120	117	116	116	115	115	114	114	113	112	108	105.497	1084.527	1639	1443	1369	1299	1227	1144	1034	906	774	641	368	0	0	0.000	0.000	0	0	0	0	0.000	0	0	0	0.000	0	0	0	0	0.000	0.000	0	0	0	0	0.000	0	0	0	0.000	0	0
134	134	2097	1015.626	1009.975	0.875	85	790	945	185	44	85	790	945	185	44	110.146	5536.866	53506	24428	4795	696	265	209	193	179	168	152	126	102.009	130.910	216	167	137	131	128	124	122	119	116	112	104	1	409	1026.905	1014.467	0	0	0	24857	26015.961	0	0	166	165.936	0	0	0	0	0.000	0.000	0	0	0	0	0.000	0	0	0	0.000	0	0
135	135	1694	310.555	1010.941	0.872	67	423	883	247	34	67	423	883	247	34	108.000	740.282	11200	1491	425	297	277	261	247	230	211	183	143	103.952	119.776	171	128	123	120	119	118	117	116	114	113	107	1	139	318.874	1002.130	0	0	0	4734	5069.144	0	0	140	142.259	0	0	1	46	317.916	1001.370	0	0	0	7050	7033.500	0	0	154	153.587	0	0
136	136	1565	1540.827	1015.439	0.905	133	661	670	59	20	133	661	670	59	20	111.000	130.406	146	138	136	134	132	131	129	127	125	123	117	102.941	284.257	443	368	341	323	305	283	265	241	221	196	160	0	0	0.000	0.000	0	0	0	0	0.000	0	0	0	0.000	0	0	0	0	0.000	0.000	0	0	0	0	0.000	0	0	0	0.000	0	0
137	137	1895	391.150	1029.701	0.893	74	713	918	115	25	74	713	918	115	25	108.000	116.671	126	121	119	118	117	116	116	115	114	113	110	104.955	1105.347	1640	1487	1391	1302	1226	1130	1039	930	813	676	480	0	0	0.000	0.000	0	0	0	0	0.000	0	0	0	0.000	0	0	0	0	0.000	0.000	0	0	0	0	0.000	0	0	0	0.000	0	0
138	138	1290	857.599	1027.312	0.912	6	210	865	172	13	6	210	865	172	13	109.706	178.929	215	203	199	193	187	179	172	165	160	155	135	103.000	964.016	1360	1272	1208	1138	1053	963	883	808	727	655	457	0	0	0.000	0.000	0	0	0	0	0.000	0	0	0	0.000	0	0	0	0	0.000	0.000	0	0	0	0	0.000	0	0	0	0.000	0	0
139	139	1114	917.471	1043.771	0.892	57	149	449	348	85	57	149	449	348	85	110.232	121.367	128	125	124	123	122	122	121	120	119	117	112	103.020	461.807	674	594	565	528	497	475	445	412	360	302	210	0	0	0.000	0.000	0	0	0	0	0.000	0	0	0	0.000	0	0	0	0	0.000	0.000	0	0	0	0	0.000	0	0	0	0.000	0	0
140	140	1245	519.600	1070.785	0.904	134	896	175	12	5	134	896	175	12	5	109.000	130.130	142	137	135	134	132	131	129	127	125	123	117	105.116	271.563	370	338	318	305	294	281	262	242	221	193	164	0	0	0.000	0.000	0	0	0	0	0.000	0	0	0	0.000	0	0	0	0	0.000	0.000	0	0	0	0	0.000	0	0	0	0.000	0	0
141	141	1472	1414.407	1072.918	0.923	319	1026	82	7	7	319	1026	82	7	7	111.000	135.471	151	143	141	140	138	136	134	132	129	127	121	101.960	127.738	142	134	132	131	129	128	126	125	124	122	110	0	0	0.000	0.000	0	0	0	0	0.000	0	0	0	0.000	0	0	0	0	0.000	0.000	0	0	0	0	0.000	0	0	0	0.000	0	0
142	142	1703	1868.390	1076.070	0.919	26	348	901	363	28	26	348	901	363	28	110.951	123.604	143	134	131	126	122	121	120	119	118	117	114	101.000	126.318	146	137	134	131	128	126	124	122	120	116	105	0	0	0.000	0.000	0	0	0	0	0.000	0	0	0	0.000	0	0	0	0	0.000	0.000	0	0	0	0	0.000	0	0	0	0.000	0	0
143	143	1531	1051.244	1075.900	0.902	525	872	54	42	22	525	872	54	42	22	110.201	144.395	158	152	150	148	147	146	144	142	139	133	122	103.231	688.055	940	851	810	774	744	710	673	627	576	492	264	0	0	0.000	0.000	0	0	0	0	0.000	0	0	0	0.000	0	0	0	0	0.000	0.000	0	0	0	0	0.000	0	0	0	0.000	0	0
144	144	1818	940.497	1088.567	0.873	186	1129	436	26	9	186	1129	436	26	9	110.463	121.516	130	126	124	123	122	121	121	120	119	118	114	103.323	429.872	688	604	524	488	453	420	385	349	318	292	237	0	0	0.000	0.000	0	0	0	0	0.000	0	0	0	0.000	0	0	0	0	0.000	0.000	0	0	0	0	0.000	0	0	0	0.000	0	0
145	145	1101	1372.027	1088.257	0.910	40	41	474	459	74	40	41	474	459	74	111.000	138.041	153	148	145	142	140	138	136	134	131	129	123	101.000	127.692	142	135	133	131	130	128	127	125	123	119	108	0	0	0.000	0.000	0	0	0	0	0.000	0	0	0	0.000	0	0	0	0	0.000	0.000	0	0	0	0	0.000	0	0	0	0.000	0	0
146	146	1907	1006.449	1103.288	0.829	467	1350	45	22	12	467	1350	45	22	12	110.000	142.388	166	153	149	146	143	141	139	138	136	133	123	103.496	720.900	1318	1048	932	828	748	683	617	560	516	468	266	0	0	0.000	0.000	0	0	0	0	0.000	0	0	0	0.000	0	0	0	0	0.000	0.000	0	0	0	0	0.000	0	0	0	0.000	0	0
147	147	1586	881.121	1097.494	0.875	111	565	683	172	19	111	565	683	172	19	110.988	257.677	2435	471	150	137	135	132	130	128	125	121	116	103.823	144.934	174	163	159	156	151	145	140	134	130	126	119	1	176	886.840	1083.287	0	0	0	1083	1182.483	0	0	160	158.847	0	0	0	0	0.000	0.000	0	0	0	0	0.000	0	0	0	0.000	0	0
148	148	1016	1173.270	1111.973	0.888	43	325	554	58	12	43	325	554	58	12	110.851	191.650	246	225	217	208	200	192	183	174	164	158	145	102.000	132.331	148	142	139	137	135	133	131	129	126	122	112	0	0	0.000	0.000	0	0	0	0	0.000	0	0	0	0.000	0	0	0	0	0.000	0.000	0	0	0	0	0.000	0	0	0	0.000	0	0
149	149	1398	708.707	1133.534	0.899	204	782	320	50	14	204	782	320	50	14	110.873	1872.595	22464	6119	1218	464	334	287	241	199	167	143	125	104.428	149.602	213	182	172	164	157	152	145	135	120	113	106	1	188	711.303	1133.708	0	0	0	9762	10837.702	0	0	185	184.500	0	0	0	0	0.000	0.000	0	0	0	0	0.000	0	0	0	0.000	0	0
150	150	268	774.353	1118.852	0.930	8	31	64	128	31	8	31	64	128	31	110.209	148.698	162	159	156	154	152	150	149	146	141	135	127	102.776	118.966	132	126	123	122	121	119	118	116	114	113	108	0	0	0.000	0.000	0	0	0	0	0.000	0	0	0	0.000	0	0	0	0	0.000	0.000	0	0	0	0	0.000	0	0	0	0.000	0	0
151	151	1546	826.928	1133.506	0.911	379	808	263	53	19	379	808	263	53	19	110.038	131.750	149	136	134	133	132	131	131	130	129	127	120	102.984	118.000	141	130	124	120	117	116	114	113	112	111	106	0	0	0.000	0.000	0	0	0	0	0.000	0	0	0	0.000	0	0	0	0	0.000	0.000	0	0	0	0	0.000	0	0	0	0.000	0	0
152	152	1005	1073.385	1127.249	0.900	209	441	280	44	10	209	441	280	44	10	110.000	153.399	203	180	173	166	159	153	146	140	135	127	117	103.378	118.748	144	129	125	123	120	117	116	114	111	109	104	0	0	0.000	0.000	0	0	0	0	0.000	0	0	0	0.000	0	0	0	0	0.000	0.000	0	0	0	0	0.000	0	0	0	0.000	0	0
153	153	1661	1132.553	1136.453	0.903	28	792	742	36	13	28	792	742	36	13	110.827	231.857	416	258	244	239	234	229	224	219	213	205	169	103.247	136.066	152	142	140	139	138	136	135	134	132	130	120	0	0	0.000	0.000	0	0	0	0	0.000	0	0	0	0.000	0	0	0	0	0.000	0.000	0	0	0	0	0.000	0	0	0	0.000	0	0
154	154	1626	928.872	1146.655	0.864	73	813	632	48	15	73	813	632	48	15	110.167	128.658	138	133	131	130	130	129	128	127	126	124	120	103.233	150.459	171	162	160	158	155	153	150	145	140	135	122	0	0	0.000	0.000	0	0	0	0	0.000	0	0	0	0.000	0	0	0	0	0.000	0.000	0	0	0	0	0.000	0	0	0	0.000	0	0
155	155	1770	759.204	1152.686	0.839	139	147	1192	258	4	139	147	1192	258	4	110.912	166.429	208	189	183	179	174	169	164	157	148	137	125	103.708	126.076	141	134	131	129	128	127	125	123	121	118	109	0	0	0.000	0.000	0	0	0	0	0.000	0	0	0	0.000	0	0	0	0	0.000	0.000	0	0	0	0	0.000	0	0	0	0.000	0	0
156	156	1362	881.912	1147.210	0.876	59	786	452	37	4	59	786	452	37	4	110.368	133.819	143	139	138	137	136	135	134	132	130	127	119	103.122	147.700	171	163	158	155	152	149	146	142	136	130	116	0	0	0.000	0.000	0	0	0	0	0.000	0	0	0	0.000	0	0	0	0	0.000	0.000	0	0	0	0	0.000	0	0	0	0.000	0	0
157	157	1592	462.675	1151.810	0.882	31	274	931	303	26	31	274	931	303	26	109.604	133.233	187	142	139	137	135	132	130	128	126	123	116	113.986	251.764	331	309	295	285	271	257	240	223	205	188	163	0	0	0.000	0.000	0	0	0	0	0.000	0	0	0	0.000	0	0	0	0	0.000	0.000	0	0	0	0	0.000	0	0	0	0.000	0	0
158	158	1809	509.123	1155.673	0.885	1585	181	12	8	9	1585	181	12	8	9	110.438	143.745	171	153	149	147	145	144	142	141	139	133	121	113.207	275.443	384	343	326	306	289	274	258	243	226	211	176	0	0	0.000	0.000	0	0	0	0	0.000	0	0	0	0.000	0	0	0	0	0.000	0.000	0	0	0	0	0.000	0	0	0	0.000	0	0
159	159	1618	75.398	1155.364	0.913	38	244	889	403	11	38	244	889	403	11	105.828	133.818	173	146	143	141	138	134	131	127	123	120	114	104.179	707.292	1104	985	910	838	774	723	670	583	486	410	265	0	0	0.000	0.000	0	0	0	0	0.000	0	0	0	0.000	0	0	0	0	0.000	0.000	0	0	0	0	0.000	0	0	0	0.000	0	0
160	160	1475	623.618	1154.856	0.832	279	756	345	46	24	279	756	345	46	24	110.820	153.900	237	185	168	161	154	148	143	139	136	132	122	106.637	121.946	143	131	128	125	123	121	119	118	116	114	110	1	17	637.218	1153.862	0	0	0	227	225.118	0	0	132	131.294	0	0	0	0	0.000	0.000	0	0	0	0	0.000	0	0	0	0.000	0	0
161	161	1745	146.189	1175.177	0.869	81	750	694	154	37	81	750	694	154	37	106.746	114.931	126	119	117	116	115	114	114	113	113	112	109	105.141	390.201	562	525	493	462	427	392	359	327	290	251	200	0	0	0.000	0.000	0	0	0	0	0.000	0	0	0	0.000	0	0	0	0	0.000	0.000	0	0	0	0	0.000	0	0	0	0.000	0	0
162	162	1064	667.036	1181.420	0.925	60	275	522	176	16	60	275	522	176	16	111.000	136.240	159	150	145	142	139	136	134	131	127	122	115	106.634	120.886	134	127	125	123	122	121	120	118	116	115	109	0	0	0.000	0.000	0	0	0	0	0.000	0	0	0	0.000	0	0	0	0	0.000	0.000	0	0	0	0	0.000	0	0	0	0.000	0	0
163	163	2577	1172.699	1198.014	0.852	155	1390	929	32	15	155	1390	929	32	15	112.000	248.584	382	315	283	266	253	243	230	220	211	199	155	104.570	186.425	245	217	210	203	196	187	180	171	162	154	131	0	0	0.000	0.000	0	0	0	0	0.000	0	0	0	0.000	0	0	0	0	0.000	0.000	0	0	0	0	0.000	0	0	0	0.000	0	0
164	164	1625	1099.628	1195.061	0.904	130	459	873	109	22	130	459	873	109	22	111.355	121.826	131	127	125	123	122	121	121	120	119	118	114	104.663	1718.166	2401	2164	2045	1953	1864	1771	1655	1550	1401	1180	613	0	0	0.000	0.000	0	0	0	0	0.000	0	0	0	0.000	0	0	0	0	0.000	0.000	0	0	0	0	0.000	0	0	0	0.000	0	0
165	165	357	1214.140	1189.499	0.965	22	22	75	191	43	22	22	75	191	43	111.997	171.605	196	191	187	182	177	173	169	164	157	149	137	103.036	160.571	185	179	174	169	165	160	157	153	148	143	132	0	0	0.000	0.000	0	0	0	0	0.000	0	0	0	0.000	0	0	0	0	0.000	0.000	0	0	0	0	0.000	0	0	0	0.000	0	0
166	166	1716	55.507	1203.071	0.909	9	154	593	823	104	9	154	593	823	104	104.992	140.421	159	152	151	148	146	143	139	135	130	124	113	104.140	938.298	1258	1175	1136	1102	1067	1021	944	839	708	561	339	0	0	0.000	0.000	0	0	0	0	0.000	0	0	0	0.000	0	0	0	0	0.000	0.000	0	0	0	0	0.000	0	0	0	0.000	0	0
167	167	1347	730.411	1206.923	0.917	266	255	690	100	8	266	255	690	100	8	110.973	170.422	1051	170	156	153	150	147	144	139	135	128	122	104.901	126.309	141	134	131	129	128	127	125	123	121	119	113	1	74	715.273	1208.313	0	0	0	530	543.581	0	0	133	133.054	0	0	0	0	0.000	0.000	0	0	0	0	0.000	0	0	0	0.000	0	0
168	168	1270	449.087	1221.634	0.909	693	386	105	49	26	693	386	105	49	26	111.098	125.607	147	136	134	131	127	124	121	120	119	118	114	124.119	160.541	188	170	166	164	162	160	158	157	155	151	142	0	0	0.000	0.000	0	0	0	0	0.000	0	0	0	0.000	0	0	0	0	0.000	0.000	0	0	0	0	0.000	0	0	0	0.000	0	0
169	169	272	159.613	1209.010	0.933	9	20	81	113	45	9	20	81	113	45	107.000	111.202	115	113	112	112	111	111	111	111	110	110	109	106.000	257.404	336	313	301	286	273	260	247	236	217	194	157	0	0	0.000	0.000	0	0	0	0	0.000	0	0	0	0.000	0	0	0	0	0.000	0.000	0	0	0	0	0.000	0	0	0	0.000	0	0
170	170	1546	123.000	1230.941	0.892	26	445	935	97	7	26	445	935	97	7	106.459	113.500	120	116	115	114	114	113	113	112	112	111	109	105.833	407.190	618	562	505	475	450	415	374	332	292	250	200	0	0	0.000	0.000	0	0	0	0	0.000	0	0	0	0.000	0	0	0	0	0.000	0.000	0	0	0	0	0.000	0	0	0	0.000	0	0
171	171	1565	1496.752	1230.650	0.900	76	493	726	220	26	76	493	726	220	26	111.000	121.598	129	124	123	123	122	122	121	121	120	119	115	102.709	555.335	850	749	693	629	577	538	504	471	437	386	300	0	0	0.000	0.000	0	0	0	0	0.000	0	0	0	0.000	0	0	0	0	0.000	0.000	0	0	0	0	0.000	0	0	0	0.000	0	0
172	172	2613	579.849	1244.381	0.833	2357	161	48	23	15	2357	161	48	23	15	113.935	982.656	8691	2810	785	408	374	351	334	316	296	272	225	117.635	1390.406	2229	1988	1846	1710	1544	1395	1274	1142	959	737	396	1	371	575.285	1255.350	0	0	0	4030	4425.391	0	0	1231	1180.997	0	0	0	0	0.000	0.000	0	0	0	0	0.000	0	0	0	0.000	0	0
173	173	2445	513.675	1238.888	0.905	952	1358	39	24	21	952	1358	39	24	21	113.819	310.441	2016	347	311	297	285	271	257	245	235	225	200	124.500	1498.220	2333	1938	1832	1726	1607	1482	1379	1280	1164	1035	772	1	88	525.315	1222.092	0	0	0	1097	1133.182	0	0	1812	1754.636	0	0	0	0	0.000	0.000	0	0	0	0	0.000	0	0	0	0.000	0	0
174	174	2370	682.242	1245.758	0.903	224	353	1178	531	41	224	353	1178	531	41	111.747	200.284	253	231	220	213	207	202	196	190	179	165	144	108.820	142.582	160	151	148	146	145	143	142	140	137	133	123	0	0	0.000	0.000	0	0	0	0	0.000	0	0	0	0.000	0	0	0	0	0.000	0.000	0	0	0	0	0.000	0	0	0	0.000	0	0
175	175	858	1415.215	1240.748	0.925	85	302	410	34	9	85	302	410	34	9	112.000	121.469	129	125	124	123	122	122	121	120	119	118	115	102.232	135.907	159	151	147	143	139	136	134	131	126	118	106	0	0	0.000	0.000	0	0	0	0	0.000	0	0	0	0.000	0	0	0	0	0.000	0.000	0	0	0	0	0.000	0	0	0	0.000	0	0
176	176	1627	1148.362	1248.360	0.905	783	326	198	226	72	783	326	198	226	72	112.000	185.884	231	211	206	201	196	190	182	173	163	153	142	105.000	928.833	1373	1256	1196	1125	1057	987	896	784	649	503	315	0	0	0.000	0.000	0	0	0	0	0.000	0	0	0	0.000	0	0	0	0	0.000	0.000	0	0	0	0	0.000	0	0	0	0.000	0	0
177	177	1210	1455.569	1256.122	0.887	53	358	707	62	3	53	358	707	62	3	112.000	120.864	127	124	123	122	121	121	120	120	119	118	115	102.009	560.929	873	768	697	653	617	581	527	469	403	338	250	0	0	0.000	0.000	0	0	0	0	0.000	0	0	0	0.000	0	0	0	0	0.000	0.000	0	0	0	0	0.000	0	0	0	0.000	0	0
178	178	2976	1321.735	1270.324	0.886	33	277	1867	677	63	33	277	1867	677	63	112.520	592.855	5285	1785	316	203	190	181	173	165	159	151	134	103.508	582.649	981	898	790	707	629	562	501	442	376	317	248	1	460	1310.388	1264.072	0	0	0	2578	2753.539	0	0	893	848.874	0	0	0	0	0.000	0.000	0	0	0	0	0.000	0	0	0	0.000	0	0
179	179	2074	260.870	1271.073	0.893	54	699	879	370	34	54	699	879	370	34	111.812	214.732	1140	221	206	202	199	195	190	184	174	161	143	125.811	3249.669	4492	4150	3931	3769	3623	3467	3285	2930	2477	1984	1055	1	87	264.947	1279.224	0	0	0	635	669.655	0	0	3739	3663.448	0	0	0	0	0.000	0.000	0	0	0	0	0.000	0	0	0	0.000	0	0
180	180	2067	203.572	1279.597	0.870	76	401	1393	140	15	76	401	1393	140	15	109.672	158.038	321	171	167	164	161	157	154	150	145	139	126	116.877	378.643	515	478	454	437	417	389	361	334	300	258	198	1	16	221.761	1273.435	0	0	0	277	275.688	0	0	424	418.125	0	0	0	0	0.000	0.000	0	0	0	0	0.000	0	0	0	0.000	0	0
181	181	2141	1868.438	1279.374	0.895	109	1034	886	53	23	109	1034	886	53	23	111.784	322.763	2273	840	350	193	150	142	138	135	132	129	121	102.096	554.078	884	770	706	658	615	564	512	452	385	328	254	1	337	1875.718	1285.371	0	0	0	1034	1135.611	0	0	731	691.009	0	0	0	0	0.000	0.000	0	0	0	0	0.000	0	0	0	0.000	0	0
182	182	1568	622.818	1279.235	0.885	1314	140	46	38	17	1314	140	46	38	17	113.988	275.230	1816	349	243	233	226	220	213	206	195	180	156	114.554	1393.229	2044	1815	1736	1658	1569	1471	1378	1266	1042	755	466	1	91	631.905	1276.248	0	0	0	992	1004.396	0	0	1838	1818.330	0	0	0	0	0.000	0.000	0	0	0	0	0.000	0	0	0	0.000	0	0
183	183	2009	1990.285	1307.503	0.911	315	1302	315	36	10	315	1302	315	36	10	109.951	121.783	149	130	126	123	121	120	119	118	118	117	114	101.389	767.398	1100	982	928	885	832	783	720	655	601	543	407	1	14	1995.715	1310.150	0	0	0	143	142.643	0	0	578	579.571	0	0	0	0	0.000	0.000	0	0	0	0	0.000	0	0	0	0.000	0	0
184	184	2588	1269.587	1315.381	0.858	441	1989	106	9	5	441	1989	106	9	5	112.995	228.160	711	259	247	235	226	215	205	195	184	173	149	103.779	613.565	877	827	774	724	671	614	565	516	468	392	267	1	79	1257.508	1324.431	0	0	0	549	552.025	0	0	521	532.823	0	0	0	0	0.000	0.000	0	0	0	0	0.000	0	0	0	0.000	0	0
185	185	1651	537.986	1314.403	0.912	48	337	969	239	19	48	337	969	239	19	115.766	142.181	157	151	148	146	144	143	141	139	137	133	125	128.213	640.532	881	803	771	737	700	656	614	568	520	447	262	0	0	0.000	0.000	0	0	0	0	0.000	0	0	0	0.000	0	0	0	0	0.000	0.000	0	0	0	0	0.000	0	0	0	0.000	0	0
186	186	246	570.346	1299.016	0.913	17	53	76	77	15	17	53	76	77	15	115.280	127.496	132	130	130	129	128	128	127	126	125	125	122	121.667	288.329	389	361	339	322	308	294	278	265	240	208	164	0	0	0.000	0.000	0	0	0	0	0.000	0	0	0	0.000	0	0	0	0	0.000	0.000	0	0	0	0	0.000	0	0	0	0.000	0	0
187	187	1370	159.559	1318.823	0.871	24	81	583	580	78	24	81	583	580	78	107.799	116.227	122	119	118	117	117	116	116	115	115	114	109	110.953	257.364	325	303	291	277	267	258	248	239	227	210	174	0	0	0.000	0.000	0	0	0	0	0.000	0	0	0	0.000	0	0	0	0	0.000	0.000	0	0	0	0	0.000	0	0	0	0.000	0	0
188	188	1350	296.029	1318.191	0.865	623	544	113	31	8	623	544	113	31	8	114.809	281.119	658	487	386	318	268	228	201	186	177	169	157	135.684	2592.027	3606	3315	3090	2894	2766	2625	2470	2334	2117	1860	1172	1	141	309.291	1322.051	0	0	0	550	552.170	0	0	2819	2824.823	0	0	0	0	0.000	0.000	0	0	0	0	0.000	0	0	0	0.000	0	0
189	189	1797	240.714	1328.420	0.843	46	212	1294	191	28	46	212	1294	191	28	112.776	208.838	1904	203	176	170	165	159	153	146	140	134	115	129.323	330.820	474	438	403	378	352	328	303	279	259	235	191	1	107	243.875	1346.117	0	0	0	884	964.757	0	0	429	410.710	0	0	0	0	0.000	0.000	0	0	0	0	0.000	0	0	0	0.000	0	0
190	190	547	346.838	1316.092	0.928	107	190	175	56	9	107	190	175	56	9	116.360	137.689	145	142	141	140	139	138	136	136	135	134	129	137.486	1356.740	1686	1623	1564	1512	1469	1403	1339	1248	1142	1019	792	0	0	0.000	0.000	0	0	0	0	0.000	0	0	0	0.000	0	0	0	0	0.000	0.000	0	0	0	0	0.000	0	0	0	0.000	0	0
191	191	1475	1320.070	1330.373	0.875	93	890	322	106	38	93	890	322	106	38	112.877	187.737	218	209	202	198	192	187	182	177	174	169	153	103.734	632.123	897	827	773	718	670	612	572	535	505	469	357	0	0	0.000	0.000	0	0	0	0	0.000	0	0	0	0.000	0	0	0	0	0.000	0.000	0	0	0	0	0.000	0	0	0	0.000	0	0
192	192	2446	112.407	1337.492	0.892	284	1691	355	61	6	284	1691	355	61	6	106.480	117.191	134	125	122	120	117	115	114	113	113	112	108	106.933	122.074	134	127	125	124	123	122	121	120	119	117	111	1	409	117.331	1346.980	0	0	0	124	124.873	0	0	126	126.061	0	0	0	0	0.000	0.000	0	0	0	0	0.000	0	0	0	0.000	0	0
193	193	1929	1837.554	1334.632	0.874	31	213	1090	517	43	31	213	1090	517	43	111.538	147.150	696	156	135	132	131	130	128	127	125	123	118	101.991	573.877	844	772	733	695	651	596	525	475	413	341	245	1	108	1841.670	1350.557	0	0	0	370	386.343	0	0	794	778.324	0	0	0	0	0.000	0.000	0	0	0	0	0.000	0	0	0	0.000	0	0
194	194	1626	198.086	1348.836	0.908	50	266	1120	141	21	50	266	1120	141	21	110.584	133.800	345	164	131	125	123	121	120	119	118	117	113	118.927	259.879	380	327	304	286	269	256	245	230	214	198	167	1	156	192.027	1353.249	0	0	0	218	228.840	0	0	263	271.436	0	0	0	0	0.000	0.000	0	0	0	0	0.000	0	0	0	0.000	0	0
195	195	1374	562.106	1364.541	0.913	575	354	204	135	91	575	354	204	135	91	116.000	140.344	153	147	145	143	142	140	139	137	136	133	129	125.410	537.485	729	676	654	628	599	569	531	482	408	334	271	0	0	0.000	0.000	0	0	0	0	0.000	0	0	0	0.000	0	0	0	0	0.000	0.000	0	0	0	0	0.000	0	0	0	0.000	0	0
196	196	1712	1534.888	1375.243	0.900	6	137	1168	351	20	6	137	1168	351	20	112.805	154.172	178	166	163	161	158	155	151	148	145	141	130	101.202	146.643	177	161	157	154	152	148	144	140	136	130	115	0	0	0.000	0.000	0	0	0	0	0.000	0	0	0	0.000	0	0	0	0	0.000	0.000	0	0	0	0	0.000	0	0	0	0.000	0	0
197	197	1398	241.121	1387.067	0.877	768	231	173	114	94	768	231	173	114	94	112.555	169.172	277	242	211	181	161	148	141	139	137	135	127	131.587	739.026	1222	1069	989	881	806	705	619	570	519	461	357	0	0	0.000	0.000	0	0	0	0	0.000	0	0	0	0.000	0	0	0	0	0.000	0.000	0	0	0	0	0.000	0	0	0	0.000	0	0
198	198	884	403.654	1382.841	0.836	702	106	42	19	10	702	106	42	19	10	119.000	257.059	1705	502	281	209	174	157	149	145	142	140	134	140.000	332.273	1331	501	379	322	290	271	260	253	248	242	230	0	0	0.000	0.000	0	0	0	0	0.000	0	0	0	0.000	0	0	0	0	0.000	0.000	0	0	0	0	0.000	0	0	0	0.000	0	0
199	199	1394	354.153	1382.604	0.874	983	174	123	74	35	983	174	123	74	35	118.495	2507.301	12615	10512	5111	1769	612	292	214	183	167	160	148	139.987	1672.594	2266	2094	2048	2009	1935	1806	1643	1474	1251	1072	430	0	0	0.000	0.000	0	0	0	0	0.000	0	0	0	0.000	0	0	0	0	0.000	0.000	0	0	0	0	0.000	0	0	0	0.000	0	0
200	200	1221	1482.739	1399.156	0.898	76	116	636	348	24	76	116	636	348	24	112.212	153.355	176	170	166	162	158	155	150	146	141	135	129	101.881	151.022	182	167	163	159	156	153	149	145	138	131	121	0	0	0.000	0.000	0	0	0	0	0.000	0	0	0	0.000	0	0	0	0	0.000	0.000	0	0	0	0	0.000	0	0	0	0.000	0	0
201	201	1486	932.913	1412.130	0.895	93	433	797	125	16	93	433	797	125	16	111.000	132.311	192	139	136	135	133	132	131	129	127	123	118	103.100	972.453	1468	1351	1255	1166	1083	1006	925	813	693	537	324	0	0	0.000	0.000	0	0	0	0	0.000	0	0	0	0.000	0	0	0	0	0.000	0.000	0	0	0	0	0.000	0	0	0	0.000	0	0
202	202	766	273.091	1408.972	0.915	651	88	14	4	3	651	88	14	4	3	115.479	133.376	144	139	137	135	134	133	132	131	130	129	125	137.154	629.044	938	872	825	785	751	704	626	517	397	271	185	0	0	0.000	0.000	0	0	0	0	0.000	0	0	0	0.000	0	0	0	0	0.000	0.000	0	0	0	0	0.000	0	0	0	0.000	0	0
203	203	1696	393.307	1419.388	0.865	1044	405	136	54	37	1044	405	136	54	37	118.869	2652.475	11720	7381	4712	3189	2160	1389	876	547	371	312	251	140.000	3096.056	4714	4170	3755	3497	3293	3083	2872	2640	2413	2111	1417	0	0	0.000	0.000	0	0	0	0	0.000	0	0	0	0.000	0	0	0	0	0.000	0.000	0	0	0	0	0.000	0	0	0	0.000	0	0
204	204	1414	633.064	1425.424	0.894	422	339	443	167	21	422	339	443	167	21	112.682	122.801	130	127	125	124	123	123	122	121	121	119	116	112.066	128.477	140	133	132	130	129	128	127	126	125	124	119	0	0	0.000	0.000	0	0	0	0	0.000	0	0	0	0.000	0	0	0	0	0.000	0.000	0	0	0	0	0.000	0	0	0	0.000	0	0
205	205	2200	1193.457	1430.367	0.877	542	1106	447	73	5	542	1106	447	73	5	112.000	173.072	210	194	188	183	178	174	169	164	159	151	133	103.491	285.433	378	340	322	309	299	290	283	271	252	217	159	0	0	0.000	0.000	0	0	0	0	0.000	0	0	0	0.000	0	0	0	0	0.000	0.000	0	0	0	0	0.000	0	0	0	0.000	0	0
206	206	1989	211.782	1436.215	0.883	955	912	75	14	9	955	912	75	14	9	109.412	131.500	395	143	127	125	124	123	122	121	119	117	113	121.229	986.038	1470	1314	1233	1179	1125	1062	969	853	701	520	353	1	113	213.984	1445.158	0	0	0	235	246.743	0	0	1131	1114.602	0	0	0	0	0.000	0.000	0	0	0	0	0.000	0	0	0	0.000	0	0
207	207	1915	340.801	1440.998	0.763	707	480	294	283	120	707	480	294	283	120	117.484	169.655	588	187	172	162	156	153	151	148	145	143	136	139.393	1700.556	2414	2318	2226	2094	1932	1830	1648	1432	1124	874	648	1	99	328.442	1429.013	0	0	0	365	373.576	0	0	2343	2330.273	0	0	0	0	0.000	0.000	0	0	0	0	0.000	0	0	0	0.000	0	0
208	208	1163	904.218	1451.621	0.910	37	74	593	418	17	37	74	593	418	17	110.434	129.175	146	137	135	132	130	128	127	126	124	122	116	104.000	1002.390	1518	1350	1265	1185	1083	993	908	825	758	657	439	0	0	0.000	0.000	0	0	0	0	0.000	0	0	0	0.000	0	0	0	0	0.000	0.000	0	0	0	0	0.000	0	0	0	0.000	0	0
209	209	498	170.440	1445.569	0.934	13	121	106	200	46	13	121	106	200	46	108.002	118.454	127	124	122	120	119	118	117	116	115	114	112	113.382	667.408	970	906	856	807	759	699	634	556	470	383	271	0	0	0.000	0.000	0	0	0	0	0.000	0	0	0	0.000	0	0	0	0	0.000	0.000	0	0	0	0	0.000	0	0	0	0.000	0	0
210	210	1913	1891.699	1471.320	0.906	67	435	1024	345	16	67	435	1024	345	16	112.000	334.661	3298	817	249	146	135	132	129	125	123	122	116	101.810	283.530	415	367	348	330	303	279	258	240	222	203	146	1	236	1900.203	1463.943	0	0	0	1426	1564.640	0	0	345	325.288	0	0	0	0	0.000	0.000	0	0	0	0	0.000	0	0	0	0.000	0	0
211	211	625	675.351	1481.914	0.898	39	98	289	179	9	39	98	289	179	9	111.000	123.867	135	130	127	126	125	124	122	121	120	119	114	108.667	719.070	1012	957	913	860	803	740	662	595	533	454	318	0	0	0.000	0.000	0	0	0	0	0.000	0	0	0	0.000	0	0	0	0	0.000	0.000	0	0	0	0	0.000	0	0	0	0.000	0	0
212	212	1556	1845.143	1490.816	0.902	26	80	803	535	83	26	80	803	535	83	111.839	123.567	141	130	127	125	124	123	122	121	120	119	115	102.000	287.659	405	358	341	327	315	298	277	251	225	202	169	0	0	0.000	0.000	0	0	0	0	0.000	0	0	0	0.000	0	0	0	0	0.000	0.000	0	0	0	0	0.000	0	0	0	0.000	0	0
213	213	1999	1467.219	1497.143	0.882	147	1090	630	65	14	147	1090	630	65	14	111.997	121.537	133	128	125	123	121	120	120	119	119	118	112	104.192	724.387	1063	969	927	867	800	737	678	617	538	437	264	0	0	0.000	0.000	0	0	0	0	0.000	0	0	0	0.000	0	0	0	0	0.000	0.000	0	0	0	0	0.000	0	0	0	0.000	0	0
214	214	803	351.925	1491.940	0.923	351	310	77	38	19	351	310	77	38	19	115.501	138.785	154	146	144	142	140	138	137	136	134	132	126	137.544	1257.636	1903	1775	1683	1564	1437	1297	1148	988	834	656	392	0	0	0.000	0.000	0	0	0	0	0.000	0	0	0	0.000	0	0	0	0	0.000	0.000	0	0	0	0	0.000	0	0	0	0.000	0	0
215	215	916	450.795	1487.894	0.857	576	202	102	18	5	576	202	102	18	5	116.817	840.672	19711	989	285	265	252	242	235	227	217	204	189	136.785	4443.016	5978	5684	5336	4881	4575	4325	4149	3962	3742	3385	2844	0	0	0.000	0.000	0	0	0	0	0.000	0	0	0	0.000	0	0	0	0	0.000	0.000	0	0	0	0	0.000	0	0	0	0.000	0	0
216	216	2012	267.436	1516.720	0.825	71	210	675	975	52	71	210	675	975	52	110.575	144.342	339	154	147	144	141	138	136	134	131	127	117	129.009	1003.124	1574	1446	1302	1202	1120	1032	947	838	681	518	323	1	92	256.001	1519.499	0	0	0	250	252.228	0	0	954	980.413	0	0	0	0	0.000	0.000	0	0	0	0	0.000	0	0	0	0.000	0	0
217	217	2474	695.667	1523.419	0.874	307	1992	135	7	5	307	1992	135	7	5	111.000	222.455	2024	295	145	141	139	136	133	130	127	123	115	108.045	1093.872	1786	1583	1456	1342	1220	1098	990	878	751	551	393	1	225	698.169	1536.165	0	0	0	935	1021.604	0	0	1628	1591.156	0	0	0	0	0.000	0.000	0	0	0	0	0.000	0	0	0	0.000	0	0
218	218	1146	1234.315	1517.504	0.905	347	588	139	39	13	347	588	139	39	13	111.971	330.395	723	484	394	344	319	302	289	271	252	228	182	104.000	138.476	162	152	148	144	142	139	137	133	129	124	115	0	0	0.000	0.000	0	0	0	0	0.000	0	0	0	0.000	0	0	0	0	0.000	0.000	0	0	0	0	0.000	0	0	0	0.000	0	0
219	219	1043	429.978	1522.496	0.903	580	291	115	32	15	580	291	115	32	15	114.649	133.059	150	144	140	137	135	133	131	129	126	123	119	132.919	182.099	521	234	193	174	168	164	162	159	157	155	149	0	0	0.000	0.000	0	0	0	0	0.000	0	0	0	0.000	0	0	0	0	0.000	0.000	0	0	0	0	0.000	0	0	0	0.000	0	0
220	220	2090	1422.927	1537.467	0.891	16	117	914	919	90	16	117	914	919	90	112.098	121.629	132	127	125	123	122	121	120	120	119	118	114	105.855	811.814	1203	1109	1048	988	925	842	775	700	561	426	294	0	0	0.000	0.000	0	0	0	0	0.000	0	0	0	0.000	0	0	0	0	0.000	0.000	0	0	0	0	0.000	0	0	0	0.000	0	0
221	221	2292	634.488	1551.066	0.845	88	381	1214	515	56	88	381	1214	515	56	110.455	143.675	475	164	143	140	137	134	132	129	126	124	119	109.393	1174.901	1684	1580	1502	1414	1325	1253	1146	1015	841	621	441	2	29	619.837	1554.837	93	643.847	1529.002	192	190.793	291	303.656	1222	1220.448	1564	1501.301	0	0	0.000	0.000	0	0	0	0	0.000	0	0	0	0.000	0	0
222	222	2032	1684.393	1551.921	0.893	56	256	1065	553	42	56	256	1065	553	42	112.342	289.132	2343	332	254	236	224	215	206	197	186	175	153	102.445	477.093	704	624	584	545	507	471	441	414	384	335	235	1	128	1677.196	1538.793	0	0	0	1152	1252.055	0	0	621	611.430	0	0	0	0	0.000	0.000	0	0	0	0	0.000	0	0	0	0.000	0	0
223	223	2152	1473.103	1561.940	0.885	7	81	839	1106	81	7	81	839	1106	81	112.613	120.229	126	123	122	121	121	120	120	119	118	117	113	105.619	763.677	1297	1131	1036	945	855	774	679	581	490	384	190	0	0	0.000	0.000	0	0	0	0	0.000	0	0	0	0.000	0	0	0	0	0.000	0.000	0	0	0	0	0.000	0	0	0	0.000	0	0
224	224	2186	92.493	1564.954	0.900	101	866	960	195	24	101	866	960	195	24	106.192	219.882	272	253	247	242	235	226	215	203	189	179	145	104.506	2282.122	3276	2990	2850	2734	2586	2416	2229	1981	1661	1302	882	0	0	0.000	0.000	0	0	0	0	0.000	0	0	0	0.000	0	0	0	0	0.000	0.000	0	0	0	0	0.000	0	0	0	0.000	0	0
225	225	1691	388.660	1567.127	0.879	953	579	94	31	9	953	579	94	31	9	112.044	149.882	170	161	156	154	152	149	148	146	143	140	127	118.989	1401.072	2100	1875	1718	1611	1511	1410	1293	1178	1065	935	624	0	0	0.000	0.000	0	0	0	0	0.000	0	0	0	0.000	0	0	0	0	0.000	0.000	0	0	0	0	0.000	0	0	0	0.000	0	0
226	226	2728	1348.537	1570.022	0.909	1284	1308	34	17	16	1284	1308	34	17	16	111.527	129.051	152	142	136	131	129	127	125	124	122	121	117	106.261	2269.854	3746	3287	3038	2797	2534	2288	2029	1779	1527	1195	694	0	0	0.000	0.000	0	0	0	0	0.000	0	0	0	0.000	0	0	0	0	0.000	0.000	0	0	0	0	0.000	0	0	0	0.000	0	0
227	227	1782	446.121	1567.858	0.913	760	787	179	21	15	760	787	179	21	15	112.902	132.421	226	146	135	131	129	128	126	125	124	122	116	119.680	143.772	164	150	148	146	145	144	143	141	139	137	128	1	100	443.455	1577.725	0	0	0	186	187.310	0	0	148	147.600	0	0	0	0	0.000	0.000	0	0	0	0	0.000	0	0	0	0.000	0	0
228	228	1940	1234.091	1579.203	0.898	29	268	1156	419	30	29	268	1156	419	30	110.975	436.086	562	518	496	477	458	439	420	401	377	347	272	104.287	170.784	203	189	184	179	176	172	168	163	158	150	134	0	0	0.000	0.000	0	0	0	0	0.000	0	0	0	0.000	0	0	0	0	0.000	0.000	0	0	0	0	0.000	0	0	0	0.000	0	0
229	229	2454	494.776	1585.923	0.893	404	847	1123	30	7	404	847	1123	30	7	112.134	157.173	186	175	170	166	162	158	154	149	145	137	125	114.511	479.432	748	672	620	567	525	477	434	385	342	293	232	0	0	0.000	0.000	0	0	0	0	0.000	0	0	0	0.000	0	0	0	0	0.000	0.000	0	0	0	0	0.000	0	0	0	0.000	0	0
230	230	1562	255.986	1582.372	0.875	171	654	466	198	47	171	654	466	198	47	108.192	139.020	151	145	143	142	141	140	138	137	135	131	124	109.013	1311.098	1824	1704	1612	1531	1450	1358	1255	1137	1005	842	537	0	0	0.000	0.000	0	0	0	0	0.000	0	0	0	0.000	0	0	0	0	0.000	0.000	0	0	0	0	0.000	0	0	0	0.000	0	0
231	231	2233	1639.002	1585.391	0.898	193	293	605	824	269	193	293	605	824	269	111.538	200.854	285	246	233	220	204	192	185	180	173	164	142	103.000	435.643	711	622	567	509	453	416	378	346	321	286	188	0	0	0.000	0.000	0	0	0	0	0.000	0	0	0	0.000	0	0	0	0	0.000	0.000	0	0	0	0	0.000	0	0	0	0.000	0	0
232	232	2288	40.707	1598.197	0.888	43	297	1200	616	87	43	297	1200	616	87	104.654	208.768	300	246	233	223	215	210	204	195	181	164	137	102.277	2033.872	2973	2682	2502	2352	2225	2080	1926	1787	1620	1276	767	0	0	0.000	0.000	0	0	0	0	0.000	0	0	0	0.000	0	0	0	0	0.000	0.000	0	0	0	0	0.000	0	0	0	0.000	0	0
233	233	1546	300.188	1595.465	0.904	244	908	310	38	21	244	908	310	38	21	109.422	140.338	179	165	155	147	141	136	133	130	127	123	116	109.693	130.440	260	140	135	132	129	127	126	124	123	121	114	0	0	0.000	0.000	0	0	0	0	0.000	0	0	0	0.000	0	0	0	0	0.000	0.000	0	0	0	0	0.000	0	0	0	0.000	0	0
234	234	830	612.277	1597.497	0.904	21	75	115	479	125	21	75	115	479	125	109.029	125.158	133	130	129	128	127	126	125	123	122	119	114	109.000	1074.613	1499	1409	1357	1319	1278	1187	1068	921	770	566	244	0	0	0.000	0.000	0	0	0	0	0.000	0	0	0	0.000	0	0	0	0	0.000	0.000	0	0	0	0	0.000	0	0	0	0.000	0	0
235	235	2226	1436.506	1612.168	0.899	31	121	574	1164	299	31	121	574	1164	299	112.000	123.181	132	127	126	125	124	123	122	122	120	119	115	107.554	1767.374	2617	2409	2300	2199	2088	1965	1794	1501	1105	771	463	0	0	0.000	0.000	0	0	0	0	0.000	0	0	0	0.000	0	0	0	0	0.000	0.000	0	0	0	0	0.000	0	0	0	0.000	0	0
236	236	1776	361.561	1616.584	0.882	68	393	1033	232	7	68	393	1033	232	7	109.637	143.696	161	154	152	150	148	146	143	139	136	130	121	109.463	1277.892	1840	1689	1587	1515	1421	1314	1209	1099	957	798	425	0	0	0.000	0.000	0	0	0	0	0.000	0	0	0	0.000	0	0	0	0	0.000	0.000	0	0	0	0	0.000	0	0	0	0.000	0	0
237	237	1645	1988.444	1621.210	0.882	25	209	1229	150	5	25	209	1229	150	5	111.000	142.806	243	151	148	147	145	143	141	138	135	131	125	101.802	793.038	1184	1050	992	926	865	806	751	683	597	495	370	0	0	0.000	0.000	0	0	0	0	0.000	0	0	0	0.000	0	0	0	0	0.000	0.000	0	0	0	0	0.000	0	0	0	0.000	0	0
238	238	1512	564.233	1624.740	0.860	10	37	364	963	122	10	37	364	963	122	110.000	121.405	130	125	124	123	122	122	121	120	119	117	112	108.972	135.015	149	142	140	139	137	136	134	132	130	127	120	0	0	0.000	0.000	0	0	0	0	0.000	0	0	0	0.000	0	0	0	0	0.000	0.000	0	0	0	0	0.000	0	0	0	0.000	0	0
239	239	2231	679.085	1641.694	0.890	260	165	1185	511	71	260	165	1185	511	71	109.168	120.509	132	125	124	122	121	120	119	118	117	116	114	108.377	1016.755	1532	1378	1294	1220	1115	1008	920	846	773	639	418	0	0	0.000	0.000	0	0	0	0	0.000	0	0	0	0.000	0	0	0	0	0.000	0.000	0	0	0	0	0.000	0	0	0	0.000	0	0
240	240	1752	521.730	1650.071	0.895	55	496	968	189	20	55	496	968	189	20	109.423	134.031	147	141	140	138	137	135	133	131	128	125	120	107.586	229.889	305	281	270	261	251	239	222	203	187	165	145	0	0	0.000	0.000	0	0	0	0	0.000	0	0	0	0.000	0	0	0	0	0.000	0.000	0	0	0	0	0.000	0	0	0	0.000	0	0
241	241	1719	1467.151	1655.989	0.894	80	1005	514	75	15	80	1005	514	75	15	112.133	123.005	132	127	125	124	123	123	122	121	121	120	115	107.000	1481.326	2203	1952	1780	1670	1566	1472	1396	1315	1214	1041	484	0	0	0.000	0.000	0	0	0	0	0.000	0	0	0	0.000	0	0	0	0	0.000	0.000	0	0	0	0	0.000	0	0	0	0.000	0	0
242	242	1290	1342.704	1658.392	0.890	40	373	591	217	48	40	373	591	217	48	112.000	216.768	2857	208	148	142	141	140	138	136	132	128	121	105.616	137.495	156	146	143	140	139	138	137	135	133	129	113	1	73	1341.568	1673.132	0	0	0	1215	1291.795	0	0	140	140.534	0	0	0	0	0.000	0.000	0	0	0	0	0.000	0	0	0	0.000	0	0
243	243	1808	592.570	1668.725	0.860	378	621	591	112	58	378	621	591	112	58	110.000	123.472	131	127	126	125	125	124	123	122	121	119	114	108.162	146.037	181	160	151	148	146	144	142	140	139	136	128	0	0	0.000	0.000	0	0	0	0	0.000	0	0	0	0.000	0	0	0	0	0.000	0.000	0	0	0	0	0.000	0	0	0	0.000	0	0
244	244	254	1422.072	1660.949	0.906	31	72	66	48	30	31	72	66	48	30	112.591	119.638	125	122	121	121	120	120	119	119	118	117	115	107.181	131.244	152	143	138	135	133	131	129	128	125	121	112	0	0	0.000	0.000	0	0	0	0	0.000	0	0	0	0.000	0	0	0	0	0.000	0.000	0	0	0	0	0.000	0	0	0	0.000	0	0
245	245	1935	433.744	1680.287	0.910	123	1419	319	31	9	123	1419	319	31	9	108.882	185.999	237	216	208	203	196	189	181	172	162	150	128	105.610	170.298	211	195	189	183	177	171	166	159	152	143	123	0	0	0.000	0.000	0	0	0	0	0.000	0	0	0	0.000	0	0	0	0	0.000	0.000	0	0	0	0	0.000	0	0	0	0.000	0	0
246	246	1505	1398.377	1684.322	0.887	62	427	682	264	32	62	427	682	264	32	112.266	122.338	128	126	125	124	123	122	122	121	120	119	115	106.655	149.353	177	164	159	155	151	148	145	143	140	137	127	0	0	0.000	0.000	0	0	0	0	0.000	0	0	0	0.000	0	0	0	0	0.000	0.000	0	0	0	0	0.000	0	0	0	0.000	0	0
247	247	898	1552.908	1688.699	0.861	153	469	217	38	7	153	469	217	38	7	112.046	300.699	372	348	337	325	312	301	290	280	268	251	214	106.777	1058.520	1373	1310	1252	1197	1138	1077	1008	938	857	781	632	0	0	0.000	0.000	0	0	0	0	0.000	0	0	0	0.000	0	0	0	0	0.000	0.000	0	0	0	0	0.000	0	0	0	0.000	0	0
248	248	1857	701.639	1695.746	0.902	1690	127	16	9	7	1690	127	16	9	7	109.115	118.652	129	122	121	120	119	118	118	117	116	115	110	109.000	1061.813	1538	1414	1316	1260	1194	1129	1055	946	763	569	427	0	0	0.000	0.000	0	0	0	0	0.000	0	0	0	0.000	0	0	0	0	0.000	0.000	0	0	0	0	0.000	0	0	0	0.000	0	0
249	249	1733	634.498	1703.437	0.908	221	428	795	211	58	221	428	795	211	58	109.092	118.033	125	122	120	119	118	118	117	116	116	115	112	108.254	880.259	1563	1276	1168	1067	955	842	753	679	595	508	446	0	0	0.000	0.000	0	0	0	0	0.000	0	0	0	0.000	0	0	0	0	0.000	0.000	0	0	0	0	0.000	0	0	0	0.000	0	0
250	250	1205	1330.125	1700.679	0.898	79	483	572	41	11	79	483	572	41	11	112.000	119.957	129	123	122	121	120	120	119	119	118	117	113	104.357	155.344	180	170	167	164	161	158	154	149	145	137	119	0	0	0.000	0.000	0	0	0	0	0.000	0	0	0	0.000	0	0	0	0	0.000	0.000	0	0	0	0	0.000	0	0	0	0.000	0	0
251	251	1068	1452.833	1703.475	0.911	24	131	402	441	55	24	131	402	441	55	113.000	177.630	217	205	198	191	185	179	173	164	157	149	133	106.985	1220.434	1763	1634	1554	1454	1352	1250	1129	1027	908	758	445	0	0	0.000	0.000	0	0	0	0	0.000	0	0	0	0.000	0	0	0	0	0.000	0.000	0	0	0	0	0.000	0	0	0	0.000	0	0
252	252	2174	1508.540	1709.511	0.864	41	599	1063	358	58	41	599	1063	358	58	112.787	179.335	231	217	203	194	185	177	170	164	156	147	127	107.774	1212.998	2084	1821	1626	1466	1329	1187	1081	958	818	616	295	0	0	0.000	0.000	0	0	0	0	0.000	0	0	0	0.000	0	0	0	0	0.000	0.000	0	0	0	0	0.000	0	0	0	0.000	0	0
253	253	1304	1968.667	1706.897	0.900	21	83	426	599	142	21	83	426	599	142	111.000	132.291	196	141	135	133	132	130	129	127	126	124	118	102.979	799.531	1274	1077	993	949	895	837	768	684	574	457	297	1	27	1974.817	1713.314	0	0	0	179	177.000	0	0	790	788.519	0	0	0	0	0.000	0.000	0	0	0	0	0.000	0	0	0	0.000	0	0
254	254	1247	784.565	1715.318	0.909	210	800	202	15	6	210	800	202	15	6	109.755	136.006	158	148	145	141	138	136	134	131	127	124	116	107.214	130.857	147	138	137	135	134	132	130	128	125	121	110	0	0	0.000	0.000	0	0	0	0	0.000	0	0	0	0.000	0	0	0	0	0.000	0.000	0	0	0	0	0.000	0	0	0	0.000	0	0
255	255	1962	449.219	1731.556	0.905	159	1221	503	35	6	159	1221	503	35	6	108.015	196.377	682	219	209	202	195	187	181	175	167	159	138	104.111	170.502	212	195	189	182	177	171	165	159	153	146	124	1	46	452.345	1741.058	0	0	0	461	464.870	0	0	159	160.435	0	0	0	0	0.000	0.000	0	0	0	0	0.000	0	0	0	0.000	0	0
256	256	1817	1808.965	1730.052	0.901	278	1360	107	29	12	278	1360	107	29	12	113.244	255.436	481	303	289	277	266	255	246	234	215	189	156	105.450	763.283	1180	1029	962	890	816	774	728	681	578	454	324	0	0	0.000	0.000	0	0	0	0	0.000	0	0	0	0.000	0	0	0	0	0.000	0.000	0	0	0	0	0.000	0	0	0	0.000	0	0
257	257	1624	1246.595	1732.849	0.893	110	783	643	51	11	110	783	643	51	11	111.000	118.631	127	123	121	120	119	118	118	117	116	115	113	103.026	311.949	445	389	369	350	332	316	296	277	254	225	176	0	0	0.000	0.000	0	0	0	0	0.000	0	0	0	0.000	0	0	0	0	0.000	0.000	0	0	0	0	0.000	0	0	0	0.000	0	0
258	258	1298	1386.807	1745.045	0.902	118	227	592	312	29	118	227	592	312	29	111.988	121.669	127	125	124	123	122	122	121	121	120	118	116	105.353	157.502	184	172	168	165	162	158	154	150	146	142	131	0	0	0.000	0.000	0	0	0	0	0.000	0	0	0	0.000	0	0	0	0	0.000	0.000	0	0	0	0	0.000	0	0	0	0.000	0	0
259	259	1702	1462.255	1745.430	0.860	230	971	419	45	8	230	971	419	45	8	113.000	122.518	133	128	126	125	123	122	121	120	119	118	116	107.454	125.684	138	131	129	127	126	125	125	124	123	121	114	0	0	0.000	0.000	0	0	0	0	0.000	0	0	0	0.000	0	0	0	0	0.000	0.000	0	0	0	0	0.000	0	0	0	0.000	0	0
260	260	1232	1112.121	1757.034	0.891	13	59	390	649	90	13	59	390	649	90	110.954	120.779	134	126	124	122	121	120	119	118	117	116	114	102.774	817.093	1179	1047	1002	954	915	867	815	735	647	517	186	0	0	0.000	0.000	0	0	0	0	0.000	0	0	0	0.000	0	0	0	0	0.000	0.000	0	0	0	0	0.000	0	0	0	0.000	0	0
261	261	1726	203.041	1760.524	0.870	109	743	749	77	16	109	743	749	77	16	105.963	115.481	122	119	118	117	116	115	114	114	113	113	110	103.000	124.993	137	131	129	127	126	125	124	123	121	120	112	0	0	0.000	0.000	0	0	0	0	0.000	0	0	0	0.000	0	0	0	0	0.000	0.000	0	0	0	0	0.000	0	0	0	0.000	0	0
262	262	2210	770.433	1761.774	0.891	39	380	1281	418	54	39	380	1281	418	54	110.000	217.733	4898	173	150	147	144	142	140	137	134	128	115	106.871	127.980	231	134	131	130	129	127	126	125	122	119	110	1	75	755.120	1768.481	0	0	0	1775	1978.653	0	0	129	129.360	0	0	1	28	769.292	1766.019	0	0	0	169	168.500	0	0	186	186.643	0	0
263	263	1723	641.697	1760.983	0.876	300	952	372	58	12	300	952	372	58	12	108.734	117.688	124	121	120	119	118	117	117	117	116	115	111	107.540	953.938	1493	1355	1285	1201	1110	1000	855	725	610	490	377	0	0	0.000	0.000	0	0	0	0	0.000	0	0	0	0.000	0	0	0	0	0.000	0.000	0	0	0	0	0.000	0	0	0	0.000	0	0
264	264	2276	1518.718	1769.838	0.900	1294	807	47	37	16	1294	807	47	37	16	112.974	358.767	3778	624	190	173	169	166	163	160	156	148	129	108.000	1342.168	1915	1716	1614	1543	1477	1412	1323	1208	1075	844	424	1	240	1513.505	1774.091	0	0	0	1735	1873.275	0	0	1490	1465.513	0	0	0	0	0.000	0.000	0	0	0	0	0.000	0	0	0	0.000	0	0
265	265	576	1638.518	1757.084	0.916	183	126	121	80	48	183	126	121	80	48	114.000	223.260	269	259	248	238	232	225	217	208	199	189	168	106.753	153.255	181	171	166	159	155	152	149	145	142	138	131	0	0	0.000	0.000	0	0	0	0	0.000	0	0	0	0.000	0	0	0	0	0.000	0.000	0	0	0	0	0.000	0	0	0	0.000	0	0
266	266	2533	1681.753	1773.274	0.893	153	723	1284	294	23	153	723	1284	294	23	114.805	345.287	2309	402	342	323	301	280	258	238	214	185	158	106.421	165.347	210	193	187	181	174	167	159	151	143	134	123	1	148	1672.772	1789.134	0	0	0	1329	1374.574	0	0	194	193.338	0	0	0	0	0.000	0.000	0	0	0	0	0.000	0	0	0	0.000	0	0
267	267	1801	699.048	1769.307	0.897	53	300	1143	248	15	53	300	1143	248	15	109.650	118.333	127	121	120	120	119	118	118	117	116	115	112	107.767	912.149	1447	1296	1174	1103	1023	930	824	726	631	526	371	0	0	0.000	0.000	0	0	0	0	0.000	0	0	0	0.000	0	0	0	0	0.000	0.000	0	0	0	0	0.000	0	0	0	0.000	0	0
268	268	1093	820.779	1765.872	0.895	51	109	409	435	62	51	109	409	435	62	110.000	129.353	153	141	135	132	130	128	126	125	123	120	113	104.627	124.402	140	132	130	128	126	125	123	121	119	116	109	0	0	0.000	0.000	0	0	0	0	0.000	0	0	0	0.000	0	0	0	0	0.000	0.000	0	0	0	0	0.000	0	0	0	0.000	0	0
269	269	1375	987.787	1771.153	0.906	24	19	228	918	160	24	19	228	918	160	110.000	121.644	135	129	127	124	122	120	119	118	117	116	112	103.110	131.186	145	138	136	135	133	132	131	129	126	123	114	0	0	0.000	0.000	0	0	0	0	0.000	0	0	0	0.000	0	0	0	0	0.000	0.000	0	0	0	0	0.000	0	0	0	0.000	0	0
270	270	2076	1250.357	1786.036	0.889	13	270	1502	238	10	13	270	1502	238	10	110.857	118.357	131	124	121	119	118	117	117	116	116	115	112	103.020	227.855	312	282	263	250	239	228	217	205	192	175	139	0	0	0.000	0.000	0	0	0	0	0.000	0	0	0	0.000	0	0	0	0	0.000	0.000	0	0	0	0	0.000	0	0	0	0.000	0	0
271	271	2019	1876.189	1794.436	0.836	244	897	741	93	8	244	897	741	93	8	114.111	123.993	135	128	127	125	124	123	123	122	121	120	117	106.961	805.584	1190	1038	993	942	886	838	777	700	602	505	424	0	0	0.000	0.000	0	0	0	0	0.000	0	0	0	0.000	0	0	0	0	0.000	0.000	0	0	0	0	0.000	0	0	0	0.000	0	0
272	272	2678	937.150	1796.851	0.870	30	118	1740	722	29	30	118	1740	722	29	110.000	171.128	1276	209	125	120	119	118	117	116	116	115	112	103.645	129.766	153	142	139	136	133	129	126	123	121	118	109	1	230	917.385	1800.240	0	0	0	646	679.630	0	0	143	142.487	0	0	0	0	0.000	0.000	0	0	0	0	0.000	0	0	0	0.000	0	0
273	273	1839	1116.585	1804.341	0.900	38	306	796	598	68	38	306	796	598	68	110.442	124.449	249	134	123	121	120	119	118	118	117	116	112	102.867	695.934	1128	943	876	824	770	727	654	586	497	403	309	1	133	1115.871	1807.180	0	0	0	175	179.647	0	0	549	562.534	0	0	0	0	0.000	0.000	0	0	0	0	0.000	0	0	0	0.000	0	0
274	274	1805	1426.823	1813.971	0.878	51	318	927	451	24	51	318	927	451	24	112.000	123.673	137	130	127	126	124	123	122	121	120	119	114	106.020	1009.196	1560	1347	1275	1199	1116	1029	943	855	727	612	417	0	0	0.000	0.000	0	0	0	0	0.000	0	0	0	0.000	0	0	0	0	0.000	0.000	0	0	0	0	0.000	0	0	0	0.000	0	0
275	275	1444	1974.043	1820.132	0.828	1326	76	22	11	8	1326	76	22	11	8	115.687	130.085	144	136	134	133	131	130	129	127	126	124	120	107.174	1688.557	2367	2117	2021	1916	1811	1724	1637	1562	1426	1174	555	0	0	0.000	0.000	0	0	0	0	0.000	0	0	0	0.000	0	0	0	0	0.000	0.000	0	0	0	0	0.000	0	0	0	0.000	0	0
276	276	2250	1923.077	1820.940	0.850	86	514	1383	209	15	86	514	1383	209	15	115.158	208.001	1548	298	152	148	145	142	140	138	136	133	124	107.375	1103.187	1821	1651	1508	1361	1217	1104	988	849	697	576	328	1	203	1917.697	1807.485	0	0	0	746	807.650	0	0	1310	1236.877	0	0	0	0	0.000	0.000	0	0	0	0	0.000	0	0	0	0.000	0	0
277	277	504	1282.117	1809.893	0.946	15	64	116	264	41	15	64	116	264	41	111.000	116.748	121	119	118	118	117	117	116	116	115	115	113	102.756	181.998	223	208	202	197	192	187	180	170	160	149	130	0	0	0.000	0.000	0	0	0	0	0.000	0	0	0	0.000	0	0	0	0	0.000	0.000	0	0	0	0	0.000	0	0	0	0.000	0	0
278	278	2159	1206.602	1829.427	0.888	47	816	1087	133	23	47	816	1087	133	23	109.503	120.666	130	125	123	122	121	120	120	119	118	117	113	103.031	143.119	170	159	155	151	147	143	139	136	133	129	112	0	0	0.000	0.000	0	0	0	0	0.000	0	0	0	0.000	0	0	0	0	0.000	0.000	0	0	0	0	0.000	0	0	0	0.000	0	0
279	279	1963	1471.124	1834.878	0.885	56	709	967	166	26	56	709	967	166	26	112.101	122.989	143	130	125	124	123	122	121	120	120	118	113	106.102	1012.657	1445	1354	1294	1223	1142	1078	981	846	719	559	359	0	0	0.000	0.000	0	0	0	0	0.000	0	0	0	0.000	0	0	0	0	0.000	0.000	0	0	0	0	0.000	0	0	0	0.000	0	0
280	280	1757	704.756	1834.491	0.904	767	699	118	81	59	767	699	118	81	59	108.562	118.584	127	122	120	120	119	118	118	117	117	116	113	104.785	524.386	814	732	684	640	577	527	470	419	367	311	218	0	0	0.000	0.000	0	0	0	0	0.000	0	0	0	0.000	0	0	0	0	0.000	0.000	0	0	0	0	0.000	0	0	0	0.000	0	0
281	281	1482	1256.813	1839.264	0.898	33	367	974	59	29	33	367	974	59	29	110.364	117.128	129	121	119	118	117	117	116	115	115	114	112	102.753	245.408	329	302	283	266	253	242	234	223	210	197	148	0	0	0.000	0.000	0	0	0	0	0.000	0	0	0	0.000	0	0	0	0	0.000	0.000	0	0	0	0	0.000	0	0	0	0.000	0	0
282	282	1391	1842.356	1844.352	0.910	277	452	408	203	29	277	452	408	203	29	114.984	124.150	132	127	126	125	125	124	124	123	122	121	118	107.182	1040.048	1669	1402	1308	1224	1138	1049	975	915	795	605	305	0	0	0.000	0.000	0	0	0	0	0.000	0	0	0	0.000	0	0	0	0	0.000	0.000	0	0	0	0	0.000	0	0	0	0.000	0	0
283	283	1249	1985.702	1851.055	0.778	278	341	294	236	80	278	341	294	236	80	119.331	134.698	199	138	137	136	135	134	133	132	131	130	125	107.765	1495.496	2615	2357	2038	1862	1745	1661	1561	1201	792	389	143	0	0	0.000	0.000	0	0	0	0	0.000	0	0	0	0.000	0	0	0	0	0.000	0.000	0	0	0	0	0.000	0	0	0	0.000	0	0
284	284	1718	1713.463	1858.288	0.916	248	336	681	380	40	248	336	681	380	40	116.000	156.326	248	169	164	160	157	155	153	151	147	141	131	107.887	861.569	1199	1101	1029	980	932	886	835	769	683	601	270	0	0	0.000	0.000	0	0	0	0	0.000	0	0	0	0.000	0	0	0	0	0.000	0.000	0	0	0	0	0.000	0	0	0	0.000	0	0
285	285	2580	1624.106	1869.490	0.895	1700	551	149	110	20	1700	551	149	110	20	114.324	128.213	139	133	132	131	130	128	127	126	124	123	118	106.159	121.983	134	127	125	124	123	122	121	120	119	117	108	0	0	0.000	0.000	0	0	0	0	0.000	0	0	0	0.000	0	0	0	0	0.000	0.000	0	0	0	0	0.000	0	0	0	0.000	0	0
286	286	2148	139.971	1866.986	0.904	109	570	1019	372	35	109	570	1019	372	35	104.777	112.557	121	116	115	114	113	112	112	111	111	110	106	102.000	778.892	1629	1152	1033	946	870	792	694	605	526	373	263	0	0	0.000	0.000	0	0	0	0	0.000	0	0	0	0.000	0	0	0	0	0.000	0.000	0	0	0	0	0.000	0	0	0	0.000	0	0
287	287	737	984.774	1858.833	0.936	46	56	282	288	50	46	56	282	288	50	110.000	116.269	121	118	118	117	117	116	116	115	115	114	112	103.000	512.487	848	708	626	569	541	509	483	458	392	330	201	0	0	0.000	0.000	0	0	0	0	0.000	0	0	0	0.000	0	0	0	0	0.000	0.000	0	0	0	0	0.000	0	0	0	0.000	0	0
288	288	2193	1427.522	1874.219	0.911	1872	225	11	7	5	1872	225	11	7	5	112.285	123.300	135	129	127	125	124	123	122	121	120	119	114	104.103	905.245	1308	1201	1137	1087	1031	968	890	772	636	507	347	0	0	0.000	0.000	0	0	0	0	0.000	0	0	0	0.000	0	0	0	0	0.000	0.000	0	0	0	0	0.000	0	0	0	0.000	0	0
289	289	2346	1765.454	1870.774	0.843	1645	389	217	54	20	1645	389	217	54	20	115.521	388.187	508	471	448	431	415	395	376	357	326	290	246	107.951	192.767	232	216	210	204	199	194	189	183	176	167	151	0	0	0.000	0.000	0	0	0	0	0.000	0	0	0	0.000	0	0	0	0	0.000	0.000	0	0	0	0	0.000	0	0	0	0.000	0	0
290	290	1741	1887.388	1873.703	0.899	90	267	1080	246	29	90	267	1080	246	29	116.024	183.688	221	209	203	197	192	187	181	173	163	153	140	107.306	519.118	777	689	648	601	559	530	499	454	392	313	239	0	0	0.000	0.000	0	0	0	0	0.000	0	0	0	0.000	0	0	0	0	0.000	0.000	0	0	0	0	0.000	0	0	0	0.000	0	0
291	291	1391	1987.317	1890.476	0.890	270	541	474	78	5	270	541	474	78	5	121.873	144.323	193	154	149	145	143	142	141	139	138	137	133	108.239	1583.598	2616	2253	2107	1999	1881	1747	1544	1310	1074	591	165	0	0	0.000	0.000	0	0	0	0	0.000	0	0	0	0.000	0	0	0	0	0.000	0.000	0	0	0	0	0.000	0	0	0	0.000	0	0
292	292	2081	94.546	1905.161	0.897	237	931	704	155	19	237	931	704	155	19	103.332	110.534	117	113	112	112	111	111	110	109	109	108	105	101.175	837.366	1366	1070	1018	976	930	884	832	764	648	494	268	0	0	0.000	0.000	0	0	0	0	0.000	0	0	0	0.000	0	0	0	0	0.000	0.000	0	0	0	0	0.000	0	0	0	0.000	0	0
293	293	1853	997.557	1902.818	0.900	65	382	1097	253	19	65	382	1097	253	19	108.980	116.294	124	119	118	117	117	116	116	115	115	114	111	103.000	724.538	1191	1035	945	873	807	745	675	604	508	361	229	0	0	0.000	0.000	0	0	0	0	0.000	0	0	0	0.000	0	0	0	0	0.000	0.000	0	0	0	0	0.000	0	0	0	0.000	0	0
294	294	2759	1565.439	1906.557	0.869	89	750	1559	271	33	89	750	1559	271	33	114.668	193.563	250	235	226	215	206	198	189	173	157	148	133	104.202	133.418	149	141	139	137	136	135	133	132	129	123	109	0	0	0.000	0.000	0	0	0	0	0.000	0	0	0	0.000	0	0	0	0	0.000	0.000	0	0	0	0	0.000	0	0	0	0.000	0	0
295	295	1176	1814.664	1898.142	0.892	627	255	153	99	25	627	255	153	99	25	114.991	176.789	372	243	203	183	171	163	157	150	143	136	126	106.366	123.214	141	130	128	126	125	123	122	120	118	116	110	2	48	1810.458	1901.962	18	1816.543	1889.626	302	303.479	272	269.722	130	129.292	129	129.333	0	0	0.000	0.000	0	0	0	0	0.000	0	0	0	0.000	0	0
296	296	1494	931.620	1905.353	0.894	34	139	962	322	17	34	139	962	322	17	109.876	121.533	134	127	125	123	122	121	120	119	118	117	113	103.000	130.269	143	136	135	133	132	131	130	129	127	123	109	0	0	0.000	0.000	0	0	0	0	0.000	0	0	0	0.000	0	0	0	0	0.000	0.000	0	0	0	0	0.000	0	0	0	0.000	0	0
297	297	1478	821.077	1912.291	0.909	19	385	822	207	15	19	385	822	207	15	109.392	128.708	143	135	133	132	130	129	127	126	124	122	115	103.824	432.528	665	585	541	504	470	435	398	359	324	274	220	0	0	0.000	0.000	0	0	0	0	0.000	0	0	0	0.000	0	0	0	0	0.000	0.000	0	0	0	0	0.000	0	0	0	0.000	0	0
298	298	2030	873.476	1919.773	0.861	4	163	997	774	65	4	163	997	774	65	109.000	117.892	190	120	118	117	116	116	115	115	114	114	111	103.351	342.161	492	449	418	389	366	343	319	296	268	234	164	1	101	876.196	1933.812	0	0	0	149	151.248	0	0	423	409.802	0	0	0	0	0.000	0.000	0	0	0	0	0.000	0	0	0	0.000	0	0
299	299	1559	766.837	1920.706	0.891	101	519	623	235	48	101	519	623	235	48	109.000	126.983	142	135	132	130	128	127	125	124	121	119	114	103.991	338.767	534	479	432	393	355	322	304	287	254	211	179	0	0	0.000	0.000	0	0	0	0	0.000	0	0	0	0.000	0	0	0	0	0.000	0.000	0	0	0	0	0.000	0	0	0	0.000	0	0
300	300	1278	1637.368	1919.866	0.885	80	342	676	119	31	80	342	676	119	31	113.873	126.538	135	130	129	128	127	127	126	125	124	122	119	104.953	118.671	139	123	121	120	119	118	118	117	116	114	108	0	0	0.000	0.000	0	0	0	0	0.000	0	0	0	0.000	0	0	0	0	0.000	0.000	0	0	0	0	0.000	0	0	0	0.000	0	0
301	301	1965	675.174	1929.680	0.872	488	1176	144	79	45	488	1176	144	79	45	109.093	586.289	10988	739	277	227	222	217	212	203	193	183	164	102.739	126.076	148	132	130	128	127	126	125	124	122	121	111	1	127	665.376	1917.894	0	0	0	4637	4930.756	0	0	132	132.961	0	0	0	0	0.000	0.000	0	0	0	0	0.000	0	0	0	0.000	0	0
302	302	2059	1892.321	1927.788	0.901	7	31	375	1374	242	7	31	375	1374	242	118.054	195.322	232	217	213	209	204	198	193	186	179	168	139	107.159	544.283	817	719	670	633	592	551	508	467	420	357	210	0	0	0.000	0.000	0	0	0	0	0.000	0	0	0	0.000	0	0	0	0	0.000	0.000	0	0	0	0	0.000	0	0	0	0.000	0	0
303	303	991	1405.880	1925.005	0.870	951	23	8	4	3	951	23	8	4	3	112.429	238.907	700	322	266	244	225	213	202	192	183	174	146	102.431	138.295	163	154	150	145	142	138	135	131	127	122	112	1	49	1402.673	1917.122	0	0	0	530	529.959	0	0	154	153.857	0	0	0	0	0.000	0.000	0	0	0	0	0.000	0	0	0	0.000	0	0
304	304	467	721.293	1916.413	0.902	10	31	106	242	71	10	31	106	242	71	109.000	124.672	135	131	129	127	126	125	124	122	120	118	115	103.559	318.325	416	383	368	359	342	323	306	287	265	241	204	0	0	0.000	0.000	0	0	0	0	0.000	0	0	0	0.000	0	0	0	0	0.000	0.000	0	0	0	0	0.000	0	0	0	0.000	0	0
305	305	1224	1689.910	1928.571	0.917	97	198	731	164	13	97	198	731	164	13	113.997	147.215	164	157	153	151	149	147	145	143	141	139	132	104.881	362.266	497	452	423	406	382	361	337	314	297	283	222	0	0	0.000	0.000	0	0	0	0	0.000	0	0	0	0.000	0	0	0	0	0.000	0.000	0	0	0	0	0.000	0	0	0	0.000	0	0
306	306	2185	180.189	1948.951	0.902	7	290	1658	190	12	7	290	1658	190	12	104.471	194.385	1116	339	180	145	140	137	134	131	126	121	109	102.000	796.149	1196	1067	991	934	885	839	783	693	570	463	232	1	231	187.295	1950.553	0	0	0	549	597.355	0	0	798	756.684	0	0	0	0	0.000	0.000	0	0	0	0	0.000	0	0	0	0.000	0	0
307	307	1357	1954.197	1938.679	0.909	625	651	41	9	4	625	651	41	9	4	121.934	430.393	541	504	475	449	433	423	416	406	397	373	291	108.024	204.975	251	230	222	214	209	204	200	197	189	179	156	0	0	0.000	0.000	0	0	0	0	0.000	0	0	0	0.000	0	0	0	0	0.000	0.000	0	0	0	0	0.000	0	0	0	0.000	0	0
308	308	784	357.822	1935.277	0.897	20	121	482	132	17	20	121	482	132	17	106.000	124.198	143	139	136	130	125	122	119	117	115	114	110	100.718	120.406	141	131	128	124	121	119	118	117	114	111	103	0	0	0.000	0.000	0	0	0	0	0.000	0	0	0	0.000	0	0	0	0	0.000	0.000	0	0	0	0	0.000	0	0	0	0.000	0	0
309	309	1892	1834.156	1944.044	0.899	360	1256	212	37	3	360	1256	212	37	3	114.575	751.040	5452	2166	1011	612	395	278	215	183	162	149	133	105.002	121.622	140	130	127	124	123	121	120	118	116	114	108	1	322	1829.867	1938.952	0	0	0	2449	2672.801	0	0	129	128.898	0	0	0	0	0.000	0.000	0	0	0	0	0.000	0	0	0	0.000	0	0
310	310	1826	315.982	1948.440	0.896	62	1170	477	49	22	62	1170	477	49	22	105.791	132.939	167	154	147	140	135	129	125	123	120	118	112	101.000	127.880	146	136	133	131	129	127	126	125	123	121	106	0	0	0.000	0.000	0	0	0	0	0.000	0	0	0	0.000	0	0	0	0	0.000	0.000	0	0	0	0	0.000	0	0	0	0.000	0	0
311	311	1110	805.707	1950.645	0.909	59	158	537	307	26	59	158	537	307	26	109.412	134.466	149	143	142	140	138	135	133	130	127	124	116	103.765	614.047	898	810	746	710	675	633	594	542	475	389	224	0	0	0.000	0.000	0	0	0	0	0.000	0	0	0	0.000	0	0	0	0	0.000	0.000	0	0	0	0	0.000	0	0	0	0.000	0	0
312	312	918	1743.442	1948.153	0.884	144	235	389	108	23	144	235	389	108	23	114.000	143.736	172	156	151	147	145	143	141	140	137	132	125	104.720	119.022	133	125	123	122	121	119	118	116	115	113	107	0	0	0.000	0.000	0	0	0	0	0.000	0	0	0	0.000	0	0	0	0	0.000	0.000	0	0	0	0	0.000	0	0	0	0.000	0	0
313	313	1550	919.879	1961.594	0.888	66	835	550	57	8	66	835	550	57	8	108.976	117.789	126	121	120	119	118	118	117	116	116	115	111	102.404	451.588	950	698	629	556	475	416	355	307	277	244	200	0	0	0.000	0.000	0	0	0	0	0.000	0	0	0	0.000	0	0	0	0	0.000	0.000	0	0	0	0	0.000	0	0	0	0.000	0	0
314	314	1370	742.060	1969.373	0.926	879	295	95	45	34	879	295	95	45	34	109.896	246.787	2455	396	134	129	126	124	122	121	119	118	113	103.123	415.574	589	532	498	469	445	421	398	373	339	283	230	1	157	748.614	1953.664	0	0	0	1118	1204.369	0	0	460	440.650	0	0	0	0	0.000	0.000	0	0	0	0	0.000	0	0	0	0.000	0	0
315	315	1209	1017.557	1973.034	0.905	33	31	212	849	63	33	31	212	849	63	109.000	116.932	124	120	119	118	117	117	116	116	115	114	111	101.683	695.001	1167	1004	909	832	762	699	640	567	466	369	264	0	0	0.000	0.000	0	0	0	0	0.000	0	0	0	0.000	0	0	0	0	0.000	0.000	0	0	0	0	0.000	0	0	0	0.000	0	0
316	316	1069	1599.841	1976.070	0.929	44	221	581	190	10	44	221	581	190	10	114.534	208.175	236	228	225	220	216	211	206	200	193	182	165	102.540	862.200	1453	1240	1129	1031	932	856	770	703	644	477	258	0	0	0.000	0.000	0	0	0	0	0.000	0	0	0	0.000	0	0	0	0	0.000	0.000	0	0	0	0	0.000	0	0	0	0.000	0	0
317	317	734	1970.726	1981.391	0.853	417	160	64	58	23	417	160	64	58	23	122.970	338.886	422	399	384	372	361	349	331	311	289	268	239	107.320	153.203	167	159	157	156	155	154	153	151	149	146	141	0	0	0.000	0.000	0	0	0	0	0.000	0	0	0	0.000	0	0	0	0	0.000	0.000	0	0	0	0	0.000	0	0	0	0.000	0	0
318	318	2436	674.231	1995.969	0.887	1087	1247	31	10	2	1087	1247	31	10	2	109.368	408.898	712	532	467	443	424	409	390	362	324	294	190	101.900	125.466	138	132	130	129	127	126	125	123	121	118	110	0	0	0.000	0.000	0	0	0	0	0.000	0	0	0	0.000	0	0	0	0	0.000	0.000	0	0	0	0	0.000	0	0	0	0.000	0	0
319	319	1721	133.484	1986.786	0.892	90	581	770	233	15	90	581	770	233	15	103.213	123.121	169	138	127	125	122	120	118	117	115	113	108	100.572	770.051	1078	984	947	906	864	816	755	680	576	463	322	0	0	0.000	0.000	0	0	0	0	0.000	0	0	0	0.000	0	0	0	0	0.000	0.000	0	0	0	0	0.000	0	0	0	0.000	0	0
320	320	2001	218.375	1987.515	0.892	117	1036	770	35	5	117	1036	770	35	5	104.165	123.154	301	133	122	120	118	117	115	114	113	111	107	101.922	802.299	1133	1026	991	960	923	875	803	705	577	453	275	1	116	203.503	1989.401	0	0	0	204	208.655	0	0	1006	999.207	0	0	0	0	0.000	0.000	0	0	0	0	0.000	0	0	0	0.000	0	0
321	321	1660	1906.504	1987.242	0.873	36	362	960	243	26	36	362	960	243	26	119.619	174.904	292	198	187	181	175	171	167	163	158	150	137	107.019	378.960	613	534	476	437	403	374	341	310	282	251	193	0	0	0.000	0.000	0	0	0	0	0.000	0	0	0	0.000	0	0	0	0	0.000	0.000	0	0	0	0	0.000	0	0	0	0.000	0	0
322	322	721	1775.976	1981.515	0.915	109	360	183	36	17	109	360	183	36	17	113.251	468.596	1034	786	615	499	426	390	370	352	333	310	257	104.702	117.606	128	122	120	119	118	117	117	116	115	114	110	0	0	0.000	0.000	0	0	0	0	0.000	0	0	0	0.000	0	0	0	0	0.000	0.000	0	0	0	0	0.000	0	0	0	0.000	0	0
323	323	2242	1726.445	2002.227	0.890	330	1510	311	35	11	330	1510	311	35	11	113.032	2455.395	27664	8117	1831	652	474	426	393	366	327	272	204	102.700	118.223	151	128	122	119	118	116	115	114	113	111	105	1	328	1731.562	2005.468	0	0	0	11732	12974.680	0	0	132	132.296	0	0	1	29	1732.049	2004.609	0	0	0	25305	24931.586	0	0	146	145.759	0	0
324	324	1552	271.412	1997.328	0.893	45	661	742	68	3	45	661	742	68	3	104.190	117.548	134	124	121	119	118	117	116	115	114	113	109	101.000	860.722	1186	1076	1010	967	919	874	827	766	709	635	426	0	0	0.000	0.000	0	0	0	0	0.000	0	0	0	0.000	0	0	0	0	0.000	0.000	0	0	0	0	0.000	0	0	0	0.000	0	0
325	325	1327	1787.918	2024.180	0.897	443	788	51	13	6	443	788	51	13	6	112.916	160.955	187	172	169	166	163	161	159	157	154	148	137	104.082	439.067	673	589	548	511	475	439	405	366	327	282	244	0	0	0.000	0.000	0	0	0	0	0.000	0	0	0	0.000	0	0	0	0	0.000	0.000	0	0	0	0	0.000	0	0	0	0.000	0	0
326	326	604	207.747	2030.857	0.853	72	182	248	77	12	72	182	248	77	12	103.167	182.152	251	234	214	198	185	175	167	160	154	146	135	100.995	134.338	174	155	148	142	136	131	128	125	121	118	107	0	0	0.000	0.000	0	0	0	0	0.000	0	0	0	0.000	0	0	0	0	0.000	0.000	0	0	0	0	0.000	0	0	0	0.000	0	0
