 	cell	area	x	y	circ	BFI_lev_b1	BFI_lev_b2	BFI_lev_b3	BFI_lev_b4	BFI_lev_b5	BFO_lev_b1	BFO_lev_b2	BFO_lev_b3	BFO_lev_b4	BFO_lev_b5	RFP_int_bg	RFP_int_mean	RFP_int_b0	RFP_int_b1	RFP_int_b2	RFP_int_b3	RFP_int_b4	RFP_int_b5	RFP_int_b6	RFP_int_b7	RFP_int_b8	RFP_int_b9	RFP_int_b10	GFP_int_bg	GFP_int_mean	GFP_int_b0	GFP_int_b1	GFP_int_b2	GFP_int_b3	GFP_int_b4	GFP_int_b5	GFP_int_b6	GFP_int_b7	GFP_int_b8	GFP_int_b9	GFP_int_b10	inRFPnfoci	f1_inRFParea	f1_inRFPx	f1_inRFPy	f2_inRFParea	f2_inRFPx	f2_inRFPy	f1_inRFP_toRFPmed	f1_inRFP_toRFPmean	f2_inRFP_toRFPmed	f2_inRFP_toRFPmean	f1_inRFP_toGFPmed	f1_inRFP_toGFPmean	f2_inRFP_toGFPmed	f2_inRFP_toGFPmean	inGFPnfoci	f1_inGFParea	f1_inGFPx	f1_inGFPy	f2_inGFParea	f2_inGFPx	f2_inGFPy	f1_inGFP_toRFPmed	f1_inGFP_toRFPmean	f2_inGFP_toRFPmed	f2_inGFP_toRFPmean	f1_inGFP_toGFPmed	f1_inGFP_toGFPmean	f2_inGFP_toGFPmed	f2_inGFP_toGFPmean
1	1	1999	545.485	40.058	0.882	362	1453	105	32	16	362	1453	105	32	16	105.628	113.530	123	118	116	114	114	113	112	112	111	110	108	102.000	785.510	1766	1132	1048	973	892	782	671	563	488	395	169	0	0	0.000	0.000	0	0	0	0	0.000	0	0	0	0.000	0	0	0	0	0	0	0	0	0	0	0	0	0	0	0	0	0
2	2	1751	1759.617	42.246	0.873	95	1030	550	30	17	95	1030	550	30	17	106.045	157.530	343	200	178	171	164	156	144	131	120	111	108	101.000	119.128	144	132	128	125	122	119	117	113	109	106	101	1	53	1747.440	33.581	0	0	0	291	289.981	0	0	123	124.981	0	0	0	0	0	0	0	0	0	0	0	0	0	0	0	0	0
3	3	1269	124.200	51.093	0.917	80	133	841	173	27	80	133	841	173	27	102.867	146.377	183	166	161	158	153	149	143	136	129	122	114	101.000	337.001	574	457	418	391	369	341	310	280	244	212	153	0	0	0.000	0.000	0	0	0	0	0.000	0	0	0	0.000	0	0	0	0	0	0	0	0	0	0	0	0	0	0	0	0	0
4	4	471	915.944	50.270	0.956	17	77	136	192	45	17	77	136	192	45	106.146	114.909	118	117	116	116	116	115	115	114	114	113	110	102.000	540.157	877	790	727	655	592	527	465	418	364	313	249	0	0	0.000	0.000	0	0	0	0	0.000	0	0	0	0.000	0	0	0	0	0	0	0	0	0	0	0	0	0	0	0	0	0
5	5	1134	830.366	63.712	0.920	143	767	177	18	8	143	767	177	18	8	107.027	113.004	120	115	114	114	113	113	112	112	111	111	108	102.906	330.071	463	428	406	383	364	344	322	292	249	206	156	0	0	0.000	0.000	0	0	0	0	0.000	0	0	0	0.000	0	0	0	0	0	0	0	0	0	0	0	0	0	0	0	0	0
6	6	1561	501.943	72.064	0.874	25	145	960	352	53	25	145	960	352	53	106.757	114.326	130	120	118	115	114	113	112	112	111	110	107	101.986	617.145	983	865	810	747	684	606	540	488	442	386	199	1	203	499.270	64.190	0	0	0	122	121.897	0	0	494	515.808	0	0	0	0	0	0	0	0	0	0	0	0	0	0	0	0	0
7	7	1179	765.159	75.611	0.918	101	488	477	69	13	101	488	477	69	13	107.633	114.796	124	120	117	116	115	114	114	113	112	112	110	102.363	549.830	876	719	672	642	603	569	532	491	423	336	226	0	0	0.000	0.000	0	0	0	0	0.000	0	0	0	0.000	0	0	0	0	0	0	0	0	0	0	0	0	0	0	0	0	0
8	8	2270	1255.984	87.807	0.868	127	1269	684	106	40	127	1269	684	106	40	107.551	230.181	306	267	257	248	238	229	221	212	203	192	159	102.104	119.616	133	125	123	122	120	119	118	117	116	115	109	0	0	0.000	0.000	0	0	0	0	0.000	0	0	0	0.000	0	0	0	0	0	0	0	0	0	0	0	0	0	0	0	0	0
9	9	1162	80.199	80.840	0.909	292	702	111	32	7	292	702	111	32	7	103.295	149.313	184	176	171	166	161	153	143	133	125	119	112	101.000	336.526	474	426	408	393	369	341	322	300	270	224	152	0	0	0.000	0.000	0	0	0	0	0.000	0	0	0	0.000	0	0	0	0	0	0	0	0	0	0	0	0	0	0	0	0	0
10	10	1877	546.073	103.558	0.872	28	869	859	69	15	28	869	859	69	15	107.000	114.115	126	120	117	115	114	113	113	112	111	111	109	102.585	165.485	200	189	182	176	171	166	161	155	149	142	124	0	0	0.000	0.000	0	0	0	0	0.000	0	0	0	0.000	0	0	0	0	0	0	0	0	0	0	0	0	0	0	0	0	0
11	11	988	226.870	101.597	0.876	80	238	408	221	27	80	238	408	221	27	105.991	115.733	125	121	119	117	116	115	114	114	113	112	110	101.160	203.619	316	261	247	236	220	203	187	173	158	145	125	0	0	0.000	0.000	0	0	0	0	0.000	0	0	0	0.000	0	0	0	0	0	0	0	0	0	0	0	0	0	0	0	0	0
12	12	2098	1003.462	117.331	0.880	16	350	1242	415	30	16	350	1242	415	30	107.127	126.801	137	133	131	130	129	127	126	124	122	120	113	102.925	1436.829	2098	1904	1787	1687	1589	1493	1384	1241	1079	864	607	0	0	0.000	0.000	0	0	0	0	0.000	0	0	0	0.000	0	0	0	0	0	0	0	0	0	0	0	0	0	0	0	0	0
13	13	2347	672.525	121.227	0.884	159	1266	777	97	9	159	1266	777	97	9	107.263	113.671	123	116	115	114	114	113	113	112	112	111	109	102.000	124.362	137	131	129	128	127	125	124	122	120	116	104	0	0	0.000	0.000	0	0	0	0	0.000	0	0	0	0.000	0	0	0	0	0	0	0	0	0	0	0	0	0	0	0	0	0
14	14	1785	605.670	118.333	0.889	8	35	755	908	48	8	35	755	908	48	107.000	113.337	119	116	115	114	114	113	113	112	111	111	108	102.000	149.865	183	169	164	160	156	152	147	142	135	128	108	0	0	0.000	0.000	0	0	0	0	0.000	0	0	0	0.000	0	0	0	0	0	0	0	0	0	0	0	0	0	0	0	0	0
15	15	1571	493.638	117.418	0.904	34	472	938	102	6	34	472	938	102	6	107.000	112.444	119	115	114	113	113	112	112	111	111	110	108	102.075	160.990	192	181	177	173	169	166	162	155	147	129	110	0	0	0.000	0.000	0	0	0	0	0.000	0	0	0	0.000	0	0	0	0	0	0	0	0	0	0	0	0	0	0	0	0	0
16	16	1762	737.650	115.945	0.832	37	655	988	32	8	37	655	988	32	8	108.000	160.906	196	185	180	174	169	163	156	149	142	134	122	102.087	516.744	813	680	643	609	574	529	473	422	381	335	220	0	0	0.000	0.000	0	0	0	0	0.000	0	0	0	0.000	0	0	0	0	0	0	0	0	0	0	0	0	0	0	0	0	0
17	17	1261	791.567	118.514	0.916	7	118	601	466	38	7	118	601	466	38	108.000	170.573	208	198	192	187	180	172	164	158	149	140	127	103.000	583.544	885	761	712	669	632	592	556	514	461	379	236	0	0	0.000	0.000	0	0	0	0	0.000	0	0	0	0.000	0	0	0	0	0	0	0	0	0	0	0	0	0	0	0	0	0
18	18	1630	1069.756	126.816	0.877	79	359	887	243	20	79	359	887	243	20	107.647	120.988	132	128	126	124	122	121	119	118	116	114	110	103.355	483.088	734	641	597	565	532	495	452	414	376	301	180	0	0	0.000	0.000	0	0	0	0	0.000	0	0	0	0.000	0	0	0	0	0	0	0	0	0	0	0	0	0	0	0	0	0
19	19	613	44.554	130.352	0.904	50	150	325	61	14	50	150	325	61	14	103.741	112.922	120	117	116	114	114	113	112	111	110	109	106	101.000	506.424	806	727	677	623	567	509	447	384	339	287	219	0	0	0.000	0.000	0	0	0	0	0.000	0	0	0	0.000	0	0	0	0	0	0	0	0	0	0	0	0	0	0	0	0	0
20	20	2413	1706.868	146.551	0.865	152	1576	592	37	13	152	1576	592	37	13	107.000	262.632	998	364	273	255	242	230	220	204	189	167	129	102.944	984.571	1542	1323	1209	1122	1055	990	928	868	772	631	271	1	149	1712.165	143.420	0	0	0	695	709.564	0	0	1004	1046.826	0	0	0	0	0	0	0	0	0	0	0	0	0	0	0	0	0
21	21	1073	712.396	152.126	0.908	55	351	555	92	7	55	351	555	92	7	108.000	112.779	118	115	114	114	113	113	112	112	111	110	109	101.787	117.499	130	124	122	120	118	117	116	115	114	111	105	0	0	0.000	0.000	0	0	0	0	0.000	0	0	0	0.000	0	0	0	0	0	0	0	0	0	0	0	0	0	0	0	0	0
22	22	1697	1189.100	155.201	0.892	66	500	905	173	22	66	500	905	173	22	107.991	114.291	124	117	116	115	114	114	113	113	112	112	108	103.000	636.099	955	848	787	741	701	653	592	529	475	409	320	0	0	0.000	0.000	0	0	0	0	0.000	0	0	0	0.000	0	0	0	0	0	0	0	0	0	0	0	0	0	0	0	0	0
23	23	2001	72.727	167.760	0.877	42	176	898	779	67	42	176	898	779	67	104.582	140.753	673	149	134	131	128	126	124	122	118	115	110	101.905	715.165	1158	985	896	844	792	730	671	601	524	419	217	1	106	90.084	165.966	0	0	0	351	371.330	0	0	914	884.500	0	0	0	0	0	0	0	0	0	0	0	0	0	0	0	0	0
24	24	1903	1019.325	172.827	0.889	74	504	1101	176	11	74	504	1101	176	11	108.000	170.187	1114	246	137	131	128	126	123	121	119	117	109	103.927	1126.903	1794	1561	1475	1391	1301	1195	1054	886	758	602	243	1	164	1004.015	180.260	0	0	0	533	571.927	0	0	1467	1348.183	0	0	0	0	0	0	0	0	0	0	0	0	0	0	0	0	0
25	25	1069	1143.852	162.362	0.908	34	93	379	483	59	34	93	379	483	59	108.000	113.261	119	116	115	114	113	113	113	112	112	111	110	103.372	482.351	768	671	608	565	528	499	458	399	339	280	198	0	0	0.000	0.000	0	0	0	0	0.000	0	0	0	0.000	0	0	0	0	0	0	0	0	0	0	0	0	0	0	0	0	0
26	26	628	1839.866	160.913	0.926	78	150	153	195	41	78	150	153	195	41	106.962	113.062	117	116	115	114	114	113	112	112	111	110	107	103.025	109.772	117	113	112	111	110	110	109	109	108	107	104	0	0	0.000	0.000	0	0	0	0	0.000	0	0	0	0.000	0	0	0	0	0	0	0	0	0	0	0	0	0	0	0	0	0
27	27	1325	621.683	172.845	0.883	20	112	524	570	69	20	112	524	570	69	107.000	112.074	116	114	113	113	112	112	112	111	111	110	108	102.000	155.860	188	177	173	170	166	162	155	149	139	122	107	0	0	0.000	0.000	0	0	0	0	0.000	0	0	0	0.000	0	0	0	0	0	0	0	0	0	0	0	0	0	0	0	0	0
28	28	1053	1392.808	167.480	0.907	38	145	579	253	16	38	145	579	253	16	106.915	126.274	146	136	134	131	129	127	124	121	119	116	110	102.470	114.110	133	122	119	116	115	113	112	111	109	108	104	0	0	0.000	0.000	0	0	0	0	0.000	0	0	0	0.000	0	0	0	0	0	0	0	0	0	0	0	0	0	0	0	0	0
29	29	1499	1069.293	180.753	0.849	44	544	776	105	4	44	544	776	105	4	107.761	142.414	473	203	139	125	122	120	119	118	117	115	112	104.000	510.321	755	675	637	599	566	534	494	446	373	296	238	1	167	1056.762	187.239	0	0	0	272	287.293	0	0	635	615.066	0	0	0	0	0	0	0	0	0	0	0	0	0	0	0	0	0
30	30	2211	1748.960	193.303	0.894	39	389	1406	319	21	39	389	1406	319	21	107.000	223.822	276	264	258	251	242	234	224	207	184	164	136	104.000	1066.153	1504	1397	1350	1295	1228	1153	1065	956	791	516	321	0	0	0.000	0.000	0	0	0	0	0.000	0	0	0	0.000	0	0	0	0	0	0	0	0	0	0	0	0	0	0	0	0	0
31	31	1321	1812.290	190.104	0.878	163	551	443	125	10	163	551	443	125	10	107.000	117.391	127	122	120	119	118	117	116	116	115	114	109	104.003	115.705	126	121	119	118	117	115	114	113	113	111	107	0	0	0.000	0.000	0	0	0	0	0.000	0	0	0	0.000	0	0	0	0	0	0	0	0	0	0	0	0	0	0	0	0	0
32	32	1420	1859.454	191.015	0.898	266	955	134	24	14	266	955	134	24	14	107.000	169.969	207	194	190	185	182	178	171	159	146	134	117	103.617	206.101	265	245	235	226	216	208	200	189	177	164	125	0	0	0.000	0.000	0	0	0	0	0.000	0	0	0	0.000	0	0	0	0	0	0	0	0	0	0	0	0	0	0	0	0	0
33	33	541	2002.199	193.009	0.912	12	46	228	212	36	12	46	228	212	36	105.000	123.688	137	132	129	127	126	124	122	120	118	116	112	101.000	307.967	417	396	380	362	339	314	286	261	235	215	172	0	0	0.000	0.000	0	0	0	0	0.000	0	0	0	0.000	0	0	0	0	0	0	0	0	0	0	0	0	0	0	0	0	0
34	34	1740	1156.874	205.233	0.891	66	313	923	362	42	66	313	923	362	42	108.000	114.163	125	118	116	115	114	114	113	113	112	111	108	103.214	422.446	674	572	532	507	481	440	387	342	303	252	154	0	0	0.000	0.000	0	0	0	0	0.000	0	0	0	0.000	0	0	0	0	0	0	0	0	0	0	0	0	0	0	0	0	0
35	35	1871	356.939	206.523	0.881	293	1256	245	28	20	293	1256	245	28	20	108.000	159.114	211	184	178	173	167	160	153	147	139	131	120	103.911	842.390	1420	1212	1115	1039	974	867	751	629	539	447	320	0	0	0.000	0.000	0	0	0	0	0.000	0	0	0	0.000	0	0	0	0	0	0	0	0	0	0	0	0	0	0	0	0	0
36	36	2551	1398.183	212.432	0.870	49	810	1431	181	29	49	810	1431	181	29	108.274	345.502	3448	624	241	211	199	190	182	173	163	153	126	102.995	118.702	136	125	123	121	120	118	117	116	115	113	105	1	241	1418.242	212.687	0	0	0	1554	1669.402	0	0	123	123.568	0	0	0	0	0	0	0	0	0	0	0	0	0	0	0	0	0
37	37	2586	1339.813	224.989	0.868	421	1915	202	7	6	421	1915	202	7	6	109.000	211.835	1018	269	212	199	191	185	178	167	155	143	124	102.939	420.930	677	590	530	490	458	429	395	351	295	249	149	1	149	1330.354	218.531	0	0	0	597	622.523	0	0	447	421.698	0	0	0	0	0	0	0	0	0	0	0	0	0	0	0	0	0
38	38	2172	1033.696	220.115	0.854	180	1230	645	72	5	180	1230	645	72	5	108.000	263.978	3733	208	193	189	186	183	180	175	166	153	128	103.999	471.899	630	573	539	521	501	479	458	436	408	367	216	1	100	1009.269	211.231	0	0	0	1568	1753.020	0	0	507	463.250	0	0	0	0	0	0	0	0	0	0	0	0	0	0	0	0	0
39	39	2038	1985.879	232.174	0.890	23	648	1209	89	26	23	648	1209	89	26	105.319	154.174	180	171	167	164	161	157	153	149	141	130	113	101.983	515.434	791	702	659	606	557	516	476	435	385	325	179	0	0	0.000	0.000	0	0	0	0	0.000	0	0	0	0.000	0	0	0	0	0	0	0	0	0	0	0	0	0	0	0	0	0
40	40	1817	1608.570	230.856	0.898	700	977	65	23	14	700	977	65	23	14	107.659	115.998	128	120	118	117	116	115	115	114	114	113	109	103.000	949.418	1695	1410	1304	1204	1093	962	829	704	581	449	282	0	0	0.000	0.000	0	0	0	0	0.000	0	0	0	0.000	0	0	0	0	0	0	0	0	0	0	0	0	0	0	0	0	0
41	41	365	2027.269	215.326	0.903	11	75	181	79	16	11	75	181	79	16	105.000	110.515	115	113	112	112	111	111	110	109	109	108	106	101.000	199.405	263	235	224	216	209	202	193	185	172	158	138	0	0	0.000	0.000	0	0	0	0	0.000	0	0	0	0.000	0	0	0	0	0	0	0	0	0	0	0	0	0	0	0	0	0
42	42	443	1870.113	221.914	0.947	48	75	166	127	19	48	75	166	127	19	107.000	112.366	117	114	114	113	113	112	112	112	111	110	109	103.878	333.819	552	483	431	394	360	328	306	269	232	193	142	0	0	0.000	0.000	0	0	0	0	0.000	0	0	0	0.000	0	0	0	0	0	0	0	0	0	0	0	0	0	0	0	0	0
43	43	1309	317.691	233.091	0.881	91	453	616	114	7	91	453	616	114	7	107.991	142.578	171	161	156	152	148	144	139	133	127	123	115	104.000	126.073	143	134	131	130	129	127	126	124	120	115	108	0	0	0.000	0.000	0	0	0	0	0.000	0	0	0	0.000	0	0	0	0	0	0	0	0	0	0	0	0	0	0	0	0	0
44	44	1463	1835.244	238.877	0.894	713	566	70	63	27	713	566	70	63	27	107.094	124.728	133	130	128	127	127	126	125	123	120	118	112	104.350	1360.515	2031	1900	1794	1685	1542	1388	1244	1082	915	764	470	0	0	0.000	0.000	0	0	0	0	0.000	0	0	0	0.000	0	0	0	0	0	0	0	0	0	0	0	0	0	0	0	0	0
45	45	1786	398.333	240.994	0.875	25	201	848	617	75	25	201	848	617	75	107.912	184.376	231	221	216	207	197	189	177	165	153	141	124	103.760	1196.190	1698	1566	1468	1392	1318	1256	1178	1062	938	721	348	0	0	0.000	0.000	0	0	0	0	0.000	0	0	0	0.000	0	0	0	0	0	0	0	0	0	0	0	0	0	0	0	0	0
46	46	1809	1119.911	251.131	0.892	1633	130	15	8	5	1633	130	15	8	5	108.204	122.348	135	128	126	125	124	123	122	120	119	116	110	103.994	269.866	355	332	321	308	291	276	257	240	219	197	166	0	0	0.000	0.000	0	0	0	0	0.000	0	0	0	0.000	0	0	0	0	0	0	0	0	0	0	0	0	0	0	0	0	0
47	47	2072	273.527	260.648	0.889	142	758	871	224	27	142	758	871	224	27	107.204	118.424	130	125	122	120	119	118	117	116	115	114	109	103.774	1115.465	2552	1592	1407	1280	1188	1079	972	869	780	697	452	0	0	0.000	0.000	0	0	0	0	0.000	0	0	0	0.000	0	0	0	0	0	0	0	0	0	0	0	0	0	0	0	0	0
48	48	1603	1259.257	255.158	0.895	90	572	765	138	11	90	572	765	138	11	109.000	120.620	135	128	125	123	121	120	119	118	116	115	110	102.930	117.828	132	125	122	120	119	118	117	115	113	111	105	0	0	0.000	0.000	0	0	0	0	0.000	0	0	0	0.000	0	0	0	0	0	0	0	0	0	0	0	0	0	0	0	0	0
49	49	1907	1934.261	256.891	0.854	98	884	772	107	15	98	884	772	107	15	106.178	164.294	195	185	180	176	172	166	161	155	149	139	121	103.000	587.929	835	781	737	688	643	603	565	511	440	372	225	0	0	0.000	0.000	0	0	0	0	0.000	0	0	0	0.000	0	0	0	0	0	0	0	0	0	0	0	0	0	0	0	0	0
50	50	1853	61.967	260.001	0.878	77	558	994	158	33	77	558	994	158	33	105.548	761.142	9118	2015	427	251	231	218	200	185	168	152	128	101.695	124.464	179	135	128	126	124	123	121	119	117	113	103	1	225	61.607	249.570	0	0	0	3838	4317.049	0	0	149	149.160	0	0	0	0	0	0	0	0	0	0	0	0	0	0	0	0	0
51	51	2296	347.850	277.285	0.864	42	1119	1003	56	17	42	1119	1003	56	17	107.972	171.479	225	201	193	184	178	172	165	158	151	142	125	103.957	996.952	1817	1458	1273	1176	1084	995	914	817	700	530	354	0	0	0.000	0.000	0	0	0	0	0.000	0	0	0	0.000	0	0	0	0	0	0	0	0	0	0	0	0	0	0	0	0	0
52	52	2090	1353.863	281.818	0.866	108	950	839	152	8	108	950	839	152	8	109.000	162.727	200	182	178	173	168	164	159	154	147	140	121	103.777	411.749	595	534	495	469	443	423	400	365	318	272	162	0	0	0.000	0.000	0	0	0	0	0.000	0	0	0	0.000	0	0	0	0	0	0	0	0	0	0	0	0	0	0	0	0	0
53	53	1423	1814.495	281.286	0.911	512	773	42	34	38	512	773	42	34	38	108.000	123.024	162	136	127	124	122	120	119	117	116	115	110	103.952	1127.084	2019	1758	1593	1417	1265	1104	942	804	678	541	347	1	72	1814.172	278.348	0	0	0	152	151.750	0	0	838	851.292	0	0	0	0	0	0	0	0	0	0	0	0	0	0	0	0	0
54	54	531	1895.499	275.278	0.949	16	77	256	156	19	16	77	256	156	19	106.962	129.414	142	140	138	136	134	131	127	123	121	117	111	103.000	339.105	460	430	419	409	390	357	320	283	252	219	171	0	0	0.000	0.000	0	0	0	0	0.000	0	0	0	0.000	0	0	0	0	0	0	0	0	0	0	0	0	0	0	0	0	0
55	55	1630	1404.570	286.673	0.882	129	177	727	503	61	129	177	727	503	61	109.000	157.339	189	176	172	169	165	161	155	148	140	133	122	103.727	388.760	581	504	472	447	424	399	370	337	299	252	199	0	0	0.000	0.000	0	0	0	0	0.000	0	0	0	0.000	0	0	0	0	0	0	0	0	0	0	0	0	0	0	0	0	0
56	56	592	1086.155	284.441	0.929	53	87	182	206	54	53	87	182	206	54	109.000	114.917	118	117	116	116	115	115	115	114	114	113	110	104.000	164.640	218	198	187	179	170	162	155	149	144	136	123	0	0	0.000	0.000	0	0	0	0	0.000	0	0	0	0.000	0	0	0	0	0	0	0	0	0	0	0	0	0	0	0	0	0
57	57	2297	1487.293	306.500	0.892	458	1766	30	17	6	458	1766	30	17	6	108.542	458.004	4047	1438	315	159	142	138	134	129	126	121	112	104.000	532.986	1098	774	684	631	565	520	486	447	380	296	183	1	362	1490.838	315.024	0	0	0	1889	2026.102	0	0	756	719.229	0	0	0	0	0	0	0	0	0	0	0	0	0	0	0	0	0
58	58	2355	1122.915	314.458	0.884	106	1027	1031	139	12	106	1027	1031	139	12	109.000	120.598	131	126	125	123	122	120	119	118	117	116	110	103.544	244.499	388	338	314	290	265	242	223	204	176	155	108	0	0	0.000	0.000	0	0	0	0	0.000	0	0	0	0.000	0	0	0	0	0	0	0	0	0	0	0	0	0	0	0	0	0
59	59	1423	1309.236	304.651	0.918	89	829	426	37	13	89	829	426	37	13	109.000	257.525	368	316	300	285	271	259	246	231	213	195	159	103.000	126.361	141	133	131	129	128	126	125	124	122	120	112	0	0	0.000	0.000	0	0	0	0	0.000	0	0	0	0.000	0	0	0	0	0	0	0	0	0	0	0	0	0	0	0	0	0
60	60	2134	63.663	317.463	0.873	212	1587	279	13	9	212	1587	279	13	9	105.575	239.959	316	281	275	267	261	251	239	221	203	180	137	102.000	123.771	137	130	128	127	126	124	123	121	119	117	109	0	0	0.000	0.000	0	0	0	0	0.000	0	0	0	0.000	0	0	0	0	0	0	0	0	0	0	0	0	0	0	0	0	0
61	61	2057	217.977	315.115	0.866	22	136	1224	635	6	22	136	1224	635	6	106.759	121.390	135	128	126	125	123	121	120	118	116	115	110	103.582	342.820	555	493	450	403	361	331	300	269	239	219	164	0	0	0.000	0.000	0	0	0	0	0.000	0	0	0	0.000	0	0	0	0	0	0	0	0	0	0	0	0	0	0	0	0	0
62	62	2245	126.399	319.914	0.894	43	427	1367	321	25	43	427	1367	321	25	106.000	210.567	1297	393	180	147	143	139	136	131	126	120	112	102.876	967.733	1558	1327	1212	1108	1020	964	890	814	739	638	334	1	259	116.342	324.821	0	0	0	659	699.432	0	0	1115	1101.579	0	0	0	0	0	0	0	0	0	0	0	0	0	0	0	0	0
63	63	2044	1549.218	319.560	0.861	201	1144	612	21	20	201	1144	612	21	20	108.000	211.581	1187	504	170	126	121	120	118	117	116	115	112	103.972	500.124	805	703	654	612	564	516	477	414	334	249	178	1	339	1540.516	319.806	0	0	0	606	643.206	0	0	660	652.507	0	0	0	0	0	0	0	0	0	0	0	0	0	0	0	0	0
64	64	976	274.705	316.511	0.930	70	153	524	190	20	70	153	524	190	20	107.809	113.494	124	117	115	114	114	113	113	112	112	111	109	103.190	465.097	771	675	602	556	521	493	446	372	299	234	168	0	0	0.000	0.000	0	0	0	0	0.000	0	0	0	0.000	0	0	0	0	0	0	0	0	0	0	0	0	0	0	0	0	0
65	65	357	1024.473	342.639	0.911	37	56	124	113	17	37	56	124	113	17	109.000	112.969	117	115	115	114	113	113	113	112	111	111	110	102.734	110.370	118	114	113	112	111	111	110	109	108	107	105	0	0	0.000	0.000	0	0	0	0	0.000	0	0	0	0.000	0	0	0	0	0	0	0	0	0	0	0	0	0	0	0	0	0
66	66	1745	1176.913	356.403	0.891	68	578	855	190	22	68	578	855	190	22	108.930	255.229	3023	363	164	153	147	142	139	136	132	128	122	103.000	388.892	663	570	514	465	418	381	338	292	258	232	209	1	128	1182.156	351.902	0	0	0	1308	1429.750	0	0	497	472.047	0	0	0	0	0	0	0	0	0	0	0	0	0	0	0	0	0
67	67	1341	249.992	360.917	0.883	51	725	478	47	14	51	725	478	47	14	107.352	120.834	132	128	125	124	122	121	119	117	116	114	110	102.844	344.245	521	467	426	394	369	346	322	301	267	217	153	0	0	0.000	0.000	0	0	0	0	0.000	0	0	0	0.000	0	0	0	0	0	0	0	0	0	0	0	0	0	0	0	0	0
68	68	2357	449.028	365.562	0.863	147	1553	570	33	10	147	1553	570	33	10	108.860	430.558	2064	697	465	406	376	348	321	294	272	246	162	102.000	128.773	160	137	135	133	131	129	128	126	124	119	105	1	152	465.514	373.450	0	0	0	1312	1356.664	0	0	134	133.605	0	0	0	0	0	0	0	0	0	0	0	0	0	0	0	0	0
69	69	2368	117.766	382.773	0.872	118	1293	829	75	7	118	1293	829	75	7	105.620	135.859	152	146	144	143	141	138	135	131	127	122	112	102.554	1152.637	1666	1536	1460	1387	1310	1204	1112	1010	876	626	359	0	0	0.000	0.000	0	0	0	0	0.000	0	0	0	0.000	0	0	0	0	0	0	0	0	0	0	0	0	0	0	0	0	0
70	70	1706	1000.062	376.197	0.878	35	359	990	278	15	35	359	990	278	15	109.635	115.379	124	118	117	116	116	115	115	114	113	113	111	102.000	121.970	135	129	127	125	124	122	121	119	117	114	107	0	0	0.000	0.000	0	0	0	0	0.000	0	0	0	0.000	0	0	0	0	0	0	0	0	0	0	0	0	0	0	0	0	0
71	71	1941	817.193	379.574	0.841	151	1162	528	48	11	151	1162	528	48	11	109.838	582.972	6594	1544	343	200	190	180	174	168	163	157	137	103.000	327.804	490	423	389	365	347	326	303	280	261	241	195	1	221	807.111	364.092	0	0	0	3011	3273.303	0	0	430	422.023	0	0	0	0	0	0	0	0	0	0	0	0	0	0	0	0	0
72	72	1415	1225.565	377.702	0.906	61	628	623	68	6	61	628	623	68	6	109.000	151.603	170	164	162	160	157	154	150	146	141	135	123	102.751	599.090	751	706	685	664	645	625	595	558	512	454	287	0	0	0.000	0.000	0	0	0	0	0.000	0	0	0	0.000	0	0	0	0	0	0	0	0	0	0	0	0	0	0	0	0	0
73	73	1650	682.969	391.078	0.878	69	676	638	193	40	69	676	638	193	40	108.917	141.579	190	163	155	149	145	141	136	131	126	122	114	102.755	137.639	194	164	153	146	141	137	131	126	120	114	106	0	0	0.000	0.000	0	0	0	0	0.000	0	0	0	0.000	0	0	0	0	0	0	0	0	0	0	0	0	0	0	0	0	0
74	74	1043	956.468	389.574	0.925	85	253	521	153	12	85	253	521	153	12	110.000	189.119	305	250	233	215	199	183	169	156	145	137	124	102.000	115.518	131	123	120	119	118	116	114	112	110	107	104	0	0	0.000	0.000	0	0	0	0	0.000	0	0	0	0.000	0	0	0	0	0	0	0	0	0	0	0	0	0	0	0	0	0
75	75	1769	1506.093	405.281	0.894	53	516	892	258	18	53	516	892	258	18	108.507	136.273	152	145	142	140	138	137	135	134	132	126	114	102.666	120.564	136	127	125	124	123	121	120	118	116	113	103	0	0	0.000	0.000	0	0	0	0	0.000	0	0	0	0.000	0	0	0	0	0	0	0	0	0	0	0	0	0	0	0	0	0
76	76	1613	492.345	403.423	0.901	139	784	528	107	25	139	784	528	107	25	109.000	403.989	675	559	513	481	452	424	391	338	274	212	152	102.000	129.373	145	137	135	134	133	131	130	127	123	117	107	0	0	0.000	0.000	0	0	0	0	0.000	0	0	0	0.000	0	0	0	0	0	0	0	0	0	0	0	0	0	0	0	0	0
77	77	1503	865.086	412.274	0.886	17	114	981	349	14	17	114	981	349	14	110.000	191.977	243	223	214	208	202	197	191	181	167	151	129	103.000	399.858	548	494	468	449	432	414	398	373	333	274	175	0	0	0.000	0.000	0	0	0	0	0.000	0	0	0	0.000	0	0	0	0	0	0	0	0	0	0	0	0	0	0	0	0	0
78	78	1487	954.502	434.650	0.883	66	594	647	129	29	66	594	647	129	29	110.000	347.738	1351	698	442	328	305	262	230	207	187	166	135	102.617	120.665	144	134	128	123	121	119	118	116	114	111	105	1	170	948.493	446.422	0	0	0	864	903.376	0	0	122	123.412	0	0	0	0	0	0	0	0	0	0	0	0	0	0	0	0	0
79	79	1749	806.105	437.214	0.856	321	551	742	63	35	321	551	742	63	35	110.000	229.300	1156	477	238	171	155	150	145	140	135	130	121	103.722	662.980	965	897	827	764	709	664	612	558	509	460	257	1	252	796.789	441.817	0	0	0	601	639.425	0	0	906	885.171	0	0	0	0	0	0	0	0	0	0	0	0	0	0	0	0	0
80	80	1858	1076.599	451.594	0.870	148	979	600	86	14	148	979	600	86	14	108.925	123.821	148	139	134	127	123	120	119	117	116	115	112	102.976	129.094	143	137	135	133	132	131	129	127	124	119	105	0	0	0.000	0.000	0	0	0	0	0.000	0	0	0	0.000	0	0	0	0	0	0	0	0	0	0	0	0	0	0	0	0	0
81	81	1388	1464.698	449.104	0.925	34	319	723	252	23	34	319	723	252	23	108.000	131.738	147	141	139	137	135	133	130	127	124	120	112	102.841	116.576	131	122	120	119	118	117	115	114	113	111	105	0	0	0.000	0.000	0	0	0	0	0.000	0	0	0	0.000	0	0	0	0	0	0	0	0	0	0	0	0	0	0	0	0	0
82	82	1968	687.618	474.682	0.873	50	507	947	400	21	50	507	947	400	21	108.419	309.787	5336	336	149	142	139	136	133	131	127	123	115	103.985	562.763	816	734	693	652	619	577	537	483	440	379	193	1	133	698.085	478.640	0	0	0	2136	2385.286	0	0	724	712.910	0	0	0	0	0	0	0	0	0	0	0	0	0	0	0	0	0
83	83	1363	761.027	473.238	0.905	318	380	561	57	22	318	380	561	57	22	109.537	133.398	176	158	150	140	131	127	125	123	121	119	113	103.999	127.689	156	140	136	133	130	127	123	121	119	117	109	0	0	0.000	0.000	0	0	0	0	0.000	0	0	0	0.000	0	0	0	0	0	0	0	0	0	0	0	0	0	0	0	0	0
84	84	1220	641.392	487.100	0.917	40	230	536	325	62	40	230	536	325	62	107.829	128.737	143	138	136	135	133	130	127	124	121	118	111	103.363	523.235	738	688	650	616	582	547	509	455	396	318	212	0	0	0.000	0.000	0	0	0	0	0.000	0	0	0	0.000	0	0	0	0	0	0	0	0	0	0	0	0	0	0	0	0	0
85	85	1264	836.305	488.247	0.921	172	212	602	235	26	172	212	602	235	26	110.053	129.872	147	138	135	133	132	130	128	127	125	122	116	104.000	117.233	131	125	121	119	118	117	116	115	113	110	106	0	0	0.000	0.000	0	0	0	0	0.000	0	0	0	0.000	0	0	0	0	0	0	0	0	0	0	0	0	0	0	0	0	0
86	86	1050	866.876	520.003	0.876	34	24	341	563	61	34	24	341	563	61	109.505	126.775	140	135	133	131	129	126	124	123	121	118	114	103.231	114.888	127	120	118	117	116	115	114	113	112	110	106	0	0	0.000	0.000	0	0	0	0	0.000	0	0	0	0.000	0	0	0	0	0	0	0	0	0	0	0	0	0	0	0	0	0
87	87	1468	831.504	534.098	0.900	39	349	775	258	24	39	349	775	258	24	109.795	141.548	160	151	149	148	146	143	140	137	133	129	122	103.565	117.898	130	123	121	120	119	118	117	116	115	113	105	0	0	0.000	0.000	0	0	0	0	0.000	0	0	0	0.000	0	0	0	0	0	0	0	0	0	0	0	0	0	0	0	0	0
88	88	1022	1346.311	536.923	0.910	78	163	428	280	49	78	163	428	280	49	109.000	118.636	124	122	121	120	120	119	118	117	116	115	112	102.984	459.325	960	648	594	538	504	463	419	368	311	250	179	0	0	0.000	0.000	0	0	0	0	0.000	0	0	0	0.000	0	0	0	0	0	0	0	0	0	0	0	0	0	0	0	0	0
89	89	1375	1387.333	546.763	0.870	60	415	659	198	12	60	415	659	198	12	109.000	142.060	204	171	158	151	143	137	132	128	124	120	115	103.000	117.570	138	129	124	121	118	115	114	112	111	110	106	1	28	1386.637	550.759	0	0	0	198	197.679	0	0	131	131.214	0	0	0	0	0	0	0	0	0	0	0	0	0	0	0	0	0
90	90	2023	517.246	555.398	0.887	25	101	1034	739	92	25	101	1034	739	92	108.331	115.882	124	119	118	117	116	116	115	115	114	113	111	102.873	121.687	134	127	126	124	123	122	121	120	118	116	106	0	0	0.000	0.000	0	0	0	0	0.000	0	0	0	0.000	0	0	0	0	0	0	0	0	0	0	0	0	0	0	0	0	0
91	91	1049	247.683	553.928	0.887	916	97	14	8	5	916	97	14	8	5	106.057	113.298	120	116	115	114	114	113	113	112	112	111	108	104.000	521.073	821	722	670	617	569	527	474	425	373	309	255	0	0	0.000	0.000	0	0	0	0	0.000	0	0	0	0.000	0	0	0	0	0	0	0	0	0	0	0	0	0	0	0	0	0
92	92	1932	285.718	580.657	0.896	59	520	1215	101	9	59	520	1215	101	9	107.046	114.226	122	118	117	115	114	114	113	113	112	111	108	104.777	446.532	731	624	571	520	484	442	403	362	326	280	176	0	0	0.000	0.000	0	0	0	0	0.000	0	0	0	0.000	0	0	0	0	0	0	0	0	0	0	0	0	0	0	0	0	0
93	93	1953	1797.493	582.845	0.876	56	1070	660	96	18	56	1070	660	96	18	108.965	369.464	1891	640	414	339	310	287	267	244	206	179	142	102.684	117.351	131	125	122	120	118	117	116	115	112	110	104	1	150	1794.320	573.645	0	0	0	1147	1187.600	0	0	125	125.040	0	0	0	0	0	0	0	0	0	0	0	0	0	0	0	0	0
94	94	2392	343.907	588.084	0.832	477	1609	197	63	23	477	1609	197	63	23	107.781	115.671	138	124	118	115	114	114	113	113	112	112	109	105.091	637.177	906	838	792	755	719	671	617	560	477	389	173	0	0	0.000	0.000	0	0	0	0	0.000	0	0	0	0.000	0	0	0	0	0	0	0	0	0	0	0	0	0	0	0	0	0
95	95	1553	397.246	584.887	0.918	47	59	893	499	33	47	59	893	499	33	108.000	113.863	121	117	116	115	114	114	113	113	112	111	109	103.880	120.937	137	128	126	124	122	121	119	118	116	114	106	0	0	0.000	0.000	0	0	0	0	0.000	0	0	0	0.000	0	0	0	0	0	0	0	0	0	0	0	0	0	0	0	0	0
96	96	1244	235.991	592.301	0.918	54	48	288	781	50	54	48	288	781	50	106.805	112.386	122	115	114	113	113	112	112	111	111	110	108	103.713	510.292	717	656	630	601	566	524	478	432	392	347	228	0	0	0.000	0.000	0	0	0	0	0.000	0	0	0	0.000	0	0	0	0	0	0	0	0	0	0	0	0	0	0	0	0	0
97	97	1127	1747.681	596.583	0.894	56	395	455	169	36	56	395	455	169	36	108.941	284.751	708	527	369	309	261	231	214	199	177	158	131	102.130	117.330	131	125	123	122	120	118	116	113	111	108	104	0	0	0.000	0.000	0	0	0	0	0.000	0	0	0	0.000	0	0	0	0	0	0	0	0	0	0	0	0	0	0	0	0	0
98	98	1886	1443.264	619.018	0.887	122	1326	353	35	10	122	1326	353	35	10	109.000	134.199	156	144	141	139	137	135	132	129	127	123	115	103.000	832.214	1216	1116	1055	997	936	873	799	712	593	468	271	0	0	0.000	0.000	0	0	0	0	0.000	0	0	0	0.000	0	0	0	0	0	0	0	0	0	0	0	0	0	0	0	0	0
99	99	1513	869.618	620.178	0.871	67	678	659	73	8	67	678	659	73	8	109.000	119.695	128	124	122	121	120	119	119	118	117	116	112	102.978	117.876	138	126	122	120	118	117	116	115	113	112	103	0	0	0.000	0.000	0	0	0	0	0.000	0	0	0	0.000	0	0	0	0	0	0	0	0	0	0	0	0	0	0	0	0	0
100	100	1688	299.210	637.203	0.881	123	782	678	59	9	123	782	678	59	9	107.090	117.667	137	125	122	120	118	116	115	114	113	113	110	105.049	593.007	829	736	697	657	630	597	560	529	491	450	333	0	0	0.000	0.000	0	0	0	0	0.000	0	0	0	0.000	0	0	0	0	0	0	0	0	0	0	0	0	0	0	0	0	0
101	101	1327	255.280	634.768	0.878	263	602	353	87	8	263	602	353	87	8	107.260	255.571	395	345	327	303	279	258	235	209	185	163	127	103.982	125.355	216	140	132	128	125	123	121	119	117	114	107	0	0	0.000	0.000	0	0	0	0	0.000	0	0	0	0.000	0	0	0	0	0	0	0	0	0	0	0	0	0	0	0	0	0
102	102	1277	1834.364	630.711	0.919	64	528	526	110	32	64	528	526	110	32	108.619	232.630	381	319	276	250	238	230	219	202	181	160	135	102.818	339.880	649	521	427	363	339	320	300	279	251	217	150	0	0	0.000	0.000	0	0	0	0	0.000	0	0	0	0.000	0	0	0	0	0	0	0	0	0	0	0	0	0	0	0	0	0
103	103	477	822.590	631.570	0.848	30	137	170	116	16	30	137	170	116	16	108.667	116.128	121	118	117	117	116	116	116	115	115	114	111	103.000	113.229	123	118	117	116	114	113	112	111	110	109	104	0	0	0.000	0.000	0	0	0	0	0.000	0	0	0	0.000	0	0	0	0	0	0	0	0	0	0	0	0	0	0	0	0	0
104	104	2278	1435.337	677.770	0.834	52	391	1273	504	23	52	391	1273	504	23	109.744	210.216	1989	245	150	144	141	139	137	134	131	126	115	103.000	830.810	1295	1132	1047	981	919	853	787	722	629	475	248	1	171	1434.866	681.841	0	0	0	899	1000.731	0	0	1065	1039.713	0	0	0	0	0	0	0	0	0	0	0	0	0	0	0	0	0
105	105	1114	503.454	663.639	0.892	56	182	555	270	27	56	182	555	270	27	108.789	115.268	120	118	117	116	116	115	115	114	114	113	110	103.000	116.500	132	123	121	119	118	116	115	113	112	110	106	0	0	0.000	0.000	0	0	0	0	0.000	0	0	0	0.000	0	0	0	0	0	0	0	0	0	0	0	0	0	0	0	0	0
106	106	1796	550.331	700.699	0.831	158	991	559	44	13	158	991	559	44	13	109.000	119.030	129	125	123	120	119	118	117	117	116	115	112	103.000	120.339	146	126	123	122	121	120	119	118	117	115	106	0	0	0.000	0.000	0	0	0	0	0.000	0	0	0	0.000	0	0	0	0	0	0	0	0	0	0	0	0	0	0	0	0	0
107	107	2287	1887.182	715.355	0.891	202	1290	670	78	4	202	1290	670	78	4	108.340	145.244	164	156	153	151	149	146	144	142	140	132	115	102.341	120.254	133	126	124	123	122	120	119	118	116	114	105	0	0	0.000	0.000	0	0	0	0	0.000	0	0	0	0.000	0	0	0	0	0	0	0	0	0	0	0	0	0	0	0	0	0
108	108	786	488.416	710.354	0.743	62	259	323	111	14	62	259	323	111	14	108.587	134.500	161	144	140	138	136	134	132	130	128	126	120	103.000	112.023	128	116	114	113	112	112	111	110	109	108	105	0	0	0.000	0.000	0	0	0	0	0.000	0	0	0	0.000	0	0	0	0	0	0	0	0	0	0	0	0	0	0	0	0	0
109	109	507	585.974	723.816	0.914	157	99	107	108	24	157	99	107	108	24	108.323	117.323	123	120	119	119	118	118	117	116	115	114	111	103.000	112.884	124	118	117	116	115	113	111	110	109	108	104	0	0	0.000	0.000	0	0	0	0	0.000	0	0	0	0.000	0	0	0	0	0	0	0	0	0	0	0	0	0	0	0	0	0
110	110	999	1741.286	735.607	0.853	133	417	327	88	16	133	417	327	88	16	109.000	162.322	224	197	182	175	164	156	150	146	143	137	127	103.000	126.783	161	149	137	130	126	123	120	118	116	114	107	0	0	0.000	0.000	0	0	0	0	0.000	0	0	0	0.000	0	0	0	0	0	0	0	0	0	0	0	0	0	0	0	0	0
111	111	2262	1595.813	751.933	0.879	867	1171	74	38	37	867	1171	74	38	37	110.105	218.354	1678	220	208	202	199	195	189	181	169	154	128	104.088	669.121	876	811	788	767	741	711	676	628	558	438	224	1	77	1584.523	740.217	0	0	0	822	876.247	0	0	742	725.974	0	0	0	0	0	0	0	0	0	0	0	0	0	0	0	0	0
112	112	2022	328.605	749.455	0.895	394	1247	218	94	21	394	1247	218	94	21	108.000	183.307	231	210	200	193	188	184	179	174	168	156	130	103.000	676.371	1178	1010	920	835	764	695	606	523	412	316	252	0	0	0.000	0.000	0	0	0	0	0.000	0	0	0	0.000	0	0	0	0	0	0	0	0	0	0	0	0	0	0	0	0	0
113	113	1673	528.918	756.054	0.890	36	423	878	271	30	36	423	878	271	30	108.315	145.709	297	174	149	144	140	138	135	133	130	127	119	102.978	629.811	857	794	759	732	695	647	598	545	496	431	352	1	92	525.110	751.447	0	0	0	235	235.554	0	0	630	623.685	0	0	0	0	0	0	0	0	0	0	0	0	0	0	0	0	0
114	114	711	1103.751	752.151	0.889	41	124	310	202	23	41	124	310	202	23	109.158	156.738	199	187	177	169	162	155	149	142	136	130	123	102.872	111.930	121	116	115	114	113	112	111	110	109	108	105	0	0	0.000	0.000	0	0	0	0	0.000	0	0	0	0.000	0	0	0	0	0	0	0	0	0	0	0	0	0	0	0	0	0
115	115	466	487.099	755.288	0.882	45	37	76	196	105	45	37	76	196	105	108.000	125.084	138	133	130	128	126	125	123	122	120	118	113	102.938	337.234	528	460	413	386	371	346	316	285	248	207	153	0	0	0.000	0.000	0	0	0	0	0.000	0	0	0	0.000	0	0	0	0	0	0	0	0	0	0	0	0	0	0	0	0	0
116	116	1908	761.692	768.430	0.880	204	1215	406	37	5	204	1215	406	37	5	110.000	305.336	3951	539	164	143	139	136	132	128	125	121	112	103.000	130.239	164	139	137	135	133	131	129	127	124	116	104	1	163	752.835	756.553	0	0	0	1700	1852.307	0	0	144	145.595	0	0	0	0	0	0	0	0	0	0	0	0	0	0	0	0	0
117	117	2010	1525.099	773.704	0.880	171	1052	556	148	31	171	1052	556	148	31	110.637	245.755	1309	402	229	204	195	188	180	173	166	155	136	103.729	136.912	155	145	142	141	139	137	136	134	132	129	111	1	170	1513.991	769.661	0	0	0	728	767.224	0	0	138	138.612	0	0	0	0	0	0	0	0	0	0	0	0	0	0	0	0	0
118	118	2049	972.771	784.771	0.907	28	473	1241	242	30	28	473	1241	242	30	109.399	145.416	233	191	166	151	140	135	130	127	125	122	115	102.029	153.821	194	178	169	161	157	153	151	147	142	131	108	0	0	0.000	0.000	0	0	0	0	0.000	0	0	0	0.000	0	0	0	0	0	0	0	0	0	0	0	0	0	0	0	0	0
119	119	1738	716.345	801.646	0.890	105	927	604	58	11	105	927	604	58	11	110.000	150.753	1020	149	136	134	131	129	127	126	124	121	114	102.586	129.673	145	137	135	134	132	131	129	127	125	119	109	1	82	701.649	806.443	0	0	0	493	504.537	0	0	134	133.439	0	0	0	0	0	0	0	0	0	0	0	0	0	0	0	0	0
120	120	1942	1751.211	808.979	0.880	51	398	1230	205	25	51	398	1230	205	25	109.694	515.722	6832	1251	221	138	130	128	125	123	122	119	113	103.838	731.218	1126	1050	953	878	830	768	673	592	500	376	258	1	221	1743.695	800.119	0	0	0	2949	3207.376	0	0	1057	1025.416	0	0	0	0	0	0	0	0	0	0	0	0	0	0	0	0	0
121	121	1889	796.494	816.073	0.873	41	940	805	55	7	41	940	805	55	7	110.000	169.350	211	195	188	179	173	167	162	158	153	147	128	103.000	326.718	489	426	395	369	343	318	296	277	260	243	190	0	0	0.000	0.000	0	0	0	0	0.000	0	0	0	0.000	0	0	0	0	0	0	0	0	0	0	0	0	0	0	0	0	0
122	122	988	1798.997	807.430	0.897	31	102	412	384	39	31	102	412	384	39	108.928	120.225	128	124	123	122	121	120	119	119	118	117	113	103.096	484.848	700	614	584	556	530	498	467	431	388	330	194	0	0	0.000	0.000	0	0	0	0	0.000	0	0	0	0.000	0	0	0	0	0	0	0	0	0	0	0	0	0	0	0	0	0
123	123	1909	1690.453	820.883	0.870	116	1175	545	38	10	116	1175	545	38	10	110.410	129.623	311	133	130	129	128	127	126	124	123	121	115	104.362	546.364	864	743	693	651	604	553	495	439	385	342	228	1	51	1703.655	825.189	0	0	0	215	215.765	0	0	630	625.078	0	0	0	0	0	0	0	0	0	0	0	0	0	0	0	0	0
124	124	1218	137.520	834.626	0.893	663	472	40	9	6	663	472	40	9	6	107.000	132.956	202	157	144	139	134	129	125	121	117	113	109	101.988	886.582	2828	1814	1237	968	772	674	612	547	478	378	206	1	56	138.260	828.212	0	0	0	185	184.339	0	0	2232	2190.946	0	0	2	40	132.108	843.428	55	138.922	826.673	151	149.775	181	180.400	2256	2218.325	2232	2234.782
125	125	2103	1620.595	856.147	0.894	130	1592	289	36	17	130	1592	289	36	17	110.705	123.338	155	142	132	124	121	119	118	117	116	115	112	105.016	549.673	803	716	683	652	620	584	534	468	394	327	194	0	0	0.000	0.000	0	0	0	0	0.000	0	0	0	0.000	0	0	0	0	0	0	0	0	0	0	0	0	0	0	0	0	0
126	126	1778	1513.264	856.543	0.873	10	586	880	246	21	10	586	880	246	21	109.999	128.678	144	138	135	132	131	129	127	124	122	120	114	104.000	291.624	430	377	359	340	317	293	266	239	223	206	159	0	0	0.000	0.000	0	0	0	0	0.000	0	0	0	0.000	0	0	0	0	0	0	0	0	0	0	0	0	0	0	0	0	0
127	127	1346	2014.696	855.891	0.891	34	180	589	445	73	34	180	589	445	73	107.680	115.796	124	119	118	117	116	116	115	114	114	113	110	102.280	834.636	1169	1048	1003	963	920	874	815	754	672	553	306	0	0	0.000	0.000	0	0	0	0	0.000	0	0	0	0.000	0	0	0	0	0	0	0	0	0	0	0	0	0	0	0	0	0
128	128	1664	1567.078	865.479	0.892	393	944	229	49	22	393	944	229	49	22	110.323	126.184	155	133	130	128	127	125	124	123	121	119	114	104.817	116.322	132	122	120	118	117	116	115	114	113	111	106	0	0	0.000	0.000	0	0	0	0	0.000	0	0	0	0.000	0	0	0	0	0	0	0	0	0	0	0	0	0	0	0	0	0
129	129	941	791.529	865.633	0.910	22	154	440	264	34	22	154	440	264	34	109.124	143.654	166	162	156	151	147	143	139	135	131	127	121	102.998	246.185	339	316	301	285	269	248	228	209	190	173	144	0	0	0.000	0.000	0	0	0	0	0.000	0	0	0	0.000	0	0	0	0	0	0	0	0	0	0	0	0	0	0	0	0	0
130	130	1340	1860.440	877.245	0.884	138	634	431	93	16	138	634	431	93	16	109.009	214.141	737	284	224	209	201	195	188	180	173	163	141	103.000	114.891	129	119	117	116	116	115	114	113	112	111	106	1	59	1844.044	884.584	0	0	0	508	509.339	0	0	112	112.305	0	0	0	0	0	0	0	0	0	0	0	0	0	0	0	0	0
131	131	481	1160.769	870.072	0.929	64	102	174	102	31	64	102	174	102	31	109.642	157.364	193	179	170	166	161	156	153	148	144	139	128	102.112	110.214	118	114	113	111	111	110	109	109	108	107	104	0	0	0.000	0.000	0	0	0	0	0.000	0	0	0	0.000	0	0	0	0	0	0	0	0	0	0	0	0	0	0	0	0	0
132	132	1127	1411.094	876.048	0.914	163	553	356	22	7	163	553	356	22	7	110.000	118.397	124	121	121	120	119	118	118	117	116	116	113	103.000	116.339	128	121	120	119	118	116	116	114	112	110	106	0	0	0.000	0.000	0	0	0	0	0.000	0	0	0	0.000	0	0	0	0	0	0	0	0	0	0	0	0	0	0	0	0	0
133	133	1117	439.531	884.427	0.891	85	175	599	217	17	85	175	599	217	17	108.879	157.116	226	191	176	167	158	151	146	141	137	133	124	103.791	114.269	124	119	117	116	115	114	113	112	112	110	105	0	0	0.000	0.000	0	0	0	0	0.000	0	0	0	0.000	0	0	0	0	0	0	0	0	0	0	0	0	0	0	0	0	0
134	134	725	485.321	889.361	0.942	67	229	320	83	14	67	229	320	83	14	109.000	127.822	141	139	136	133	129	127	124	123	121	119	115	103.116	111.687	119	116	114	114	113	112	111	110	109	107	104	0	0	0.000	0.000	0	0	0	0	0.000	0	0	0	0.000	0	0	0	0	0	0	0	0	0	0	0	0	0	0	0	0	0
135	135	1488	1150.403	906.771	0.870	190	979	240	52	7	190	979	240	52	7	109.568	316.298	446	386	367	354	338	327	309	289	260	227	182	102.000	119.564	139	131	128	123	119	118	116	115	113	111	104	0	0	0.000	0.000	0	0	0	0	0.000	0	0	0	0.000	0	0	0	0	0	0	0	0	0	0	0	0	0	0	0	0	0
136	136	1868	1510.494	904.158	0.894	63	464	860	431	15	63	464	860	431	15	110.069	127.733	140	135	133	131	130	128	126	124	123	121	114	103.802	296.319	424	376	353	330	307	288	275	262	247	229	166	0	0	0.000	0.000	0	0	0	0	0.000	0	0	0	0.000	0	0	0	0	0	0	0	0	0	0	0	0	0	0	0	0	0
137	137	1902	1597.590	908.096	0.895	533	1200	64	40	32	533	1200	64	40	32	110.498	119.060	141	130	124	119	117	117	116	115	115	114	110	105.928	477.110	695	644	618	581	536	495	444	387	337	281	204	0	0	0.000	0.000	0	0	0	0	0.000	0	0	0	0.000	0	0	0	0	0	0	0	0	0	0	0	0	0	0	0	0	0
138	138	1723	1644.987	913.432	0.889	27	550	933	161	13	27	550	933	161	13	110.712	120.201	159	133	122	119	118	117	116	116	115	114	112	105.925	567.444	843	768	736	697	655	585	517	446	385	337	214	1	231	1644.954	923.710	0	0	0	138	138.952	0	0	730	711.303	0	0	0	0	0	0	0	0	0	0	0	0	0	0	0	0	0
139	139	663	670.132	898.230	0.858	88	242	210	100	11	88	242	210	100	11	108.656	133.719	151	145	140	137	135	134	131	129	127	124	120	103.000	119.551	144	129	125	124	121	119	117	115	113	111	106	0	0	0.000	0.000	0	0	0	0	0.000	0	0	0	0.000	0	0	0	0	0	0	0	0	0	0	0	0	0	0	0	0	0
140	140	446	1463.690	899.335	0.869	31	147	173	78	11	31	147	173	78	11	110.000	121.487	129	125	124	123	122	121	121	120	119	118	116	103.000	228.834	264	253	248	243	238	234	229	220	208	195	163	0	0	0.000	0.000	0	0	0	0	0.000	0	0	0	0.000	0	0	0	0	0	0	0	0	0	0	0	0	0	0	0	0	0
141	141	1964	1739.779	915.942	0.881	23	273	1223	396	17	23	273	1223	396	17	110.034	188.984	241	223	213	204	196	189	182	177	168	152	127	104.332	540.549	811	743	691	640	585	528	484	447	410	362	194	0	0	0.000	0.000	0	0	0	0	0.000	0	0	0	0.000	0	0	0	0	0	0	0	0	0	0	0	0	0	0	0	0	0
142	142	1941	1040.649	921.877	0.879	197	1453	206	49	7	197	1453	206	49	7	109.000	125.334	150	140	135	129	123	121	120	119	118	117	113	102.668	317.373	505	391	354	336	322	310	300	289	278	256	171	0	0	0.000	0.000	0	0	0	0	0.000	0	0	0	0.000	0	0	0	0	0	0	0	0	0	0	0	0	0	0	0	0	0
143	143	1587	461.994	926.836	0.903	43	298	817	334	64	43	298	817	334	64	108.604	218.665	691	369	250	215	188	174	167	162	151	142	125	104.079	120.154	129	124	123	122	121	120	120	119	118	116	108	1	182	466.801	926.447	0	0	0	461	476.533	0	0	121	121.170	0	0	0	0	0	0	0	0	0	0	0	0	0	0	0	0	0
144	144	1865	1426.521	925.834	0.782	93	347	1159	189	40	93	347	1159	189	40	110.854	117.864	129	123	121	119	118	117	116	116	115	114	112	103.080	124.361	139	132	130	128	127	125	124	122	120	114	105	0	0	0.000	0.000	0	0	0	0	0.000	0	0	0	0.000	0	0	0	0	0	0	0	0	0	0	0	0	0	0	0	0	0
145	145	1707	1694.895	941.429	0.904	29	860	695	84	8	29	860	695	84	8	110.644	197.724	437	235	219	212	205	197	190	177	163	150	134	105.064	530.115	824	734	693	643	600	557	506	441	354	270	202	0	0	0.000	0.000	0	0	0	0	0.000	0	0	0	0.000	0	0	0	0	0	0	0	0	0	0	0	0	0	0	0	0	0
146	146	1365	2003.760	955.741	0.885	387	806	105	37	11	387	806	105	37	11	107.637	130.681	181	160	144	132	127	124	122	121	119	116	110	103.040	122.635	153	137	130	126	123	121	119	117	115	112	106	0	0	0.000	0.000	0	0	0	0	0.000	0	0	0	0.000	0	0	0	0	0	0	0	0	0	0	0	0	0	0	0	0	0
147	147	200	740.765	947.074	0.911	11	12	24	79	67	11	12	24	79	67	109.000	114.175	118	116	115	115	115	114	114	113	113	112	112	104.000	603.720	857	804	747	701	661	627	575	529	468	396	245	0	0	0.000	0.000	0	0	0	0	0.000	0	0	0	0.000	0	0	0	0	0	0	0	0	0	0	0	0	0	0	0	0	0
148	148	1901	1628.612	967.227	0.886	147	171	443	991	120	147	171	443	991	120	110.048	196.432	243	230	224	216	208	199	191	181	170	158	128	105.662	557.422	811	749	720	682	626	572	515	460	393	334	189	0	0	0.000	0.000	0	0	0	0	0.000	0	0	0	0.000	0	0	0	0	0	0	0	0	0	0	0	0	0	0	0	0	0
149	149	673	1804.782	960.868	0.900	13	40	103	407	96	13	40	103	407	96	109.184	130.575	143	140	137	135	134	131	129	126	124	121	116	104.000	348.789	494	459	426	398	373	349	329	304	272	236	180	0	0	0.000	0.000	0	0	0	0	0.000	0	0	0	0.000	0	0	0	0	0	0	0	0	0	0	0	0	0	0	0	0	0
150	150	1559	1398.755	971.063	0.880	18	33	837	595	46	18	33	837	595	46	111.000	115.795	123	119	117	116	116	115	115	115	114	114	111	103.012	123.777	138	130	128	127	126	125	123	122	120	116	108	0	0	0.000	0.000	0	0	0	0	0.000	0	0	0	0.000	0	0	0	0	0	0	0	0	0	0	0	0	0	0	0	0	0
151	151	443	1847.053	957.311	0.845	15	63	156	170	34	15	63	156	170	34	109.702	125.169	132	130	128	127	126	125	124	123	122	121	119	103.578	455.160	640	581	537	504	475	446	425	397	383	346	270	0	0	0.000	0.000	0	0	0	0	0.000	0	0	0	0.000	0	0	0	0	0	0	0	0	0	0	0	0	0	0	0	0	0
152	152	1830	752.927	982.740	0.865	43	179	1043	510	15	43	179	1043	510	15	109.000	116.836	127	120	119	118	117	117	116	115	115	114	110	103.999	962.396	1604	1289	1195	1119	1045	979	904	795	695	605	300	0	0	0.000	0.000	0	0	0	0	0.000	0	0	0	0.000	0	0	0	0	0	0	0	0	0	0	0	0	0	0	0	0	0
153	153	2985	364.173	996.918	0.868	163	1452	1242	56	7	163	1452	1242	56	7	107.969	118.195	126	122	121	120	119	118	117	117	116	114	111	105.000	2146.585	4734	3293	2802	2609	2405	2154	1850	1610	1356	1072	295	0	0	0.000	0.000	0	0	0	0	0.000	0	0	0	0.000	0	0	0	0	0	0	0	0	0	0	0	0	0	0	0	0	0
154	154	2038	1880.097	988.332	0.893	57	843	1014	66	8	57	843	1014	66	8	109.943	345.887	3136	887	322	173	145	142	139	135	129	125	116	103.974	738.302	1172	1042	973	906	833	752	667	585	503	411	287	1	270	1877.329	997.889	0	0	0	1309	1457.089	0	0	917	868.159	0	0	0	0	0	0	0	0	0	0	0	0	0	0	0	0	0
155	155	1916	1676.652	992.895	0.893	11	68	663	1097	42	11	68	663	1097	42	109.843	261.913	2314	305	220	211	204	197	189	176	161	150	128	104.600	512.115	819	709	662	610	565	527	479	429	355	284	179	1	115	1677.730	975.156	0	0	0	1135	1204.009	0	0	591	575.991	0	0	0	0	0	0	0	0	0	0	0	0	0	0	0	0	0
156	156	1796	1783.192	996.323	0.861	199	1176	295	73	22	199	1176	295	73	22	110.000	147.233	171	159	155	152	150	148	145	142	139	135	125	104.000	449.761	698	599	547	504	468	441	413	386	355	319	234	0	0	0.000	0.000	0	0	0	0	0.000	0	0	0	0.000	0	0	0	0	0	0	0	0	0	0	0	0	0	0	0	0	0
157	157	1561	112.087	1001.846	0.808	279	1017	215	24	3	279	1017	215	24	3	106.000	221.391	328	276	256	241	228	215	204	195	186	175	164	102.000	119.496	130	124	122	121	120	120	119	118	117	115	109	0	0	0.000	0.000	0	0	0	0	0.000	0	0	0	0.000	0	0	0	0	0	0	0	0	0	0	0	0	0	0	0	0	0
158	158	1089	1998.580	1002.149	0.904	307	674	51	22	8	307	674	51	22	8	107.709	117.618	130	124	120	119	118	117	116	115	114	113	111	103.000	114.781	127	120	118	117	116	115	114	112	111	110	106	0	0	0.000	0.000	0	0	0	0	0.000	0	0	0	0.000	0	0	0	0	0	0	0	0	0	0	0	0	0	0	0	0	0
159	159	1569	1730.021	1010.062	0.890	243	897	351	34	12	243	897	351	34	12	110.167	167.126	206	196	188	179	172	166	161	156	149	138	124	103.982	117.456	128	122	121	120	119	118	117	116	114	111	104	0	0	0.000	0.000	0	0	0	0	0.000	0	0	0	0.000	0	0	0	0	0	0	0	0	0	0	0	0	0	0	0	0	0
160	160	1040	1924.845	1006.540	0.913	48	292	529	131	16	48	292	529	131	16	108.763	310.543	671	574	476	371	294	242	213	197	182	167	144	103.042	677.443	1224	917	822	764	704	665	625	580	520	453	320	0	0	0.000	0.000	0	0	0	0	0.000	0	0	0	0.000	0	0	0	0	0	0	0	0	0	0	0	0	0	0	0	0	0
161	161	2191	1449.412	1015.432	0.862	146	1201	756	43	6	146	1201	756	43	6	110.751	190.212	915	207	200	194	189	182	173	164	154	144	126	103.574	349.935	504	454	429	406	384	362	334	301	265	227	164	1	58	1444.739	1028.443	0	0	0	553	559.603	0	0	454	446.483	0	0	0	0	0	0	0	0	0	0	0	0	0	0	0	0	0
162	162	1441	1386.339	1017.652	0.904	48	503	572	231	67	48	503	572	231	67	111.000	200.589	289	230	225	217	210	203	193	184	175	165	149	103.000	384.473	524	462	443	426	409	387	367	346	325	302	228	0	0	0.000	0.000	0	0	0	0	0.000	0	0	0	0.000	0	0	0	0	0	0	0	0	0	0	0	0	0	0	0	0	0
163	163	1102	1600.115	1019.106	0.890	57	571	390	47	13	57	571	390	47	13	109.680	133.703	154	146	143	141	138	134	131	127	124	120	113	103.812	114.629	126	119	118	117	116	115	114	112	111	109	104	0	0	0.000	0.000	0	0	0	0	0.000	0	0	0	0.000	0	0	0	0	0	0	0	0	0	0	0	0	0	0	0	0	0
164	164	1848	574.036	1034.784	0.867	11	144	1085	521	48	11	144	1085	521	48	108.987	119.413	129	125	122	121	120	119	118	117	116	115	110	104.000	603.978	949	831	759	686	633	590	552	509	465	406	232	0	0	0.000	0.000	0	0	0	0	0.000	0	0	0	0.000	0	0	0	0	0	0	0	0	0	0	0	0	0	0	0	0	0
165	165	1632	1840.771	1040.150	0.887	21	75	606	853	53	21	75	606	853	53	110.000	156.389	183	174	169	165	161	157	154	149	145	137	123	103.596	572.495	882	783	718	667	615	568	520	468	424	386	255	0	0	0.000	0.000	0	0	0	0	0.000	0	0	0	0.000	0	0	0	0	0	0	0	0	0	0	0	0	0	0	0	0	0
166	166	1766	775.862	1043.361	0.883	87	199	738	664	31	87	199	738	664	31	110.078	117.214	127	120	119	118	117	117	116	116	115	114	112	105.000	954.324	1420	1281	1211	1134	1066	994	914	802	679	552	411	0	0	0.000	0.000	0	0	0	0	0.000	0	0	0	0.000	0	0	0	0	0	0	0	0	0	0	0	0	0	0	0	0	0
167	167	1199	309.376	1050.369	0.901	51	306	730	76	15	51	306	730	76	15	107.197	116.938	128	123	120	118	117	116	115	114	114	113	110	103.198	286.501	463	379	347	326	308	291	272	248	222	187	133	0	0	0.000	0.000	0	0	0	0	0.000	0	0	0	0.000	0	0	0	0	0	0	0	0	0	0	0	0	0	0	0	0	0
168	168	2527	190.868	1068.774	0.881	24	196	1393	802	66	24	196	1393	802	66	106.966	119.519	141	130	124	120	118	117	117	116	115	114	110	103.334	1866.555	2942	2649	2377	2206	2055	1900	1730	1551	1325	1041	563	0	0	0.000	0.000	0	0	0	0	0.000	0	0	0	0.000	0	0	0	0	0	0	0	0	0	0	0	0	0	0	0	0	0
169	169	1723	1960.472	1071.373	0.866	37	368	1088	184	13	37	368	1088	184	13	109.000	151.808	184	174	168	161	156	151	145	141	137	132	123	102.338	608.157	941	875	819	752	682	609	539	484	411	335	242	0	0	0.000	0.000	0	0	0	0	0.000	0	0	0	0.000	0	0	0	0	0	0	0	0	0	0	0	0	0	0	0	0	0
170	170	1717	1710.503	1070.710	0.909	72	1150	358	91	11	72	1150	358	91	11	110.916	141.395	161	154	152	150	147	143	138	134	130	126	121	103.057	517.296	812	735	681	629	573	514	469	415	347	296	217	0	0	0.000	0.000	0	0	0	0	0.000	0	0	0	0.000	0	0	0	0	0	0	0	0	0	0	0	0	0	0	0	0	0
171	171	2334	818.721	1080.720	0.884	1586	554	86	31	7	1586	554	86	31	7	110.141	118.798	131	123	121	120	119	118	118	117	116	116	112	104.554	1654.440	2787	2468	2247	2043	1875	1690	1502	1312	1017	775	312	0	0	0.000	0.000	0	0	0	0	0.000	0	0	0	0.000	0	0	0	0	0	0	0	0	0	0	0	0	0	0	0	0	0
172	172	2008	49.633	1088.032	0.856	200	1681	88	10	4	200	1681	88	10	4	104.647	114.243	125	120	118	116	114	113	112	112	111	110	106	100.191	111.469	121	115	114	113	112	112	111	110	110	108	102	0	0	0.000	0.000	0	0	0	0	0.000	0	0	0	0.000	0	0	0	0	0	0	0	0	0	0	0	0	0	0	0	0	0
173	173	1440	558.169	1085.077	0.900	42	960	303	88	16	42	960	303	88	16	110.000	119.997	133	125	123	121	120	120	119	118	117	116	113	103.074	715.625	959	893	855	807	763	731	695	646	586	514	382	0	0	0.000	0.000	0	0	0	0	0.000	0	0	0	0.000	0	0	0	0	0	0	0	0	0	0	0	0	0	0	0	0	0
174	174	1981	1760.786	1092.727	0.886	35	245	1252	390	23	35	245	1252	390	23	110.734	145.314	165	160	158	155	152	148	143	137	131	126	118	103.097	616.913	902	830	780	728	692	647	602	531	435	355	224	0	0	0.000	0.000	0	0	0	0	0.000	0	0	0	0.000	0	0	0	0	0	0	0	0	0	0	0	0	0	0	0	0	0
175	175	337	1998.375	1077.442	0.950	8	39	127	97	61	8	39	127	97	61	109.000	147.789	171	163	160	155	151	148	144	141	137	132	125	102.000	484.783	665	613	591	571	544	510	470	423	372	313	210	0	0	0.000	0.000	0	0	0	0	0.000	0	0	0	0.000	0	0	0	0	0	0	0	0	0	0	0	0	0	0	0	0	0
176	176	1827	507.511	1092.630	0.891	143	893	621	98	32	143	893	621	98	32	109.995	118.367	129	123	121	119	118	118	117	117	116	115	112	103.521	212.770	282	255	246	237	227	217	205	193	182	163	124	0	0	0.000	0.000	0	0	0	0	0.000	0	0	0	0.000	0	0	0	0	0	0	0	0	0	0	0	0	0	0	0	0	0
177	177	443	741.012	1090.332	0.905	119	108	142	52	16	119	108	142	52	16	110.000	116.521	123	119	118	117	117	116	116	115	115	114	112	104.000	1000.384	2100	1664	1253	1101	1034	945	858	770	661	559	401	0	0	0.000	0.000	0	0	0	0	0.000	0	0	0	0.000	0	0	0	0	0	0	0	0	0	0	0	0	0	0	0	0	0
178	178	1992	1466.414	1106.403	0.921	15	239	1271	406	11	15	239	1271	406	11	110.079	210.270	270	257	251	242	229	218	202	182	165	154	133	103.000	646.538	995	921	857	800	760	699	620	503	388	307	208	0	0	0.000	0.000	0	0	0	0	0.000	0	0	0	0.000	0	0	0	0	0	0	0	0	0	0	0	0	0	0	0	0	0
179	179	1151	886.993	1105.906	0.921	240	615	219	37	16	240	615	219	37	16	110.000	260.854	514	373	328	302	270	246	227	208	189	167	134	102.198	144.911	209	171	160	154	148	143	138	134	128	122	110	0	0	0.000	0.000	0	0	0	0	0.000	0	0	0	0.000	0	0	0	0	0	0	0	0	0	0	0	0	0	0	0	0	0
180	180	1880	2008.750	1117.278	0.834	66	1189	521	56	7	66	1189	521	56	7	108.521	161.973	195	181	176	172	168	164	160	155	149	138	117	102.000	712.466	995	889	844	803	777	742	696	651	608	485	216	0	0	0.000	0.000	0	0	0	0	0.000	0	0	0	0.000	0	0	0	0	0	0	0	0	0	0	0	0	0	0	0	0	0
181	181	2382	186.372	1123.992	0.904	75	749	1383	119	6	75	749	1383	119	6	107.157	117.789	135	126	120	118	117	116	116	115	114	113	110	102.946	1929.900	2905	2660	2559	2408	2239	2026	1803	1601	1327	979	527	2	16	166.877	1132.126	457	190.964	1124.109	119	119.375	126	125.934	2285	2271.938	2087	2109.772	0	0	0	0	0	0	0	0	0	0	0	0	0	0	0
182	182	1754	413.408	1123.776	0.903	59	284	1149	214	14	59	284	1149	214	14	108.775	235.128	423	289	269	258	248	238	223	207	190	175	131	103.000	1001.805	1526	1368	1291	1217	1152	1074	962	822	663	531	247	0	0	0.000	0.000	0	0	0	0	0.000	0	0	0	0.000	0	0	0	0	0	0	0	0	0	0	0	0	0	0	0	0	0
183	183	453	376.578	1127.251	0.926	80	106	143	99	11	80	106	143	99	11	108.344	233.236	272	258	252	247	241	237	232	225	216	201	178	103.000	993.071	1333	1215	1150	1097	1060	1036	993	917	829	703	515	0	0	0.000	0.000	0	0	0	0	0.000	0	0	0	0.000	0	0	0	0	0	0	0	0	0	0	0	0	0	0	0	0	0
184	184	1754	482.510	1145.306	0.889	131	1184	374	16	2	131	1184	374	16	2	109.712	235.167	447	284	270	262	253	239	224	207	189	172	145	104.000	1026.045	1485	1324	1269	1227	1171	1100	1006	883	744	589	362	0	0	0.000	0.000	0	0	0	0	0.000	0	0	0	0.000	0	0	0	0	0	0	0	0	0	0	0	0	0	0	0	0	0
185	185	927	83.820	1141.544	0.919	198	472	182	49	12	198	472	182	49	12	106.669	115.699	122	119	119	118	117	116	115	114	113	112	109	100.932	112.879	129	119	116	115	114	113	112	110	109	107	103	0	0	0.000	0.000	0	0	0	0	0.000	0	0	0	0.000	0	0	0	0	0	0	0	0	0	0	0	0	0	0	0	0	0
186	186	768	272.032	1141.622	0.820	99	366	252	31	8	99	366	252	31	8	107.693	132.210	157	144	140	137	134	132	129	127	124	121	116	102.299	153.904	197	176	170	166	162	157	152	145	135	126	111	0	0	0.000	0.000	0	0	0	0	0.000	0	0	0	0.000	0	0	0	0	0	0	0	0	0	0	0	0	0	0	0	0	0
187	187	1852	535.552	1146.895	0.884	14	152	717	879	52	14	152	717	879	52	110.000	116.970	147	125	120	117	116	115	115	114	114	113	110	104.000	120.139	225	126	122	120	119	118	118	116	115	113	105	0	0	0.000	0.000	0	0	0	0	0.000	0	0	0	0.000	0	0	0	0	0	0	0	0	0	0	0	0	0	0	0	0	0
188	188	1752	718.664	1147.569	0.882	299	1145	221	49	13	299	1145	221	49	13	110.247	233.244	443	338	291	262	242	224	205	183	166	153	131	103.000	114.684	125	120	118	117	116	115	114	113	111	109	105	0	0	0.000	0.000	0	0	0	0	0.000	0	0	0	0.000	0	0	0	0	0	0	0	0	0	0	0	0	0	0	0	0	0
189	189	1652	1460.774	1158.266	0.898	6	75	783	684	72	6	75	783	684	72	111.000	276.777	2468	320	231	223	218	210	198	187	172	158	129	103.000	551.300	787	721	680	640	610	579	541	488	420	351	166	1	103	1474.164	1159.302	0	0	0	1183	1232.136	0	0	722	704.476	0	0	0	0	0	0	0	0	0	0	0	0	0	0	0	0	0
190	190	1620	890.602	1162.559	0.889	22	578	881	100	11	22	578	881	100	11	109.493	117.540	132	121	120	118	118	117	116	116	115	114	112	102.799	532.683	828	713	670	641	606	561	505	448	383	298	207	0	0	0.000	0.000	0	0	0	0	0.000	0	0	0	0.000	0	0	0	0	0	0	0	0	0	0	0	0	0	0	0	0	0
191	191	307	569.687	1152.595	0.903	12	39	91	107	49	12	39	91	107	49	109.427	114.619	118	117	116	115	115	115	114	114	113	113	110	103.029	109.029	113	111	111	110	110	109	109	108	107	106	104	0	0	0.000	0.000	0	0	0	0	0.000	0	0	0	0.000	0	0	0	0	0	0	0	0	0	0	0	0	0	0	0	0	0
192	192	2169	251.713	1194.044	0.881	341	1477	260	35	17	341	1477	260	35	17	108.006	178.147	822	202	180	171	165	160	155	151	148	137	117	102.757	115.692	128	121	119	118	117	116	115	114	113	110	105	1	95	244.774	1176.277	0	0	0	473	494.442	0	0	120	119.463	0	0	0	0	0	0	0	0	0	0	0	0	0	0	0	0	0
193	193	2034	492.444	1191.982	0.867	385	1517	68	16	9	385	1517	68	16	9	109.502	130.498	184	154	136	129	127	126	124	123	121	120	114	103.966	123.047	161	136	127	124	123	121	120	119	117	115	107	1	58	483.450	1198.073	0	0	0	162	160.966	0	0	145	143.776	0	0	0	0	0	0	0	0	0	0	0	0	0	0	0	0	0
194	194	1036	550.913	1191.399	0.888	402	428	114	65	17	402	428	114	65	17	109.648	117.158	128	122	121	118	117	116	115	115	114	114	112	103.293	116.017	130	121	119	117	116	115	115	114	113	112	108	0	0	0.000	0.000	0	0	0	0	0.000	0	0	0	0.000	0	0	0	0	0	0	0	0	0	0	0	0	0	0	0	0	0
195	195	700	149.493	1196.073	0.910	176	371	116	17	10	176	371	116	17	10	107.343	424.997	899	753	620	517	436	377	319	277	238	205	166	102.000	131.300	178	163	151	142	135	128	122	116	111	108	104	0	0	0.000	0.000	0	0	0	0	0.000	0	0	0	0.000	0	0	0	0	0	0	0	0	0	0	0	0	0	0	0	0	0
196	196	1107	891.499	1205.774	0.910	94	185	496	234	69	94	185	496	234	69	109.000	116.692	126	119	118	117	117	116	116	116	115	115	112	103.000	532.134	734	668	636	605	575	541	507	468	423	383	294	0	0	0.000	0.000	0	0	0	0	0.000	0	0	0	0.000	0	0	0	0	0	0	0	0	0	0	0	0	0	0	0	0	0
197	197	801	1753.566	1202.850	0.869	62	292	331	72	23	62	292	331	72	23	111.000	177.227	293	244	208	189	177	167	158	151	143	135	123	102.346	133.203	184	164	147	140	134	129	126	122	117	112	106	0	0	0.000	0.000	0	0	0	0	0.000	0	0	0	0.000	0	0	0	0	0	0	0	0	0	0	0	0	0	0	0	0	0
198	198	1117	591.205	1208.644	0.915	21	64	429	479	99	21	64	429	479	99	109.967	132.908	147	140	139	137	136	133	131	129	127	124	120	102.931	410.507	561	515	495	477	456	427	395	366	327	266	215	0	0	0.000	0.000	0	0	0	0	0.000	0	0	0	0.000	0	0	0	0	0	0	0	0	0	0	0	0	0	0	0	0	0
199	199	946	1562.513	1224.310	0.889	88	744	85	8	5	88	744	85	8	5	111.000	157.907	249	200	185	171	161	153	145	138	131	125	117	102.000	114.004	130	122	119	117	115	113	111	110	109	107	104	0	0	0.000	0.000	0	0	0	0	0.000	0	0	0	0.000	0	0	0	0	0	0	0	0	0	0	0	0	0	0	0	0	0
200	200	2040	379.459	1234.488	0.897	616	1134	203	35	8	616	1134	203	35	8	108.919	135.780	210	182	155	134	128	124	122	120	118	116	112	102.000	117.532	135	126	123	120	118	117	116	114	112	110	105	1	452	377.069	1231.424	0	0	0	178	176.633	0	0	126	125.369	0	0	0	0	0	0	0	0	0	0	0	0	0	0	0	0	0
201	201	1931	634.078	1230.983	0.915	1712	151	20	11	12	1712	151	20	11	12	110.000	131.266	147	141	138	136	134	132	129	127	124	122	115	102.673	389.369	594	522	488	460	436	406	367	326	278	239	141	0	0	0.000	0.000	0	0	0	0	0.000	0	0	0	0.000	0	0	0	0	0	0	0	0	0	0	0	0	0	0	0	0	0
202	202	1091	521.505	1229.358	0.890	117	527	260	115	51	117	527	260	115	51	109.000	116.288	123	119	118	117	117	116	116	115	114	114	112	102.874	120.326	134	124	123	122	121	120	120	119	118	117	113	0	0	0.000	0.000	0	0	0	0	0.000	0	0	0	0.000	0	0	0	0	0	0	0	0	0	0	0	0	0	0	0	0	0
203	203	582	1995.906	1231.872	0.863	98	245	181	33	15	98	245	181	33	15	108.887	141.314	194	179	165	153	142	134	127	123	120	118	114	102.000	118.450	147	138	130	124	119	114	111	109	108	106	103	1	14	1994.722	1231.503	0	0	0	190	189.429	0	0	144	143.500	0	0	1	24	1995.293	1230.578	0	0	0	188	185.125	0	0	144	143.125	0	0
204	204	1022	1510.710	1237.664	0.845	312	510	141	35	7	312	510	141	35	7	110.739	175.485	227	205	195	190	184	176	170	163	154	144	125	102.030	136.458	200	155	147	142	139	136	133	128	122	118	107	0	0	0.000	0.000	0	0	0	0	0.000	0	0	0	0.000	0	0	0	0	0	0	0	0	0	0	0	0	0	0	0	0	0
205	205	1952	478.305	1249.296	0.822	69	1215	604	22	8	69	1215	604	22	8	109.000	116.029	126	120	118	117	116	116	115	115	114	113	110	102.374	118.764	131	124	122	121	120	119	118	117	116	114	105	0	0	0.000	0.000	0	0	0	0	0.000	0	0	0	0.000	0	0	0	0	0	0	0	0	0	0	0	0	0	0	0	0	0
206	206	1750	201.396	1257.079	0.871	142	328	715	443	91	142	328	715	443	91	107.763	114.877	122	118	117	116	115	115	114	113	113	112	109	102.515	134.590	157	145	143	140	137	135	133	130	126	123	111	0	0	0.000	0.000	0	0	0	0	0.000	0	0	0	0.000	0	0	0	0	0	0	0	0	0	0	0	0	0	0	0	0	0
207	207	1263	148.903	1256.996	0.893	67	583	518	65	10	67	583	518	65	10	106.990	112.812	118	115	114	114	113	113	112	112	111	110	107	102.000	131.430	155	145	141	138	136	133	131	127	122	115	104	0	0	0.000	0.000	0	0	0	0	0.000	0	0	0	0.000	0	0	0	0	0	0	0	0	0	0	0	0	0	0	0	0	0
208	208	1576	756.659	1265.074	0.873	111	1213	170	53	9	111	1213	170	53	9	110.362	119.885	130	125	123	122	120	119	118	118	117	116	111	103.000	113.445	124	117	116	115	114	113	113	112	111	110	104	0	0	0.000	0.000	0	0	0	0	0.000	0	0	0	0.000	0	0	0	0	0	0	0	0	0	0	0	0	0	0	0	0	0
209	209	1601	852.784	1291.460	0.856	32	197	681	517	137	32	197	681	517	137	110.951	178.500	210	201	196	191	185	180	176	170	163	152	128	103.000	338.200	462	427	408	386	365	343	322	303	274	241	152	0	0	0.000	0.000	0	0	0	0	0.000	0	0	0	0.000	0	0	0	0	0	0	0	0	0	0	0	0	0	0	0	0	0
210	210	1862	2015.440	1293.712	0.894	180	1264	307	58	16	180	1264	307	58	16	108.627	256.547	731	390	300	264	243	226	210	197	187	171	136	101.996	116.780	133	123	121	119	118	116	115	114	113	111	105	2	56	2012.022	1308.032	40	2007.080	1283.808	579	576.339	541	540.400	126	126.339	125	124.450	0	0	0	0	0	0	0	0	0	0	0	0	0	0	0
211	211	709	793.212	1284.168	0.944	11	135	281	231	31	11	135	281	231	31	111.000	138.783	152	147	145	144	142	140	137	134	132	129	122	102.118	141.420	159	150	148	146	145	143	141	140	137	129	112	0	0	0.000	0.000	0	0	0	0	0.000	0	0	0	0.000	0	0	0	0	0	0	0	0	0	0	0	0	0	0	0	0	0
212	212	1297	307.745	1301.810	0.890	35	62	753	347	80	35	62	753	347	80	108.436	140.833	154	149	147	145	143	142	140	137	135	131	126	102.000	1138.715	1723	1576	1460	1347	1256	1151	1060	980	829	648	504	0	0	0.000	0.000	0	0	0	0	0.000	0	0	0	0.000	0	0	0	0	0	0	0	0	0	0	0	0	0	0	0	0	0
213	213	1917	260.017	1303.403	0.863	55	826	907	86	12	55	826	907	86	12	108.000	132.417	147	142	139	137	135	133	131	128	125	122	112	102.000	1026.862	1677	1432	1318	1222	1139	1047	945	840	719	592	351	0	0	0.000	0.000	0	0	0	0	0.000	0	0	0	0.000	0	0	0	0	0	0	0	0	0	0	0	0	0	0	0	0	0
214	214	1686	720.061	1308.187	0.880	66	480	959	136	11	66	480	959	136	11	111.000	123.610	141	133	128	125	123	122	121	120	119	118	112	102.910	117.407	129	123	121	120	119	118	116	115	114	111	105	0	0	0.000	0.000	0	0	0	0	0.000	0	0	0	0.000	0	0	0	0	0	0	0	0	0	0	0	0	0	0	0	0	0
215	215	1880	767.806	1316.930	0.872	39	82	832	853	38	39	82	832	853	38	110.940	138.985	157	151	148	145	142	139	137	134	131	126	115	102.127	146.143	180	165	161	156	150	145	142	138	135	128	106	0	0	0.000	0.000	0	0	0	0	0.000	0	0	0	0.000	0	0	0	0	0	0	0	0	0	0	0	0	0	0	0	0	0
216	216	777	169.248	1316.786	0.823	95	387	191	60	27	95	387	191	60	27	108.000	519.826	2217	863	553	502	477	445	409	357	316	263	169	102.000	124.130	151	134	130	128	126	124	122	120	117	115	108	1	41	163.599	1310.884	0	0	0	1596	1605.000	0	0	136	137.146	0	0	0	0	0	0	0	0	0	0	0	0	0	0	0	0	0
217	217	2120	819.847	1332.085	0.887	31	234	1191	584	35	31	234	1191	584	35	111.000	174.825	220	207	197	187	180	173	166	160	153	148	133	101.957	320.611	475	448	413	382	352	322	288	256	228	205	132	0	0	0.000	0.000	0	0	0	0	0.000	0	0	0	0.000	0	0	0	0	0	0	0	0	0	0	0	0	0	0	0	0	0
218	218	827	1218.428	1335.476	0.887	50	331	319	92	15	50	331	319	92	15	111.000	192.807	327	277	245	216	196	178	165	153	145	137	128	102.000	116.860	140	126	123	120	118	117	115	113	110	108	104	0	0	0.000	0.000	0	0	0	0	0.000	0	0	0	0.000	0	0	0	0	0	0	0	0	0	0	0	0	0	0	0	0	0
219	219	1333	109.462	1344.991	0.893	324	783	156	33	8	324	783	156	33	8	106.972	218.149	402	282	244	227	216	206	197	189	182	174	145	102.000	320.892	395	379	371	360	346	331	316	297	273	244	169	0	0	0.000	0.000	0	0	0	0	0.000	0	0	0	0.000	0	0	0	0	0	0	0	0	0	0	0	0	0	0	0	0	0
220	220	946	160.497	1339.904	0.760	324	535	55	11	6	324	535	55	11	6	108.000	497.351	1148	633	561	531	514	496	469	433	391	348	248	102.175	129.420	141	135	134	133	131	130	129	127	125	122	114	0	0	0.000	0.000	0	0	0	0	0.000	0	0	0	0.000	0	0	0	0	0	0	0	0	0	0	0	0	0	0	0	0	0
221	221	1196	1497.909	1346.130	0.927	72	255	504	268	74	72	255	504	268	74	111.196	181.961	269	236	209	189	182	178	172	164	152	142	129	103.000	120.394	152	137	130	122	119	117	116	114	113	111	106	0	0	0.000	0.000	0	0	0	0	0.000	0	0	0	0.000	0	0	1	11	1488.539	1346.160	0	0	0	253	250.273	0	0	147	146.273	0	0
222	222	2045	647.389	1361.851	0.869	106	844	916	124	15	106	844	916	124	15	111.000	145.971	794	160	127	125	124	122	121	120	119	117	113	102.795	144.904	189	166	160	155	150	146	142	136	129	122	104	1	145	649.503	1345.385	0	0	0	388	415.945	0	0	148	148.910	0	0	0	0	0	0	0	0	0	0	0	0	0	0	0	0	0
223	223	1047	211.808	1365.709	0.898	131	694	158	31	9	131	694	158	31	9	107.522	128.245	147	140	136	132	130	128	126	123	121	117	111	102.999	126.457	150	138	135	132	130	127	124	121	118	113	106	0	0	0.000	0.000	0	0	0	0	0.000	0	0	0	0.000	0	0	0	0	0	0	0	0	0	0	0	0	0	0	0	0	0
224	224	802	1971.222	1368.673	0.817	30	40	208	426	82	30	40	208	426	82	109.258	124.591	135	131	130	128	126	125	123	121	120	118	113	102.000	112.507	120	117	115	114	113	112	112	111	110	109	104	0	0	0.000	0.000	0	0	0	0	0.000	0	0	0	0.000	0	0	0	0	0	0	0	0	0	0	0	0	0	0	0	0	0
225	225	1437	596.554	1376.075	0.894	8	76	550	684	92	8	76	550	684	92	109.770	120.823	135	125	123	122	121	121	120	119	118	116	112	103.000	150.722	179	165	162	159	157	155	152	149	143	126	106	0	0	0.000	0.000	0	0	0	0	0.000	0	0	0	0.000	0	0	0	0	0	0	0	0	0	0	0	0	0	0	0	0	0
226	226	218	1522.837	1365.913	0.850	6	10	40	93	64	6	10	40	93	64	111.000	115.555	119	118	117	117	116	116	115	115	114	113	111	103.138	197.706	244	232	220	210	203	197	190	184	177	168	152	0	0	0.000	0.000	0	0	0	0	0.000	0	0	0	0.000	0	0	0	0	0	0	0	0	0	0	0	0	0	0	0	0	0
227	227	1403	164.198	1390.461	0.899	824	387	96	59	19	824	387	96	59	19	107.555	159.983	517	166	162	160	159	157	154	149	142	135	128	102.914	158.129	195	171	168	166	164	161	158	154	147	137	128	1	34	156.945	1383.771	0	0	0	346	343.059	0	0	168	167.941	0	0	0	0	0	0	0	0	0	0	0	0	0	0	0	0	0
228	228	1999	1542.858	1397.842	0.879	33	84	1218	599	27	33	84	1218	599	27	111.000	119.492	129	124	122	120	120	119	118	118	117	116	114	103.820	794.287	1232	1069	967	901	834	775	725	681	630	566	292	0	0	0.000	0.000	0	0	0	0	0.000	0	0	0	0.000	0	0	0	0	0	0	0	0	0	0	0	0	0	0	0	0	0
229	229	1663	261.398	1404.086	0.888	156	804	480	153	34	156	804	480	153	34	107.316	118.630	130	124	122	120	119	118	117	116	115	114	110	102.728	438.182	735	593	554	516	478	438	397	357	325	276	163	0	0	0.000	0.000	0	0	0	0	0.000	0	0	0	0.000	0	0	0	0	0	0	0	0	0	0	0	0	0	0	0	0	0
230	230	1745	642.037	1413.732	0.901	24	46	1164	449	31	24	46	1164	449	31	110.206	183.369	1478	176	154	150	147	145	143	140	136	129	115	103.058	156.829	258	173	168	165	162	158	155	151	147	137	109	1	108	625.338	1416.430	0	0	0	700	725.259	0	0	168	163.009	0	0	0	0	0	0	0	0	0	0	0	0	0	0	0	0	0
231	231	1271	1464.363	1432.323	0.915	162	278	659	123	30	162	278	659	123	30	111.870	143.555	162	156	153	150	148	145	141	138	134	129	121	103.997	569.685	864	785	720	661	619	575	529	473	423	361	235	0	0	0.000	0.000	0	0	0	0	0.000	0	0	0	0.000	0	0	0	0	0	0	0	0	0	0	0	0	0	0	0	0	0
232	232	328	230.333	1417.844	0.887	34	85	134	59	11	34	85	134	59	11	106.765	112.354	116	114	114	113	113	112	112	112	111	110	108	103.000	196.655	301	247	230	214	201	194	187	178	163	150	131	0	0	0.000	0.000	0	0	0	0	0.000	0	0	0	0.000	0	0	0	0	0	0	0	0	0	0	0	0	0	0	0	0	0
233	233	2033	1870.640	1438.839	0.887	186	1023	651	100	32	186	1023	651	100	32	111.000	315.967	480	426	396	373	347	321	292	265	237	201	132	102.000	146.871	187	169	163	158	152	147	142	138	132	124	107	0	0	0.000	0.000	0	0	0	0	0.000	0	0	0	0.000	0	0	0	0	0	0	0	0	0	0	0	0	0	0	0	0	0
234	234	255	661.149	1443.379	0.955	11	46	82	69	42	11	46	82	69	42	110.000	129.973	140	138	136	135	133	131	129	127	124	121	117	104.000	131.573	151	144	141	139	137	134	131	126	121	114	108	0	0	0.000	0.000	0	0	0	0	0.000	0	0	0	0.000	0	0	0	0	0	0	0	0	0	0	0	0	0	0	0	0	0
235	235	1088	853.000	1462.734	0.855	89	607	344	22	7	89	607	344	22	7	110.290	160.631	217	190	178	169	163	158	153	149	143	135	123	103.560	135.256	176	153	146	142	137	134	130	127	124	120	108	0	0	0.000	0.000	0	0	0	0	0.000	0	0	0	0.000	0	0	0	0	0	0	0	0	0	0	0	0	0	0	0	0	0
236	236	2006	738.377	1465.234	0.867	253	1321	327	59	8	253	1321	327	59	8	110.962	469.980	4627	1404	253	151	136	132	129	126	124	121	117	103.000	125.058	153	133	128	127	125	124	123	122	120	117	107	1	292	734.003	1453.817	0	0	0	2133	2287.414	0	0	138	136.839	0	0	0	0	0	0	0	0	0	0	0	0	0	0	0	0	0
237	237	1745	794.071	1470.258	0.901	130	1166	357	49	8	130	1166	357	49	8	110.179	131.350	187	141	136	134	133	131	129	127	124	120	113	103.000	124.213	136	131	129	128	127	126	124	122	119	115	105	1	11	805.318	1475.683	0	0	0	177	177.273	0	0	127	127.273	0	0	0	0	0	0	0	0	0	0	0	0	0	0	0	0	0
238	238	1691	1481.242	1473.834	0.903	30	146	475	975	37	30	146	475	975	37	111.362	142.152	164	151	148	146	144	142	141	139	136	133	122	104.410	511.364	830	712	652	597	547	506	463	405	366	328	239	0	0	0.000	0.000	0	0	0	0	0.000	0	0	0	0.000	0	0	0	0	0	0	0	0	0	0	0	0	0	0	0	0	0
239	239	1567	1118.033	1479.337	0.899	41	942	534	13	6	41	942	534	13	6	111.722	118.465	128	122	121	119	119	118	117	117	116	115	113	104.000	673.465	1066	936	860	798	752	691	620	548	470	390	209	0	0	0.000	0.000	0	0	0	0	0.000	0	0	0	0.000	0	0	0	0	0	0	0	0	0	0	0	0	0	0	0	0	0
240	240	2466	1176.462	1497.208	0.905	136	1740	509	33	7	136	1740	509	33	7	111.305	120.040	131	125	123	121	120	119	118	118	117	116	114	103.999	702.582	1273	1040	928	843	759	685	609	536	457	391	310	0	0	0.000	0.000	0	0	0	0	0.000	0	0	0	0.000	0	0	0	0	0	0	0	0	0	0	0	0	0	0	0	0	0
241	241	2003	1820.015	1498.805	0.854	33	492	1072	336	11	33	492	1072	336	11	111.000	131.029	143	138	136	134	133	131	130	128	125	123	114	102.998	156.798	195	180	174	169	164	158	151	145	140	134	109	0	0	0.000	0.000	0	0	0	0	0.000	0	0	0	0.000	0	0	0	0	0	0	0	0	0	0	0	0	0	0	0	0	0
242	242	1819	592.498	1508.468	0.872	46	373	861	417	78	46	373	861	417	78	109.847	139.105	157	149	146	144	141	139	137	135	132	129	120	103.065	594.317	969	870	813	745	675	604	525	457	380	290	219	0	0	0.000	0.000	0	0	0	0	0.000	0	0	0	0.000	0	0	0	0	0	0	0	0	0	0	0	0	0	0	0	0	0
243	243	692	526.230	1525.318	0.910	93	486	68	27	10	93	486	68	27	10	109.000	128.314	145	136	132	129	128	127	126	126	125	124	120	103.000	121.322	148	133	127	123	121	119	117	116	115	114	110	0	0	0.000	0.000	0	0	0	0	0.000	0	0	0	0.000	0	0	0	0	0	0	0	0	0	0	0	0	0	0	0	0	0
244	244	634	713.881	1532.636	0.947	20	174	279	121	29	20	174	279	121	29	110.000	174.338	293	239	213	190	175	163	154	146	138	129	120	103.000	168.729	342	240	200	181	167	154	144	138	129	122	109	0	0	0.000	0.000	0	0	0	0	0.000	0	0	0	0.000	0	0	1	35	713.271	1528.351	0	0	0	263	261.314	0	0	298	291.886	0	0
245	245	1374	1818.433	1553.150	0.839	28	33	170	990	130	28	33	170	990	130	110.250	135.978	147	143	141	140	139	137	136	133	130	127	120	102.984	173.324	211	193	189	186	181	177	171	164	157	149	123	0	0	0.000	0.000	0	0	0	0	0.000	0	0	0	0.000	0	0	0	0	0	0	0	0	0	0	0	0	0	0	0	0	0
246	246	1352	1234.386	1551.517	0.909	56	476	659	110	19	56	476	659	110	19	111.000	120.263	127	123	122	121	121	120	120	119	118	117	114	103.718	2090.818	3779	2972	2705	2493	2323	2173	1944	1693	1432	1152	515	0	0	0.000	0.000	0	0	0	0	0.000	0	0	0	0.000	0	0	0	0	0	0	0	0	0	0	0	0	0	0	0	0	0
247	247	2235	1746.285	1557.664	0.901	26	115	1241	773	34	26	115	1241	773	34	110.390	121.685	129	125	124	123	122	122	121	120	119	118	115	103.826	1204.609	1813	1690	1639	1567	1454	1333	1174	977	704	468	338	0	0	0.000	0.000	0	0	0	0	0.000	0	0	0	0.000	0	0	0	0	0	0	0	0	0	0	0	0	0	0	0	0	0
248	248	1471	613.716	1556.329	0.912	36	102	548	645	123	36	102	548	645	123	110.000	138.123	160	151	148	145	142	138	134	131	128	125	119	102.926	655.891	1050	903	851	804	747	676	598	523	442	373	243	0	0	0.000	0.000	0	0	0	0	0.000	0	0	0	0.000	0	0	0	0	0	0	0	0	0	0	0	0	0	0	0	0	0
249	249	2021	561.299	1563.308	0.849	25	136	1338	470	13	25	136	1338	470	13	110.000	143.048	167	157	153	150	147	143	139	136	133	130	121	102.660	601.491	998	889	829	773	711	630	538	438	345	278	223	0	0	0.000	0.000	0	0	0	0	0.000	0	0	0	0.000	0	0	0	0	0	0	0	0	0	0	0	0	0	0	0	0	0
250	250	1881	1532.633	1562.379	0.882	57	557	994	213	17	57	557	994	213	17	111.949	150.856	453	165	157	152	149	147	143	139	134	125	116	102.759	123.450	138	131	129	127	126	125	123	121	118	114	102	1	55	1544.615	1561.429	0	0	0	300	301.345	0	0	131	130.200	0	0	0	0	0	0	0	0	0	0	0	0	0	0	0	0	0
251	251	1114	207.593	1579.952	0.924	23	112	538	365	60	23	112	538	365	60	107.752	116.651	129	123	120	118	116	115	115	114	113	113	110	102.000	114.723	123	119	118	117	116	115	114	113	112	109	103	0	0	0.000	0.000	0	0	0	0	0.000	0	0	0	0.000	0	0	0	0	0	0	0	0	0	0	0	0	0	0	0	0	0
252	252	1725	811.144	1585.380	0.839	123	745	549	205	73	123	745	549	205	73	110.000	557.157	8883	759	555	507	472	425	351	296	263	232	159	102.000	119.740	145	129	123	121	120	119	118	116	115	113	106	1	78	809.747	1607.322	0	0	0	3970	4271.077	0	0	121	121.090	0	0	0	0	0	0	0	0	0	0	0	0	0	0	0	0	0
253	253	1804	162.985	1599.790	0.889	99	1156	484	23	9	99	1156	484	23	9	107.304	114.781	125	119	117	116	115	114	114	113	112	112	109	102.007	625.521	879	776	741	710	677	640	599	557	512	451	266	0	0	0.000	0.000	0	0	0	0	0.000	0	0	0	0.000	0	0	0	0	0	0	0	0	0	0	0	0	0	0	0	0	0
254	254	1544	1625.461	1598.308	0.888	514	718	243	41	7	514	718	243	41	7	110.887	128.757	145	137	134	132	131	129	127	125	123	121	115	102.754	128.270	155	137	135	132	130	129	127	125	122	118	105	0	0	0.000	0.000	0	0	0	0	0.000	0	0	0	0.000	0	0	0	0	0	0	0	0	0	0	0	0	0	0	0	0	0
255	255	452	49.526	1615.165	0.720	148	207	67	8	6	148	207	67	8	6	105.000	117.819	130	124	122	121	119	118	116	114	113	112	110	102.243	506.230	773	545	529	519	511	500	491	483	474	463	427	0	0	0.000	0.000	0	0	0	0	0.000	0	0	0	0.000	0	0	0	0	0	0	0	0	0	0	0	0	0	0	0	0	0
256	256	1506	1167.357	1629.543	0.895	166	881	338	77	14	166	881	338	77	14	111.654	239.041	294	275	266	261	255	249	243	229	209	183	143	102.370	115.783	126	120	119	118	117	116	115	114	113	110	103	0	0	0.000	0.000	0	0	0	0	0.000	0	0	0	0.000	0	0	0	0	0	0	0	0	0	0	0	0	0	0	0	0	0
257	257	1393	1820.929	1629.124	0.874	174	842	289	55	11	174	842	289	55	11	109.411	128.965	150	139	135	133	131	129	127	125	122	118	114	102.620	135.314	169	149	145	142	140	137	134	130	125	117	105	0	0	0.000	0.000	0	0	0	0	0.000	0	0	0	0.000	0	0	0	0	0	0	0	0	0	0	0	0	0	0	0	0	0
258	258	513	34.356	1624.915	0.735	27	212	210	46	11	27	212	210	46	11	104.710	113.793	122	119	118	117	116	113	111	110	110	109	107	102.000	500.949	652	549	530	516	504	496	489	482	472	457	417	0	0	0.000	0.000	0	0	0	0	0.000	0	0	0	0.000	0	0	0	0	0	0	0	0	0	0	0	0	0	0	0	0	0
259	259	868	1665.847	1646.123	0.902	146	433	214	36	18	146	433	214	36	18	110.000	924.776	4120	1584	1120	996	910	819	704	577	463	339	198	102.000	169.911	248	215	203	195	185	173	160	147	132	119	107	1	45	1659.189	1644.210	0	0	0	2986	2929.244	0	0	192	187.111	0	0	0	0	0	0	0	0	0	0	0	0	0	0	0	0	0
260	260	1646	1279.446	1668.108	0.866	138	873	503	94	11	138	873	503	94	11	111.000	129.046	140	134	132	131	130	129	128	127	126	124	118	103.537	1213.207	1582	1495	1441	1380	1301	1235	1171	1085	992	896	602	0	0	0.000	0.000	0	0	0	0	0.000	0	0	0	0.000	0	0	0	0	0	0	0	0	0	0	0	0	0	0	0	0	0
261	261	384	2016.785	1658.218	0.877	12	26	131	187	18	12	26	131	187	18	108.531	146.982	163	157	154	152	151	148	145	142	139	136	130	101.003	122.490	132	128	127	126	125	123	122	120	117	115	109	0	0	0.000	0.000	0	0	0	0	0.000	0	0	0	0.000	0	0	0	0	0	0	0	0	0	0	0	0	0	0	0	0	0
262	262	2244	771.556	1678.292	0.851	147	1046	811	156	39	147	1046	811	156	39	109.535	136.567	185	158	151	145	137	132	128	125	123	121	114	102.456	125.253	151	141	136	131	126	123	120	118	116	113	105	0	0	0.000	0.000	0	0	0	0	0.000	0	0	0	0.000	0	0	0	0	0	0	0	0	0	0	0	0	0	0	0	0	0
263	263	1123	1841.027	1683.917	0.871	225	620	211	43	6	225	620	211	43	6	110.001	134.954	150	143	141	140	138	136	134	131	128	124	119	102.942	213.116	270	251	241	231	223	215	207	198	185	172	155	0	0	0.000	0.000	0	0	0	0	0.000	0	0	0	0.000	0	0	0	0	0	0	0	0	0	0	0	0	0	0	0	0	0
264	264	2530	1941.820	1694.708	0.854	107	1512	801	57	11	107	1512	801	57	11	110.000	140.758	157	150	148	146	144	141	139	137	134	129	122	102.895	845.850	1386	1223	1084	1011	927	844	770	697	606	465	303	0	0	0.000	0.000	0	0	0	0	0.000	0	0	0	0.000	0	0	0	0	0	0	0	0	0	0	0	0	0	0	0	0	0
265	265	1696	2000.620	1694.120	0.886	205	1164	239	51	7	205	1164	239	51	7	108.638	166.792	202	192	186	179	172	166	161	155	148	142	128	101.870	134.594	154	144	142	140	137	135	132	130	128	125	111	0	0	0.000	0.000	0	0	0	0	0.000	0	0	0	0.000	0	0	0	0	0	0	0	0	0	0	0	0	0	0	0	0	0
266	266	526	1372.455	1689.103	0.847	82	234	148	52	2	82	234	148	52	2	111.000	147.973	180	173	164	156	150	144	140	137	133	130	125	104.051	130.770	156	144	140	136	133	130	127	125	122	119	112	0	0	0.000	0.000	0	0	0	0	0.000	0	0	0	0.000	0	0	0	0	0	0	0	0	0	0	0	0	0	0	0	0	0
267	267	1639	1440.586	1705.458	0.868	6	52	477	910	160	6	52	477	910	160	111.486	117.380	123	119	119	118	118	117	117	117	116	115	113	103.790	343.840	481	441	420	400	383	357	325	293	260	227	176	0	0	0.000	0.000	0	0	0	0	0.000	0	0	0	0.000	0	0	0	0	0	0	0	0	0	0	0	0	0	0	0	0	0
268	268	2079	1111.755	1707.680	0.887	1000	976	54	8	7	1000	976	54	8	7	111.613	952.190	21753	1091	537	395	340	309	286	264	245	219	203	102.119	119.919	158	125	123	122	121	120	118	117	116	114	108	2	87	1127.423	1706.957	118	1104.886	1692.325	926	925.908	8592	9434.619	120	120.609	133	133.966	0	0	0	0	0	0	0	0	0	0	0	0	0	0	0
269	269	2290	289.258	1718.212	0.895	31	577	1332	248	45	31	577	1332	248	45	107.982	179.992	997	246	160	149	145	143	141	138	134	130	121	102.840	621.251	915	828	779	733	678	622	566	513	456	411	328	1	174	282.277	1704.918	0	0	0	520	549.879	0	0	774	747.466	0	0	0	0	0	0	0	0	0	0	0	0	0	0	0	0	0
270	270	2290	1304.104	1723.839	0.865	146	151	688	1166	100	146	151	688	1166	100	111.887	128.687	167	141	133	131	129	127	125	124	122	120	116	105.199	868.590	1510	1322	1173	1072	967	866	769	654	538	431	304	1	32	1298.930	1734.797	0	0	0	161	160.688	0	0	858	848.438	0	0	0	0	0	0	0	0	0	0	0	0	0	0	0	0	0
271	271	1705	1888.503	1712.714	0.900	561	1063	20	16	10	561	1063	20	16	10	110.783	129.449	142	137	135	133	132	129	128	126	124	122	113	103.000	190.604	264	235	222	210	198	187	177	170	162	149	126	0	0	0.000	0.000	0	0	0	0	0.000	0	0	0	0.000	0	0	0	0	0	0	0	0	0	0	0	0	0	0	0	0	0
272	272	1482	661.544	1737.858	0.897	53	313	784	275	21	53	313	784	275	21	109.000	115.719	125	120	117	116	116	115	115	114	114	113	111	103.000	170.821	223	197	188	181	176	171	165	159	154	147	121	0	0	0.000	0.000	0	0	0	0	0.000	0	0	0	0.000	0	0	0	0	0	0	0	0	0	0	0	0	0	0	0	0	0
273	273	1288	206.625	1749.060	0.896	156	808	243	46	16	156	808	243	46	16	106.562	115.237	131	122	117	116	115	114	113	113	112	112	109	102.948	112.630	124	116	115	114	113	112	112	111	110	109	105	1	192	197.274	1741.311	0	0	0	123	123.495	0	0	117	116.729	0	0	0	0	0	0	0	0	0	0	0	0	0	0	0	0	0
274	274	1930	1461.762	1754.257	0.854	556	1310	15	4	2	556	1310	15	4	2	111.123	117.740	126	120	119	119	118	118	117	117	116	115	113	103.422	376.341	521	470	447	429	411	391	363	332	300	263	194	0	0	0.000	0.000	0	0	0	0	0.000	0	0	0	0.000	0	0	0	0	0	0	0	0	0	0	0	0	0	0	0	0	0
275	275	1384	1111.580	1758.839	0.912	17	137	1003	166	33	17	137	1003	166	33	111.000	254.046	638	344	299	265	243	228	217	210	203	187	150	103.403	117.262	144	126	121	118	117	116	115	114	113	111	105	1	36	1115.459	1768.543	0	0	0	544	544.444	0	0	124	126.056	0	0	0	0	0	0	0	0	0	0	0	0	0	0	0	0	0
276	276	1061	621.845	1755.531	0.922	64	220	451	280	24	64	220	451	280	24	108.933	114.718	121	117	116	116	115	115	114	114	113	112	110	103.000	172.286	208	195	190	186	182	178	171	164	153	140	122	0	0	0.000	0.000	0	0	0	0	0.000	0	0	0	0.000	0	0	0	0	0	0	0	0	0	0	0	0	0	0	0	0	0
277	277	1971	263.463	1770.420	0.893	15	87	526	1222	80	15	87	526	1222	80	107.920	140.116	160	150	148	146	144	143	140	136	132	125	117	103.000	681.378	1026	920	864	806	752	701	650	593	501	389	295	0	0	0.000	0.000	0	0	0	0	0.000	0	0	0	0.000	0	0	0	0	0	0	0	0	0	0	0	0	0	0	0	0	0
278	278	885	735.250	1765.145	0.892	39	144	505	164	14	39	144	505	164	14	109.000	117.007	125	120	119	118	117	117	116	116	115	114	112	103.395	139.496	168	154	151	147	144	141	138	135	129	120	107	0	0	0.000	0.000	0	0	0	0	0.000	0	0	0	0.000	0	0	0	0	0	0	0	0	0	0	0	0	0	0	0	0	0
279	279	1252	1410.158	1772.007	0.901	57	540	443	158	33	57	540	443	158	33	111.000	191.968	398	226	209	198	191	185	180	175	170	159	146	104.043	125.942	138	132	130	129	127	126	125	123	122	119	113	0	0	0.000	0.000	0	0	0	0	0.000	0	0	0	0.000	0	0	0	0	0	0	0	0	0	0	0	0	0	0	0	0	0
280	280	1177	1289.503	1776.776	0.916	94	208	657	164	27	94	208	657	164	27	112.000	133.355	147	141	139	138	137	135	133	129	126	124	118	104.986	1114.320	1727	1612	1431	1337	1247	1169	1097	980	725	528	356	0	0	0.000	0.000	0	0	0	0	0.000	0	0	0	0.000	0	0	0	0	0	0	0	0	0	0	0	0	0	0	0	0	0
281	281	1529	1360.465	1788.912	0.918	565	722	173	36	10	565	722	173	36	10	111.387	402.912	4025	753	303	241	215	204	190	180	168	155	138	105.033	141.780	186	167	156	148	141	136	133	131	129	126	120	1	141	1362.662	1779.353	0	0	0	1930	2043.121	0	0	158	159.291	0	0	0	0	0	0	0	0	0	0	0	0	0	0	0	0	0
282	282	1794	1728.513	1794.683	0.893	42	122	661	831	88	42	122	661	831	88	110.484	156.147	1253	158	132	130	128	127	127	126	124	123	115	102.941	189.618	236	215	209	204	197	190	184	178	171	163	131	1	92	1734.954	1795.996	0	0	0	523	579.130	0	0	197	191.674	0	0	0	0	0	0	0	0	0	0	0	0	0	0	0	0	0
283	283	1226	976.348	1796.767	0.895	338	527	244	77	12	338	527	244	77	12	111.000	167.046	233	217	199	180	166	155	151	147	143	136	125	103.000	131.025	150	141	138	136	133	131	129	127	124	120	113	0	0	0.000	0.000	0	0	0	0	0.000	0	0	0	0.000	0	0	0	0	0	0	0	0	0	0	0	0	0	0	0	0	0
284	284	1136	1804.250	1797.433	0.909	110	309	554	114	23	110	309	554	114	23	110.336	186.062	259	218	210	203	196	189	180	170	159	147	128	102.000	118.739	144	133	127	121	118	117	115	113	112	110	105	0	0	0.000	0.000	0	0	0	0	0.000	0	0	0	0.000	0	0	0	0	0	0	0	0	0	0	0	0	0	0	0	0	0
285	285	1529	222.082	1805.608	0.884	8	115	624	715	37	8	115	624	715	37	106.964	112.640	118	115	114	114	113	113	112	112	111	110	107	102.900	448.994	686	624	583	539	498	458	419	364	314	265	146	0	0	0.000	0.000	0	0	0	0	0.000	0	0	0	0.000	0	0	0	0	0	0	0	0	0	0	0	0	0	0	0	0	0
286	286	355	704.182	1807.204	0.924	18	66	84	142	40	18	66	84	142	40	109.104	121.986	133	127	125	124	124	122	121	119	118	117	115	103.958	414.952	638	584	535	492	458	412	364	329	298	267	196	0	0	0.000	0.000	0	0	0	0	0.000	0	0	0	0.000	0	0	0	0	0	0	0	0	0	0	0	0	0	0	0	0	0
287	287	1573	268.415	1820.260	0.888	20	369	1004	107	41	20	369	1004	107	41	107.643	115.419	126	121	118	116	115	115	114	113	112	112	109	102.967	554.763	890	763	711	649	592	551	502	451	407	352	214	0	0	0.000	0.000	0	0	0	0	0.000	0	0	0	0.000	0	0	0	0	0	0	0	0	0	0	0	0	0	0	0	0	0
288	288	1649	737.416	1821.538	0.897	28	264	1196	121	5	28	264	1196	121	5	109.075	150.368	171	165	160	157	154	151	148	144	141	135	123	103.438	1184.401	1863	1693	1496	1378	1285	1205	1110	999	883	750	200	0	0	0.000	0.000	0	0	0	0	0.000	0	0	0	0.000	0	0	0	0	0	0	0	0	0	0	0	0	0	0	0	0	0
289	289	2249	1840.980	1833.433	0.887	198	966	834	172	39	198	966	834	172	39	110.993	525.194	11692	515	299	262	244	230	215	197	184	170	150	102.000	115.967	145	122	119	118	116	115	114	113	112	110	105	2	115	1848.539	1853.552	29	1833.227	1843.561	4802	5100.617	526	527.655	123	124.496	125	125.138	0	0	0	0	0	0	0	0	0	0	0	0	0	0	0
290	290	1679	679.842	1832.005	0.917	38	582	921	94	13	38	582	921	94	13	109.264	148.092	172	163	160	157	154	150	145	139	135	130	123	103.000	1252.169	2141	1965	1759	1592	1412	1267	1119	935	739	518	321	0	0	0.000	0.000	0	0	0	0	0.000	0	0	0	0.000	0	0	0	0	0	0	0	0	0	0	0	0	0	0	0	0	0
291	291	1849	1116.683	1829.110	0.905	38	466	1059	219	36	38	466	1059	219	36	111.000	118.782	127	122	121	120	119	119	118	117	117	116	113	104.655	868.250	1498	1296	1171	1027	941	871	770	662	558	483	350	0	0	0.000	0.000	0	0	0	0	0.000	0	0	0	0.000	0	0	0	0	0	0	0	0	0	0	0	0	0	0	0	0	0
292	292	2409	364.972	1844.615	0.893	330	1517	451	40	15	330	1517	451	40	15	108.000	1233.686	19944	2485	411	332	307	291	276	255	220	192	144	102.770	123.232	144	131	128	126	125	123	122	120	119	115	106	1	226	361.199	1831.144	0	0	0	8626	9428.642	0	0	132	132.261	0	0	0	0	0	0	0	0	0	0	0	0	0	0	0	0	0
293	293	2091	423.323	1840.065	0.901	110	1118	695	113	15	110	1118	695	113	15	108.631	250.264	510	349	316	289	257	236	221	204	185	167	146	102.034	123.345	139	133	129	126	124	123	121	120	118	116	107	0	0	0.000	0.000	0	0	0	0	0.000	0	0	0	0.000	0	0	0	0	0	0	0	0	0	0	0	0	0	0	0	0	0
294	294	502	476.542	1830.329	0.870	205	134	138	13	5	205	134	138	13	5	108.153	158.618	205	193	182	168	158	154	150	145	140	133	124	102.000	116.821	137	126	122	118	117	116	115	114	112	109	105	0	0	0.000	0.000	0	0	0	0	0.000	0	0	0	0.000	0	0	0	0	0	0	0	0	0	0	0	0	0	0	0	0	0
295	295	2071	60.807	1843.858	0.872	1266	678	49	24	10	1266	678	49	24	10	104.812	112.803	122	117	116	115	113	112	112	111	110	109	105	101.972	111.794	120	115	114	113	112	112	111	110	110	109	105	0	0	0.000	0.000	0	0	0	0	0.000	0	0	0	0.000	0	0	0	0	0	0	0	0	0	0	0	0	0	0	0	0	0
296	296	1373	311.680	1838.684	0.879	56	409	787	91	9	56	409	787	91	9	107.924	294.262	358	335	325	319	314	307	296	280	259	236	186	102.405	124.985	141	133	130	128	127	125	123	122	120	118	107	0	0	0.000	0.000	0	0	0	0	0.000	0	0	0	0.000	0	0	0	0	0	0	0	0	0	0	0	0	0	0	0	0	0
297	297	269	1709.892	1827.708	0.933	28	87	63	49	38	28	87	63	49	38	110.000	120.119	127	125	124	123	121	120	119	118	117	115	113	102.000	137.349	176	169	163	156	146	135	127	118	111	108	105	0	0	0.000	0.000	0	0	0	0	0.000	0	0	0	0.000	0	0	0	0	0	0	0	0	0	0	0	0	0	0	0	0	0
298	298	1692	1180.864	1848.057	0.873	85	566	873	119	15	85	566	873	119	15	110.884	120.787	134	127	123	122	121	120	119	118	117	117	113	104.230	209.679	260	237	229	224	218	212	205	198	190	180	140	0	0	0.000	0.000	0	0	0	0	0.000	0	0	0	0.000	0	0	0	0	0	0	0	0	0	0	0	0	0	0	0	0	0
299	299	1707	229.263	1857.691	0.888	534	1087	16	12	10	534	1087	16	12	10	106.939	114.797	126	119	117	116	115	114	114	113	112	111	108	102.917	567.177	779	730	695	670	640	599	556	493	422	348	272	0	0	0.000	0.000	0	0	0	0	0.000	0	0	0	0.000	0	0	0	0	0	0	0	0	0	0	0	0	0	0	0	0	0
300	300	948	105.197	1857.438	0.834	148	583	174	18	7	148	583	174	18	7	105.764	131.983	156	150	146	142	137	131	126	122	119	115	109	101.178	116.002	130	125	122	120	118	116	114	112	109	107	104	0	0	0.000	0.000	0	0	0	0	0.000	0	0	0	0.000	0	0	0	0	0	0	0	0	0	0	0	0	0	0	0	0	0
301	301	1628	1071.172	1866.261	0.885	49	693	723	103	19	49	693	723	103	19	110.456	118.273	126	122	120	119	118	118	117	117	116	115	112	104.959	1082.593	1814	1531	1420	1301	1180	1067	968	871	757	633	457	0	0	0.000	0.000	0	0	0	0	0.000	0	0	0	0.000	0	0	0	0	0	0	0	0	0	0	0	0	0	0	0	0	0
302	302	1401	1115.806	1875.759	0.901	62	184	616	484	24	62	184	616	484	24	110.784	117.726	127	121	119	119	118	118	117	117	116	115	112	105.000	1228.909	1873	1671	1579	1518	1449	1338	1194	1031	851	604	209	0	0	0.000	0.000	0	0	0	0	0.000	0	0	0	0.000	0	0	0	0	0	0	0	0	0	0	0	0	0	0	0	0	0
303	303	1463	1257.436	1889.575	0.879	63	178	902	282	10	63	178	902	282	10	111.000	117.440	126	121	119	118	117	117	117	116	116	115	112	102.969	756.697	1097	986	917	872	831	782	722	659	579	493	321	0	0	0.000	0.000	0	0	0	0	0.000	0	0	0	0.000	0	0	0	0	0	0	0	0	0	0	0	0	0	0	0	0	0
304	304	953	1026.298	1886.785	0.896	37	139	458	284	21	37	139	458	284	21	109.918	117.406	123	120	119	118	118	117	117	116	116	115	112	104.212	1073.071	1698	1535	1414	1290	1176	1079	1001	891	745	578	303	0	0	0.000	0.000	0	0	0	0	0.000	0	0	0	0.000	0	0	0	0	0	0	0	0	0	0	0	0	0	0	0	0	0
305	305	817	344.049	1888.209	0.918	8	11	81	485	218	8	11	81	485	218	107.469	115.497	123	119	118	117	116	115	115	114	113	113	109	103.000	114.924	125	120	119	118	116	115	114	113	111	108	104	0	0	0.000	0.000	0	0	0	0	0.000	0	0	0	0.000	0	0	0	0	0	0	0	0	0	0	0	0	0	0	0	0	0
306	306	1767	384.146	1895.676	0.896	32	680	946	78	7	32	680	946	78	7	107.557	183.718	2115	167	125	123	122	121	120	119	117	116	112	102.999	120.752	139	128	125	123	122	121	119	118	116	114	106	1	114	403.888	1889.681	0	0	0	923	989.982	0	0	128	127.693	0	0	0	0	0	0	0	0	0	0	0	0	0	0	0	0	0
307	307	1542	66.454	1902.875	0.912	28	697	642	121	13	28	697	642	121	13	104.123	126.772	449	129	127	126	124	122	120	117	115	113	109	101.382	437.827	655	586	549	511	472	437	406	372	332	279	226	1	67	51.236	1893.868	0	0	0	249	266.060	0	0	540	526.254	0	0	0	0	0	0	0	0	0	0	0	0	0	0	0	0	0
308	308	1526	1173.916	1910.867	0.872	42	1298	158	8	9	42	1298	158	8	9	110.000	116.096	123	118	118	117	117	116	116	115	114	114	111	104.186	457.176	712	624	582	536	502	470	433	387	327	261	205	0	0	0.000	0.000	0	0	0	0	0.000	0	0	0	0.000	0	0	0	0	0	0	0	0	0	0	0	0	0	0	0	0	0
309	309	1091	1453.206	1909.971	0.923	537	352	107	55	14	537	352	107	55	14	112.868	518.316	838	724	668	620	572	520	467	411	357	316	240	102.000	196.706	291	253	232	218	207	195	183	171	160	148	126	0	0	0.000	0.000	0	0	0	0	0.000	0	0	0	0.000	0	0	0	0	0	0	0	0	0	0	0	0	0	0	0	0	0
310	310	1687	273.965	1915.774	0.898	1420	107	63	46	29	1420	107	63	46	29	106.025	113.864	125	119	117	115	114	113	112	112	111	111	108	103.029	515.788	838	716	650	596	545	502	460	420	384	336	280	0	0	0.000	0.000	0	0	0	0	0.000	0	0	0	0.000	0	0	0	0	0	0	0	0	0	0	0	0	0	0	0	0	0
311	311	1623	1221.242	1925.840	0.873	145	829	425	170	36	145	829	425	170	36	110.005	116.922	125	120	119	118	117	117	116	116	115	114	112	103.120	549.583	914	820	737	685	610	544	493	420	351	279	227	0	0	0.000	0.000	0	0	0	0	0.000	0	0	0	0.000	0	0	0	0	0	0	0	0	0	0	0	0	0	0	0	0	0
312	312	522	1942.686	1923.665	0.941	54	40	116	260	44	54	40	116	260	44	108.218	125.703	140	133	131	129	128	127	125	122	119	117	114	101.785	141.224	168	157	154	151	149	147	143	136	127	117	105	0	0	0.000	0.000	0	0	0	0	0.000	0	0	0	0.000	0	0	0	0	0	0	0	0	0	0	0	0	0	0	0	0	0
313	313	1881	335.208	1937.937	0.889	28	83	811	831	93	28	83	811	831	93	106.027	124.957	418	126	123	122	121	120	118	117	116	114	111	103.059	123.027	136	129	127	126	125	123	122	120	119	117	106	1	65	332.063	1925.882	0	0	0	240	250.415	0	0	126	125.877	0	0	0	0	0	0	0	0	0	0	0	0	0	0	0	0	0
314	314	227	241.707	1924.711	0.912	145	54	16	5	4	145	54	16	5	4	106.000	110.846	113	112	112	112	111	111	111	110	110	109	108	103.000	268.203	400	292	283	277	270	266	263	257	251	239	208	0	0	0.000	0.000	0	0	0	0	0.000	0	0	0	0.000	0	0	0	0	0	0	0	0	0	0	0	0	0	0	0	0	0
315	315	2120	517.494	1949.688	0.922	10	214	990	775	100	10	214	990	775	100	107.243	341.455	409	392	380	368	357	346	335	323	308	283	201	102.000	1640.178	2151	2004	1917	1840	1764	1680	1589	1498	1381	1232	683	0	0	0.000	0.000	0	0	0	0	0.000	0	0	0	0.000	0	0	0	0	0	0	0	0	0	0	0	0	0	0	0	0	0
316	316	594	1186.149	1950.124	0.908	41	98	346	92	2	41	98	346	92	2	110.000	116.195	121	119	118	117	117	116	116	115	115	114	112	103.219	450.227	640	575	553	535	512	471	421	383	335	290	233	0	0	0.000	0.000	0	0	0	0	0.000	0	0	0	0.000	0	0	0	0	0	0	0	0	0	0	0	0	0	0	0	0	0
317	317	1879	218.598	1968.562	0.910	619	1048	125	34	18	619	1048	125	34	18	105.020	115.482	135	124	120	117	115	114	113	112	111	110	107	101.557	116.287	130	122	120	119	117	116	115	114	113	111	107	0	0	0.000	0.000	0	0	0	0	0.000	0	0	0	0.000	0	0	0	0	0	0	0	0	0	0	0	0	0	0	0	0	0
318	318	1635	267.163	1968.588	0.895	604	977	15	6	3	604	977	15	6	3	105.128	112.940	121	118	117	115	113	112	111	111	110	109	107	102.476	226.565	306	276	263	253	243	231	218	204	188	169	140	0	0	0.000	0.000	0	0	0	0	0.000	0	0	0	0.000	0	0	0	0	0	0	0	0	0	0	0	0	0	0	0	0	0
319	319	450	617.358	1954.242	0.887	52	61	182	111	36	52	61	182	111	36	107.976	152.060	173	167	164	161	156	152	149	145	141	136	126	102.000	500.284	719	670	633	585	538	491	459	427	384	337	253	0	0	0.000	0.000	0	0	0	0	0.000	0	0	0	0.000	0	0	0	0	0	0	0	0	0	0	0	0	0	0	0	0	0
320	320	1737	702.522	1971.084	0.871	116	1036	512	28	8	116	1036	512	28	8	107.530	243.201	657	389	256	230	219	210	203	197	186	171	139	102.237	640.477	1014	834	783	734	695	657	607	545	488	416	298	0	0	0.000	0.000	0	0	0	0	0.000	0	0	0	0.000	0	0	0	0	0	0	0	0	0	0	0	0	0	0	0	0	0
321	321	1467	652.842	1974.508	0.882	32	315	650	401	38	32	315	650	401	38	107.009	210.518	933	229	216	211	204	197	188	179	170	157	144	102.209	670.259	1032	904	852	820	770	710	637	547	452	368	297	1	52	640.575	1984.419	0	0	0	555	580.308	0	0	891	865.481	0	0	0	0	0	0	0	0	0	0	0	0	0	0	0	0	0
322	322	2699	987.228	1985.931	0.845	2526	99	26	23	16	2526	99	26	23	16	109.627	290.694	2175	421	280	251	240	231	219	207	194	182	145	102.144	121.075	148	129	126	124	122	121	119	118	116	113	106	2	119	980.848	1993.704	58	973.925	1976.357	1089	1171.479	592	587.138	124	123.437	140	138.793	0	0	0	0	0	0	0	0	0	0	0	0	0	0	0
323	323	403	399.156	1969.950	0.920	24	60	100	170	40	24	60	100	170	40	105.814	113.400	117	116	115	114	114	113	113	112	112	111	110	103.000	345.000	529	479	442	400	356	337	319	305	263	215	167	0	0	0.000	0.000	0	0	0	0	0.000	0	0	0	0.000	0	0	0	0	0	0	0	0	0	0	0	0	0	0	0	0	0
324	324	1341	1095.658	1980.624	0.909	96	162	199	785	76	96	162	199	785	76	109.572	136.712	154	148	144	142	140	137	134	132	128	126	120	103.260	780.441	1292	1133	1029	931	856	776	699	611	529	446	294	0	0	0.000	0.000	0	0	0	0	0.000	0	0	0	0.000	0	0	0	0	0	0	0	0	0	0	0	0	0	0	0	0	0
325	325	636	1776.249	1987.346	0.863	247	314	43	20	5	247	314	43	20	5	109.000	1206.741	10570	3667	1507	709	433	327	289	268	255	237	179	101.000	144.289	176	164	156	149	145	142	139	136	134	130	120	1	101	1774.613	1993.033	0	0	0	4424	4859.366	0	0	163	161.703	0	0	0	0	0	0	0	0	0	0	0	0	0	0	0	0	0
326	326	1847	1621.604	1998.609	0.878	214	872	599	105	28	214	872	599	105	28	112.226	708.165	13263	940	420	384	352	328	306	288	271	255	212	101.110	120.259	156	131	126	122	120	119	118	116	115	112	103	1	103	1616.167	1987.490	0	0	0	5191	5755.777	0	0	140	140.087	0	0	0	0	0	0	0	0	0	0	0	0	0	0	0	0	0
327	327	1783	1053.593	2003.158	0.897	77	490	907	251	26	77	490	907	251	26	109.087	142.794	161	155	152	149	146	142	140	137	135	131	122	102.314	862.875	1381	1252	1162	1062	963	873	779	664	554	463	357	0	0	0.000	0.000	0	0	0	0	0.000	0	0	0	0.000	0	0	0	0	0	0	0	0	0	0	0	0	0	0	0	0	0
328	328	672	616.421	1990.726	0.906	44	200	351	55	12	44	200	351	55	12	107.000	176.943	281	221	199	192	184	175	167	157	146	134	124	101.144	141.786	315	163	154	148	142	137	133	130	127	124	111	0	0	0.000	0.000	0	0	0	0	0.000	0	0	0	0.000	0	0	0	0	0	0	0	0	0	0	0	0	0	0	0	0	0
329	329	1996	396.489	2010.211	0.888	69	326	1290	246	14	69	326	1290	246	14	105.472	115.339	124	119	118	116	116	115	114	114	113	112	109	101.840	524.432	791	659	623	596	567	535	509	478	424	352	229	0	0	0.000	0.000	0	0	0	0	0.000	0	0	0	0.000	0	0	0	0	0	0	0	0	0	0	0	0	0	0	0	0	0
330	330	1551	122.959	2004.763	0.900	34	216	838	401	28	34	216	838	401	28	103.369	344.438	2766	848	263	180	165	160	155	152	147	141	128	100.000	127.976	150	140	135	132	129	127	125	123	121	119	108	1	206	120.094	1994.823	0	0	0	1291	1395.893	0	0	140	138.728	0	0	0	0	0	0	0	0	0	0	0	0	0	0	0	0	0
331	331	1507	77.689	2015.622	0.856	41	49	614	733	41	41	49	614	733	41	102.106	107.505	113	110	109	108	108	107	107	107	106	106	103	99.656	526.331	809	728	674	634	586	539	493	440	370	297	185	0	0	0.000	0.000	0	0	0	0	0.000	0	0	0	0.000	0	0	0	0	0	0	0	0	0	0	0	0	0	0	0	0	0
332	332	858	690.598	2011.803	0.921	17	63	388	353	26	17	63	388	353	26	105.598	182.155	234	222	214	206	194	182	171	161	152	141	125	102.000	694.788	1004	930	906	866	812	742	664	574	474	379	226	0	0	0.000	0.000	0	0	0	0	0.000	0	0	0	0.000	0	0	0	0	0	0	0	0	0	0	0	0	0	0	0	0	0
333	333	1602	646.187	2019.163	0.882	764	746	26	9	5	764	746	26	9	5	105.600	227.935	336	280	260	248	239	234	226	210	188	166	132	101.453	153.775	211	182	172	165	157	151	146	141	137	131	109	0	0	0.000	0.000	0	0	0	0	0.000	0	0	0	0.000	0	0	0	0	0	0	0	0	0	0	0	0	0	0	0	0	0
334	334	870	1296.265	2012.905	0.896	307	377	118	36	15	307	377	118	36	15	108.918	121.116	133	128	125	124	122	121	119	118	116	115	112	101.069	128.248	149	138	136	134	133	131	129	126	121	111	103	0	0	0.000	0.000	0	0	0	0	0.000	0	0	0	0.000	0	0	0	0	0	0	0	0	0	0	0	0	0	0	0	0	0
335	335	1051	202.586	2024.120	0.884	45	515	360	91	15	45	515	360	91	15	103.486	114.808	129	121	118	116	115	114	113	113	111	110	107	99.985	116.619	140	129	123	120	118	115	113	111	110	108	102	0	0	0.000	0.000	0	0	0	0	0.000	0	0	0	0.000	0	0	0	0	0	0	0	0	0	0	0	0	0	0	0	0	0
