 	cell	area	x	y	circ	BFI_lev_b1	BFI_lev_b2	BFI_lev_b3	BFI_lev_b4	BFI_lev_b5	BFO_lev_b1	BFO_lev_b2	BFO_lev_b3	BFO_lev_b4	BFO_lev_b5	RFP_int_bg	RFP_int_mean	RFP_int_b0	RFP_int_b1	RFP_int_b2	RFP_int_b3	RFP_int_b4	RFP_int_b5	RFP_int_b6	RFP_int_b7	RFP_int_b8	RFP_int_b9	RFP_int_b10	GFP_int_bg	GFP_int_mean	GFP_int_b0	GFP_int_b1	GFP_int_b2	GFP_int_b3	GFP_int_b4	GFP_int_b5	GFP_int_b6	GFP_int_b7	GFP_int_b8	GFP_int_b9	GFP_int_b10	inRFPnfoci	f1_inRFParea	f1_inRFPx	f1_inRFPy	f2_inRFParea	f2_inRFPx	f2_inRFPy	f1_inRFP_toRFPmed	f1_inRFP_toRFPmean	f2_inRFP_toRFPmed	f2_inRFP_toRFPmean	f1_inRFP_toGFPmed	f1_inRFP_toGFPmean	f2_inRFP_toGFPmed	f2_inRFP_toGFPmean	inGFPnfoci	f1_inGFParea	f1_inGFPx	f1_inGFPy	f2_inGFParea	f2_inGFPx	f2_inGFPy	f1_inGFP_toRFPmed	f1_inGFP_toRFPmean	f2_inGFP_toRFPmed	f2_inGFP_toRFPmean	f1_inGFP_toGFPmed	f1_inGFP_toGFPmean	f2_inGFP_toGFPmed	f2_inGFP_toGFPmean
1	1	1635	1074.904	23.423	0.835	385	932	154	102	49	385	932	154	102	49	105.673	113.432	122	117	115	114	113	113	113	112	112	111	107	102.965	599.654	875	771	714	673	629	596	557	514	483	440	322	0	0	0.000	0.000	0	0	0	0	0.000	0	0	0	0.000	0	0	0	0	0.000	0.000	0	0	0	0	0.000	0	0	0	0.000	0	0
2	2	916	1699.852	41.239	0.827	118	403	258	94	25	118	403	258	94	25	105.898	138.190	153	148	145	142	140	138	137	135	132	128	122	101.000	121.472	136	128	125	123	122	121	120	119	118	116	110	0	0	0.000	0.000	0	0	0	0	0.000	0	0	0	0.000	0	0	0	0	0.000	0.000	0	0	0	0	0.000	0	0	0	0.000	0	0
3	3	903	1030.296	36.421	0.901	34	163	487	171	26	34	163	487	171	26	106.137	112.890	117	115	114	114	113	113	112	112	112	111	109	101.741	563.091	809	740	690	647	608	569	545	502	439	363	239	0	0	0.000	0.000	0	0	0	0	0.000	0	0	0	0.000	0	0	0	0	0.000	0.000	0	0	0	0	0.000	0	0	0	0.000	0	0
4	4	1762	1140.391	66.246	0.866	99	852	689	79	8	99	852	689	79	8	106.926	132.129	189	158	144	135	130	126	123	121	119	117	112	103.311	128.028	174	149	139	133	128	124	121	118	116	114	107	0	0	0.000	0.000	0	0	0	0	0.000	0	0	0	0.000	0	0	1	10	1154.088	61.410	0	0	0	176	176.800	0	0	168	168.100	0	0
5	5	1325	1186.744	71.042	0.899	14	108	605	520	47	14	108	605	520	47	106.929	168.860	191	184	181	179	176	173	170	164	155	145	130	103.000	1073.934	1382	1306	1238	1198	1157	1125	1095	1033	910	741	423	0	0	0.000	0.000	0	0	0	0	0.000	0	0	0	0.000	0	0	0	0	0.000	0.000	0	0	0	0	0.000	0	0	0	0.000	0	0
6	6	1414	1907.620	79.232	0.903	71	51	355	860	43	71	51	355	860	43	106.107	112.665	119	115	114	114	113	113	112	112	111	110	107	102.000	311.347	468	413	369	350	334	311	288	266	245	219	151	0	0	0.000	0.000	0	0	0	0	0.000	0	0	0	0.000	0	0	0	0	0.000	0.000	0	0	0	0	0.000	0	0	0	0.000	0	0
7	7	1775	2001.886	106.753	0.923	108	787	772	70	5	108	787	772	70	5	104.672	113.806	120	116	116	115	114	114	113	113	112	111	108	101.000	2759.424	4844	4065	3793	3471	3078	2681	2355	2083	1794	1510	957	0	0	0.000	0.000	0	0	0	0	0.000	0	0	0	0.000	0	0	0	0	0.000	0.000	0	0	0	0	0.000	0	0	0	0.000	0	0
8	8	1847	1874.333	117.459	0.879	49	113	364	1157	135	49	113	364	1157	135	106.988	113.463	124	116	115	114	114	113	113	112	112	111	108	102.801	376.157	504	472	454	430	404	384	360	334	308	264	177	0	0	0.000	0.000	0	0	0	0	0.000	0	0	0	0.000	0	0	0	0	0.000	0.000	0	0	0	0	0.000	0	0	0	0.000	0	0
9	9	2000	1819.259	117.227	0.891	58	184	1281	426	11	58	184	1281	426	11	107.000	114.466	123	117	116	116	115	114	114	113	113	112	109	102.909	624.691	970	861	808	751	691	630	560	491	441	383	273	0	0	0.000	0.000	0	0	0	0	0.000	0	0	0	0.000	0	0	0	0	0.000	0.000	0	0	0	0	0.000	0	0	0	0.000	0	0
10	10	2784	354.340	139.360	0.850	1844	730	65	43	17	1844	730	65	43	17	107.902	198.546	929	245	216	200	188	179	169	160	150	142	125	101.857	124.809	176	135	131	128	126	124	122	120	118	115	107	1	106	332.289	123.280	0	0	0	554	576.887	0	0	150	151.226	0	0	0	0	0.000	0.000	0	0	0	0	0.000	0	0	0	0.000	0	0
11	11	1374	782.989	147.633	0.887	65	539	690	49	4	65	539	690	49	4	107.240	115.710	125	121	118	117	116	115	114	114	113	112	111	103.000	123.707	143	132	129	128	127	126	124	122	116	111	104	0	0	0.000	0.000	0	0	0	0	0.000	0	0	0	0.000	0	0	0	0	0.000	0.000	0	0	0	0	0.000	0	0	0	0.000	0	0
12	12	1026	1853.411	155.766	0.906	86	383	332	186	21	86	383	332	186	21	107.000	114.357	121	117	116	115	115	114	114	113	113	112	110	103.000	491.992	756	695	637	580	527	479	438	397	352	311	254	0	0	0.000	0.000	0	0	0	0	0.000	0	0	0	0.000	0	0	0	0	0.000	0.000	0	0	0	0	0.000	0	0	0	0.000	0	0
13	13	271	1087.650	180.432	0.948	14	49	73	104	26	14	49	73	104	26	108.000	131.849	154	148	144	140	137	133	129	124	119	115	111	103.000	631.594	1084	993	901	827	754	673	560	435	325	243	155	0	0	0.000	0.000	0	0	0	0	0.000	0	0	0	0.000	0	0	0	0	0.000	0.000	0	0	0	0	0.000	0	0	0	0.000	0	0
14	14	1116	1375.767	189.332	0.897	412	561	82	31	9	412	561	82	31	9	109.009	591.504	3107	1191	662	539	492	441	394	333	274	224	149	102.000	130.613	157	147	143	139	135	132	128	123	117	113	105	1	105	1377.267	192.118	0	0	0	1863	1936.962	0	0	147	146.248	0	0	0	0	0.000	0.000	0	0	0	0	0.000	0	0	0	0.000	0	0
15	15	1646	1081.049	210.676	0.898	26	103	686	732	60	26	103	686	732	60	108.661	161.628	192	185	180	175	169	163	156	150	143	137	119	103.009	1260.974	1872	1768	1653	1565	1471	1361	1198	1000	812	624	404	0	0	0.000	0.000	0	0	0	0	0.000	0	0	0	0.000	0	0	0	0	0.000	0.000	0	0	0	0	0.000	0	0	0	0.000	0	0
16	16	1812	38.405	226.972	0.860	111	1082	556	22	8	111	1082	556	22	8	104.148	112.780	120	116	114	114	113	113	112	112	111	110	107	103.816	2675.450	4637	4180	3636	3256	2895	2602	2270	1976	1739	1415	944	0	0	0.000	0.000	0	0	0	0	0.000	0	0	0	0.000	0	0	0	0	0.000	0.000	0	0	0	0	0.000	0	0	0	0.000	0	0
17	17	1604	685.010	228.529	0.916	111	904	502	36	17	111	904	502	36	17	108.996	170.266	216	196	189	184	179	174	169	160	149	138	123	103.000	283.638	413	366	341	324	311	289	265	241	216	197	156	0	0	0.000	0.000	0	0	0	0	0.000	0	0	0	0.000	0	0	0	0	0.000	0.000	0	0	0	0	0.000	0	0	0	0.000	0	0
18	18	1780	1032.295	231.146	0.909	7	45	791	820	78	7	45	791	820	78	109.000	164.998	202	193	185	180	173	165	157	150	145	139	126	104.000	1304.151	2187	1971	1744	1600	1452	1325	1178	1002	825	654	425	0	0	0.000	0.000	0	0	0	0	0.000	0	0	0	0.000	0	0	0	0	0.000	0.000	0	0	0	0	0.000	0	0	0	0.000	0	0
19	19	1388	235.700	244.697	0.922	46	522	708	69	11	46	522	708	69	11	107.000	143.992	252	188	164	147	138	134	130	126	123	120	114	101.000	1204.918	1879	1657	1560	1443	1347	1235	1109	1013	887	690	370	0	0	0.000	0.000	0	0	0	0	0.000	0	0	0	0.000	0	0	0	0	0.000	0.000	0	0	0	0	0.000	0	0	0	0.000	0	0
20	20	1870	735.843	247.494	0.911	84	645	945	150	9	84	645	945	150	9	109.487	175.329	223	202	196	191	187	179	169	159	151	144	128	103.881	1018.324	1517	1388	1301	1215	1136	1067	974	858	713	572	354	0	0	0.000	0.000	0	0	0	0	0.000	0	0	0	0.000	0	0	0	0	0.000	0.000	0	0	0	0	0.000	0	0	0	0.000	0	0
21	21	2612	797.872	266.657	0.879	69	1666	800	12	4	69	1666	800	12	4	109.678	125.587	137	132	130	129	128	127	125	123	121	119	113	105.270	1655.926	2407	2212	2126	2041	1956	1846	1682	1397	1112	800	409	0	0	0.000	0.000	0	0	0	0	0.000	0	0	0	0.000	0	0	0	0	0.000	0.000	0	0	0	0	0.000	0	0	0	0.000	0	0
22	22	1528	63.621	272.279	0.903	19	161	680	536	95	19	161	680	536	95	105.431	114.802	122	118	117	116	115	115	114	113	112	111	109	102.501	3396.916	4606	4292	4096	3945	3775	3586	3372	3087	2719	2188	1042	0	0	0.000	0.000	0	0	0	0	0.000	0	0	0	0.000	0	0	0	0	0.000	0.000	0	0	0	0	0.000	0	0	0	0.000	0	0
23	23	2944	863.990	281.621	0.874	99	191	1499	1005	76	99	191	1499	1005	76	109.327	124.408	135	130	129	127	126	125	123	122	120	118	114	105.237	1451.211	2540	2057	1885	1759	1597	1462	1352	1210	998	731	454	0	0	0.000	0.000	0	0	0	0	0.000	0	0	0	0.000	0	0	0	0	0.000	0.000	0	0	0	0	0.000	0	0	0	0.000	0	0
24	24	2173	754.784	301.301	0.886	26	374	980	641	105	26	374	980	641	105	109.976	197.009	232	220	217	214	210	205	198	189	176	158	133	104.931	1280.436	1649	1538	1485	1441	1403	1358	1304	1228	1086	883	423	0	0	0.000	0.000	0	0	0	0	0.000	0	0	0	0.000	0	0	0	0	0.000	0.000	0	0	0	0	0.000	0	0	0	0.000	0	0
25	25	1635	1133.469	311.422	0.886	27	141	1044	370	12	27	141	1044	370	12	109.319	116.498	125	121	119	117	117	116	115	115	114	113	111	103.000	1107.972	1847	1651	1442	1284	1154	1049	954	878	792	700	439	0	0	0.000	0.000	0	0	0	0	0.000	0	0	0	0.000	0	0	0	0	0.000	0.000	0	0	0	0	0.000	0	0	0	0.000	0	0
26	26	1542	2019.169	322.392	0.919	51	228	649	491	102	51	228	649	491	102	106.121	114.473	126	119	116	115	115	114	113	113	112	111	109	100.957	411.833	640	558	508	479	456	427	393	344	292	248	203	0	0	0.000	0.000	0	0	0	0	0.000	0	0	0	0.000	0	0	0	0	0.000	0.000	0	0	0	0	0.000	0	0	0	0.000	0	0
27	27	1778	832.285	332.281	0.901	18	130	929	601	68	18	130	929	601	68	109.835	120.832	132	127	125	123	122	121	119	118	117	115	112	105.291	2188.958	3919	3435	3107	2783	2490	2171	1878	1569	1267	953	611	0	0	0.000	0.000	0	0	0	0	0.000	0	0	0	0.000	0	0	0	0	0.000	0.000	0	0	0	0	0.000	0	0	0	0.000	0	0
28	28	1008	1173.267	333.421	0.924	41	78	271	508	85	41	78	271	508	85	109.553	115.485	121	118	117	117	116	115	115	114	114	113	110	102.938	1150.342	1616	1514	1455	1389	1302	1201	1090	981	844	689	441	0	0	0.000	0.000	0	0	0	0	0.000	0	0	0	0.000	0	0	0	0	0.000	0.000	0	0	0	0	0.000	0	0	0	0.000	0	0
29	29	2052	850.611	384.290	0.902	44	299	1374	288	15	44	299	1374	288	15	109.000	124.571	138	131	128	127	126	125	124	122	120	118	114	104.840	3195.732	4779	4462	4183	3905	3653	3388	3113	2745	2207	1546	697	0	0	0.000	0.000	0	0	0	0	0.000	0	0	0	0.000	0	0	0	0	0.000	0.000	0	0	0	0	0.000	0	0	0	0.000	0	0
30	30	528	902.452	390.354	0.920	43	91	197	164	29	43	91	197	164	29	109.820	115.883	119	118	117	117	116	116	116	115	115	114	111	104.627	312.009	429	396	366	348	329	315	295	274	253	228	188	0	0	0.000	0.000	0	0	0	0	0.000	0	0	0	0.000	0	0	0	0	0.000	0.000	0	0	0	0	0.000	0	0	0	0.000	0	0
31	31	1818	1563.272	403.612	0.903	145	1203	379	52	7	145	1203	379	52	7	108.618	116.573	124	120	119	118	117	116	116	115	114	114	111	103.000	228.146	336	300	276	251	236	222	210	197	184	169	151	0	0	0.000	0.000	0	0	0	0	0.000	0	0	0	0.000	0	0	0	0	0.000	0.000	0	0	0	0	0.000	0	0	0	0.000	0	0
32	32	1270	1514.001	416.826	0.887	182	757	273	27	4	182	757	273	27	4	108.277	114.447	120	116	116	115	115	114	114	114	113	113	109	103.000	242.385	320	292	277	264	253	246	236	223	206	192	149	0	0	0.000	0.000	0	0	0	0	0.000	0	0	0	0.000	0	0	0	0	0.000	0.000	0	0	0	0	0.000	0	0	0	0.000	0	0
33	33	1746	896.543	434.251	0.879	52	252	1108	283	25	52	252	1108	283	25	109.599	120.151	128	124	123	122	121	120	119	119	118	116	113	104.170	532.739	798	713	659	612	567	541	510	466	406	332	226	0	0	0.000	0.000	0	0	0	0	0.000	0	0	0	0.000	0	0	0	0	0.000	0.000	0	0	0	0	0.000	0	0	0	0.000	0	0
34	34	2583	1587.945	452.568	0.847	238	1291	983	13	5	238	1291	983	13	5	109.631	320.839	4384	276	248	238	230	219	204	187	173	163	131	103.000	401.226	1363	543	493	469	441	400	349	300	255	219	149	1	136	1569.162	452.277	0	0	0	1853	2073.846	0	0	812	798.375	0	0	1	35	1570.348	451.818	0	0	0	3352	3151.457	0	0	1169	1145.657	0	0
35	35	2172	1556.697	505.679	0.885	22	181	842	986	100	22	181	842	986	100	109.132	236.901	291	279	273	265	257	250	235	217	197	176	139	102.587	489.366	657	610	593	576	560	540	503	446	366	275	173	0	0	0.000	0.000	0	0	0	0	0.000	0	0	0	0.000	0	0	0	0	0.000	0.000	0	0	0	0	0.000	0	0	0	0.000	0	0
36	36	2071	803.880	538.242	0.893	45	374	1335	257	33	45	374	1335	257	33	110.000	123.380	135	130	129	127	124	122	121	120	119	117	113	102.706	170.094	216	193	183	177	172	170	166	163	159	148	124	0	0	0.000	0.000	0	0	0	0	0.000	0	0	0	0.000	0	0	0	0	0.000	0.000	0	0	0	0	0.000	0	0	0	0.000	0	0
37	37	657	1979.848	546.669	0.923	27	89	209	285	25	27	89	209	285	25	107.137	120.959	131	127	125	124	122	121	119	118	117	115	112	102.000	325.412	433	409	388	376	357	334	308	281	259	233	185	0	0	0.000	0.000	0	0	0	0	0.000	0	0	0	0.000	0	0	0	0	0.000	0.000	0	0	0	0	0.000	0	0	0	0.000	0	0
38	38	2156	2009.565	584.528	0.873	22	362	1611	130	6	22	362	1611	130	6	107.576	147.083	347	182	148	143	141	137	134	130	127	123	117	102.024	484.108	738	660	618	585	547	510	461	408	339	260	202	1	145	2008.195	583.452	0	0	0	255	260.028	0	0	537	507.338	0	0	0	0	0.000	0.000	0	0	0	0	0.000	0	0	0	0.000	0	0
39	39	1449	1207.863	591.538	0.885	94	760	480	80	14	94	760	480	80	14	109.640	122.182	148	131	126	123	122	121	120	118	117	116	112	103.000	120.749	136	129	127	125	123	122	120	118	114	110	102	0	0	0.000	0.000	0	0	0	0	0.000	0	0	0	0.000	0	0	0	0	0.000	0.000	0	0	0	0	0.000	0	0	0	0.000	0	0
40	40	1713	1077.747	592.009	0.898	218	1025	398	34	8	218	1025	398	34	8	110.000	121.855	131	126	125	124	123	122	122	120	119	116	112	102.000	116.830	138	124	122	120	119	118	116	115	111	107	103	0	0	0.000	0.000	0	0	0	0	0.000	0	0	0	0.000	0	0	0	0	0.000	0.000	0	0	0	0	0.000	0	0	0	0.000	0	0
41	41	1828	1766.734	595.593	0.885	71	293	1233	201	5	71	293	1233	201	5	110.000	204.479	1325	214	207	200	195	190	185	177	165	151	130	103.192	594.656	1176	737	707	672	644	615	580	538	491	402	228	1	52	1759.910	578.403	0	0	0	676	712.635	0	0	825	806.558	0	0	0	0	0.000	0.000	0	0	0	0	0.000	0	0	0	0.000	0	0
42	42	1964	492.345	606.952	0.746	1786	100	30	25	15	1786	100	30	25	15	110.000	484.978	898	585	560	541	517	488	460	435	401	363	297	104.442	734.401	1097	936	874	823	782	747	707	657	598	512	372	0	0	0.000	0.000	0	0	0	0	0.000	0	0	0	0.000	0	0	0	0	0.000	0.000	0	0	0	0	0.000	0	0	0	0.000	0	0
43	43	253	1176.064	604.058	0.928	44	90	72	37	10	44	90	72	37	10	110.000	115.261	121	118	117	116	116	115	115	114	113	113	112	103.000	110.779	117	114	113	113	111	111	110	109	108	108	106	0	0	0.000	0.000	0	0	0	0	0.000	0	0	0	0.000	0	0	0	0	0.000	0.000	0	0	0	0	0.000	0	0	0	0.000	0	0
44	44	1986	1736.513	645.012	0.894	74	252	1295	325	10	74	252	1295	325	10	110.000	220.580	1912	214	205	199	193	187	179	169	158	148	134	103.505	526.278	1366	668	628	602	573	540	502	456	392	320	230	1	79	1720.792	636.608	0	0	0	923	974.709	0	0	830	814.759	0	0	0	0	0.000	0.000	0	0	0	0	0.000	0	0	0	0.000	0	0
45	45	600	2033.121	629.863	0.864	55	108	367	53	10	55	108	367	53	10	107.000	124.827	135	131	129	128	127	125	124	122	120	118	113	102.433	294.570	419	379	350	329	310	293	275	255	242	219	172	0	0	0.000	0.000	0	0	0	0	0.000	0	0	0	0.000	0	0	0	0	0.000	0.000	0	0	0	0	0.000	0	0	0	0.000	0	0
46	46	1440	496.746	668.274	0.864	327	862	204	15	8	327	862	204	15	8	110.138	729.411	10989	1279	345	301	276	259	249	237	226	208	152	104.661	155.774	415	177	156	151	148	145	142	139	136	133	120	1	124	493.721	653.652	0	0	0	4517	5016.952	0	0	257	269.218	0	0	1	75	494.077	653.124	0	0	0	6137	6201.280	0	0	303	303.853	0	0
47	47	359	565.634	660.949	0.880	36	80	121	97	17	36	80	121	97	17	110.000	233.891	342	284	273	265	257	239	223	206	189	173	149	105.000	1919.972	2830	2529	2409	2325	2223	2102	1899	1642	1361	1045	631	0	0	0.000	0.000	0	0	0	0	0.000	0	0	0	0.000	0	0	0	0	0.000	0.000	0	0	0	0	0.000	0	0	0	0.000	0	0
48	48	1205	1790.996	701.200	0.883	45	97	422	518	101	45	97	422	518	101	109.510	118.344	133	123	121	119	118	118	117	116	115	115	111	103.000	776.817	1281	1108	1033	956	874	780	680	601	540	441	238	0	0	0.000	0.000	0	0	0	0	0.000	0	0	0	0.000	0	0	0	0	0.000	0.000	0	0	0	0	0.000	0	0	0	0.000	0	0
49	49	1435	539.285	710.829	0.721	25	172	940	258	14	25	172	940	258	14	110.481	421.361	585	546	494	455	437	423	407	386	348	303	248	106.000	3152.880	4416	3980	3808	3646	3495	3308	3071	2845	2465	1981	1421	0	0	0.000	0.000	0	0	0	0	0.000	0	0	0	0.000	0	0	0	0	0.000	0.000	0	0	0	0	0.000	0	0	0	0.000	0	0
50	50	1515	1807.651	749.025	0.896	7	118	758	564	37	7	118	758	564	37	109.110	123.906	132	128	127	126	125	124	123	122	121	119	113	103.508	1228.699	1819	1642	1533	1421	1323	1237	1159	1056	941	794	452	0	0	0.000	0.000	0	0	0	0	0.000	0	0	0	0.000	0	0	0	0	0.000	0.000	0	0	0	0	0.000	0	0	0	0.000	0	0
51	51	587	1209.806	759.390	0.876	114	273	145	27	13	114	273	145	27	13	110.000	138.991	160	152	149	146	141	137	134	132	130	128	123	102.361	118.286	134	126	123	121	119	117	116	115	113	112	108	0	0	0.000	0.000	0	0	0	0	0.000	0	0	0	0.000	0	0	0	0	0.000	0.000	0	0	0	0	0.000	0	0	0	0.000	0	0
52	52	1490	1616.316	768.736	0.913	69	221	750	358	61	69	221	750	358	61	109.491	220.576	340	276	254	237	226	216	207	199	187	171	142	102.737	122.281	135	128	127	125	124	123	122	120	118	115	106	0	0	0.000	0.000	0	0	0	0	0.000	0	0	0	0.000	0	0	0	0	0.000	0.000	0	0	0	0	0.000	0	0	0	0.000	0	0
53	53	1818	508.164	766.693	0.855	29	460	1052	222	26	29	460	1052	222	26	110.007	614.272	4758	1446	450	385	356	337	322	305	269	227	182	105.003	2538.401	5901	3576	3318	2926	2691	2541	2376	2065	1589	1176	864	1	221	490.446	765.317	0	0	0	2414	2543.769	0	0	4024	3890.606	0	0	0	0	0.000	0.000	0	0	0	0	0.000	0	0	0	0.000	0	0
54	54	2093	1795.946	801.909	0.850	121	988	880	57	14	121	988	880	57	14	109.979	123.113	130	126	125	124	124	123	123	122	121	120	115	104.000	1041.873	1775	1519	1297	1191	1099	1005	922	853	784	683	339	0	0	0.000	0.000	0	0	0	0	0.000	0	0	0	0.000	0	0	0	0	0.000	0.000	0	0	0	0	0.000	0	0	0	0.000	0	0
55	55	302	486.868	797.910	0.956	3	46	47	138	64	3	46	47	138	64	109.887	269.295	330	321	310	299	286	276	262	249	231	210	173	104.017	2207.334	2992	2853	2737	2619	2480	2355	2171	1913	1652	1328	889	0	0	0.000	0.000	0	0	0	0	0.000	0	0	0	0.000	0	0	0	0	0.000	0.000	0	0	0	0	0.000	0	0	0	0.000	0	0
56	56	1108	1340.306	817.886	0.902	88	301	550	124	19	88	301	550	124	19	110.000	153.864	203	189	174	163	155	149	144	139	134	129	120	102.104	112.946	127	118	116	115	114	113	112	111	110	108	105	0	0	0.000	0.000	0	0	0	0	0.000	0	0	0	0.000	0	0	0	0	0.000	0.000	0	0	0	0	0.000	0	0	0	0.000	0	0
57	57	1522	1740.594	836.218	0.882	8	84	562	758	76	8	84	562	758	76	110.202	122.618	131	128	126	125	124	123	122	120	119	117	113	103.211	750.224	1109	996	941	881	826	776	728	665	559	432	278	0	0	0.000	0.000	0	0	0	0	0.000	0	0	0	0.000	0	0	0	0	0.000	0.000	0	0	0	0	0.000	0	0	0	0.000	0	0
58	58	1863	1794.388	860.139	0.861	20	100	815	857	37	20	100	815	857	37	109.966	121.084	129	125	124	123	122	121	120	119	118	117	113	103.219	596.018	1016	886	792	703	647	591	538	474	407	319	170	0	0	0.000	0.000	0	0	0	0	0.000	0	0	0	0.000	0	0	0	0	0.000	0.000	0	0	0	0	0.000	0	0	0	0.000	0	0
59	59	2329	1147.826	920.133	0.858	100	497	1278	384	31	100	497	1278	384	31	110.185	159.547	196	183	175	169	165	161	156	151	143	133	126	103.000	537.621	854	727	680	632	591	546	500	451	401	306	228	0	0	0.000	0.000	0	0	0	0	0.000	0	0	0	0.000	0	0	0	0	0.000	0.000	0	0	0	0	0.000	0	0	0	0.000	0	0
60	60	2533	1216.004	949.629	0.865	12	80	825	1424	155	12	80	825	1424	155	110.263	171.518	204	190	185	182	178	175	170	166	159	147	130	103.000	623.409	880	808	772	730	685	650	616	562	485	370	241	0	0	0.000	0.000	0	0	0	0	0.000	0	0	0	0.000	0	0	0	0	0.000	0.000	0	0	0	0	0.000	0	0	0	0.000	0	0
61	61	1479	739.540	1057.003	0.914	163	728	502	46	7	163	728	502	46	7	110.000	126.328	133	130	129	128	127	127	126	125	124	122	117	102.000	440.812	703	584	539	507	478	446	410	366	327	290	247	0	0	0.000	0.000	0	0	0	0	0.000	0	0	0	0.000	0	0	0	0	0.000	0.000	0	0	0	0	0.000	0	0	0	0.000	0	0
62	62	1883	1287.308	1128.242	0.918	551	1133	132	24	9	551	1133	132	24	9	110.250	154.006	238	208	194	171	148	137	132	129	126	124	116	102.560	592.516	1113	885	764	682	614	548	496	469	438	375	227	0	0	0.000	0.000	0	0	0	0	0.000	0	0	0	0.000	0	0	0	0	0.000	0.000	0	0	0	0	0.000	0	0	0	0.000	0	0
63	63	1973	1454.858	1144.891	0.903	206	1259	412	55	8	206	1259	412	55	8	111.904	211.978	478	274	240	225	215	203	190	178	168	160	138	103.000	125.403	141	133	131	130	128	126	124	122	120	117	105	1	28	1469.337	1149.033	0	0	0	423	419.286	0	0	131	131.357	0	0	0	0	0.000	0.000	0	0	0	0	0.000	0	0	0	0.000	0	0
64	64	1307	1405.077	1159.655	0.905	41	354	741	132	17	41	354	741	132	17	112.000	178.848	216	205	200	195	189	181	172	164	157	150	138	103.000	121.904	137	128	126	125	124	122	120	119	117	116	109	0	0	0.000	0.000	0	0	0	0	0.000	0	0	0	0.000	0	0	0	0	0.000	0.000	0	0	0	0	0.000	0	0	0	0.000	0	0
65	65	1763	571.257	1208.356	0.884	52	888	731	57	6	52	888	731	57	6	110.023	117.944	125	122	120	119	118	117	117	116	116	115	112	103.000	815.613	1366	1158	1050	944	864	795	731	670	604	507	358	0	0	0.000	0.000	0	0	0	0	0.000	0	0	0	0.000	0	0	0	0	0.000	0.000	0	0	0	0	0.000	0	0	0	0.000	0	0
66	66	688	1216.345	1231.201	0.890	132	338	147	47	14	132	338	147	47	14	111.099	155.062	196	179	172	166	162	156	149	143	137	132	123	102.172	122.185	147	133	129	126	123	122	120	118	115	112	105	0	0	0.000	0.000	0	0	0	0	0.000	0	0	0	0.000	0	0	0	0	0.000	0.000	0	0	0	0	0.000	0	0	0	0.000	0	0
67	67	2135	662.475	1421.159	0.896	64	708	1148	171	12	64	708	1148	171	12	111.000	270.265	369	334	325	311	297	281	257	233	212	191	152	103.375	633.603	940	854	821	781	730	668	594	508	431	353	241	0	0	0.000	0.000	0	0	0	0	0.000	0	0	0	0.000	0	0	0	0	0.000	0.000	0	0	0	0	0.000	0	0	0	0.000	0	0
68	68	2168	716.994	1419.743	0.908	57	384	960	637	91	57	384	960	637	91	111.445	280.289	363	335	325	316	307	295	278	256	232	200	163	103.117	666.339	900	851	821	789	757	715	663	597	504	390	248	0	0	0.000	0.000	0	0	0	0	0.000	0	0	0	0.000	0	0	0	0	0.000	0.000	0	0	0	0	0.000	0	0	0	0.000	0	0
69	69	2179	294.386	1423.074	0.864	103	624	985	385	40	103	624	985	385	40	108.676	376.705	3127	773	292	242	219	200	187	176	163	151	136	102.000	314.647	767	455	394	358	318	285	262	239	213	194	155	1	240	297.010	1419.048	0	0	0	1570	1639.650	0	0	547	537.146	0	0	1	57	298.316	1419.200	0	0	0	2642	2544.421	0	0	692	693.912	0	0
70	70	2171	608.269	1443.396	0.893	38	557	1334	184	11	38	557	1334	184	11	110.994	268.760	374	340	325	311	294	273	252	233	210	187	159	103.000	385.561	560	503	483	457	429	395	359	327	288	248	177	0	0	0.000	0.000	0	0	0	0	0.000	0	0	0	0.000	0	0	0	0	0.000	0.000	0	0	0	0	0.000	0	0	0	0.000	0	0
71	71	2459	254.407	1472.302	0.881	98	1199	1060	48	13	98	1199	1060	48	13	108.085	222.000	276	264	258	251	243	232	219	202	181	161	139	101.938	324.407	437	412	398	384	365	345	320	284	242	197	151	0	0	0.000	0.000	0	0	0	0	0.000	0	0	0	0.000	0	0	0	0	0.000	0.000	0	0	0	0	0.000	0	0	0	0.000	0	0
72	72	1234	1881.524	1468.897	0.880	5	77	758	358	25	5	77	758	358	25	111.529	189.001	217	209	205	201	197	192	187	180	172	163	144	102.666	604.139	767	726	699	671	642	612	589	555	522	464	322	0	0	0.000	0.000	0	0	0	0	0.000	0	0	0	0.000	0	0	0	0	0.000	0.000	0	0	0	0	0.000	0	0	0	0.000	0	0
73	73	2721	1937.434	1485.892	0.865	20	79	1787	756	17	20	79	1787	756	17	110.956	579.796	5699	1618	383	214	202	192	181	169	154	141	127	102.778	617.129	2371	1042	678	625	586	543	490	427	346	270	215	1	380	1943.238	1479.275	0	0	0	2591	2808.221	0	0	1329	1371.989	0	0	1	155	1944.237	1478.791	0	0	0	4346	4203.194	0	0	1918	1900.961	0	0
74	74	2047	596.838	1506.614	0.874	45	714	987	236	32	45	714	987	236	32	110.081	279.421	359	340	329	319	308	296	277	251	222	192	160	102.869	401.403	566	509	491	474	450	418	383	353	307	257	195	0	0	0.000	0.000	0	0	0	0	0.000	0	0	0	0.000	0	0	0	0	0.000	0.000	0	0	0	0	0.000	0	0	0	0.000	0	0
75	75	2843	1984.321	1522.475	0.870	75	430	1886	392	19	75	430	1886	392	19	109.663	230.020	1799	326	187	181	177	170	161	153	146	137	124	102.691	527.045	1232	743	699	645	590	535	466	402	339	267	193	1	203	1994.268	1531.366	0	0	0	865	928.709	0	0	813	791.956	0	0	0	0	0.000	0.000	0	0	0	0	0.000	0	0	0	0.000	0	0
76	76	1421	1982.042	1582.305	0.874	87	233	885	183	10	87	233	885	183	10	109.353	157.927	174	166	164	163	161	160	158	156	153	146	130	102.056	471.322	590	541	521	510	498	485	463	443	423	392	225	0	0	0.000	0.000	0	0	0	0	0.000	0	0	0	0.000	0	0	0	0	0.000	0.000	0	0	0	0	0.000	0	0	0	0.000	0	0
77	77	1693	1683.961	1590.112	0.881	106	685	705	145	19	106	685	705	145	19	110.767	174.904	254	208	187	180	177	173	169	164	157	147	127	102.612	125.142	157	138	130	126	125	124	122	121	119	116	108	0	0	0.000	0.000	0	0	0	0	0.000	0	0	0	0.000	0	0	0	0	0.000	0.000	0	0	0	0	0.000	0	0	0	0.000	0	0
78	78	1758	890.905	1665.566	0.910	321	755	514	118	14	321	755	514	118	14	110.804	154.313	321	193	171	159	150	143	138	135	132	128	120	103.000	2325.404	5687	3457	2758	2587	2420	2236	2060	1844	1636	1349	568	1	78	878.238	1673.505	0	0	0	258	258.410	0	0	2611	2615.667	0	0	0	0	0.000	0.000	0	0	0	0	0.000	0	0	0	0.000	0	0
79	79	2306	1888.986	1681.411	0.847	70	510	1447	220	25	70	510	1447	220	25	110.685	500.900	14841	261	219	211	206	202	197	189	182	171	147	102.200	122.987	160	127	126	124	123	123	122	121	120	118	109	1	101	1872.345	1670.097	0	0	0	5615	6276.594	0	0	136	135.406	0	0	0	0	0.000	0.000	0	0	0	0	0.000	0	0	0	0.000	0	0
80	80	1621	227.231	1680.508	0.908	102	213	969	296	12	102	213	969	296	12	108.000	166.703	322	189	178	171	166	160	156	152	148	142	132	102.424	557.217	887	748	674	628	591	558	516	466	414	378	261	1	29	220.225	1667.952	0	0	0	291	289.897	0	0	484	486.793	0	0	0	0	0.000	0.000	0	0	0	0	0.000	0	0	0	0.000	0	0
81	81	433	1085.439	1712.979	0.879	191	97	88	37	15	191	97	88	37	15	113.000	153.300	167	164	162	161	158	156	153	148	144	139	129	103.000	128.972	144	137	134	132	131	130	128	126	123	120	111	0	0	0.000	0.000	0	0	0	0	0.000	0	0	0	0.000	0	0	0	0	0.000	0.000	0	0	0	0	0.000	0	0	0	0.000	0	0
82	82	732	1500.950	1714.116	0.909	358	290	43	17	7	358	290	43	17	7	112.000	253.798	465	314	296	282	268	253	240	222	204	186	156	102.000	117.755	137	126	122	120	119	117	116	115	113	110	104	0	0	0.000	0.000	0	0	0	0	0.000	0	0	0	0.000	0	0	0	0	0.000	0.000	0	0	0	0	0.000	0	0	0	0.000	0	0
83	83	1709	256.493	1725.594	0.886	20	225	821	530	78	20	225	821	530	78	108.000	165.685	187	178	176	174	171	169	166	161	155	148	129	102.000	658.650	870	800	776	751	723	691	653	606	538	453	294	0	0	0.000	0.000	0	0	0	0	0.000	0	0	0	0.000	0	0	0	0	0.000	0.000	0	0	0	0	0.000	0	0	0	0.000	0	0
84	84	833	872.776	1718.635	0.814	145	348	232	71	22	145	348	232	71	22	111.000	133.041	164	147	141	136	134	131	129	126	124	123	120	102.784	423.414	607	539	507	482	457	424	398	370	341	303	228	0	0	0.000	0.000	0	0	0	0	0.000	0	0	0	0.000	0	0	0	0	0.000	0.000	0	0	0	0	0.000	0	0	0	0.000	0	0
85	85	1500	407.476	1733.445	0.901	18	139	795	474	50	18	139	795	474	50	108.753	170.698	224	192	186	182	179	174	169	163	153	142	124	102.000	114.087	133	120	117	116	115	114	113	111	110	108	104	0	0	0.000	0.000	0	0	0	0	0.000	0	0	0	0.000	0	0	0	0	0.000	0.000	0	0	0	0	0.000	0	0	0	0.000	0	0
86	86	2081	1914.083	1734.643	0.879	68	815	929	181	40	68	815	929	181	40	110.209	131.907	164	138	136	134	133	132	131	129	127	123	116	102.175	117.997	129	123	122	120	119	118	118	117	115	112	103	0	0	0.000	0.000	0	0	0	0	0.000	0	0	0	0.000	0	0	0	0	0.000	0.000	0	0	0	0	0.000	0	0	0	0.000	0	0
87	87	1962	1132.477	1753.242	0.915	237	820	627	192	51	237	820	627	192	51	112.000	216.913	2850	210	165	157	153	149	147	145	143	140	125	102.630	153.915	393	172	163	158	153	149	144	141	137	132	108	1	98	1132.086	1741.093	0	0	0	1115	1237.786	0	0	234	242.316	0	0	1	45	1133.623	1740.849	0	0	0	1522	1534.422	0	0	294	300.911	0	0
88	88	2574	455.184	1766.122	0.842	384	1416	584	123	13	384	1416	584	123	13	109.663	292.503	2348	463	276	221	208	199	189	178	166	154	132	101.956	113.620	131	118	116	115	115	114	113	112	110	109	104	1	189	457.710	1770.306	0	0	0	1158	1240.095	0	0	119	119.180	0	0	0	0	0.000	0.000	0	0	0	0	0.000	0	0	0	0.000	0	0
89	89	1291	890.299	1765.370	0.879	23	327	642	226	49	23	327	642	226	49	111.412	159.535	179	172	170	167	164	162	159	155	151	143	125	102.000	150.913	174	164	161	159	157	155	151	148	143	132	105	0	0	0.000	0.000	0	0	0	0	0.000	0	0	0	0.000	0	0	0	0	0.000	0.000	0	0	0	0	0.000	0	0	0	0.000	0	0
90	90	1512	2013.617	1763.280	0.894	114	854	447	57	15	114	854	447	57	15	108.567	296.599	678	460	341	302	279	269	257	242	223	201	155	100.057	117.281	132	125	122	120	118	117	115	114	113	111	101	2	18	2016.805	1773.910	15	2021.172	1766.187	616	615.444	613	608.733	122	121.278	123	123.733	0	0	0.000	0.000	0	0	0	0	0.000	0	0	0	0.000	0	0
91	91	1841	941.782	1769.065	0.894	97	492	708	430	86	97	492	708	430	86	111.343	146.159	175	162	158	153	149	145	142	138	134	131	125	102.000	138.526	170	156	151	147	142	137	133	130	127	124	109	0	0	0.000	0.000	0	0	0	0	0.000	0	0	0	0.000	0	0	0	0	0.000	0.000	0	0	0	0	0.000	0	0	0	0.000	0	0
92	92	1847	1993.017	1805.522	0.885	298	1241	247	23	6	298	1241	247	23	6	108.567	347.188	4522	508	217	177	167	162	158	154	150	148	140	100.908	121.555	164	128	125	123	121	120	119	117	116	115	109	1	141	2005.482	1795.533	0	0	0	1991	2185.872	0	0	140	141.411	0	0	0	0	0.000	0.000	0	0	0	0	0.000	0	0	0	0.000	0	0
93	93	1919	927.382	1816.826	0.867	62	183	679	699	267	62	183	679	699	267	111.000	169.393	209	185	181	177	173	168	165	161	158	153	137	102.000	161.411	207	177	173	170	166	161	157	154	149	144	130	0	0	0.000	0.000	0	0	0	0	0.000	0	0	0	0.000	0	0	0	0	0.000	0.000	0	0	0	0	0.000	0	0	0	0.000	0	0
94	94	525	1280.735	1835.700	0.933	118	251	90	37	17	118	251	90	37	17	112.000	126.032	134	131	130	129	128	126	125	124	122	119	115	103.000	634.545	882	827	790	760	737	691	624	550	469	363	199	0	0	0.000	0.000	0	0	0	0	0.000	0	0	0	0.000	0	0	0	0	0.000	0.000	0	0	0	0	0.000	0	0	0	0.000	0	0
95	95	2125	2008.404	1859.653	0.897	41	735	1132	148	30	41	735	1132	148	30	107.915	199.658	1180	243	198	187	180	171	164	157	149	143	129	101.685	122.386	138	130	128	126	125	123	122	120	117	113	103	1	99	1998.916	1843.621	0	0	0	626	651.444	0	0	129	128.343	0	0	0	0	0.000	0.000	0	0	0	0	0.000	0	0	0	0.000	0	0
96	96	2019	1310.680	1863.880	0.902	387	1206	173	129	95	387	1206	173	129	95	111.996	126.728	139	131	130	129	128	127	126	125	124	121	116	103.000	675.642	1069	895	793	760	727	693	653	603	526	426	269	0	0	0.000	0.000	0	0	0	0	0.000	0	0	0	0.000	0	0	0	0	0.000	0.000	0	0	0	0	0.000	0	0	0	0.000	0	0
97	97	1779	1717.177	1868.499	0.911	329	1155	188	50	20	329	1155	188	50	20	110.307	126.505	156	140	132	128	126	124	123	121	120	119	114	102.117	125.626	148	136	132	130	128	126	124	121	118	115	106	1	14	1716.720	1868.864	0	0	0	153	152.643	0	0	140	140.214	0	0	0	0	0.000	0.000	0	0	0	0	0.000	0	0	0	0.000	0	0
98	98	2122	1335.306	1919.960	0.905	94	1114	488	255	121	94	1114	488	255	121	111.000	126.972	137	133	131	130	129	128	126	124	123	120	115	102.923	701.364	1066	972	876	826	773	720	656	592	517	404	289	0	0	0.000	0.000	0	0	0	0	0.000	0	0	0	0.000	0	0	0	0	0.000	0.000	0	0	0	0	0.000	0	0	0	0.000	0	0
99	99	1248	416.272	1922.212	0.910	78	96	191	686	168	78	96	191	686	168	107.000	118.159	125	121	120	120	119	118	118	117	116	115	110	102.109	364.527	521	469	438	407	379	360	338	319	298	273	191	0	0	0.000	0.000	0	0	0	0	0.000	0	0	0	0.000	0	0	0	0	0.000	0.000	0	0	0	0	0.000	0	0	0	0.000	0	0
100	100	666	1379.146	1923.192	0.902	71	335	143	73	21	71	335	143	73	21	111.096	126.414	135	131	130	129	128	127	126	124	123	121	117	103.000	632.110	943	821	754	718	681	642	597	561	509	444	259	0	0	0.000	0.000	0	0	0	0	0.000	0	0	0	0.000	0	0	0	0	0.000	0.000	0	0	0	0	0.000	0	0	0	0.000	0	0
101	101	597	1549.167	1932.772	0.880	56	247	210	57	18	56	247	210	57	18	115.603	246.838	279	263	259	256	253	249	244	240	234	226	214	103.286	205.479	270	236	227	220	213	208	200	191	183	172	154	0	0	0.000	0.000	0	0	0	0	0.000	0	0	0	0.000	0	0	0	0	0.000	0.000	0	0	0	0	0.000	0	0	0	0.000	0	0
102	102	1506	368.023	1948.081	0.882	569	645	145	119	16	569	645	145	119	16	106.207	117.679	125	121	120	119	119	118	117	116	115	114	110	102.159	355.989	505	460	437	415	394	365	333	294	265	242	218	0	0	0.000	0.000	0	0	0	0	0.000	0	0	0	0.000	0	0	0	0	0.000	0.000	0	0	0	0	0.000	0	0	0	0.000	0	0
103	103	2060	1577.199	1964.570	0.871	119	998	662	213	24	119	998	662	213	24	115.828	227.777	278	267	255	237	229	224	218	210	205	199	187	103.228	533.114	886	767	703	642	588	525	466	415	364	307	236	0	0	0.000	0.000	0	0	0	0	0.000	0	0	0	0.000	0	0	0	0	0.000	0.000	0	0	0	0	0.000	0	0	0	0.000	0	0
104	104	2189	851.240	1978.136	0.895	60	289	1038	553	203	60	289	1038	553	203	109.066	134.256	159	145	141	139	136	134	133	131	128	123	114	102.880	793.233	1701	1383	1111	948	825	715	626	543	451	381	241	0	0	0.000	0.000	0	0	0	0	0.000	0	0	0	0.000	0	0	0	0	0.000	0.000	0	0	0	0	0.000	0	0	0	0.000	0	0
105	105	1174	946.028	1979.016	0.910	315	524	126	115	66	315	524	126	115	66	108.951	148.385	163	158	156	154	153	151	148	145	141	134	122	102.675	1245.775	1586	1515	1480	1439	1398	1352	1261	1148	1006	829	396	0	0	0.000	0.000	0	0	0	0	0.000	0	0	0	0.000	0	0	0	0	0.000	0.000	0	0	0	0	0.000	0	0	0	0.000	0	0
106	106	2125	390.672	1992.802	0.897	431	1564	60	32	13	431	1564	60	32	13	105.668	119.525	130	125	123	122	121	120	118	117	116	114	109	101.514	362.761	548	485	444	415	390	361	334	308	286	244	180	0	0	0.000	0.000	0	0	0	0	0.000	0	0	0	0.000	0	0	0	0	0.000	0.000	0	0	0	0	0.000	0	0	0	0.000	0	0
107	107	1543	900.759	1989.696	0.905	60	379	840	177	61	60	379	840	177	61	109.200	141.553	160	152	149	147	144	142	140	138	135	130	124	102.883	902.955	1443	1307	1189	1060	975	882	793	718	657	549	376	0	0	0.000	0.000	0	0	0	0	0.000	0	0	0	0.000	0	0	0	0	0.000	0.000	0	0	0	0	0.000	0	0	0	0.000	0	0
108	108	1383	1461.781	1996.434	0.911	28	241	676	325	82	28	241	676	325	82	117.365	304.121	349	337	328	317	310	306	299	290	282	272	249	102.854	446.963	634	555	521	497	478	453	430	406	376	326	204	0	0	0.000	0.000	0	0	0	0	0.000	0	0	0	0.000	0	0	0	0	0.000	0.000	0	0	0	0	0.000	0	0	0	0.000	0	0
109	109	912	1503.601	1992.722	0.920	114	259	347	133	45	114	259	347	133	45	118.000	331.427	363	353	346	340	335	329	325	321	317	314	302	103.398	403.837	554	509	483	455	430	404	377	356	330	304	252	0	0	0.000	0.000	0	0	0	0	0.000	0	0	0	0.000	0	0	0	0	0.000	0.000	0	0	0	0	0.000	0	0	0	0.000	0	0
110	110	1543	1545.681	2007.116	0.911	271	370	467	296	108	271	370	467	296	108	117.705	279.552	301	292	289	287	284	282	279	276	270	261	248	103.095	415.301	589	515	483	465	448	432	412	382	338	291	165	0	0	0.000	0.000	0	0	0	0	0.000	0	0	0	0.000	0	0	0	0	0.000	0.000	0	0	0	0	0.000	0	0	0	0.000	0	0
111	111	686	1033.382	2021.349	0.940	147	282	170	57	22	147	282	170	57	22	107.803	117.574	124	120	119	119	118	117	117	116	116	115	113	101.367	731.856	975	882	837	801	769	739	712	683	642	558	396	0	0	0.000	0.000	0	0	0	0	0.000	0	0	0	0.000	0	0	0	0	0.000	0.000	0	0	0	0	0.000	0	0	0	0.000	0	0
