 	cell	area	x	y	circ	BFI_lev_b1	BFI_lev_b2	BFI_lev_b3	BFI_lev_b4	BFI_lev_b5	BFO_lev_b1	BFO_lev_b2	BFO_lev_b3	BFO_lev_b4	BFO_lev_b5	RFP_int_bg	RFP_int_mean	RFP_int_b0	RFP_int_b1	RFP_int_b2	RFP_int_b3	RFP_int_b4	RFP_int_b5	RFP_int_b6	RFP_int_b7	RFP_int_b8	RFP_int_b9	RFP_int_b10	GFP_int_bg	GFP_int_mean	GFP_int_b0	GFP_int_b1	GFP_int_b2	GFP_int_b3	GFP_int_b4	GFP_int_b5	GFP_int_b6	GFP_int_b7	GFP_int_b8	GFP_int_b9	GFP_int_b10	inRFPnfoci	f1_inRFParea	f1_inRFPx	f1_inRFPy	f2_inRFParea	f2_inRFPx	f2_inRFPy	f1_inRFP_toRFPmed	f1_inRFP_toRFPmean	f2_inRFP_toRFPmed	f2_inRFP_toRFPmean	f1_inRFP_toGFPmed	f1_inRFP_toGFPmean	f2_inRFP_toGFPmed	f2_inRFP_toGFPmean	inGFPnfoci	f1_inGFParea	f1_inGFPx	f1_inGFPy	f2_inGFParea	f2_inGFPx	f2_inGFPy	f1_inGFP_toRFPmed	f1_inGFP_toRFPmean	f2_inGFP_toRFPmed	f2_inGFP_toRFPmean	f1_inGFP_toGFPmed	f1_inGFP_toGFPmean	f2_inGFP_toGFPmed	f2_inGFP_toGFPmean
1	1	797	1374.532	48.418	0.855	169	371	198	29	10	169	371	198	29	10	105.645	201.024	249	235	226	220	212	201	194	187	176	164	141	101.593	158.439	189	177	172	168	163	159	155	150	145	140	122	0	0	0.000	0.000	0	0.000	0.000	0	0.000	0	0.000	0	0.000	0	0.000	0	0	0	0	0	0	0	0	0	0	0	0	0	0	0
2	2	1102	1576.954	212.378	0.886	89	855	120	11	8	89	855	120	11	8	106.827	125.212	171	139	132	128	125	123	120	118	117	115	111	102.000	1654.103	3864	2513	2114	1963	1818	1635	1414	1205	999	841	418	1	23	1584.945	211.129	0	0.000	0.000	160	159.043	0	0.000	2748	2782.304	0	0.000	0	0	0	0	0	0	0	0	0	0	0	0	0	0	0
3	3	1594	909.287	289.336	0.880	8	74	518	879	84	8	74	518	879	84	107.872	137.157	161	152	150	145	139	135	132	129	127	125	117	102.860	859.030	1508	1261	1124	1011	927	841	771	674	584	483	334	0	0	0.000	0.000	0	0.000	0.000	0	0.000	0	0.000	0	0.000	0	0.000	0	0	0	0	0	0	0	0	0	0	0	0	0	0	0
4	4	1341	869.929	313.809	0.881	16	16	182	987	111	16	16	182	987	111	108.000	151.828	174	166	162	159	156	153	150	146	141	136	123	103.160	1197.087	1636	1561	1494	1405	1312	1233	1152	1054	918	754	458	0	0	0.000	0.000	0	0.000	0.000	0	0.000	0	0.000	0	0.000	0	0.000	0	0	0	0	0	0	0	0	0	0	0	0	0	0	0
5	5	1842	906.529	342.575	0.864	14	115	1153	507	20	14	115	1153	507	20	108.000	143.524	172	165	161	157	150	143	137	131	126	123	113	103.682	1129.695	1794	1701	1618	1505	1372	1156	965	789	639	481	282	0	0	0.000	0.000	0	0.000	0.000	0	0.000	0	0.000	0	0.000	0	0.000	0	0	0	0	0	0	0	0	0	0	0	0	0	0	0
6	6	810	1741.322	385.092	0.838	149	346	236	53	10	149	346	236	53	10	107.000	147.780	169	162	158	155	151	148	145	141	137	133	124	102.000	208.441	282	242	231	223	216	209	201	194	186	174	144	0	0	0.000	0.000	0	0.000	0.000	0	0.000	0	0.000	0	0.000	0	0.000	0	0	0	0	0	0	0	0	0	0	0	0	0	0	0
7	7	1904	1405.046	488.623	0.864	32	351	1107	332	38	32	351	1107	332	38	108.000	152.330	191	173	167	164	159	154	147	141	136	131	121	103.670	987.508	1887	1519	1362	1240	1143	1043	902	729	546	377	260	0	0	0.000	0.000	0	0.000	0.000	0	0.000	0	0.000	0	0.000	0	0.000	0	0	0	0	0	0	0	0	0	0	0	0	0	0	0
8	8	1579	1460.227	498.184	0.860	44	338	919	245	7	44	338	919	245	7	107.818	142.457	177	160	154	149	144	141	138	136	132	128	114	103.641	736.864	1306	1149	1002	844	764	707	642	584	491	407	243	0	0	0.000	0.000	0	0.000	0.000	0	0.000	0	0.000	0	0.000	0	0.000	0	0	0	0	0	0	0	0	0	0	0	0	0	0	0
9	9	2212	1102.131	513.585	0.913	25	256	1302	565	26	25	256	1302	565	26	109.000	283.484	399	362	344	323	304	290	271	247	226	195	153	103.847	1532.717	2178	2076	1997	1872	1769	1665	1475	1269	1057	799	452	0	0	0.000	0.000	0	0.000	0.000	0	0.000	0	0.000	0	0.000	0	0.000	0	0	0	0	0	0	0	0	0	0	0	0	0	0	0
10	10	1958	1419.034	545.186	0.793	5	47	727	1051	86	5	47	727	1051	86	108.140	142.243	166	155	150	147	145	142	140	138	135	130	117	104.000	762.385	1283	1064	966	883	819	750	685	621	563	489	282	0	0	0.000	0.000	0	0.000	0.000	0	0.000	0	0.000	0	0.000	0	0.000	0	0	0	0	0	0	0	0	0	0	0	0	0	0	0
11	11	2058	1138.058	550.857	0.898	83	587	1225	106	5	83	587	1225	106	5	109.000	305.672	1251	391	334	319	299	283	267	249	217	174	126	103.871	1539.957	3189	2014	1880	1808	1724	1629	1507	1350	1139	841	221	1	83	1140.462	539.237	0	0.000	0.000	862	885.867	0	0.000	2624	2624.265	0	0.000	0	0	0	0	0	0	0	0	0	0	0	0	0	0	0
12	12	1542	1380.981	582.234	0.865	12	116	748	570	57	12	116	748	570	57	108.084	174.751	210	195	189	185	181	177	173	168	159	148	131	103.475	1473.464	2187	1989	1817	1712	1582	1494	1382	1274	1156	954	471	0	0	0.000	0.000	0	0.000	0.000	0	0.000	0	0.000	0	0.000	0	0.000	0	0	0	0	0	0	0	0	0	0	0	0	0	0	0
13	13	1709	877.062	1123.350	0.865	13	118	799	680	68	13	118	799	680	68	108.000	116.661	128	121	119	118	117	116	115	115	114	113	110	102.649	147.662	174	164	160	156	153	150	145	140	135	130	111	0	0	0.000	0.000	0	0.000	0.000	0	0.000	0	0.000	0	0.000	0	0.000	0	0	0	0	0	0	0	0	0	0	0	0	0	0	0
14	14	415	963.657	1120.462	0.893	23	39	129	176	39	23	39	129	176	39	108.000	113.848	117	116	115	115	114	114	114	113	113	112	110	102.000	121.636	137	130	127	125	123	121	119	118	116	114	108	0	0	0.000	0.000	0	0.000	0.000	0	0.000	0	0.000	0	0.000	0	0.000	0	0	0	0	0	0	0	0	0	0	0	0	0	0	0
15	15	1691	923.399	1134.847	0.861	17	316	954	339	31	17	316	954	339	31	108.000	117.925	134	126	121	118	117	116	116	115	114	114	111	102.011	157.434	184	174	169	166	162	159	155	150	146	140	119	0	0	0.000	0.000	0	0.000	0.000	0	0.000	0	0.000	0	0.000	0	0.000	0	0	0	0	0	0	0	0	0	0	0	0	0	0	0
16	16	1991	455.026	1159.782	0.879	137	1470	328	22	9	137	1470	328	22	9	109.000	371.308	1133	603	453	375	343	322	298	275	257	238	195	101.998	133.760	189	141	138	136	135	133	132	130	128	124	113	2	19	472.578	1164.758	52	439.590	1156.374	796	790.000	900	912.096	136	136.316	139	139.308	0	0	0	0	0	0	0	0	0	0	0	0	0	0	0
17	17	1277	861.471	1169.908	0.895	31	235	750	210	14	31	235	750	210	14	108.842	116.713	127	120	118	118	117	116	116	115	115	114	112	102.000	149.622	180	168	164	161	157	151	145	140	134	128	117	0	0	0.000	0.000	0	0.000	0.000	0	0.000	0	0.000	0	0.000	0	0.000	0	0	0	0	0	0	0	0	0	0	0	0	0	0	0
18	18	1596	438.818	1210.494	0.890	34	477	816	200	35	34	477	816	200	35	108.866	298.166	528	393	363	326	302	285	271	256	238	217	167	102.000	126.768	144	134	132	130	129	127	125	123	121	119	111	0	0	0.000	0.000	0	0.000	0.000	0	0.000	0	0.000	0	0.000	0	0.000	0	0	0	0	0	0	0	0	0	0	0	0	0	0	0
19	19	1378	511.793	1459.775	0.900	51	642	573	74	16	51	642	573	74	16	108.985	118.025	130	123	120	118	118	117	117	116	116	115	112	102.000	831.793	1260	1101	1037	976	927	858	785	704	611	526	280	0	0	0.000	0.000	0	0.000	0.000	0	0.000	0	0.000	0	0.000	0	0.000	0	0	0	0	0	0	0	0	0	0	0	0	0	0	0
20	20	855	586.329	1487.937	0.828	28	109	444	241	19	28	109	444	241	19	109.000	173.420	235	204	192	184	177	172	166	159	153	146	134	102.131	136.395	171	150	145	142	139	136	133	130	127	123	115	0	0	0.000	0.000	0	0.000	0.000	0	0.000	0	0.000	0	0.000	0	0.000	0	0	0	0	0	0	0	0	0	0	0	0	0	0	0
21	21	288	575.515	1522.472	0.784	48	83	76	64	13	48	83	76	64	13	109.000	229.399	321	297	262	239	232	223	213	204	196	187	170	102.611	154.740	200	182	171	166	162	157	147	139	134	131	121	0	0	0.000	0.000	0	0.000	0.000	0	0.000	0	0.000	0	0.000	0	0.000	0	0	0	0	0	0	0	0	0	0	0	0	0	0	0
22	22	2035	1664.558	1555.995	0.863	30	295	1126	522	27	30	295	1126	522	27	109.786	206.297	258	245	238	228	220	212	204	192	174	155	135	103.967	1718.057	2524	2309	2184	2088	1976	1853	1705	1513	1205	870	520	0	0	0.000	0.000	0	0.000	0.000	0	0.000	0	0.000	0	0.000	0	0.000	0	0	0	0	0	0	0	0	0	0	0	0	0	0	0
23	23	1489	488.463	1595.516	0.888	34	143	950	300	36	34	143	950	300	36	109.000	179.981	220	206	202	196	191	186	178	166	155	146	132	103.000	1117.766	1886	1575	1435	1337	1253	1173	1069	929	724	579	380	0	0	0.000	0.000	0	0.000	0.000	0	0.000	0	0.000	0	0.000	0	0.000	0	0	0	0	0	0	0	0	0	0	0	0	0	0	0
24	24	1426	535.941	1598.241	0.888	35	76	331	818	142	35	76	331	818	142	109.000	189.361	229	218	213	208	202	196	188	178	166	151	122	103.000	1373.827	1794	1735	1678	1635	1572	1475	1376	1265	1079	810	307	0	0	0.000	0.000	0	0.000	0.000	0	0.000	0	0.000	0	0.000	0	0.000	0	0	0	0	0	0	0	0	0	0	0	0	0	0	0
25	25	2916	1691.925	1610.613	0.870	95	230	1278	1178	61	95	230	1278	1178	61	109.659	198.042	248	233	226	221	213	206	197	182	165	151	123	103.997	1506.526	2382	2120	1990	1881	1774	1669	1521	1244	926	656	245	0	0	0.000	0.000	0	0.000	0.000	0	0.000	0	0.000	0	0.000	0	0.000	0	0	0	0	0	0	0	0	0	0	0	0	0	0	0
26	26	1722	512.151	1641.924	0.900	281	1111	273	14	9	281	1111	273	14	9	109.000	189.366	247	221	213	206	199	192	183	173	163	155	131	103.000	1671.933	2679	2373	2196	2007	1842	1698	1523	1351	1157	939	496	0	0	0.000	0.000	0	0.000	0.000	0	0.000	0	0.000	0	0.000	0	0.000	0	0	0	0	0	0	0	0	0	0	0	0	0	0	0
27	27	1612	613.183	1637.048	0.845	41	479	945	105	16	41	479	945	105	16	108.630	120.318	131	126	124	122	121	120	119	118	117	116	112	102.772	702.607	1164	990	890	810	747	698	644	588	533	435	227	0	0	0.000	0.000	0	0.000	0.000	0	0.000	0	0.000	0	0.000	0	0.000	0	0	0	0	0	0	0	0	0	0	0	0	0	0	0
28	28	379	1677.292	1671.241	0.741	54	248	59	4	2	54	248	59	4	2	109.974	163.248	198	182	177	172	167	163	160	155	150	145	137	104.000	897.792	1307	1191	1101	1037	979	910	840	768	686	593	475	0	0	0.000	0.000	0	0.000	0.000	0	0.000	0	0.000	0	0.000	0	0.000	0	0	0	0	0	0	0	0	0	0	0	0	0	0	0
29	29	676	595.339	1684.164	0.787	63	371	187	30	6	63	371	187	30	6	108.107	118.979	130	124	122	121	119	118	118	117	116	115	113	103.000	726.763	1075	979	936	884	821	758	701	626	509	399	272	0	0	0.000	0.000	0	0.000	0.000	0	0.000	0	0.000	0	0.000	0	0.000	0	0	0	0	0	0	0	0	0	0	0	0	0	0	0
30	30	255	1632.948	1706.793	0.748	86	56	40	33	37	86	56	40	33	37	109.000	178.663	223	207	195	187	179	173	169	166	164	162	154	104.533	1363.604	2042	1893	1728	1576	1432	1310	1204	1094	1023	948	835	0	0	0.000	0.000	0	0.000	0.000	0	0.000	0	0.000	0	0.000	0	0.000	0	0	0	0	0	0	0	0	0	0	0	0	0	0	0
