 	cell	area	x	y	circ	BFI_lev_b1	BFI_lev_b2	BFI_lev_b3	BFI_lev_b4	BFI_lev_b5	BFO_lev_b1	BFO_lev_b2	BFO_lev_b3	BFO_lev_b4	BFO_lev_b5	RFP_int_bg	RFP_int_mean	RFP_int_b0	RFP_int_b1	RFP_int_b2	RFP_int_b3	RFP_int_b4	RFP_int_b5	RFP_int_b6	RFP_int_b7	RFP_int_b8	RFP_int_b9	RFP_int_b10	GFP_int_bg	GFP_int_mean	GFP_int_b0	GFP_int_b1	GFP_int_b2	GFP_int_b3	GFP_int_b4	GFP_int_b5	GFP_int_b6	GFP_int_b7	GFP_int_b8	GFP_int_b9	GFP_int_b10	inRFPnfoci	f1_inRFParea	f1_inRFPx	f1_inRFPy	f2_inRFParea	f2_inRFPx	f2_inRFPy	f1_inRFP_toRFPmed	f1_inRFP_toRFPmean	f2_inRFP_toRFPmed	f2_inRFP_toRFPmean	f1_inRFP_toGFPmed	f1_inRFP_toGFPmean	f2_inRFP_toGFPmed	f2_inRFP_toGFPmean	inGFPnfoci	f1_inGFParea	f1_inGFPx	f1_inGFPy	f2_inGFParea	f2_inGFPx	f2_inGFPy	f1_inGFP_toRFPmed	f1_inGFP_toRFPmean	f2_inGFP_toRFPmed	f2_inGFP_toRFPmean	f1_inGFP_toGFPmed	f1_inGFP_toGFPmean	f2_inGFP_toGFPmed	f2_inGFP_toGFPmean
1	1	2021	1546.181	30.097	0.883	121	450	1149	228	24	121	450	1149	228	24	106.758	272.063	365	338	326	313	300	285	262	235	212	188	156	102.506	670.688	1041	923	854	806	767	724	648	547	452	351	250	0	0	0.000	0.000	0	0	0	0	0.000	0	0	0	0.000	0	0	0	0	0.000	0.000	0	0	0	0	0.000	0	0	0	0.000	0	0
2	2	1031	255.451	24.483	0.910	27	317	535	83	36	27	317	535	83	36	106.113	114.902	125	120	118	116	115	114	113	113	112	111	108	102.054	1392.220	1999	1869	1762	1656	1574	1483	1399	1232	1011	751	369	0	0	0.000	0.000	0	0	0	0	0.000	0	0	0	0.000	0	0	0	0	0.000	0.000	0	0	0	0	0.000	0	0	0	0.000	0	0
3	3	955	1074.964	23.927	0.876	66	249	386	210	27	66	249	386	210	27	106.608	121.936	133	127	125	124	123	122	121	120	119	117	111	101.664	117.365	156	129	122	119	116	115	113	112	111	110	103	0	0	0.000	0.000	0	0	0	0	0.000	0	0	0	0.000	0	0	1	14	1080.563	12.647	0	0	0	131	130.143	0	0	147	146.500	0	0
4	4	1555	1491.501	34.247	0.912	39	181	477	644	179	39	181	477	644	179	107.435	244.500	354	298	274	258	248	242	238	231	220	189	147	103.000	119.684	139	126	123	121	120	119	118	118	116	115	105	0	0	0.000	0.000	0	0	0	0	0.000	0	0	0	0.000	0	0	0	0	0.000	0.000	0	0	0	0	0.000	0	0	0	0.000	0	0
5	5	2364	907.238	37.791	0.881	155	1103	962	100	8	155	1103	962	100	8	106.941	163.879	713	175	169	166	163	158	153	148	143	135	129	104.005	2060.297	2999	2770	2640	2523	2412	2233	2012	1728	1370	1050	811	1	48	912.394	56.233	0	0	0	433	432.250	0	0	2752	2659.562	0	0	0	0	0.000	0.000	0	0	0	0	0.000	0	0	0	0.000	0	0
6	6	599	952.588	52.717	0.911	42	236	254	50	10	42	236	254	50	10	108.000	146.855	162	158	155	153	151	149	146	142	138	133	124	103.053	1623.710	2299	2130	2055	1993	1924	1798	1616	1427	1151	801	316	0	0	0.000	0.000	0	0	0	0	0.000	0	0	0	0.000	0	0	0	0	0.000	0.000	0	0	0	0	0.000	0	0	0	0.000	0	0
7	7	2137	107.763	67.539	0.848	60	167	823	1010	39	60	167	823	1010	39	104.639	114.867	123	119	117	116	115	115	114	113	113	112	107	102.521	1418.219	2261	2149	1981	1789	1647	1517	1311	1077	801	578	238	0	0	0.000	0.000	0	0	0	0	0.000	0	0	0	0.000	0	0	0	0	0.000	0.000	0	0	0	0	0.000	0	0	0	0.000	0	0
8	8	2042	246.927	74.307	0.878	768	939	125	142	34	768	939	125	142	34	106.993	118.202	137	125	122	120	118	117	116	115	114	113	108	104.062	1474.617	2374	2091	1905	1779	1642	1498	1379	1218	1006	797	335	0	0	0.000	0.000	0	0	0	0	0.000	0	0	0	0.000	0	0	0	0	0.000	0.000	0	0	0	0	0.000	0	0	0	0.000	0	0
9	9	1081	861.839	65.052	0.873	187	437	310	100	29	187	437	310	100	29	107.484	255.278	397	344	320	300	279	256	234	211	186	163	137	102.563	147.841	196	170	162	154	150	146	143	139	134	129	114	0	0	0.000	0.000	0	0	0	0	0.000	0	0	0	0.000	0	0	0	0	0.000	0.000	0	0	0	0	0.000	0	0	0	0.000	0	0
10	10	879	1411.829	67.185	0.890	12	93	481	245	33	12	93	481	245	33	107.601	117.975	132	124	121	119	118	117	116	115	115	113	109	102.000	130.223	145	139	138	136	134	131	129	127	123	119	108	0	0	0.000	0.000	0	0	0	0	0.000	0	0	0	0.000	0	0	0	0	0.000	0.000	0	0	0	0	0.000	0	0	0	0.000	0	0
11	11	1656	1368.904	74.117	0.917	62	528	847	155	33	62	528	847	155	33	107.589	120.128	137	127	124	122	121	119	118	117	116	114	111	101.866	133.118	153	145	142	139	136	133	131	128	125	121	110	0	0	0.000	0.000	0	0	0	0	0.000	0	0	0	0.000	0	0	0	0	0.000	0.000	0	0	0	0	0.000	0	0	0	0.000	0	0
12	12	1931	1521.366	84.724	0.884	77	360	1024	385	53	77	360	1024	385	53	108.000	252.506	336	311	296	284	272	260	245	226	204	179	159	102.065	597.495	913	823	762	702	658	618	581	529	432	301	225	0	0	0.000	0.000	0	0	0	0	0.000	0	0	0	0.000	0	0	0	0	0.000	0.000	0	0	0	0	0.000	0	0	0	0.000	0	0
13	13	306	63.227	67.303	0.933	30	69	112	78	7	30	69	112	78	7	103.931	110.415	114	113	112	112	111	111	110	109	109	108	106	101.477	832.114	1149	1105	1053	992	920	850	786	705	627	519	353	0	0	0.000	0.000	0	0	0	0	0.000	0	0	0	0.000	0	0	0	0	0.000	0.000	0	0	0	0	0.000	0	0	0	0.000	0	0
14	14	2000	1032.647	80.355	0.879	15	73	719	1059	104	15	73	719	1059	104	108.000	115.167	125	119	118	116	115	114	114	113	113	112	110	102.001	164.945	196	183	178	173	170	167	163	158	152	145	122	0	0	0.000	0.000	0	0	0	0	0.000	0	0	0	0.000	0	0	0	0	0.000	0.000	0	0	0	0	0.000	0	0	0	0.000	0	0
15	15	2137	790.271	84.419	0.905	476	1477	86	49	27	476	1477	86	49	27	108.000	252.933	4907	211	154	149	146	144	141	138	134	130	121	102.000	122.174	145	128	126	125	124	122	121	120	118	115	106	1	96	777.731	98.242	0	0	0	1963	2162.375	0	0	129	128.135	0	0	0	0	0.000	0.000	0	0	0	0	0.000	0	0	0	0.000	0	0
16	16	2171	977.765	93.660	0.902	9	71	675	1188	192	9	71	675	1188	192	108.735	115.377	123	120	118	116	115	115	114	114	113	112	110	102.871	149.409	184	170	165	160	155	151	146	140	132	127	108	0	0	0.000	0.000	0	0	0	0	0.000	0	0	0	0.000	0	0	0	0	0.000	0.000	0	0	0	0	0.000	0	0	0	0.000	0	0
17	17	2057	165.223	93.368	0.846	28	391	1035	520	32	28	391	1035	520	32	106.745	117.218	126	121	120	119	118	117	116	115	115	114	111	104.529	1414.265	2258	2027	1840	1696	1569	1426	1293	1171	1003	744	520	0	0	0.000	0.000	0	0	0	0	0.000	0	0	0	0.000	0	0	0	0	0.000	0.000	0	0	0	0	0.000	0	0	0	0.000	0	0
18	18	1675	706.755	115.632	0.866	302	1180	136	21	14	302	1180	136	21	14	108.727	132.655	383	134	132	130	129	128	126	124	123	121	114	102.000	943.990	1489	1348	1228	1111	1006	920	842	760	685	576	432	1	59	715.809	134.681	0	0	0	243	245.254	0	0	682	692.508	0	0	0	0	0.000	0.000	0	0	0	0	0.000	0	0	0	0.000	0	0
19	19	1144	1575.110	113.798	0.895	216	468	309	112	18	216	468	309	112	18	107.091	149.260	193	170	165	160	154	149	144	139	134	127	114	102.561	688.211	1494	1134	953	837	719	638	560	489	416	344	186	0	0	0.000	0.000	0	0	0	0	0.000	0	0	0	0.000	0	0	0	0	0.000	0.000	0	0	0	0	0.000	0	0	0	0.000	0	0
20	20	1672	1899.172	122.712	0.863	94	641	696	176	32	94	641	696	176	32	107.359	215.636	348	311	284	264	244	223	196	161	133	118	109	101.000	160.726	250	213	198	186	175	165	152	132	115	107	102	0	0	0.000	0.000	0	0	0	0	0.000	0	0	0	0.000	0	0	0	0	0.000	0.000	0	0	0	0	0.000	0	0	0	0.000	0	0
21	21	2462	214.663	129.167	0.829	536	1593	206	74	31	536	1593	206	74	31	107.129	118.395	134	124	121	120	119	118	117	116	115	114	109	105.000	1214.189	1888	1720	1575	1431	1323	1203	1078	976	883	765	368	0	0	0.000	0.000	0	0	0	0	0.000	0	0	0	0.000	0	0	0	0	0.000	0.000	0	0	0	0	0.000	0	0	0	0.000	0	0
22	22	2547	1958.829	137.956	0.874	110	920	1199	241	17	110	920	1199	241	17	106.872	563.049	8145	1563	284	144	138	135	132	128	124	120	112	101.000	133.060	167	144	141	139	137	134	132	128	123	118	109	1	286	1945.531	137.124	0	0	0	3118	3414.503	0	0	147	146.906	0	0	0	0	0.000	0.000	0	0	0	0	0.000	0	0	0	0.000	0	0
23	23	643	1846.521	130.961	0.842	100	293	193	33	12	100	293	193	33	12	108.000	217.353	298	263	253	245	236	225	211	194	177	159	135	101.995	175.341	217	198	190	186	181	178	174	169	160	149	127	0	0	0.000	0.000	0	0	0	0	0.000	0	0	0	0.000	0	0	0	0	0.000	0.000	0	0	0	0	0.000	0	0	0	0.000	0	0
24	24	1693	991.474	148.049	0.871	85	526	831	203	13	85	526	831	203	13	108.727	114.194	123	117	116	115	114	114	113	113	113	112	109	102.000	152.320	187	175	170	165	159	152	146	142	137	130	108	0	0	0.000	0.000	0	0	0	0	0.000	0	0	0	0.000	0	0	0	0	0.000	0.000	0	0	0	0	0.000	0	0	0	0.000	0	0
25	25	1267	158.809	143.284	0.901	32	83	409	669	46	32	83	409	669	46	107.000	115.564	126	119	118	117	116	115	115	114	113	112	108	105.000	1480.886	2328	2130	1932	1763	1668	1550	1417	1273	1073	706	211	0	0	0.000	0.000	0	0	0	0	0.000	0	0	0	0.000	0	0	0	0	0.000	0.000	0	0	0	0	0.000	0	0	0	0.000	0	0
26	26	1046	744.173	149.596	0.881	29	238	449	248	64	29	238	449	248	64	109.000	119.359	130	125	123	122	121	119	117	117	116	115	111	102.000	122.727	150	135	132	128	125	123	120	118	115	109	104	0	0	0.000	0.000	0	0	0	0	0.000	0	0	0	0.000	0	0	0	0	0.000	0.000	0	0	0	0	0.000	0	0	0	0.000	0	0
27	27	1754	1371.518	152.548	0.909	100	629	860	101	17	100	629	860	101	17	108.960	262.849	352	320	312	300	283	266	247	230	213	198	160	103.681	3250.182	4977	4651	4454	4168	3786	3347	2904	2464	2045	1624	912	0	0	0.000	0.000	0	0	0	0	0.000	0	0	0	0.000	0	0	0	0	0.000	0.000	0	0	0	0	0.000	0	0	0	0.000	0	0
28	28	2206	2012.098	161.897	0.885	122	639	1043	321	36	122	639	1043	321	36	105.518	131.221	150	138	136	134	133	132	131	129	127	123	112	101.000	132.659	149	141	139	137	135	133	132	130	127	123	109	0	0	0.000	0.000	0	0	0	0	0.000	0	0	0	0.000	0	0	0	0	0.000	0.000	0	0	0	0	0.000	0	0	0	0.000	0	0
29	29	1310	1579.933	160.872	0.907	266	788	181	33	16	266	788	181	33	16	107.761	201.556	322	260	243	227	213	202	190	178	155	137	113	102.959	155.515	217	186	177	169	163	156	148	142	135	123	107	0	0	0.000	0.000	0	0	0	0	0.000	0	0	0	0.000	0	0	0	0	0.000	0.000	0	0	0	0	0.000	0	0	0	0.000	0	0
30	30	1469	706.129	169.907	0.903	25	103	676	568	51	25	103	676	568	51	109.000	126.995	142	135	133	131	129	127	125	123	121	119	115	102.000	986.693	1558	1354	1273	1201	1136	1061	962	803	641	498	328	0	0	0.000	0.000	0	0	0	0	0.000	0	0	0	0.000	0	0	0	0	0.000	0.000	0	0	0	0	0.000	0	0	0	0.000	0	0
31	31	2077	237.270	184.816	0.917	864	1083	29	13	13	864	1083	29	13	13	107.990	117.100	128	123	120	118	117	116	116	115	115	114	110	105.296	670.999	1067	945	877	824	753	679	617	548	455	361	220	0	0	0.000	0.000	0	0	0	0	0.000	0	0	0	0.000	0	0	0	0	0.000	0.000	0	0	0	0	0.000	0	0	0	0.000	0	0
32	32	1387	293.696	178.680	0.903	37	373	672	224	56	37	373	672	224	56	107.689	116.660	123	120	119	118	117	117	116	115	115	114	112	104.862	531.317	783	725	687	642	588	538	486	430	377	322	244	0	0	0.000	0.000	0	0	0	0	0.000	0	0	0	0.000	0	0	0	0	0.000	0.000	0	0	0	0	0.000	0	0	0	0.000	0	0
33	33	2298	1183.720	187.746	0.884	1978	241	29	10	10	1978	241	29	10	10	109.001	153.650	1204	146	141	140	138	137	135	132	129	124	116	103.999	2889.577	3970	3694	3569	3445	3286	3104	2877	2553	2202	1729	829	1	77	1196.922	194.258	0	0	0	547	578.494	0	0	3717	3741.974	0	0	0	0	0.000	0.000	0	0	0	0	0.000	0	0	0	0.000	0	0
34	34	2039	1240.211	194.923	0.900	45	351	1207	377	17	45	351	1207	377	17	110.167	148.881	419	198	156	143	136	132	127	125	122	120	114	104.740	2185.171	3417	3148	3010	2822	2626	2305	1954	1581	1267	1055	543	1	194	1239.156	206.648	0	0	0	267	280.412	0	0	3044	2989.546	0	0	0	0	0.000	0.000	0	0	0	0	0.000	0	0	0	0.000	0	0
35	35	1969	1347.724	202.618	0.880	67	455	1241	166	8	67	455	1241	166	8	109.957	220.201	317	290	265	240	221	209	197	190	183	175	146	104.972	2429.571	4784	4193	3667	2948	2561	2186	1820	1572	1368	1179	914	0	0	0.000	0.000	0	0	0	0	0.000	0	0	0	0.000	0	0	0	0	0.000	0.000	0	0	0	0	0.000	0	0	0	0.000	0	0
36	36	2225	25.749	211.138	0.824	58	239	1171	613	95	58	239	1171	613	95	104.562	360.044	2679	1197	255	130	127	125	123	122	120	117	110	106.684	2326.505	3254	2978	2850	2718	2589	2458	2302	2080	1789	1397	873	1	434	33.705	189.619	0	0	0	1206	1315.399	0	0	2667	2553.871	0	0	0	0	0.000	0.000	0	0	0	0	0.000	0	0	0	0.000	0	0
37	37	362	140.980	194.270	0.939	33	67	106	113	36	33	67	106	113	36	107.000	115.837	122	119	117	117	116	116	115	115	114	113	111	105.000	911.536	2100	1215	1131	1044	973	903	831	750	660	571	422	0	0	0.000	0.000	0	0	0	0	0.000	0	0	0	0.000	0	0	0	0	0.000	0.000	0	0	0	0	0.000	0	0	0	0.000	0	0
38	38	2549	101.838	212.121	0.858	277	1684	507	21	5	277	1684	507	21	5	106.597	147.844	178	161	159	157	155	152	146	141	135	128	120	105.774	2564.645	4220	3540	3339	3111	2865	2645	2439	2245	1805	1210	775	0	0	0.000	0.000	0	0	0	0	0.000	0	0	0	0.000	0	0	0	0	0.000	0.000	0	0	0	0	0.000	0	0	0	0.000	0	0
39	39	594	274.201	208.712	0.915	284	160	67	58	18	284	160	67	58	18	108.000	114.455	118	116	116	115	115	115	114	114	113	112	110	105.215	460.093	712	652	600	551	503	460	421	387	335	266	174	0	0	0.000	0.000	0	0	0	0	0.000	0	0	0	0.000	0	0	0	0	0.000	0.000	0	0	0	0	0.000	0	0	0	0.000	0	0
40	40	1520	1985.060	224.567	0.892	28	214	805	381	65	28	214	805	381	65	106.147	133.250	147	142	139	137	135	133	132	129	127	124	118	101.000	153.824	184	169	164	160	156	153	150	147	144	140	127	0	0	0.000	0.000	0	0	0	0	0.000	0	0	0	0.000	0	0	0	0	0.000	0.000	0	0	0	0	0.000	0	0	0	0.000	0	0
41	41	814	1273.106	225.834	0.887	18	219	393	139	26	18	219	393	139	26	111.000	130.367	142	138	136	134	132	130	129	127	125	123	117	105.000	2158.204	3037	2885	2759	2603	2439	2259	2071	1836	1557	1239	795	0	0	0.000	0.000	0	0	0	0	0.000	0	0	0	0.000	0	0	0	0	0.000	0.000	0	0	0	0	0.000	0	0	0	0.000	0	0
42	42	1741	198.983	239.854	0.906	532	973	178	17	12	532	973	178	17	12	108.361	202.172	253	240	231	222	214	206	198	188	173	157	135	105.267	599.656	887	805	753	709	658	612	567	513	451	360	252	0	0	0.000	0.000	0	0	0	0	0.000	0	0	0	0.000	0	0	0	0	0.000	0.000	0	0	0	0	0.000	0	0	0	0.000	0	0
43	43	2761	477.107	249.180	0.871	64	796	1640	202	10	64	796	1640	202	10	109.870	186.761	214	202	199	197	195	192	189	184	175	162	131	104.603	2439.265	3144	2939	2837	2742	2644	2538	2433	2320	2141	1740	586	0	0	0.000	0.000	0	0	0	0	0.000	0	0	0	0.000	0	0	0	0	0.000	0.000	0	0	0	0	0.000	0	0	0	0.000	0	0
44	44	1372	1149.207	245.475	0.908	99	535	530	152	23	99	535	530	152	23	109.000	123.617	145	134	129	125	123	122	121	120	119	118	114	104.015	136.873	155	147	145	143	140	138	136	133	130	123	111	0	0	0.000	0.000	0	0	0	0	0.000	0	0	0	0.000	0	0	0	0	0.000	0.000	0	0	0	0	0.000	0	0	0	0.000	0	0
45	45	1062	427.040	244.668	0.907	113	200	432	260	39	113	200	432	260	39	109.787	169.900	384	237	190	171	161	154	148	143	138	130	121	104.615	119.332	137	127	124	122	120	118	117	116	115	113	108	0	0	0.000	0.000	0	0	0	0	0.000	0	0	0	0.000	0	0	0	0	0.000	0.000	0	0	0	0	0.000	0	0	0	0.000	0	0
46	46	2714	1361.434	254.992	0.882	50	471	1462	609	70	50	471	1462	609	70	109.641	160.886	195	178	172	167	162	159	157	155	152	147	130	105.000	2166.569	3828	3338	2884	2618	2383	2114	1916	1654	1360	1107	592	0	0	0.000	0.000	0	0	0	0	0.000	0	0	0	0.000	0	0	0	0	0.000	0.000	0	0	0	0	0.000	0	0	0	0.000	0	0
47	47	1817	1936.977	251.275	0.872	558	742	409	46	21	558	742	409	46	21	107.839	138.246	152	144	142	141	140	139	139	137	134	130	115	102.209	178.340	221	200	194	190	185	181	176	170	162	152	128	0	0	0.000	0.000	0	0	0	0	0.000	0	0	0	0.000	0	0	0	0	0.000	0.000	0	0	0	0	0.000	0	0	0	0.000	0	0
48	48	2781	57.947	268.862	0.810	293	1731	539	126	41	293	1731	539	126	41	106.506	282.940	3652	412	152	142	140	137	135	132	127	122	114	104.829	1948.791	3251	2943	2722	2433	2147	1942	1768	1554	1241	862	582	1	229	61.340	290.039	0	0	0	1599	1739.236	0	0	2712	2542.913	0	0	0	0	0.000	0.000	0	0	0	0	0.000	0	0	0	0.000	0	0
49	49	2191	1212.370	261.563	0.925	80	409	1247	369	53	80	409	1247	369	53	109.995	252.449	352	320	301	282	266	249	234	221	206	190	151	104.232	139.072	161	152	148	145	141	138	136	133	131	127	112	0	0	0.000	0.000	0	0	0	0	0.000	0	0	0	0.000	0	0	0	0	0.000	0.000	0	0	0	0	0.000	0	0	0	0.000	0	0
50	50	1736	370.748	256.900	0.858	310	1161	217	14	3	310	1161	217	14	3	108.865	198.446	1276	289	177	158	154	151	149	144	137	129	116	103.783	117.041	144	123	121	119	118	117	115	114	113	111	106	1	133	380.825	247.885	0	0	0	606	660.098	0	0	120	119.090	0	0	0	0	0.000	0.000	0	0	0	0	0.000	0	0	0	0.000	0	0
51	51	368	1249.679	256.113	0.939	68	134	103	49	10	68	134	103	49	10	110.000	153.902	179	172	169	165	160	156	150	144	139	132	124	104.000	119.717	132	126	124	123	122	120	118	116	115	113	108	0	0	0.000	0.000	0	0	0	0	0.000	0	0	0	0.000	0	0	0	0	0.000	0.000	0	0	0	0	0.000	0	0	0	0.000	0	0
52	52	1882	169.833	282.030	0.874	27	148	1001	582	89	27	148	1001	582	89	108.124	180.940	237	219	210	197	186	178	170	162	154	147	136	104.998	531.624	874	764	700	654	609	558	484	398	328	282	230	0	0	0.000	0.000	0	0	0	0	0.000	0	0	0	0.000	0	0	0	0	0.000	0.000	0	0	0	0	0.000	0	0	0	0.000	0	0
53	53	1936	235.869	283.928	0.875	47	355	1079	380	32	47	355	1079	380	32	109.000	210.999	396	252	235	227	219	211	199	189	178	161	125	104.699	545.845	840	755	714	666	611	556	515	455	378	307	142	0	0	0.000	0.000	0	0	0	0	0.000	0	0	0	0.000	0	0	0	0	0.000	0.000	0	0	0	0	0.000	0	0	0	0.000	0	0
54	54	1167	1410.657	280.698	0.913	115	437	528	50	12	115	437	528	50	12	109.000	146.136	174	163	157	153	150	147	144	139	133	128	119	104.219	1748.141	3027	2423	2238	2092	1944	1806	1622	1443	1245	1018	489	0	0	0.000	0.000	0	0	0	0	0.000	0	0	0	0.000	0	0	0	0	0.000	0.000	0	0	0	0	0.000	0	0	0	0.000	0	0
55	55	1339	116.267	284.504	0.905	77	193	718	304	12	77	193	718	304	12	107.931	186.037	286	229	217	207	197	186	175	163	150	140	125	104.841	607.609	843	785	736	702	664	632	598	553	481	373	233	0	0	0.000	0.000	0	0	0	0	0.000	0	0	0	0.000	0	0	0	0	0.000	0.000	0	0	0	0	0.000	0	0	0	0.000	0	0
56	56	1898	414.207	293.224	0.869	23	246	1005	549	42	23	246	1005	549	42	110.544	249.800	1131	358	279	243	218	202	189	181	173	162	134	105.058	120.399	131	125	124	123	122	120	119	118	117	116	109	1	124	419.049	311.652	0	0	0	677	708.508	0	0	124	123.661	0	0	0	0	0.000	0.000	0	0	0	0	0.000	0	0	0	0.000	0	0
57	57	1703	1178.131	300.960	0.892	33	781	791	49	6	33	781	791	49	6	110.000	225.259	310	282	270	254	237	223	204	193	184	178	149	104.497	130.586	149	140	137	135	133	131	128	126	124	122	112	0	0	0.000	0.000	0	0	0	0	0.000	0	0	0	0.000	0	0	0	0	0.000	0.000	0	0	0	0	0.000	0	0	0	0.000	0	0
58	58	1524	1939.550	299.280	0.916	1156	263	41	23	12	1156	263	41	23	12	107.979	138.076	150	147	146	145	143	141	138	134	128	125	120	102.959	169.689	203	189	184	180	177	173	169	161	152	144	132	0	0	0.000	0.000	0	0	0	0	0.000	0	0	0	0.000	0	0	0	0	0.000	0.000	0	0	0	0	0.000	0	0	0	0.000	0	0
59	59	558	460.787	293.302	0.894	304	165	38	26	21	304	165	38	26	21	111.000	139.805	165	158	151	145	140	137	134	132	130	128	123	105.520	186.799	685	306	210	167	159	155	150	142	136	130	123	0	0	0.000	0.000	0	0	0	0	0.000	0	0	0	0.000	0	0	0	0	0.000	0.000	0	0	0	0	0.000	0	0	0	0.000	0	0
60	60	1643	1125.995	307.134	0.896	77	352	912	245	22	77	352	912	245	22	109.298	120.258	128	125	123	122	121	120	119	118	117	116	111	103.917	1541.620	2837	2365	1981	1811	1638	1469	1317	1178	1061	911	559	0	0	0.000	0.000	0	0	0	0	0.000	0	0	0	0.000	0	0	0	0	0.000	0.000	0	0	0	0	0.000	0	0	0	0.000	0	0
61	61	2287	485.875	324.592	0.860	52	1385	698	88	14	52	1385	698	88	14	110.491	169.537	198	186	183	180	177	173	166	159	154	149	134	104.888	1667.695	2413	2188	2075	1997	1911	1815	1610	1433	1233	934	472	0	0	0.000	0.000	0	0	0	0	0.000	0	0	0	0.000	0	0	0	0	0.000	0.000	0	0	0	0	0.000	0	0	0	0.000	0	0
62	62	802	770.647	309.019	0.851	99	311	257	92	32	99	311	257	92	32	109.000	338.918	604	497	429	382	340	317	295	272	252	226	180	103.000	149.086	208	180	163	153	149	145	140	137	134	129	116	0	0	0.000	0.000	0	0	0	0	0.000	0	0	0	0.000	0	0	0	0	0.000	0.000	0	0	0	0	0.000	0	0	0	0.000	0	0
63	63	333	1900.863	309.687	0.955	38	75	143	65	7	38	75	143	65	7	108.889	128.168	141	135	133	131	130	129	127	125	123	120	115	103.000	426.568	587	563	531	496	462	438	407	365	328	284	202	0	0	0.000	0.000	0	0	0	0	0.000	0	0	0	0.000	0	0	0	0	0.000	0.000	0	0	0	0	0.000	0	0	0	0.000	0	0
64	64	1844	545.057	325.526	0.893	168	1240	357	32	7	168	1240	357	32	7	109.256	517.966	13821	523	181	168	162	157	153	148	142	132	120	103.295	153.247	189	170	165	161	158	154	151	146	141	135	116	1	98	535.546	317.250	0	0	0	4949	5685.214	0	0	174	174.265	0	0	0	0	0.000	0.000	0	0	0	0	0.000	0	0	0	0.000	0	0
65	65	2005	810.864	335.240	0.882	201	1058	578	101	29	201	1058	578	101	29	109.440	117.562	123	120	119	119	118	118	117	117	116	115	110	102.608	116.071	125	120	119	118	117	116	115	114	113	112	104	0	0	0.000	0.000	0	0	0	0	0.000	0	0	0	0.000	0	0	0	0	0.000	0.000	0	0	0	0	0.000	0	0	0	0.000	0	0
66	66	1405	364.744	333.045	0.907	316	656	315	72	10	316	656	315	72	10	110.000	426.297	1547	784	549	448	389	345	305	267	231	201	162	104.409	127.774	163	139	135	132	129	127	125	123	120	116	109	1	115	359.650	336.043	0	0	0	1101	1120.809	0	0	134	133.652	0	0	0	0	0.000	0.000	0	0	0	0	0.000	0	0	0	0.000	0	0
67	67	2113	138.665	342.136	0.869	54	502	1108	359	44	54	502	1108	359	44	107.212	114.317	121	117	116	115	115	114	114	113	113	112	109	103.210	615.426	935	805	746	695	655	623	591	550	487	401	240	0	0	0.000	0.000	0	0	0	0	0.000	0	0	0	0.000	0	0	0	0	0.000	0.000	0	0	0	0	0.000	0	0	0	0.000	0	0
68	68	2491	1906.875	350.174	0.903	23	132	1182	1056	45	23	132	1182	1056	45	108.764	316.790	3701	394	177	172	168	164	160	156	150	141	125	103.210	721.533	1117	968	918	867	807	755	698	625	538	390	216	1	218	1918.465	354.951	0	0	0	1702	1801.092	0	0	898	858.307	0	0	0	0	0.000	0.000	0	0	0	0	0.000	0	0	0	0.000	0	0
69	69	721	1184.851	346.194	0.900	14	113	367	176	27	14	113	367	176	27	110.000	177.724	215	204	198	191	185	178	171	165	158	151	137	104.000	122.865	133	129	127	126	125	123	122	120	118	117	111	0	0	0.000	0.000	0	0	0	0	0.000	0	0	0	0.000	0	0	0	0	0.000	0.000	0	0	0	0	0.000	0	0	0	0.000	0	0
70	70	958	390.278	367.216	0.909	50	414	419	48	10	50	414	419	48	10	110.000	149.035	167	158	156	154	152	150	148	145	142	137	125	105.000	1299.813	1784	1614	1548	1483	1416	1338	1253	1162	1068	930	536	0	0	0.000	0.000	0	0	0	0	0.000	0	0	0	0.000	0	0	0	0	0.000	0.000	0	0	0	0	0.000	0	0	0	0.000	0	0
71	71	2740	447.970	375.400	0.802	24	164	2026	443	48	24	164	2026	443	48	110.060	153.370	181	172	168	164	160	155	149	143	138	132	120	105.000	1489.521	2265	2116	1998	1900	1777	1613	1408	1211	936	601	385	0	0	0.000	0.000	0	0	0	0	0.000	0	0	0	0.000	0	0	0	0	0.000	0.000	0	0	0	0	0.000	0	0	0	0.000	0	0
72	72	2373	1962.308	375.746	0.887	1805	445	24	15	9	1805	445	24	15	9	107.914	188.367	969	254	173	166	162	159	155	150	145	137	126	102.939	815.665	1181	1053	1005	962	914	859	802	735	624	468	347	2	117	1954.557	385.678	54	1966.848	365.278	535	555.769	405	411	946	941.872	865	870.759	0	0	0.000	0.000	0	0	0	0	0.000	0	0	0	0.000	0	0
73	73	1406	1178.848	392.407	0.907	22	760	536	49	7	22	760	536	49	7	110.000	119.539	131	125	122	121	120	119	118	117	116	116	113	104.039	744.356	1023	925	879	828	791	753	713	674	622	545	378	0	0	0.000	0.000	0	0	0	0	0.000	0	0	0	0.000	0	0	0	0	0.000	0.000	0	0	0	0	0.000	0	0	0	0.000	0	0
74	74	729	1589.458	390.594	0.872	18	164	298	194	42	18	164	298	194	42	110.000	126.111	133	131	130	128	128	127	125	124	123	121	117	102.609	122.383	135	127	126	124	123	122	121	120	119	118	113	0	0	0.000	0.000	0	0	0	0	0.000	0	0	0	0.000	0	0	0	0	0.000	0.000	0	0	0	0	0.000	0	0	0	0.000	0	0
75	75	1448	1228.015	403.593	0.905	718	589	37	36	19	718	589	37	36	19	109.422	117.523	124	121	119	119	118	117	117	116	116	115	112	103.470	743.508	1021	931	876	829	789	755	720	681	634	534	335	0	0	0.000	0.000	0	0	0	0	0.000	0	0	0	0.000	0	0	0	0	0.000	0.000	0	0	0	0	0.000	0	0	0	0.000	0	0
76	76	1844	1069.392	415.133	0.912	73	447	1108	150	31	73	447	1108	150	31	110.000	153.457	181	170	164	160	157	154	152	148	142	136	125	104.147	1676.054	2563	2337	2187	2034	1918	1744	1539	1338	1145	931	578	0	0	0.000	0.000	0	0	0	0	0.000	0	0	0	0.000	0	0	0	0	0.000	0.000	0	0	0	0	0.000	0	0	0	0.000	0	0
77	77	1825	1876.999	415.162	0.884	67	730	869	114	11	67	730	869	114	11	108.157	114.134	120	116	115	115	114	114	114	113	113	112	109	103.000	147.571	172	161	157	154	151	148	145	142	138	133	127	0	0	0.000	0.000	0	0	0	0	0.000	0	0	0	0.000	0	0	0	0	0.000	0.000	0	0	0	0	0.000	0	0	0	0.000	0	0
78	78	1990	1629.481	418.919	0.896	262	1640	55	9	6	262	1640	55	9	6	109.813	233.519	4481	201	140	138	136	135	134	131	128	124	116	103.017	124.109	137	131	129	127	126	125	123	121	119	117	108	1	89	1622.172	409.804	0	0	0	1754	1932.640	0	0	129	128.910	0	0	0	0	0.000	0.000	0	0	0	0	0.000	0	0	0	0.000	0	0
79	79	1244	59.514	421.480	0.903	71	233	567	290	55	71	233	567	290	55	105.603	131.687	205	166	139	134	129	125	121	119	116	115	111	101.260	1205.656	1959	1685	1545	1419	1303	1194	1101	1022	887	733	453	0	0	0.000	0.000	0	0	0	0	0.000	0	0	0	0.000	0	0	0	0	0.000	0.000	0	0	0	0	0.000	0	0	0	0.000	0	0
80	80	770	483.317	416.812	0.899	185	363	131	62	10	185	363	131	62	10	108.740	124.438	139	133	131	128	127	124	123	120	118	116	112	104.017	118.186	139	125	123	121	120	118	116	114	112	110	106	0	0	0.000	0.000	0	0	0	0	0.000	0	0	0	0.000	0	0	0	0	0.000	0.000	0	0	0	0	0.000	0	0	0	0.000	0	0
81	81	2676	406.185	432.409	0.872	22	582	1816	209	11	22	582	1816	209	11	109.000	160.397	217	179	175	172	167	163	158	152	144	135	127	104.193	1616.499	2467	2209	2105	1993	1852	1703	1533	1344	1105	856	525	0	0	0.000	0.000	0	0	0	0	0.000	0	0	0	0.000	0	0	0	0	0.000	0.000	0	0	0	0	0.000	0	0	0	0.000	0	0
82	82	2329	1928.721	442.945	0.874	175	1002	963	139	13	175	1002	963	139	13	108.000	114.142	121	117	116	115	115	114	114	113	112	112	108	102.970	151.586	177	166	161	158	155	152	149	146	143	138	116	0	0	0.000	0.000	0	0	0	0	0.000	0	0	0	0.000	0	0	0	0	0.000	0.000	0	0	0	0	0.000	0	0	0	0.000	0	0
83	83	1701	1166.350	447.591	0.891	29	181	1268	171	34	29	181	1268	171	34	109.727	118.885	126	123	121	120	119	119	118	117	117	116	113	104.635	583.367	803	749	715	680	646	611	572	519	451	358	271	0	0	0.000	0.000	0	0	0	0	0.000	0	0	0	0.000	0	0	0	0	0.000	0.000	0	0	0	0	0.000	0	0	0	0.000	0	0
84	84	1760	1112.895	450.132	0.899	49	365	821	458	33	49	365	821	458	33	110.000	145.719	166	158	153	150	148	145	143	140	138	135	124	105.000	1272.125	2231	1901	1764	1631	1460	1287	1093	923	798	614	304	0	0	0.000	0.000	0	0	0	0	0.000	0	0	0	0.000	0	0	0	0	0.000	0.000	0	0	0	0	0.000	0	0	0	0.000	0	0
85	85	1988	2012.247	478.916	0.886	37	278	947	642	42	37	278	947	642	42	106.863	145.037	590	150	145	142	140	137	134	131	128	123	114	103.080	585.999	975	824	748	689	639	592	545	488	407	337	243	1	70	2017.349	489.247	0	0	0	329	344.200	0	0	884	872.414	0	0	0	0	0.000	0.000	0	0	0	0	0.000	0	0	0	0.000	0	0
86	86	1935	334.102	488.938	0.872	112	657	974	141	9	112	657	974	141	9	108.545	116.611	125	120	118	118	117	116	116	115	115	114	111	103.275	221.704	306	264	252	242	234	227	216	205	191	175	123	0	0	0.000	0.000	0	0	0	0	0.000	0	0	0	0.000	0	0	0	0	0.000	0.000	0	0	0	0	0.000	0	0	0	0.000	0	0
87	87	2274	1498.784	487.060	0.888	22	83	931	1132	60	22	83	931	1132	60	109.508	141.781	163	152	150	148	145	143	140	137	134	131	118	104.223	599.562	990	828	767	712	651	595	542	489	433	371	210	0	0	0.000	0.000	0	0	0	0	0.000	0	0	0	0.000	0	0	0	0	0.000	0.000	0	0	0	0	0.000	0	0	0	0.000	0	0
88	88	1226	1897.073	485.240	0.913	70	342	646	129	20	70	342	646	129	20	108.178	117.319	134	123	120	118	117	116	115	115	114	113	111	103.440	580.540	869	784	731	685	639	593	540	489	433	364	238	1	177	1898.831	486.048	0	0	0	125	125.667	0	0	515	546.124	0	0	0	0	0.000	0.000	0	0	0	0	0.000	0	0	0	0.000	0	0
89	89	1542	41.107	487.746	0.871	628	744	130	10	7	628	744	130	10	7	105.344	119.545	133	124	122	121	120	119	118	118	117	116	111	102.000	115.123	138	124	121	118	115	113	112	111	110	108	104	0	0	0.000	0.000	0	0	0	0	0.000	0	0	0	0.000	0	0	0	0	0.000	0.000	0	0	0	0	0.000	0	0	0	0.000	0	0
90	90	757	419.260	482.891	0.930	23	42	226	370	82	23	42	226	370	82	109.000	166.140	182	177	175	174	172	170	166	162	156	149	135	103.905	1551.137	2160	2073	1988	1892	1775	1638	1464	1281	1089	902	674	0	0	0.000	0.000	0	0	0	0	0.000	0	0	0	0.000	0	0	0	0	0.000	0.000	0	0	0	0	0.000	0	0	0	0.000	0	0
91	91	1954	92.514	494.169	0.888	157	1316	363	69	16	157	1316	363	69	16	105.990	120.424	136	125	123	122	121	120	119	118	118	116	112	102.000	117.350	133	127	124	121	118	116	114	113	111	110	105	0	0	0.000	0.000	0	0	0	0	0.000	0	0	0	0.000	0	0	0	0	0.000	0.000	0	0	0	0	0.000	0	0	0	0.000	0	0
92	92	1919	1296.248	497.152	0.876	151	1664	76	5	2	151	1664	76	5	2	109.999	130.336	144	138	136	134	133	131	129	126	124	121	113	104.000	570.089	919	801	729	673	620	562	513	472	420	343	268	0	0	0.000	0.000	0	0	0	0	0.000	0	0	0	0.000	0	0	0	0	0.000	0.000	0	0	0	0	0.000	0	0	0	0.000	0	0
93	93	1315	1140.904	496.089	0.919	39	107	916	215	15	39	107	916	215	15	109.494	116.397	124	118	118	117	117	116	116	116	115	114	111	105.000	577.785	842	770	729	698	655	608	556	495	413	322	237	0	0	0.000	0.000	0	0	0	0	0.000	0	0	0	0.000	0	0	0	0	0.000	0.000	0	0	0	0	0.000	0	0	0	0.000	0	0
94	94	1185	1949.459	496.263	0.907	65	207	710	174	10	65	207	710	174	10	108.926	145.403	167	160	155	152	150	147	143	140	134	129	121	103.801	567.327	800	739	701	657	617	581	539	489	441	373	254	0	0	0.000	0.000	0	0	0	0	0.000	0	0	0	0.000	0	0	0	0	0.000	0.000	0	0	0	0	0.000	0	0	0	0.000	0	0
95	95	1750	1546.952	513.463	0.869	48	142	512	935	92	48	142	512	935	92	110.317	146.713	173	162	157	154	150	147	144	141	136	131	121	104.922	804.533	1260	1170	1085	986	889	803	702	608	537	464	272	0	0	0.000	0.000	0	0	0	0	0.000	0	0	0	0.000	0	0	0	0	0.000	0.000	0	0	0	0	0.000	0	0	0	0.000	0	0
96	96	932	932.932	514.204	0.920	44	39	273	456	105	44	39	273	456	105	111.000	151.996	170	163	159	157	156	153	151	148	145	140	129	103.999	440.689	619	567	533	504	478	452	421	383	345	307	218	0	0	0.000	0.000	0	0	0	0	0.000	0	0	0	0.000	0	0	0	0	0.000	0.000	0	0	0	0	0.000	0	0	0	0.000	0	0
97	97	2215	1979.470	536.813	0.889	6	91	802	1202	74	6	91	802	1202	74	108.030	240.803	2597	294	160	154	151	148	144	140	136	132	116	103.724	497.615	829	714	636	583	532	493	444	394	346	315	177	1	154	1973.215	550.650	0	0	0	1215	1320.740	0	0	665	656.429	0	0	0	0	0.000	0.000	0	0	0	0	0.000	0	0	0	0.000	0	0
98	98	1553	1328.305	537.902	0.855	603	860	25	15	9	603	860	25	15	9	110.000	131.449	146	140	137	135	133	131	129	128	126	123	115	104.000	565.077	907	758	707	667	625	579	529	484	423	365	141	0	0	0.000	0.000	0	0	0	0	0.000	0	0	0	0.000	0	0	0	0	0.000	0.000	0	0	0	0	0.000	0	0	0	0.000	0	0
99	99	1016	1520.386	537.486	0.923	93	480	268	111	45	93	480	268	111	45	111.000	142.877	161	154	151	149	146	144	141	138	134	130	125	105.000	576.245	836	770	722	683	643	598	544	490	423	355	251	0	0	0.000	0.000	0	0	0	0	0.000	0	0	0	0.000	0	0	0	0	0.000	0.000	0	0	0	0	0.000	0	0	0	0.000	0	0
100	100	2225	989.880	547.514	0.861	160	1185	747	73	10	160	1185	747	73	10	111.000	334.968	5588	403	208	173	164	159	154	151	146	141	127	103.983	136.189	159	146	143	141	139	137	134	132	129	125	114	1	137	980.412	534.185	0	0	0	2158	2488.745	0	0	145	145.460	0	0	0	0	0.000	0.000	0	0	0	0	0.000	0	0	0	0.000	0	0
101	101	1865	928.696	565.623	0.839	37	152	896	713	26	37	152	896	713	26	111.000	152.194	187	166	161	157	155	153	150	147	142	137	128	103.873	427.798	713	607	549	503	461	421	388	352	310	250	198	0	0	0.000	0.000	0	0	0	0	0.000	0	0	0	0.000	0	0	0	0	0.000	0.000	0	0	0	0	0.000	0	0	0	0.000	0	0
102	102	502	1495.990	557.770	0.923	68	154	129	106	31	68	154	129	106	31	110.699	118.454	126	121	120	119	119	118	118	117	117	116	112	104.643	142.078	286	186	163	145	134	129	127	124	120	118	112	0	0	0.000	0.000	0	0	0	0	0.000	0	0	0	0.000	0	0	0	0	0.000	0.000	0	0	0	0	0.000	0	0	0	0.000	0	0
103	103	2093	1624.831	581.566	0.878	154	410	1179	275	29	154	410	1179	275	29	110.747	119.697	131	123	122	121	121	120	119	118	117	116	112	104.000	609.473	1011	844	736	668	626	588	553	522	481	432	279	0	0	0.000	0.000	0	0	0	0	0.000	0	0	0	0.000	0	0	0	0	0.000	0.000	0	0	0	0	0.000	0	0	0	0.000	0	0
104	104	2195	878.387	587.678	0.880	66	989	1010	67	9	66	989	1010	67	9	111.000	212.453	1328	346	171	157	152	148	145	141	135	129	121	104.275	433.343	694	603	555	504	459	426	394	365	323	260	197	1	219	891.297	593.968	0	0	0	681	732.000	0	0	540	530.233	0	0	0	0	0.000	0.000	0	0	0	0	0.000	0	0	0	0.000	0	0
105	105	769	1382.040	584.131	0.780	129	284	242	77	20	129	284	242	77	20	110.615	160.999	217	184	176	169	164	160	154	150	145	141	130	103.653	128.446	161	139	135	132	130	127	125	122	120	118	110	0	0	0.000	0.000	0	0	0	0	0.000	0	0	0	0.000	0	0	0	0	0.000	0.000	0	0	0	0	0.000	0	0	0	0.000	0	0
106	106	1576	1035.708	590.810	0.876	608	791	105	27	16	608	791	105	27	16	111.774	284.836	1004	448	334	275	244	232	220	206	193	178	147	104.000	122.587	138	129	127	125	124	123	122	120	119	116	106	1	134	1047.058	593.795	0	0	0	698	697.672	0	0	130	129.485	0	0	0	0	0.000	0.000	0	0	0	0	0.000	0	0	0	0.000	0	0
107	107	2000	817.056	594.186	0.896	10	50	574	1226	110	10	50	574	1226	110	110.977	150.198	197	164	162	160	158	155	149	142	134	128	123	104.947	517.168	725	678	656	632	603	570	524	452	344	255	205	0	0	0.000	0.000	0	0	0	0	0.000	0	0	0	0.000	0	0	0	0	0.000	0.000	0	0	0	0	0.000	0	0	0	0.000	0	0
108	108	1402	1089.940	598.248	0.923	90	300	572	379	43	90	300	572	379	43	111.058	249.792	1261	297	267	248	236	227	216	207	197	185	154	104.000	123.586	138	130	128	126	125	123	122	121	120	118	111	1	44	1103.288	588.717	0	0	0	730	727.773	0	0	128	127.591	0	0	0	0	0.000	0.000	0	0	0	0	0.000	0	0	0	0.000	0	0
109	109	809	1563.549	596.249	0.905	389	275	70	45	19	389	275	70	45	19	111.000	144.376	166	155	151	149	147	145	142	140	137	133	123	104.752	125.234	139	132	130	128	127	125	124	122	121	118	110	0	0	0.000	0.000	0	0	0	0	0.000	0	0	0	0.000	0	0	0	0	0.000	0.000	0	0	0	0	0.000	0	0	0	0.000	0	0
110	110	641	1209.371	599.684	0.912	126	316	157	23	6	126	316	157	23	6	111.602	158.002	222	187	174	167	162	156	151	145	139	133	126	103.817	171.334	217	198	192	187	181	176	167	157	148	139	122	0	0	0.000	0.000	0	0	0	0	0.000	0	0	0	0.000	0	0	0	0	0.000	0.000	0	0	0	0	0.000	0	0	0	0.000	0	0
111	111	959	1350.011	608.003	0.892	105	507	289	30	8	105	507	289	30	8	111.000	173.692	501	258	188	163	154	149	143	139	135	131	125	103.245	120.173	139	129	126	124	122	120	118	116	114	112	108	1	106	1343.373	597.870	0	0	0	327	335.585	0	0	126	125.755	0	0	0	0	0.000	0.000	0	0	0	0	0.000	0	0	0	0.000	0	0
112	112	1770	1512.777	610.005	0.923	47	459	1020	204	14	47	459	1020	204	14	111.000	139.661	157	151	148	144	142	139	137	135	133	129	117	103.982	176.197	217	199	192	187	182	177	173	168	160	152	129	0	0	0.000	0.000	0	0	0	0	0.000	0	0	0	0.000	0	0	0	0	0.000	0.000	0	0	0	0	0.000	0	0	0	0.000	0	0
113	113	1556	1662.204	621.522	0.902	100	947	410	44	18	100	947	410	44	18	110.191	117.976	124	121	120	119	118	118	117	117	116	115	112	103.810	695.381	1243	945	847	784	730	686	640	580	520	467	273	0	0	0.000	0.000	0	0	0	0	0.000	0	0	0	0.000	0	0	0	0	0.000	0.000	0	0	0	0	0.000	0	0	0	0.000	0	0
114	114	1293	1179.746	629.187	0.888	85	539	461	170	16	85	539	461	170	16	112.000	1620.663	12761	3949	1558	1111	962	887	773	656	512	386	223	103.892	227.783	336	301	281	265	248	229	212	195	171	150	125	1	147	1169.142	622.557	0	0	0	6589	6889.435	0	0	290	271.884	0	0	0	0	0.000	0.000	0	0	0	0	0.000	0	0	0	0.000	0	0
115	115	1272	1971.133	636.964	0.904	38	417	693	91	7	38	417	693	91	7	108.988	130.152	150	139	136	135	133	131	129	126	124	120	113	102.394	557.527	737	704	672	640	607	570	533	500	460	387	241	0	0	0.000	0.000	0	0	0	0	0.000	0	0	0	0.000	0	0	0	0	0.000	0.000	0	0	0	0	0.000	0	0	0	0.000	0	0
116	116	799	1553.469	639.468	0.898	71	358	318	32	4	71	358	318	32	4	110.788	133.906	148	140	137	136	135	134	133	132	131	128	122	103.503	171.930	191	184	181	178	176	174	171	167	164	158	144	0	0	0.000	0.000	0	0	0	0	0.000	0	0	0	0.000	0	0	0	0	0.000	0.000	0	0	0	0	0.000	0	0	0	0.000	0	0
117	117	759	815.828	644.013	0.845	33	79	329	256	46	33	79	329	256	46	110.972	154.602	198	172	167	161	158	154	150	146	142	138	128	105.206	119.652	142	125	123	122	121	120	118	117	115	114	110	0	0	0.000	0.000	0	0	0	0	0.000	0	0	0	0.000	0	0	0	0	0.000	0.000	0	0	0	0	0.000	0	0	0	0.000	0	0
118	118	1880	857.427	669.908	0.914	39	390	1179	228	18	39	390	1179	228	18	111.000	122.673	133	127	126	125	124	123	122	121	120	118	114	105.403	1690.394	2441	2288	2210	2135	1957	1764	1605	1424	1168	865	478	0	0	0.000	0.000	0	0	0	0	0.000	0	0	0	0.000	0	0	0	0	0.000	0.000	0	0	0	0	0.000	0	0	0	0.000	0	0
119	119	2145	2009.272	672.112	0.912	103	671	1020	271	26	103	671	1020	271	26	108.411	131.044	143	139	137	136	134	132	129	127	125	122	113	102.835	534.578	738	679	654	628	602	569	518	448	387	355	251	0	0	0.000	0.000	0	0	0	0	0.000	0	0	0	0.000	0	0	0	0	0.000	0.000	0	0	0	0	0.000	0	0	0	0.000	0	0
120	120	1808	792.770	677.661	0.888	1729	51	14	7	7	1729	51	14	7	7	111.080	121.328	129	125	124	123	122	121	121	120	119	118	114	105.866	749.964	1019	963	927	885	840	790	726	648	565	469	305	0	0	0.000	0.000	0	0	0	0	0.000	0	0	0	0.000	0	0	0	0	0.000	0.000	0	0	0	0	0.000	0	0	0	0.000	0	0
121	121	1589	1209.823	676.569	0.911	58	192	868	422	15	58	192	868	422	15	111.989	235.257	2206	452	170	135	132	129	128	126	123	121	115	104.000	564.243	823	754	719	672	628	570	507	459	415	381	231	1	156	1206.602	688.557	0	0	0	959	1041.551	0	0	399	413.064	0	0	0	0	0.000	0.000	0	0	0	0	0.000	0	0	0	0.000	0	0
122	122	1869	556.199	681.831	0.879	358	1088	299	77	14	358	1088	299	77	14	109.805	119.286	125	123	122	121	120	119	119	118	117	116	112	103.547	131.390	149	139	137	135	134	133	131	129	127	123	108	0	0	0.000	0.000	0	0	0	0	0.000	0	0	0	0.000	0	0	0	0	0.000	0.000	0	0	0	0	0.000	0	0	0	0.000	0	0
123	123	1868	1266.919	683.969	0.747	23	542	1071	180	12	23	542	1071	180	12	111.684	131.460	291	136	133	131	130	129	127	126	124	122	116	103.978	641.211	930	853	807	752	703	665	616	549	468	393	236	1	46	1278.636	667.155	0	0	0	218	214.109	0	0	657	627.326	0	0	0	0	0.000	0.000	0	0	0	0	0.000	0	0	0	0.000	0	0
124	124	2286	439.857	688.552	0.899	482	931	739	86	10	482	931	739	86	10	108.173	118.805	127	123	121	120	119	119	118	117	116	115	112	105.000	2089.175	4315	3328	2910	2667	2407	2067	1709	1413	1107	904	650	0	0	0.000	0.000	0	0	0	0	0.000	0	0	0	0.000	0	0	0	0	0.000	0.000	0	0	0	0	0.000	0	0	0	0.000	0	0
125	125	1974	1951.583	686.376	0.870	30	353	977	522	58	30	353	977	522	58	109.388	131.240	149	141	139	136	134	132	129	126	123	120	115	103.000	685.560	1015	933	877	829	788	730	665	590	471	342	257	0	0	0.000	0.000	0	0	0	0	0.000	0	0	0	0.000	0	0	0	0	0.000	0.000	0	0	0	0	0.000	0	0	0	0.000	0	0
126	126	341	1303.000	690.506	0.938	6	59	122	116	31	6	59	122	116	31	111.358	121.478	128	125	124	124	123	122	121	120	119	117	114	103.000	471.774	647	613	595	566	541	511	468	414	354	266	165	0	0	0.000	0.000	0	0	0	0	0.000	0	0	0	0.000	0	0	0	0	0.000	0.000	0	0	0	0	0.000	0	0	0	0.000	0	0
127	127	1845	825.950	715.221	0.882	10	178	1113	474	47	10	178	1113	474	47	111.745	123.170	138	128	126	125	124	123	122	121	120	118	112	106.002	1348.466	2262	2008	1893	1747	1586	1440	1244	993	748	555	386	0	0	0.000	0.000	0	0	0	0	0.000	0	0	0	0.000	0	0	0	0	0.000	0.000	0	0	0	0	0.000	0	0	0	0.000	0	0
128	128	632	1219.795	714.830	0.915	33	123	208	222	29	33	123	208	222	29	112.000	125.225	138	132	130	128	126	125	123	122	121	120	116	104.000	463.946	681	603	574	554	530	487	440	391	346	287	181	0	0	0.000	0.000	0	0	0	0	0.000	0	0	0	0.000	0	0	0	0	0.000	0.000	0	0	0	0	0.000	0	0	0	0.000	0	0
129	129	699	733.086	723.258	0.904	31	160	151	259	82	31	160	151	259	82	110.880	156.664	173	169	167	165	163	160	157	151	145	138	127	105.652	752.991	1124	1062	979	905	841	790	705	604	510	413	293	0	0	0.000	0.000	0	0	0	0	0.000	0	0	0	0.000	0	0	0	0	0.000	0.000	0	0	0	0	0.000	0	0	0	0.000	0	0
130	130	802	1922.255	722.936	0.911	9	120	458	180	22	9	120	458	180	22	109.627	134.118	153	144	141	138	137	135	132	129	126	123	117	103.647	624.297	886	805	753	704	680	649	618	565	498	403	229	0	0	0.000	0.000	0	0	0	0	0.000	0	0	0	0.000	0	0	0	0	0.000	0.000	0	0	0	0	0.000	0	0	0	0.000	0	0
131	131	1311	1252.293	730.333	0.894	48	253	612	315	42	48	253	612	315	42	111.989	471.564	4189	1250	496	277	216	186	170	159	149	141	127	103.672	124.725	151	139	132	128	125	123	121	119	117	114	107	1	168	1248.956	731.074	0	0	0	1845	2021.018	0	0	135	135.339	0	0	0	0	0.000	0.000	0	0	0	0	0.000	0	0	0	0.000	0	0
132	132	1755	782.674	733.442	0.865	434	855	241	154	49	434	855	241	154	49	111.844	156.785	204	172	167	163	161	158	156	151	145	138	126	106.702	997.589	1415	1248	1172	1108	1066	1025	975	921	833	698	421	0	0	0.000	0.000	0	0	0	0	0.000	0	0	0	0.000	0	0	0	0	0.000	0.000	0	0	0	0	0.000	0	0	0	0.000	0	0
133	133	1437	751.732	760.275	0.891	103	339	775	178	18	103	339	775	178	18	111.537	216.258	1211	363	200	169	163	159	154	149	143	136	125	105.867	770.818	1205	1053	996	929	853	775	699	629	553	470	337	1	140	761.312	758.263	0	0	0	596	657.293	0	0	1005	970.814	0	0	0	0	0.000	0.000	0	0	0	0	0.000	0	0	0	0.000	0	0
134	134	1542	826.292	764.581	0.872	10	53	297	1027	132	10	53	297	1027	132	111.994	184.029	230	215	208	201	194	187	178	169	159	148	133	105.765	1001.460	1404	1322	1257	1183	1122	1043	960	864	744	612	350	0	0	0.000	0.000	0	0	0	0	0.000	0	0	0	0.000	0	0	0	0	0.000	0.000	0	0	0	0	0.000	0	0	0	0.000	0	0
135	135	967	1827.685	767.134	0.846	65	132	445	257	50	65	132	445	257	50	110.995	128.304	143	137	133	131	129	128	126	125	124	121	114	103.000	687.726	1256	992	894	810	732	647	582	538	495	437	290	0	0	0.000	0.000	0	0	0	0	0.000	0	0	0	0.000	0	0	0	0	0.000	0.000	0	0	0	0	0.000	0	0	0	0.000	0	0
136	136	1830	1907.632	775.092	0.886	37	153	983	591	30	37	153	983	591	30	110.636	213.967	2200	261	141	138	136	135	133	130	128	125	120	104.000	910.470	1339	1263	1182	1093	997	905	824	743	653	557	437	1	137	1928.197	781.501	0	0	0	983	1070.511	0	0	918	902.650	0	0	0	0	0.000	0.000	0	0	0	0	0.000	0	0	0	0.000	0	0
137	137	563	258.884	772.846	0.888	126	232	133	56	11	126	232	133	56	11	109.000	150.387	199	190	175	162	152	144	137	133	128	125	120	102.947	157.490	233	211	190	174	161	151	141	132	126	120	108	0	0	0.000	0.000	0	0	0	0	0.000	0	0	0	0.000	0	0	0	0	0.000	0.000	0	0	0	0	0.000	0	0	0	0.000	0	0
138	138	273	778.540	768.269	0.738	29	43	52	86	56	29	43	52	86	56	111.930	119.777	143	125	121	120	119	119	118	118	118	117	112	106.000	162.758	398	246	191	170	154	144	134	126	119	115	109	0	0	0.000	0.000	0	0	0	0	0.000	0	0	0	0.000	0	0	0	0	0.000	0.000	0	0	0	0	0.000	0	0	0	0.000	0	0
139	139	2068	1973.102	795.880	0.837	46	335	1495	148	12	46	335	1495	148	12	109.112	138.618	170	152	150	146	142	139	136	131	128	124	117	102.971	758.953	1175	1063	985	930	861	793	721	626	504	388	281	0	0	0.000	0.000	0	0	0	0	0.000	0	0	0	0.000	0	0	0	0	0.000	0.000	0	0	0	0	0.000	0	0	0	0.000	0	0
140	140	1801	790.218	801.365	0.888	51	559	941	191	30	51	559	941	191	30	112.000	189.478	699	251	193	178	169	161	156	153	149	147	137	105.198	546.650	1213	933	752	628	550	477	423	373	336	297	245	1	123	792.615	792.064	0	0	0	434	454.333	0	0	713	743.764	0	0	0	0	0.000	0.000	0	0	0	0	0.000	0	0	0	0.000	0	0
141	141	1829	592.317	812.146	0.873	167	1309	304	21	4	167	1309	304	21	4	110.021	161.450	510	172	166	162	159	157	155	152	147	139	125	103.939	389.794	546	481	454	430	405	383	364	346	330	309	220	1	41	573.370	810.687	0	0	0	341	340.927	0	0	408	396.683	0	0	0	0	0.000	0.000	0	0	0	0	0.000	0	0	0	0.000	0	0
142	142	1418	1558.625	809.684	0.923	59	294	747	272	23	59	294	747	272	23	110.944	117.590	125	120	119	118	118	117	117	116	116	115	113	103.238	162.379	196	185	178	171	166	162	157	152	147	142	128	0	0	0.000	0.000	0	0	0	0	0.000	0	0	0	0.000	0	0	0	0	0.000	0.000	0	0	0	0	0.000	0	0	0	0.000	0	0
143	143	1457	293.818	810.599	0.876	38	244	929	208	14	38	244	929	208	14	109.717	382.183	5090	523	258	245	236	226	214	200	181	161	136	102.756	119.839	143	126	124	123	122	121	119	117	115	112	105	1	91	282.105	817.726	0	0	0	2204	2369.780	0	0	128	128.780	0	0	0	0	0.000	0.000	0	0	0	0	0.000	0	0	0	0.000	0	0
144	144	214	2013.323	803.429	0.924	21	53	67	51	18	21	53	67	51	18	108.000	118.449	124	122	121	120	119	118	118	117	116	115	112	102.000	247.248	402	365	342	318	287	255	214	181	148	124	111	0	0	0.000	0.000	0	0	0	0	0.000	0	0	0	0.000	0	0	0	0	0.000	0.000	0	0	0	0	0.000	0	0	0	0.000	0	0
145	145	1144	713.271	818.548	0.911	48	379	412	216	63	48	379	412	216	63	111.448	595.967	4172	1142	648	500	428	392	354	322	285	245	174	104.000	162.781	275	207	176	168	163	157	152	146	140	133	109	1	102	717.210	821.021	0	0	0	2095	2236.353	0	0	233	225.343	0	0	0	0	0.000	0.000	0	0	0	0	0.000	0	0	0	0.000	0	0
146	146	643	1931.479	816.967	0.924	35	59	239	252	45	35	59	239	252	45	109.502	124.449	134	130	128	127	125	124	123	122	121	120	115	103.568	689.904	954	912	870	827	778	722	658	600	516	417	248	0	0	0.000	0.000	0	0	0	0	0.000	0	0	0	0.000	0	0	0	0	0.000	0.000	0	0	0	0	0.000	0	0	0	0.000	0	0
147	147	1415	547.420	831.123	0.854	23	412	775	157	19	23	412	775	157	19	110.087	152.811	213	172	168	164	158	152	147	143	137	133	123	103.135	371.506	518	482	460	435	413	389	359	320	280	232	180	0	0	0.000	0.000	0	0	0	0	0.000	0	0	0	0.000	0	0	0	0	0.000	0.000	0	0	0	0	0.000	0	0	0	0.000	0	0
148	148	2235	229.109	837.832	0.855	1582	416	181	25	11	1582	416	181	25	11	108.966	116.055	125	119	118	117	116	116	115	115	114	114	110	102.987	230.821	313	278	261	249	240	231	222	214	201	182	138	0	0	0.000	0.000	0	0	0	0	0.000	0	0	0	0.000	0	0	0	0	0.000	0.000	0	0	0	0	0.000	0	0	0	0.000	0	0
149	149	1672	1516.290	845.690	0.892	27	86	553	806	166	27	86	553	806	166	110.806	117.557	122	120	119	118	118	118	117	117	116	115	111	103.170	162.342	204	188	181	177	171	165	157	148	141	135	121	0	0	0.000	0.000	0	0	0	0	0.000	0	0	0	0.000	0	0	0	0	0.000	0.000	0	0	0	0	0.000	0	0	0	0.000	0	0
150	150	209	827.656	835.204	0.903	19	67	69	40	10	19	67	69	40	10	111.000	140.617	163	160	156	151	144	140	134	131	127	124	120	104.000	143.086	187	177	168	161	150	140	131	124	118	114	110	0	0	0.000	0.000	0	0	0	0	0.000	0	0	0	0.000	0	0	0	0	0.000	0.000	0	0	0	0	0.000	0	0	0	0.000	0	0
151	151	1212	762.503	843.996	0.908	88	631	355	106	19	88	631	355	106	19	112.000	163.167	360	204	164	160	157	155	151	147	141	135	127	104.758	595.205	929	833	767	701	649	599	540	480	424	361	302	1	61	768.822	856.285	0	0	0	290	289.049	0	0	516	523.393	0	0	0	0	0.000	0.000	0	0	0	0	0.000	0	0	0	0.000	0	0
152	152	2355	366.233	854.815	0.862	125	1151	788	198	36	125	1151	788	198	36	109.143	122.268	131	127	125	124	123	122	121	120	119	118	112	103.028	131.786	144	139	137	135	134	132	131	130	128	125	110	0	0	0.000	0.000	0	0	0	0	0.000	0	0	0	0.000	0	0	0	0	0.000	0.000	0	0	0	0	0.000	0	0	0	0.000	0	0
153	153	482	1556.353	850.382	0.931	18	23	143	236	55	18	23	143	236	55	110.517	115.921	120	118	117	117	116	116	116	115	115	114	111	103.000	142.614	172	159	154	151	147	144	140	135	130	123	116	0	0	0.000	0.000	0	0	0	0	0.000	0	0	0	0.000	0	0	0	0	0.000	0.000	0	0	0	0	0.000	0	0	0	0.000	0	0
154	154	1677	1755.916	863.636	0.886	70	219	980	366	17	70	219	980	366	17	110.999	118.733	127	123	121	120	119	118	118	117	116	115	112	104.000	241.899	337	307	290	273	258	241	226	209	194	178	157	0	0	0.000	0.000	0	0	0	0	0.000	0	0	0	0.000	0	0	0	0	0.000	0.000	0	0	0	0	0.000	0	0	0	0.000	0	0
155	155	962	280.488	857.129	0.900	355	334	135	98	22	355	334	135	98	22	109.071	479.154	2694	1139	506	364	331	301	265	237	212	189	163	103.000	122.962	141	132	129	127	125	123	120	118	117	115	109	1	134	280.754	847.347	0	0	0	1448	1513.836	0	0	131	130.224	0	0	0	0	0.000	0.000	0	0	0	0	0.000	0	0	0	0.000	0	0
156	156	824	684.619	858.325	0.928	19	69	275	368	73	19	69	275	368	73	111.000	118.357	124	121	120	119	119	118	118	117	117	116	114	103.718	126.524	137	133	131	130	128	127	126	125	123	119	109	0	0	0.000	0.000	0	0	0	0	0.000	0	0	0	0.000	0	0	0	0	0.000	0.000	0	0	0	0	0.000	0	0	0	0.000	0	0
157	157	1289	416.455	862.602	0.912	73	419	619	139	15	73	419	619	139	15	110.000	118.962	126	122	121	120	120	119	119	118	116	115	112	103.401	127.667	149	139	136	134	131	128	125	123	120	115	106	0	0	0.000	0.000	0	0	0	0	0.000	0	0	0	0.000	0	0	0	0	0.000	0.000	0	0	0	0	0.000	0	0	0	0.000	0	0
158	158	727	807.701	868.292	0.878	54	244	293	108	9	54	244	293	108	9	111.000	173.202	227	203	187	181	176	171	166	161	156	151	138	104.000	187.187	252	216	205	198	190	183	178	173	169	164	145	0	0	0.000	0.000	0	0	0	0	0.000	0	0	0	0.000	0	0	0	0	0.000	0.000	0	0	0	0	0.000	0	0	0	0.000	0	0
159	159	937	746.586	880.811	0.882	26	124	144	435	187	26	124	144	435	187	111.625	150.218	171	164	161	159	157	154	149	143	137	132	123	104.000	808.823	1060	1010	986	955	924	882	808	724	615	491	273	0	0	0.000	0.000	0	0	0	0	0.000	0	0	0	0.000	0	0	0	0	0.000	0.000	0	0	0	0	0.000	0	0	0	0.000	0	0
160	160	1281	1841.860	886.823	0.917	62	405	713	76	10	62	405	713	76	10	110.622	219.273	310	267	253	239	229	219	212	200	185	169	144	104.000	955.440	1688	1275	1147	1066	1013	942	880	818	739	651	365	0	0	0.000	0.000	0	0	0	0	0.000	0	0	0	0.000	0	0	0	0	0.000	0.000	0	0	0	0	0.000	0	0	0	0.000	0	0
161	161	1467	898.017	890.404	0.899	62	399	721	189	62	62	399	721	189	62	111.000	188.556	1089	267	193	170	162	157	153	149	144	136	125	102.041	122.089	137	130	128	126	124	123	122	120	117	112	104	1	67	897.211	895.309	0	0	0	546	561.746	0	0	125	125.209	0	0	0	0	0.000	0.000	0	0	0	0	0.000	0	0	0	0.000	0	0
162	162	1933	1980.320	899.600	0.885	100	570	820	376	36	100	570	820	376	36	109.092	165.983	1013	168	159	154	150	147	144	140	137	133	124	102.990	560.936	909	781	725	678	632	585	522	454	383	301	210	1	76	1984.922	888.940	0	0	0	517	534.329	0	0	713	693.342	0	0	0	0	0.000	0.000	0	0	0	0	0.000	0	0	0	0.000	0	0
163	163	758	1724.571	893.273	0.901	156	331	220	33	5	156	331	220	33	5	111.000	405.040	1336	780	589	482	402	328	270	223	189	163	131	103.157	138.590	197	175	164	158	149	137	125	115	110	108	104	1	60	1726.664	890.314	0	0	0	1001	999.917	0	0	172	170.150	0	0	0	0	0.000	0.000	0	0	0	0	0.000	0	0	0	0.000	0	0
164	164	1971	695.580	908.468	0.877	141	752	857	150	21	141	752	857	150	21	111.000	117.922	124	120	120	119	119	118	117	117	116	115	113	103.797	128.935	145	137	135	133	131	129	127	125	123	121	111	0	0	0.000	0.000	0	0	0	0	0.000	0	0	0	0.000	0	0	0	0	0.000	0.000	0	0	0	0	0.000	0	0	0	0.000	0	0
165	165	538	250.786	909.537	0.871	121	184	158	51	8	121	184	158	51	8	108.444	289.868	402	372	338	327	314	302	279	255	231	199	164	102.866	121.037	133	127	125	124	122	121	120	119	117	114	107	0	0	0.000	0.000	0	0	0	0	0.000	0	0	0	0.000	0	0	0	0	0.000	0.000	0	0	0	0	0.000	0	0	0	0.000	0	0
166	166	1545	651.155	923.110	0.886	84	328	805	283	28	84	328	805	283	28	110.584	120.386	131	124	123	121	121	120	119	119	118	117	113	103.617	122.432	135	128	126	125	123	122	121	120	119	117	110	0	0	0.000	0.000	0	0	0	0	0.000	0	0	0	0.000	0	0	0	0	0.000	0.000	0	0	0	0	0.000	0	0	0	0.000	0	0
167	167	1345	564.796	924.468	0.920	54	713	442	73	28	54	713	442	73	28	110.000	290.698	4076	418	211	173	159	154	149	143	138	131	122	103.000	127.242	141	134	132	131	129	128	127	126	123	119	109	1	95	565.355	921.589	0	0	0	1477	1704.105	0	0	131	131.916	0	0	0	0	0.000	0.000	0	0	0	0	0.000	0	0	0	0.000	0	0
168	168	1477	1896.959	927.805	0.892	36	289	755	338	34	36	289	755	338	34	110.167	157.783	183	175	171	165	162	159	155	150	146	140	128	103.405	670.578	959	904	847	776	715	669	623	566	505	448	304	0	0	0.000	0.000	0	0	0	0	0.000	0	0	0	0.000	0	0	0	0	0.000	0.000	0	0	0	0	0.000	0	0	0	0.000	0	0
169	169	1316	756.463	929.381	0.868	13	95	575	561	47	13	95	575	561	47	111.000	116.878	123	120	119	118	117	117	116	116	115	114	112	103.973	126.467	141	135	132	130	128	127	125	124	121	117	107	0	0	0.000	0.000	0	0	0	0	0.000	0	0	0	0.000	0	0	0	0	0.000	0.000	0	0	0	0	0.000	0	0	0	0.000	0	0
170	170	1565	810.901	931.316	0.890	48	244	928	293	26	48	244	928	293	26	111.000	160.458	186	176	173	170	166	162	158	153	147	141	132	103.000	167.472	196	186	181	178	175	171	166	160	152	144	129	0	0	0.000	0.000	0	0	0	0	0.000	0	0	0	0.000	0	0	0	0	0.000	0.000	0	0	0	0	0.000	0	0	0	0.000	0	0
171	171	2379	354.708	959.556	0.874	30	600	1385	303	20	30	600	1385	303	20	109.000	116.281	123	119	118	117	117	116	116	115	114	113	111	104.187	1152.383	1940	1685	1555	1436	1293	1152	1038	918	779	549	356	0	0	0.000	0.000	0	0	0	0	0.000	0	0	0	0.000	0	0	0	0	0.000	0.000	0	0	0	0	0.000	0	0	0	0.000	0	0
172	172	2454	716.993	967.315	0.901	1277	1046	59	14	6	1277	1046	59	14	6	111.309	118.820	127	122	121	120	119	119	118	118	117	116	112	104.000	129.162	145	137	135	133	132	129	127	125	123	120	111	0	0	0.000	0.000	0	0	0	0	0.000	0	0	0	0.000	0	0	0	0	0.000	0.000	0	0	0	0	0.000	0	0	0	0.000	0	0
173	173	1799	1938.520	967.157	0.866	89	594	838	228	20	89	594	838	228	20	110.664	154.042	181	170	166	162	157	154	150	147	143	138	131	103.000	596.999	942	847	797	742	681	609	526	444	388	343	266	0	0	0.000	0.000	0	0	0	0	0.000	0	0	0	0.000	0	0	0	0	0.000	0.000	0	0	0	0	0.000	0	0	0	0.000	0	0
174	174	1194	837.864	968.905	0.894	69	342	705	54	6	69	342	705	54	6	111.254	166.383	197	188	184	179	174	169	164	157	148	138	128	103.000	182.729	231	210	203	199	193	185	177	171	163	151	125	0	0	0.000	0.000	0	0	0	0	0.000	0	0	0	0.000	0	0	0	0	0.000	0.000	0	0	0	0	0.000	0	0	0	0.000	0	0
175	175	1483	295.405	974.609	0.894	486	595	225	112	37	486	595	225	112	37	109.000	115.862	124	118	117	117	116	116	115	115	114	114	111	103.787	1279.650	1860	1708	1612	1525	1430	1324	1204	1067	930	786	541	0	0	0.000	0.000	0	0	0	0	0.000	0	0	0	0.000	0	0	0	0	0.000	0.000	0	0	0	0	0.000	0	0	0	0.000	0	0
176	176	2068	410.462	979.925	0.885	108	533	1119	250	22	108	533	1119	250	22	109.916	117.268	124	120	119	118	118	117	117	116	116	115	112	105.000	975.874	1655	1403	1306	1177	1062	970	880	794	671	527	352	0	0	0.000	0.000	0	0	0	0	0.000	0	0	0	0.000	0	0	0	0	0.000	0.000	0	0	0	0	0.000	0	0	0	0.000	0	0
177	177	325	771.098	967.317	0.872	17	20	56	155	69	17	20	56	155	69	111.458	133.385	145	141	139	137	135	133	132	130	128	126	123	103.003	136.185	157	151	147	143	139	135	133	129	126	123	118	0	0	0.000	0.000	0	0	0	0	0.000	0	0	0	0.000	0	0	0	0	0.000	0.000	0	0	0	0	0.000	0	0	0	0.000	0	0
178	178	1878	1452.381	990.644	0.825	134	479	937	261	27	134	479	937	261	27	111.000	129.764	181	145	133	129	127	126	125	124	123	122	117	103.000	123.881	156	136	127	125	123	122	121	120	118	115	106	0	0	0.000	0.000	0	0	0	0	0.000	0	0	0	0.000	0	0	0	0	0.000	0.000	0	0	0	0	0.000	0	0	0	0.000	0	0
179	179	1544	768.933	1002.917	0.913	20	63	549	808	79	20	63	549	808	79	111.826	184.523	222	211	204	198	192	185	180	175	166	155	134	102.881	202.342	259	240	230	220	209	199	191	185	179	170	136	0	0	0.000	0.000	0	0	0	0	0.000	0	0	0	0.000	0	0	0	0	0.000	0.000	0	0	0	0	0.000	0	0	0	0.000	0	0
180	180	1657	820.650	1007.311	0.875	8	134	922	518	37	8	134	922	518	37	112.000	179.033	220	205	201	196	190	181	172	163	155	149	137	103.000	196.218	252	232	225	218	209	198	188	177	166	155	140	0	0	0.000	0.000	0	0	0	0	0.000	0	0	0	0.000	0	0	0	0	0.000	0.000	0	0	0	0	0.000	0	0	0	0.000	0	0
181	181	1834	2000.365	1009.425	0.882	67	467	1039	196	21	67	467	1039	196	21	110.190	117.997	127	123	121	119	118	117	117	116	116	114	111	102.740	133.895	156	146	143	140	137	134	131	128	125	122	108	0	0	0.000	0.000	0	0	0	0	0.000	0	0	0	0.000	0	0	0	0	0.000	0.000	0	0	0	0	0.000	0	0	0	0.000	0	0
182	182	1473	1911.162	1017.686	0.901	80	588	613	161	13	80	588	613	161	13	111.000	118.366	128	122	121	119	119	118	117	117	116	115	113	103.000	277.021	364	331	318	308	296	283	270	254	235	209	174	0	0	0.000	0.000	0	0	0	0	0.000	0	0	0	0.000	0	0	0	0	0.000	0.000	0	0	0	0	0.000	0	0	0	0.000	0	0
183	183	416	1564.280	1015.497	0.915	2	29	132	199	48	2	29	132	199	48	112.000	169.942	189	183	178	174	171	169	167	166	163	160	149	103.043	432.678	548	513	497	473	450	431	413	396	375	353	311	0	0	0.000	0.000	0	0	0	0	0.000	0	0	0	0.000	0	0	0	0	0.000	0.000	0	0	0	0	0.000	0	0	0	0.000	0	0
184	184	2138	48.260	1031.547	0.852	261	1235	449	118	20	261	1235	449	118	20	106.581	572.341	2685	887	667	564	530	499	453	401	358	302	191	101.326	126.207	146	135	133	132	130	128	125	122	119	114	103	1	87	37.769	1021.448	0	0	0	1826	1847.402	0	0	135	135.207	0	0	0	0	0.000	0.000	0	0	0	0	0.000	0	0	0	0.000	0	0
185	185	1811	1852.573	1023.369	0.834	125	382	724	458	95	125	382	724	458	95	110.953	1129.529	22594	2007	293	224	207	194	181	171	159	145	125	103.000	124.616	157	137	133	130	127	124	122	119	116	112	105	1	148	1868.975	1021.421	0	0	0	9409	10191.736	0	0	133	134.338	0	0	0	0	0.000	0.000	0	0	0	0	0.000	0	0	0	0.000	0	0
186	186	1601	1624.855	1032.626	0.880	39	416	1029	80	11	39	416	1029	80	11	112.000	191.797	234	220	212	204	198	192	186	180	174	164	140	103.715	531.903	764	694	651	608	571	535	496	459	419	371	238	0	0	0.000	0.000	0	0	0	0	0.000	0	0	0	0.000	0	0	0	0	0.000	0.000	0	0	0	0	0.000	0	0	0	0.000	0	0
187	187	1340	1314.881	1044.851	0.917	33	253	738	252	37	33	253	738	252	37	112.134	134.622	295	139	136	134	133	131	130	128	126	124	118	104.106	824.110	1138	1045	987	935	894	855	802	738	669	552	323	1	43	1318.300	1041.072	0	0	0	216	218.302	0	0	892	884.558	0	0	0	0	0.000	0.000	0	0	0	0	0.000	0	0	0	0.000	0	0
188	188	1891	1955.752	1047.214	0.884	47	195	805	712	96	47	195	805	712	96	110.781	118.035	126	121	120	119	118	118	117	117	116	115	112	103.000	305.342	396	370	356	344	328	317	302	282	250	215	183	0	0	0.000	0.000	0	0	0	0	0.000	0	0	0	0.000	0	0	0	0	0.000	0.000	0	0	0	0	0.000	0	0	0	0.000	0	0
189	189	1554	1585.247	1054.393	0.846	29	720	699	61	3	29	720	699	61	3	112.000	192.481	240	223	214	207	201	195	186	176	168	161	144	104.000	553.401	807	719	673	634	601	569	532	485	426	357	292	0	0	0.000	0.000	0	0	0	0	0.000	0	0	0	0.000	0	0	0	0	0.000	0.000	0	0	0	0	0.000	0	0	0	0.000	0	0
190	190	1396	795.984	1055.953	0.883	105	736	456	72	7	105	736	456	72	7	111.450	174.769	310	224	194	182	174	168	160	153	146	140	129	102.897	129.368	186	146	136	132	129	126	124	122	119	116	108	1	15	801.850	1054.976	0	0	0	291	291.267	0	0	177	176.733	0	0	1	12	801.525	1054.032	0	0	0	288	286.667	0	0	179	178.333	0	0
191	191	399	1995.163	1057.384	0.941	27	56	130	132	48	27	56	130	132	48	110.000	119.045	124	122	121	120	120	119	119	118	117	116	113	102.794	240.694	294	279	272	264	256	246	236	221	209	194	167	0	0	0.000	0.000	0	0	0	0	0.000	0	0	0	0.000	0	0	0	0	0.000	0.000	0	0	0	0	0.000	0	0	0	0.000	0	0
192	192	1044	85.372	1070.306	0.913	133	533	329	16	6	133	533	329	16	6	107.000	314.284	534	452	410	382	348	310	274	243	215	181	141	102.000	121.931	145	132	128	126	124	122	120	117	114	111	104	0	0	0.000	0.000	0	0	0	0	0.000	0	0	0	0.000	0	0	0	0	0.000	0.000	0	0	0	0	0.000	0	0	0	0.000	0	0
193	193	2787	705.084	1087.479	0.888	147	980	1305	282	30	147	980	1305	282	30	110.783	1102.528	37079	603	289	244	230	222	214	205	197	181	136	104.000	131.409	190	139	136	135	133	132	130	128	125	119	106	1	126	685.928	1083.202	0	0	0	14644	16657.476	0	0	154	155.984	0	0	0	0	0.000	0.000	0	0	0	0	0.000	0	0	0	0.000	0	0
194	194	1893	1277.886	1081.545	0.869	73	426	966	367	32	73	426	966	367	32	112.380	147.406	648	173	133	131	129	127	126	124	123	121	117	104.170	730.119	1143	1053	999	939	866	756	648	540	438	370	264	1	133	1277.981	1095.238	0	0	0	346	367.406	0	0	1009	944.504	0	0	0	0	0.000	0.000	0	0	0	0	0.000	0	0	0	0.000	0	0
195	195	546	189.371	1079.695	0.921	13	172	247	87	18	13	172	247	87	18	106.991	179.454	236	215	204	194	185	176	169	163	157	149	136	103.000	121.168	130	126	125	124	123	122	120	119	117	116	110	0	0	0.000	0.000	0	0	0	0	0.000	0	0	0	0.000	0	0	0	0	0.000	0.000	0	0	0	0	0.000	0	0	0	0.000	0	0
196	196	1903	386.263	1092.633	0.908	21	269	1238	308	33	21	269	1238	308	33	110.000	215.715	1875	375	143	132	129	127	126	123	121	119	112	104.477	233.406	315	298	285	269	249	233	218	202	182	165	147	1	189	402.963	1095.955	0	0	0	834	924.831	0	0	265	257.439	0	0	0	0	0.000	0.000	0	0	0	0	0.000	0	0	0	0.000	0	0
197	197	1987	1328.500	1103.175	0.868	46	397	884	551	78	46	397	884	551	78	112.166	137.941	291	158	139	134	133	131	130	128	125	122	116	104.127	749.667	1183	1022	939	874	816	764	712	640	553	440	238	1	122	1328.898	1103.643	0	0	0	214	221.148	0	0	504	505.361	0	0	0	0	0.000	0.000	0	0	0	0	0.000	0	0	0	0.000	0	0
198	198	1897	325.560	1104.255	0.886	32	233	1282	299	13	32	233	1282	299	13	109.124	133.278	658	131	128	127	126	125	124	123	122	120	115	104.000	241.737	313	293	280	269	257	246	234	219	203	182	158	1	60	332.074	1099.799	0	0	0	324	342.583	0	0	298	290.283	0	0	0	0	0.000	0.000	0	0	0	0	0.000	0	0	0	0.000	0	0
199	199	1745	500.123	1111.058	0.908	89	277	1020	296	34	89	277	1020	296	34	110.448	117.967	127	121	120	119	118	118	117	117	116	115	111	105.000	1294.162	2031	1860	1726	1575	1434	1317	1184	1044	888	715	301	0	0	0.000	0.000	0	0	0	0	0.000	0	0	0	0.000	0	0	0	0	0.000	0.000	0	0	0	0	0.000	0	0	0	0.000	0	0
200	200	1278	797.802	1132.705	0.890	21	22	412	739	60	21	22	412	739	60	110.013	121.178	129	125	124	123	122	121	120	120	119	118	115	102.995	120.639	137	127	125	123	122	120	119	118	116	115	108	0	0	0.000	0.000	0	0	0	0	0.000	0	0	0	0.000	0	0	0	0	0.000	0.000	0	0	0	0	0.000	0	0	0	0.000	0	0
201	201	890	362.533	1130.949	0.911	28	206	403	161	72	28	206	403	161	72	109.482	123.635	129	127	126	126	125	124	124	122	121	119	115	104.369	200.460	262	243	230	222	212	204	194	183	169	152	127	0	0	0.000	0.000	0	0	0	0	0.000	0	0	0	0.000	0	0	0	0	0.000	0.000	0	0	0	0	0.000	0	0	0	0.000	0	0
202	202	1077	420.773	1142.905	0.911	25	90	574	325	47	25	90	574	325	47	110.000	116.264	122	119	118	117	117	116	116	115	115	114	112	104.239	128.456	145	137	134	133	131	129	127	125	122	120	111	0	0	0.000	0.000	0	0	0	0	0.000	0	0	0	0.000	0	0	0	0	0.000	0.000	0	0	0	0	0.000	0	0	0	0.000	0	0
203	203	1602	481.563	1160.029	0.893	24	298	1056	168	14	24	298	1056	168	14	110.323	118.345	126	121	120	119	119	118	118	117	117	116	112	104.522	1370.006	1988	1825	1702	1572	1483	1397	1311	1185	1045	885	487	0	0	0.000	0.000	0	0	0	0	0.000	0	0	0	0.000	0	0	0	0	0.000	0.000	0	0	0	0	0.000	0	0	0	0.000	0	0
204	204	418	2034.862	1146.301	0.838	86	182	122	12	3	86	182	122	12	3	109.404	123.237	133	128	126	125	124	123	122	121	120	119	117	103.433	122.474	137	132	129	126	125	123	121	118	116	113	107	0	0	0.000	0.000	0	0	0	0	0.000	0	0	0	0.000	0	0	0	0	0.000	0.000	0	0	0	0	0.000	0	0	0	0.000	0	0
205	205	1237	1195.873	1161.119	0.902	102	534	519	47	11	102	534	519	47	11	111.468	135.696	167	152	144	140	137	134	132	129	126	123	117	103.000	131.754	155	148	142	138	135	132	130	127	122	114	106	0	0	0.000	0.000	0	0	0	0	0.000	0	0	0	0.000	0	0	0	0	0.000	0.000	0	0	0	0	0.000	0	0	0	0.000	0	0
206	206	1373	769.373	1162.809	0.912	60	297	630	292	61	60	297	630	292	61	110.000	124.844	138	131	129	127	125	124	123	122	122	120	113	103.000	121.363	133	127	125	123	122	121	120	119	118	116	111	0	0	0.000	0.000	0	0	0	0	0.000	0	0	0	0.000	0	0	0	0	0.000	0.000	0	0	0	0	0.000	0	0	0	0.000	0	0
207	207	1366	533.746	1168.434	0.897	69	212	625	393	35	69	212	625	393	35	111.000	117.264	128	121	119	118	117	117	116	116	115	115	112	104.717	633.348	878	772	742	714	691	665	614	566	514	451	279	0	0	0.000	0.000	0	0	0	0	0.000	0	0	0	0.000	0	0	0	0	0.000	0.000	0	0	0	0	0.000	0	0	0	0.000	0	0
208	208	1592	390.228	1178.389	0.899	82	638	651	174	16	82	638	651	174	16	110.000	119.496	130	125	123	121	120	118	118	117	116	116	112	103.741	133.342	155	141	139	137	136	134	132	131	128	125	110	0	0	0.000	0.000	0	0	0	0	0.000	0	0	0	0.000	0	0	0	0	0.000	0.000	0	0	0	0	0.000	0	0	0	0.000	0	0
209	209	231	1941.775	1192.204	0.901	15	48	77	68	19	15	48	77	68	19	110.000	122.957	132	128	126	125	124	123	122	121	119	118	114	103.000	397.446	617	528	488	457	424	387	367	338	316	279	206	0	0	0.000	0.000	0	0	0	0	0.000	0	0	0	0.000	0	0	0	0	0.000	0.000	0	0	0	0	0.000	0	0	0	0.000	0	0
210	210	682	1561.878	1196.522	0.867	15	60	292	265	31	15	60	292	265	31	111.040	183.147	293	272	245	217	191	168	150	137	128	122	117	103.000	189.717	239	220	211	201	194	185	179	174	170	167	154	1	18	1562.173	1199.114	0	0	0	289	288.556	0	0	178	178.111	0	0	0	0	0.000	0.000	0	0	0	0	0.000	0	0	0	0.000	0	0
211	211	1785	1922.118	1219.008	0.889	70	666	827	152	25	70	666	827	152	25	110.006	147.497	267	156	153	151	149	147	144	141	138	135	125	103.000	872.564	1255	1122	1075	1021	962	905	841	767	665	533	434	1	16	1899.564	1211.056	0	0	0	235	228.062	0	0	602	567.250	0	0	0	0	0.000	0.000	0	0	0	0	0.000	0	0	0	0.000	0	0
212	212	1713	417.953	1220.638	0.873	58	616	927	80	9	58	616	927	80	9	109.980	118.653	135	124	121	119	119	118	117	116	116	115	113	103.947	133.315	152	145	141	139	137	134	132	129	125	122	106	0	0	0.000	0.000	0	0	0	0	0.000	0	0	0	0.000	0	0	0	0	0.000	0.000	0	0	0	0	0.000	0	0	0	0.000	0	0
213	213	1837	1826.175	1220.116	0.899	123	930	628	107	18	123	930	628	107	18	111.542	337.673	763	507	393	353	332	315	293	274	248	222	167	103.084	129.623	147	138	136	134	132	130	129	127	124	119	108	0	0	0.000	0.000	0	0	0	0	0.000	0	0	0	0.000	0	0	0	0	0.000	0.000	0	0	0	0	0.000	0	0	0	0.000	0	0
214	214	344	550.244	1203.330	0.930	50	110	138	34	3	50	110	138	34	3	111.000	115.997	120	118	117	116	116	116	116	115	115	115	113	104.000	257.180	376	341	315	291	273	256	242	225	202	177	131	0	0	0.000	0.000	0	0	0	0	0.000	0	0	0	0.000	0	0	0	0	0.000	0.000	0	0	0	0	0.000	0	0	0	0.000	0	0
215	215	1681	522.463	1223.288	0.873	67	377	913	275	19	67	377	913	275	19	110.929	116.848	124	120	119	118	117	117	116	116	115	114	112	103.669	625.866	938	828	789	751	709	657	595	521	444	365	263	0	0	0.000	0.000	0	0	0	0	0.000	0	0	0	0.000	0	0	0	0	0.000	0.000	0	0	0	0	0.000	0	0	0	0.000	0	0
216	216	1832	356.467	1230.641	0.881	10	137	1059	540	42	10	137	1059	540	42	109.816	157.796	664	158	153	151	148	145	142	140	136	131	123	103.708	300.422	398	371	359	349	334	319	295	269	234	196	164	1	88	344.205	1242.535	0	0	0	386	398.432	0	0	295	295.875	0	0	0	0	0.000	0.000	0	0	0	0	0.000	0	0	0	0.000	0	0
217	217	1474	2001.439	1236.278	0.876	13	175	803	409	55	13	175	803	409	55	109.860	150.830	406	193	151	142	138	136	134	132	130	126	118	102.427	601.558	850	756	715	688	660	616	571	522	480	441	262	1	119	1997.107	1242.157	0	0	0	271	277.908	0	0	711	709.294	0	0	0	0	0.000	0.000	0	0	0	0	0.000	0	0	0	0.000	0	0
218	218	1003	279.395	1235.509	0.889	52	377	478	63	10	52	377	478	63	10	109.224	117.309	127	122	120	119	118	117	116	115	114	113	111	103.000	1314.766	2040	1744	1654	1587	1519	1425	1287	1125	945	697	260	0	0	0.000	0.000	0	0	0	0	0.000	0	0	0	0.000	0	0	0	0	0.000	0.000	0	0	0	0	0.000	0	0	0	0.000	0	0
219	219	1769	469.155	1241.814	0.897	84	495	897	226	30	84	495	897	226	30	110.000	172.822	381	210	183	175	169	165	160	155	147	138	125	103.134	121.209	131	126	124	123	122	121	121	120	118	116	108	1	63	473.981	1250.429	0	0	0	318	316.683	0	0	121	120.857	0	0	0	0	0.000	0.000	0	0	0	0	0.000	0	0	0	0.000	0	0
220	220	435	1749.787	1247.960	0.930	145	76	130	45	36	145	76	130	45	36	112.000	130.667	141	137	135	133	132	131	130	128	126	124	120	105.000	761.936	1061	996	953	907	863	802	704	637	566	474	376	0	0	0.000	0.000	0	0	0	0	0.000	0	0	0	0.000	0	0	0	0	0.000	0.000	0	0	0	0	0.000	0	0	0	0.000	0	0
221	221	1847	313.278	1273.120	0.858	77	1207	494	33	6	77	1207	494	33	6	109.806	117.551	127	122	120	119	118	117	116	116	115	114	111	102.996	1021.454	1853	1565	1400	1273	1109	978	850	748	669	543	389	0	0	0.000	0.000	0	0	0	0	0.000	0	0	0	0.000	0	0	0	0	0.000	0.000	0	0	0	0	0.000	0	0	0	0.000	0	0
222	222	628	389.226	1260.227	0.938	31	88	153	278	70	31	88	153	278	70	110.000	122.626	130	128	126	125	124	123	122	121	119	117	113	103.686	184.662	244	224	215	206	199	187	175	164	155	141	122	0	0	0.000	0.000	0	0	0	0	0.000	0	0	0	0.000	0	0	0	0	0.000	0.000	0	0	0	0	0.000	0	0	0	0.000	0	0
223	223	2569	1782.719	1278.167	0.898	158	102	664	1462	126	158	102	664	1462	126	112.000	221.273	1065	459	260	184	154	142	137	134	130	127	121	104.491	1010.151	1634	1503	1376	1256	1136	1019	891	765	638	502	353	1	408	1788.130	1281.898	0	0	0	523	564.294	0	0	785	809.365	0	0	0	0	0.000	0.000	0	0	0	0	0.000	0	0	0	0.000	0	0
224	224	737	1735.098	1280.228	0.931	390	171	74	58	36	390	171	74	58	36	112.000	124.332	133	129	127	126	125	124	123	122	121	120	115	104.723	577.645	861	771	712	660	615	578	533	495	445	395	277	0	0	0.000	0.000	0	0	0	0	0.000	0	0	0	0.000	0	0	0	0	0.000	0.000	0	0	0	0	0.000	0	0	0	0.000	0	0
225	225	1888	363.784	1295.056	0.886	21	409	1204	181	30	21	409	1204	181	30	110.000	147.970	239	160	155	152	150	148	146	143	138	132	125	102.995	276.160	395	354	332	312	291	277	264	245	220	192	163	0	0	0.000	0.000	0	0	0	0	0.000	0	0	0	0.000	0	0	0	0	0.000	0.000	0	0	0	0	0.000	0	0	0	0.000	0	0
226	226	2194	1324.453	1314.376	0.869	104	878	1033	106	24	104	878	1033	106	24	111.919	122.843	137	130	126	124	123	122	121	120	120	119	115	103.005	806.322	1141	1050	985	935	887	835	770	696	608	532	369	0	0	0.000	0.000	0	0	0	0	0.000	0	0	0	0.000	0	0	0	0	0.000	0.000	0	0	0	0	0.000	0	0	0	0.000	0	0
227	227	2049	674.018	1326.031	0.886	99	989	781	108	31	99	989	781	108	31	112.126	146.444	986	143	140	137	134	132	129	127	125	122	116	104.010	863.443	1416	1231	1127	1050	969	873	762	670	586	477	295	1	74	666.237	1346.210	0	0	0	457	483.284	0	0	1024	963.527	0	0	0	0	0.000	0.000	0	0	0	0	0.000	0	0	0	0.000	0	0
228	228	1804	1525.707	1341.063	0.883	74	237	733	633	97	74	237	733	633	97	112.736	212.626	649	334	242	208	194	184	173	163	153	143	127	104.000	116.396	129	122	120	119	118	116	115	114	112	111	106	1	143	1525.194	1348.720	0	0	0	451	460.042	0	0	119	118.741	0	0	0	0	0.000	0.000	0	0	0	0	0.000	0	0	0	0.000	0	0
229	229	899	626.010	1336.702	0.910	71	177	446	182	14	71	177	446	182	14	112.802	134.090	148	141	139	137	135	134	133	131	130	128	123	104.000	1130.996	1415	1353	1306	1247	1178	1122	1085	1036	984	911	700	0	0	0.000	0.000	0	0	0	0	0.000	0	0	0	0.000	0	0	0	0	0.000	0.000	0	0	0	0	0.000	0	0	0	0.000	0	0
230	230	1688	992.319	1347.773	0.904	57	585	839	155	16	57	585	839	155	16	111.059	123.208	135	127	126	124	124	123	122	122	121	120	115	104.938	2815.363	4290	3837	3538	3335	3155	2926	2694	2395	2007	1632	1009	0	0	0.000	0.000	0	0	0	0	0.000	0	0	0	0.000	0	0	0	0	0.000	0.000	0	0	0	0	0.000	0	0	0	0.000	0	0
231	231	1369	336.032	1358.037	0.906	75	631	557	58	16	75	631	557	58	16	109.639	116.729	125	120	118	118	117	116	116	115	115	114	111	102.818	116.610	129	121	119	118	117	116	116	115	114	113	106	0	0	0.000	0.000	0	0	0	0	0.000	0	0	0	0.000	0	0	0	0	0.000	0.000	0	0	0	0	0.000	0	0	0	0.000	0	0
232	232	823	1477.907	1353.573	0.901	22	84	375	272	45	22	84	375	272	45	112.973	160.751	278	199	175	167	160	155	150	144	139	134	127	103.894	113.994	131	120	117	116	115	114	112	111	110	109	106	1	14	1474.736	1348.883	0	0	0	256	251.286	0	0	126	125.214	0	0	0	0	0.000	0.000	0	0	0	0	0.000	0	0	0	0.000	0	0
233	233	1222	941.998	1369.121	0.899	30	48	394	629	93	30	48	394	629	93	111.830	122.003	141	127	124	123	122	121	120	120	119	118	115	104.946	2363.204	4115	3494	3092	2850	2578	2336	2053	1832	1590	1315	905	0	0	0.000	0.000	0	0	0	0	0.000	0	0	0	0.000	0	0	0	0	0.000	0.000	0	0	0	0	0.000	0	0	0	0.000	0	0
234	234	1662	679.689	1378.724	0.901	65	404	1009	134	26	65	404	1009	134	26	112.537	168.202	763	203	153	149	147	145	143	140	136	133	122	104.279	1004.862	1560	1443	1326	1216	1088	1005	919	829	726	548	375	1	107	680.636	1390.386	0	0	0	423	445.822	0	0	1450	1340.944	0	0	0	0	0.000	0.000	0	0	0	0	0.000	0	0	0	0.000	0	0
235	235	1944	538.246	1383.236	0.891	141	1262	434	52	14	141	1262	434	52	14	111.176	173.545	294	203	193	186	180	174	166	156	150	141	129	103.000	131.458	153	141	138	136	134	131	129	127	125	122	112	0	0	0.000	0.000	0	0	0	0	0.000	0	0	0	0.000	0	0	0	0	0.000	0.000	0	0	0	0	0.000	0	0	0	0.000	0	0
236	236	1472	1512.806	1390.704	0.888	30	317	839	221	35	30	317	839	221	35	113.000	122.507	139	129	125	123	122	121	121	120	119	118	115	103.999	146.169	176	163	159	156	152	148	142	137	134	128	110	1	219	1507.040	1393.621	0	0	0	130	130.379	0	0	156	155.584	0	0	0	0	0.000	0.000	0	0	0	0	0.000	0	0	0	0.000	0	0
237	237	2683	637.638	1429.332	0.879	96	911	1475	124	14	96	911	1475	124	14	112.999	470.789	746	595	570	542	511	481	449	414	370	327	204	104.457	659.828	1000	929	875	816	756	687	618	536	429	332	231	0	0	0.000	0.000	0	0	0	0	0.000	0	0	0	0.000	0	0	0	0	0.000	0.000	0	0	0	0	0.000	0	0	0	0.000	0	0
238	238	1619	217.695	1436.099	0.891	151	1156	250	30	6	151	1156	250	30	6	108.577	136.944	151	147	145	143	142	139	137	133	127	123	117	102.000	366.123	494	460	439	419	402	387	368	339	289	222	183	0	0	0.000	0.000	0	0	0	0	0.000	0	0	0	0.000	0	0	0	0	0.000	0.000	0	0	0	0	0.000	0	0	0	0.000	0	0
239	239	1904	1498.668	1436.448	0.889	106	851	796	100	11	106	851	796	100	11	113.918	125.001	137	131	129	127	125	124	123	122	121	120	116	104.022	157.645	191	174	170	166	163	159	155	150	144	139	125	0	0	0.000	0.000	0	0	0	0	0.000	0	0	0	0.000	0	0	0	0	0.000	0.000	0	0	0	0	0.000	0	0	0	0.000	0	0
240	240	1282	495.121	1437.224	0.896	110	375	655	100	18	110	375	655	100	18	110.759	127.455	166	140	133	130	126	124	123	121	120	119	116	103.000	786.276	1297	1111	984	876	819	774	732	683	616	493	287	0	0	0.000	0.000	0	0	0	0	0.000	0	0	0	0.000	0	0	0	0	0.000	0.000	0	0	0	0	0.000	0	0	0	0.000	0	0
241	241	1492	273.886	1449.521	0.879	63	482	782	130	11	63	482	782	130	11	108.384	137.903	152	146	144	143	142	140	138	135	131	127	117	102.092	399.379	519	473	452	432	419	404	390	372	350	320	222	0	0	0.000	0.000	0	0	0	0	0.000	0	0	0	0.000	0	0	0	0	0.000	0.000	0	0	0	0	0.000	0	0	0	0.000	0	0
242	242	1524	869.224	1445.362	0.884	33	266	823	354	24	33	266	823	354	24	111.891	188.774	597	276	212	182	169	161	155	149	143	136	125	103.127	121.073	144	131	126	123	121	120	118	117	116	114	108	2	12	858.592	1447.841	120	875.242	1448.433	274	271.333	392	402.550	139	138.917	116	116.467	0	0	0.000	0.000	0	0	0	0	0.000	0	0	0	0.000	0	0
243	243	2077	803.894	1459.598	0.834	243	998	638	136	20	243	998	638	136	20	111.956	124.184	139	132	129	126	124	123	122	121	120	119	115	103.000	421.540	778	605	533	478	440	399	366	338	312	286	147	0	0	0.000	0.000	0	0	0	0	0.000	0	0	0	0.000	0	0	0	0	0.000	0.000	0	0	0	0	0.000	0	0	0	0.000	0	0
244	244	1464	1735.588	1448.064	0.897	257	1032	110	27	13	257	1032	110	27	13	112.965	268.614	3056	301	235	212	199	190	181	172	164	153	131	103.344	119.613	137	128	125	122	120	119	117	116	114	113	108	1	82	1749.560	1445.348	0	0	0	1265	1362.915	0	0	129	127.671	0	0	0	0	0.000	0.000	0	0	0	0	0.000	0	0	0	0.000	0	0
245	245	1743	1553.065	1455.824	0.872	126	263	988	326	8	126	263	988	326	8	114.188	123.560	130	126	125	125	124	124	123	122	122	121	117	105.447	157.250	188	176	171	167	161	157	152	148	144	139	127	0	0	0.000	0.000	0	0	0	0	0.000	0	0	0	0.000	0	0	0	0	0.000	0.000	0	0	0	0	0.000	0	0	0	0.000	0	0
246	246	2484	686.066	1481.138	0.872	8	291	1546	548	37	8	291	1546	548	37	111.701	600.424	4152	1021	564	499	462	432	398	358	306	247	189	104.000	650.656	1019	888	817	767	724	679	628	554	462	364	251	1	188	686.707	1469.443	0	0	0	2415	2515.351	0	0	851	821.755	0	0	0	0	0.000	0.000	0	0	0	0	0.000	0	0	0	0.000	0	0
247	247	1608	1801.368	1490.026	0.898	48	278	806	392	60	48	278	806	392	60	111.973	142.935	196	178	154	143	139	137	135	132	129	126	120	104.000	2486.958	4118	3386	3100	2852	2682	2530	2389	2217	2021	1362	570	0	0	0.000	0.000	0	0	0	0	0.000	0	0	0	0.000	0	0	0	0	0.000	0.000	0	0	0	0	0.000	0	0	0	0.000	0	0
248	248	930	1583.102	1489.220	0.909	197	221	220	217	56	197	221	220	217	56	113.904	123.561	129	127	126	125	124	124	123	122	121	120	118	106.000	149.286	176	164	160	156	152	149	146	142	139	135	126	0	0	0.000	0.000	0	0	0	0	0.000	0	0	0	0.000	0	0	0	0	0.000	0.000	0	0	0	0	0.000	0	0	0	0.000	0	0
249	249	1796	1537.233	1514.207	0.866	220	676	712	126	26	220	676	712	126	26	114.375	1765.791	9385	3584	2334	1657	1268	1058	977	938	890	782	405	105.307	143.180	233	186	160	146	138	132	128	126	125	122	112	1	177	1550.173	1519.886	0	0	0	5557	5808.141	0	0	200	199.537	0	0	0	0	0.000	0.000	0	0	0	0	0.000	0	0	0	0.000	0	0
250	250	1424	1939.998	1514.680	0.901	46	36	734	554	34	46	36	734	554	34	110.959	153.355	172	166	163	161	158	156	151	147	143	138	127	104.000	2069.690	2718	2554	2470	2414	2330	2230	2059	1863	1619	1327	824	0	0	0.000	0.000	0	0	0	0	0.000	0	0	0	0.000	0	0	0	0	0.000	0.000	0	0	0	0	0.000	0	0	0	0.000	0	0
251	251	1885	1988.174	1527.628	0.909	190	1286	276	63	46	190	1286	276	63	46	109.960	144.934	168	159	156	154	150	146	143	138	132	128	120	103.742	1654.138	2540	2390	2240	2101	1944	1777	1534	1254	997	785	523	0	0	0.000	0.000	0	0	0	0	0.000	0	0	0	0.000	0	0	0	0	0.000	0.000	0	0	0	0	0.000	0	0	0	0.000	0	0
252	252	1107	709.241	1526.484	0.898	28	376	568	106	13	28	376	568	106	13	111.000	411.581	511	475	457	443	429	419	407	390	370	332	262	104.000	629.556	864	769	730	701	679	653	617	573	527	453	333	0	0	0.000	0.000	0	0	0	0	0.000	0	0	0	0.000	0	0	0	0	0.000	0.000	0	0	0	0	0.000	0	0	0	0.000	0	0
253	253	1431	1412.260	1533.413	0.920	56	415	743	177	14	56	415	743	177	14	112.944	265.192	1114	376	278	249	238	229	215	201	188	173	145	103.000	137.779	170	153	147	143	141	138	135	132	129	123	109	1	92	1413.738	1544.706	0	0	0	705	726.489	0	0	154	153.467	0	0	0	0	0.000	0.000	0	0	0	0	0.000	0	0	0	0.000	0	0
254	254	1004	93.913	1534.692	0.868	125	539	262	57	6	125	539	262	57	6	105.648	170.254	281	251	227	202	173	152	138	127	121	118	110	102.000	131.336	185	169	160	151	134	122	114	110	108	106	102	0	0	0.000	0.000	0	0	0	0	0.000	0	0	0	0.000	0	0	1	19	87.672	1530.372	0	0	0	230	228.526	0	0	169	168.842	0	0
255	255	528	237.220	1539.287	0.920	201	196	77	29	14	201	196	77	29	14	108.000	122.407	135	129	128	126	124	123	121	119	117	114	111	102.000	114.309	126	121	119	118	116	114	113	111	109	108	103	0	0	0.000	0.000	0	0	0	0	0.000	0	0	0	0.000	0	0	0	0	0.000	0.000	0	0	0	0	0.000	0	0	0	0.000	0	0
256	256	909	1616.629	1544.878	0.921	311	269	200	96	17	311	269	200	96	17	112.235	123.290	133	129	127	125	124	123	122	121	120	118	116	105.990	1304.668	1858	1695	1614	1527	1441	1341	1249	1153	1013	804	513	0	0	0.000	0.000	0	0	0	0	0.000	0	0	0	0.000	0	0	0	0	0.000	0.000	0	0	0	0	0.000	0	0	0	0.000	0	0
257	257	1646	1657.673	1554.914	0.898	166	1008	386	48	10	166	1008	386	48	10	111.751	121.406	133	125	123	123	122	121	120	120	119	118	114	105.050	752.563	1171	980	906	855	816	776	736	666	583	475	347	0	0	0.000	0.000	0	0	0	0	0.000	0	0	0	0.000	0	0	0	0	0.000	0.000	0	0	0	0	0.000	0	0	0	0.000	0	0
258	258	1380	1347.682	1574.311	0.880	96	530	608	113	13	96	530	608	113	13	113.000	167.441	193	182	179	176	172	169	165	161	156	150	132	103.767	133.451	149	141	138	137	135	134	132	130	128	126	121	0	0	0.000	0.000	0	0	0	0	0.000	0	0	0	0.000	0	0	0	0	0.000	0.000	0	0	0	0	0.000	0	0	0	0.000	0	0
259	259	836	1182.488	1569.181	0.925	42	335	281	116	41	42	335	281	116	41	110.309	125.977	138	132	129	128	127	126	125	124	122	120	113	103.639	116.910	126	122	120	119	118	117	117	115	113	111	106	0	0	0.000	0.000	0	0	0	0	0.000	0	0	0	0.000	0	0	0	0	0.000	0.000	0	0	0	0	0.000	0	0	0	0.000	0	0
260	260	1668	200.674	1590.705	0.881	33	568	999	25	5	33	568	999	25	5	108.341	179.565	210	198	193	189	186	181	178	173	167	157	136	103.722	578.530	772	712	682	653	620	586	551	515	478	434	298	0	0	0.000	0.000	0	0	0	0	0.000	0	0	0	0.000	0	0	0	0	0.000	0.000	0	0	0	0	0.000	0	0	0	0.000	0	0
261	261	1530	119.458	1606.170	0.880	121	692	655	15	7	121	692	655	15	7	107.624	190.078	372	221	199	191	185	181	177	173	169	164	148	102.762	603.784	845	778	736	699	659	613	564	514	460	418	354	1	21	133.257	1605.478	0	0	0	347	342.857	0	0	708	701.667	0	0	0	0	0.000	0.000	0	0	0	0	0.000	0	0	0	0.000	0	0
262	262	803	70.566	1596.268	0.913	118	323	210	98	39	118	323	210	98	39	105.711	126.320	152	142	135	131	128	124	122	120	117	115	111	101.846	124.380	150	139	134	130	127	124	121	117	114	111	104	0	0	0.000	0.000	0	0	0	0	0.000	0	0	0	0.000	0	0	0	0	0.000	0.000	0	0	0	0	0.000	0	0	0	0.000	0	0
263	263	1559	1187.662	1610.934	0.886	22	186	768	526	17	22	186	768	526	17	108.505	128.360	158	140	132	129	127	126	125	124	123	121	115	103.285	117.920	128	122	121	120	119	118	117	116	115	114	107	0	0	0.000	0.000	0	0	0	0	0.000	0	0	0	0.000	0	0	0	0	0.000	0.000	0	0	0	0	0.000	0	0	0	0.000	0	0
264	264	2012	234.595	1633.387	0.854	90	883	857	138	11	90	883	857	138	11	108.974	164.906	199	188	183	177	172	166	160	153	146	140	129	103.475	468.745	739	658	608	569	528	485	431	367	314	263	210	0	0	0.000	0.000	0	0	0	0	0.000	0	0	0	0.000	0	0	0	0	0.000	0.000	0	0	0	0	0.000	0	0	0	0.000	0	0
265	265	1590	1279.181	1630.339	0.881	50	94	666	661	92	50	94	666	661	92	112.700	227.264	2068	205	198	193	190	187	183	179	174	166	147	104.472	1346.927	1891	1666	1580	1501	1428	1355	1277	1210	1131	1011	783	1	76	1292.299	1652.319	0	0	0	967	998.355	0	0	909	901.882	0	0	0	0	0.000	0.000	0	0	0	0	0.000	0	0	0	0.000	0	0
266	266	1496	174.886	1629.055	0.882	88	220	921	214	29	88	220	921	214	29	108.218	172.116	207	193	188	184	180	175	169	162	154	147	136	104.000	601.393	866	804	758	722	684	636	583	521	425	338	252	0	0	0.000	0.000	0	0	0	0	0.000	0	0	0	0.000	0	0	0	0	0.000	0.000	0	0	0	0	0.000	0	0	0	0.000	0	0
267	267	475	845.480	1626.232	0.796	9	58	198	160	34	9	58	198	160	34	112.000	175.867	255	226	206	190	177	168	159	153	147	141	135	103.968	787.053	1018	927	890	853	821	793	759	719	673	640	530	0	0	0.000	0.000	0	0	0	0	0.000	0	0	0	0.000	0	0	0	0	0.000	0.000	0	0	0	0	0.000	0	0	0	0.000	0	0
268	268	677	1106.191	1626.058	0.928	32	165	315	132	25	32	165	315	132	25	111.341	195.030	232	222	215	209	202	197	190	183	175	166	149	102.795	130.628	146	138	136	135	133	131	129	127	125	122	114	0	0	0.000	0.000	0	0	0	0	0.000	0	0	0	0.000	0	0	0	0	0.000	0.000	0	0	0	0	0.000	0	0	0	0.000	0	0
269	269	1266	1350.903	1640.025	0.881	45	389	710	88	7	45	389	710	88	7	113.000	188.586	250	230	216	206	197	188	180	170	159	150	125	104.293	136.938	162	151	147	145	142	138	135	130	127	121	106	0	0	0.000	0.000	0	0	0	0	0.000	0	0	0	0.000	0	0	0	0	0.000	0.000	0	0	0	0	0.000	0	0	0	0.000	0	0
270	270	940	1224.936	1643.283	0.905	42	336	359	167	20	42	336	359	167	20	110.568	133.449	143	139	137	136	136	134	133	131	129	127	122	104.000	115.323	124	119	118	117	116	115	115	114	113	111	107	0	0	0.000	0.000	0	0	0	0	0.000	0	0	0	0.000	0	0	0	0	0.000	0.000	0	0	0	0	0.000	0	0	0	0.000	0	0
271	271	1592	803.545	1651.657	0.876	168	1036	307	45	14	168	1036	307	45	14	112.000	190.754	353	269	241	212	185	168	159	152	146	143	131	103.894	746.042	1258	1081	984	907	835	790	714	603	480	363	237	1	88	793.562	1651.409	0	0	0	315	313.807	0	0	739	751.534	0	0	0	0	0.000	0.000	0	0	0	0	0.000	0	0	0	0.000	0	0
272	272	2052	1509.531	1660.444	0.876	22	510	1097	353	36	22	510	1097	353	36	113.000	921.069	12198	2126	367	282	266	244	221	204	187	169	148	105.601	3241.811	5444	4748	4440	4225	3975	3502	2919	2399	1877	1299	809	1	233	1498.769	1662.240	0	0	0	5374	5820.099	0	0	4315	4282.219	0	0	0	0	0.000	0.000	0	0	0	0	0.000	0	0	0	0.000	0	0
273	273	1300	1191.108	1664.357	0.908	34	134	581	485	38	34	134	581	485	38	108.282	155.072	360	215	164	147	142	138	135	132	130	126	121	103.995	117.115	126	121	120	119	118	117	116	116	115	113	109	1	133	1191.336	1669.794	0	0	0	263	269.722	0	0	116	116.617	0	0	0	0	0.000	0.000	0	0	0	0	0.000	0	0	0	0.000	0	0
274	274	280	563.586	1654.159	0.824	47	119	79	20	9	47	119	79	20	9	110.000	130.807	158	147	139	134	130	126	124	124	123	122	121	103.000	563.032	700	666	649	619	598	574	545	517	494	445	373	0	0	0.000	0.000	0	0	0	0	0.000	0	0	0	0.000	0	0	0	0	0.000	0.000	0	0	0	0	0.000	0	0	0	0.000	0	0
275	275	1913	1560.464	1672.540	0.897	161	910	651	138	16	161	910	651	138	16	112.984	273.912	346	321	312	306	298	287	273	254	232	207	143	106.000	4430.579	5778	5554	5353	5203	4983	4697	4366	3974	3520	2818	1586	0	0	0.000	0.000	0	0	0	0	0.000	0	0	0	0.000	0	0	0	0	0.000	0.000	0	0	0	0	0.000	0	0	0	0.000	0	0
276	276	1495	153.086	1681.836	0.861	120	664	608	71	12	120	664	608	71	12	107.234	127.049	158	145	135	129	126	123	122	120	119	117	111	103.439	1265.330	2095	1769	1598	1520	1424	1271	1136	1003	903	767	402	1	20	157.150	1676.552	0	0	0	156	155.500	0	0	998	1012.300	0	0	0	0	0.000	0.000	0	0	0	0	0.000	0	0	0	0.000	0	0
277	277	1684	1032.876	1681.511	0.909	32	141	759	646	67	32	141	759	646	67	112.000	146.865	971	145	136	133	131	129	128	126	124	122	116	104.000	664.144	981	897	836	781	736	689	624	552	479	414	262	1	72	1024.168	1684.347	0	0	0	437	464.611	0	0	751	718.361	0	0	0	0	0.000	0.000	0	0	0	0	0.000	0	0	0	0.000	0	0
278	278	1586	1145.416	1687.769	0.892	26	626	762	111	20	26	626	762	111	20	109.649	145.224	297	166	149	144	141	139	136	133	131	128	122	103.208	123.385	138	129	127	126	125	123	122	121	120	117	109	1	74	1145.271	1690.167	0	0	0	236	237.662	0	0	123	122.608	0	0	0	0	0.000	0.000	0	0	0	0	0.000	0	0	0	0.000	0	0
279	279	1444	1286.621	1687.869	0.888	45	262	508	534	71	45	262	508	534	71	111.999	175.994	209	196	191	187	182	178	172	166	160	153	136	105.222	1199.717	1801	1609	1516	1409	1299	1209	1106	1025	898	759	495	0	0	0.000	0.000	0	0	0	0	0.000	0	0	0	0.000	0	0	0	0	0.000	0.000	0	0	0	0	0.000	0	0	0	0.000	0	0
280	280	1647	1080.592	1698.943	0.915	28	514	859	174	40	28	514	859	174	40	111.825	161.577	1111	162	139	134	132	130	128	126	124	122	117	103.698	572.295	941	809	715	662	626	590	540	477	399	323	246	1	145	1100.427	1696.019	0	0	0	513	561.090	0	0	448	431.324	0	0	0	0	0.000	0.000	0	0	0	0	0.000	0	0	0	0.000	0	0
281	281	1539	1605.781	1703.781	0.913	193	374	558	354	24	193	374	558	354	24	111.668	267.373	3368	354	180	163	157	153	148	144	141	136	128	104.882	118.525	133	126	123	121	120	118	116	115	114	112	107	1	112	1616.585	1691.115	0	0	0	1320	1514.866	0	0	114	114.286	0	0	0	0	0.000	0.000	0	0	0	0	0.000	0	0	0	0.000	0	0
282	282	1874	530.278	1708.452	0.901	66	452	1001	308	18	66	452	1001	308	18	109.986	139.408	157	150	148	146	143	140	137	134	130	127	117	103.000	138.280	159	150	147	145	142	139	136	133	129	125	106	0	0	0.000	0.000	0	0	0	0	0.000	0	0	0	0.000	0	0	0	0	0.000	0.000	0	0	0	0	0.000	0	0	0	0.000	0	0
283	283	1767	1860.945	1717.007	0.912	22	69	458	1080	109	22	69	458	1080	109	111.000	191.191	245	225	218	210	202	193	183	173	163	155	134	102.699	135.921	158	147	145	142	139	136	133	130	127	124	112	0	0	0.000	0.000	0	0	0	0	0.000	0	0	0	0.000	0	0	0	0	0.000	0.000	0	0	0	0	0.000	0	0	0	0.000	0	0
284	284	1319	238.412	1717.547	0.913	15	248	750	198	72	15	248	750	198	72	108.005	135.017	144	140	139	138	137	136	135	133	131	128	121	103.412	494.723	659	615	598	567	540	504	473	440	402	350	256	0	0	0.000	0.000	0	0	0	0	0.000	0	0	0	0.000	0	0	0	0	0.000	0.000	0	0	0	0	0.000	0	0	0	0.000	0	0
285	285	2508	282.485	1732.311	0.866	133	194	1028	1064	43	133	194	1028	1064	43	108.994	319.690	5178	439	167	142	137	133	131	129	127	123	116	103.689	447.427	729	642	598	547	494	451	411	350	294	241	180	1	175	290.313	1725.995	0	0	0	2158	2375.434	0	0	621	612.034	0	0	0	0	0.000	0.000	0	0	0	0	0.000	0	0	0	0.000	0	0
286	286	464	1121.256	1714.600	0.836	54	169	105	89	39	54	169	105	89	39	110.950	124.927	139	133	129	127	125	124	123	122	121	119	116	104.000	115.272	126	119	118	117	116	115	114	113	112	112	108	0	0	0.000	0.000	0	0	0	0	0.000	0	0	0	0.000	0	0	0	0	0.000	0.000	0	0	0	0	0.000	0	0	0	0.000	0	0
287	287	1484	751.516	1726.604	0.902	30	23	167	1018	220	30	23	167	1018	220	111.000	117.908	123	120	120	119	118	118	117	117	116	116	112	104.458	853.966	1255	1147	1074	1019	970	909	829	735	629	470	299	0	0	0.000	0.000	0	0	0	0	0.000	0	0	0	0.000	0	0	0	0	0.000	0.000	0	0	0	0	0.000	0	0	0	0.000	0	0
288	288	1960	1717.340	1730.247	0.892	38	871	970	28	4	38	871	970	28	4	111.820	563.948	7203	1231	232	183	178	172	168	161	152	143	126	104.998	547.949	838	746	703	660	622	582	536	465	369	277	197	1	212	1710.298	1742.639	0	0	0	3149	3505.802	0	0	640	621.165	0	0	0	0	0.000	0.000	0	0	0	0	0.000	0	0	0	0.000	0	0
289	289	1996	1997.492	1751.613	0.898	27	81	725	1066	56	27	81	725	1066	56	110.140	187.236	222	213	208	204	199	193	184	175	164	153	136	102.000	137.507	162	148	146	144	142	139	137	133	129	124	109	0	0	0.000	0.000	0	0	0	0	0.000	0	0	0	0.000	0	0	0	0	0.000	0.000	0	0	0	0	0.000	0	0	0	0.000	0	0
290	290	2259	1764.358	1755.319	0.848	133	1418	615	45	16	133	1418	615	45	16	111.102	155.588	553	194	146	143	141	139	136	131	126	122	115	104.405	587.219	1037	869	793	726	665	595	517	438	359	295	219	1	180	1754.095	1762.783	0	0	0	328	347.911	0	0	769	723.589	0	0	0	0	0.000	0.000	0	0	0	0	0.000	0	0	0	0.000	0	0
291	291	1703	1362.870	1752.299	0.874	81	337	944	279	33	81	337	944	279	33	112.984	159.546	759	188	143	141	139	137	134	132	129	127	122	105.970	1064.428	1734	1490	1386	1277	1177	1068	958	850	755	622	468	1	120	1376.348	1755.111	0	0	0	392	420.267	0	0	1119	1096.533	0	0	0	0	0.000	0.000	0	0	0	0	0.000	0	0	0	0.000	0	0
292	292	1560	1279.055	1759.872	0.898	36	143	765	544	38	36	143	765	544	38	112.063	119.538	127	123	121	120	120	119	119	118	118	117	114	105.854	575.013	849	781	726	680	647	606	554	481	408	326	237	0	0	0.000	0.000	0	0	0	0	0.000	0	0	0	0.000	0	0	0	0	0.000	0.000	0	0	0	0	0.000	0	0	0	0.000	0	0
293	293	1821	1666.236	1758.940	0.897	294	425	942	134	6	294	425	942	134	6	111.369	161.425	181	172	169	167	165	163	161	158	154	148	131	104.992	566.805	764	696	657	626	597	572	542	517	486	440	284	0	0	0.000	0.000	0	0	0	0	0.000	0	0	0	0.000	0	0	0	0	0.000	0.000	0	0	0	0	0.000	0	0	0	0.000	0	0
294	294	1649	512.024	1761.835	0.897	85	767	690	70	3	85	767	690	70	3	109.673	143.925	164	156	152	148	145	143	141	140	137	133	123	103.000	140.300	162	153	149	145	142	139	137	135	133	129	120	0	0	0.000	0.000	0	0	0	0	0.000	0	0	0	0.000	0	0	0	0	0.000	0.000	0	0	0	0	0.000	0	0	0	0.000	0	0
295	295	1688	814.836	1765.134	0.885	71	237	1152	192	10	71	237	1152	192	10	110.917	118.924	131	125	122	120	119	118	117	117	116	115	113	104.453	530.738	790	706	662	626	584	533	485	438	399	365	253	0	0	0.000	0.000	0	0	0	0	0.000	0	0	0	0.000	0	0	0	0	0.000	0.000	0	0	0	0	0.000	0	0	0	0.000	0	0
296	296	1344	1892.213	1765.920	0.878	142	319	630	169	62	142	319	630	169	62	111.294	271.007	1469	492	257	209	198	192	187	182	176	169	157	103.000	131.746	150	140	137	134	132	131	130	128	127	125	115	1	137	1882.066	1771.355	0	0	0	770	824.964	0	0	142	141.204	0	0	0	0	0.000	0.000	0	0	0	0	0.000	0	0	0	0.000	0	0
297	297	1896	1944.433	1768.561	0.889	27	146	468	996	226	27	146	468	996	226	110.972	178.306	289	195	190	186	181	178	174	169	165	157	135	102.448	132.322	151	142	139	137	135	132	130	128	126	123	109	0	0	0.000	0.000	0	0	0	0	0.000	0	0	0	0.000	0	0	0	0	0.000	0.000	0	0	0	0	0.000	0	0	0	0.000	0	0
298	298	1113	1326.115	1779.238	0.891	69	196	550	233	40	69	196	550	233	40	113.000	119.384	127	122	121	120	120	119	119	118	118	117	115	106.000	626.960	965	888	830	762	697	640	587	526	429	320	213	0	0	0.000	0.000	0	0	0	0	0.000	0	0	0	0.000	0	0	0	0	0.000	0.000	0	0	0	0	0.000	0	0	0	0.000	0	0
299	299	978	688.055	1780.997	0.915	53	438	424	36	10	53	438	424	36	10	109.958	116.369	121	119	118	117	117	116	116	115	115	114	113	103.731	705.099	949	868	820	787	757	725	686	649	590	511	355	0	0	0.000	0.000	0	0	0	0	0.000	0	0	0	0.000	0	0	0	0	0.000	0.000	0	0	0	0	0.000	0	0	0	0.000	0	0
300	300	1629	1107.745	1789.680	0.910	146	757	625	60	13	146	757	625	60	13	111.188	131.579	153	139	136	134	133	131	129	128	127	125	117	103.828	150.638	192	173	167	160	154	149	144	141	138	133	111	0	0	0.000	0.000	0	0	0	0	0.000	0	0	0	0.000	0	0	0	0	0.000	0.000	0	0	0	0	0.000	0	0	0	0.000	0	0
301	301	1621	1224.535	1794.402	0.915	413	1085	63	25	14	413	1085	63	25	14	112.000	121.368	135	127	124	122	121	120	120	119	118	118	115	104.774	179.561	215	200	197	194	189	183	176	168	161	154	134	0	0	0.000	0.000	0	0	0	0	0.000	0	0	0	0.000	0	0	0	0	0.000	0.000	0	0	0	0	0.000	0	0	0	0.000	0	0
302	302	1966	209.893	1804.355	0.900	354	1309	210	37	14	354	1309	210	37	14	108.000	587.518	14636	500	201	194	189	186	182	178	171	164	137	103.000	118.239	130	123	121	120	119	118	117	116	115	114	107	1	108	192.331	1809.650	0	0	0	5673	6344.546	0	0	121	120.389	0	0	0	0	0.000	0.000	0	0	0	0	0.000	0	0	0	0.000	0	0
303	303	1595	731.261	1803.422	0.895	72	527	784	140	45	72	527	784	140	45	110.739	122.201	139	130	126	125	123	121	120	119	118	116	113	104.333	1038.293	1592	1362	1276	1213	1142	1078	997	895	797	671	341	0	0	0.000	0.000	0	0	0	0	0.000	0	0	0	0.000	0	0	0	0	0.000	0.000	0	0	0	0	0.000	0	0	0	0.000	0	0
304	304	1783	1367.368	1805.089	0.860	117	823	671	121	15	117	823	671	121	15	112.922	413.806	5145	825	203	159	154	149	144	140	136	131	124	105.896	1236.614	2129	1906	1711	1562	1433	1251	1070	878	726	574	445	1	181	1370.673	1797.206	0	0	0	2171	2474.459	0	0	1543	1526.558	0	0	0	0	0.000	0.000	0	0	0	0	0.000	0	0	0	0.000	0	0
305	305	1564	1736.755	1806.534	0.897	77	493	712	215	33	77	493	712	215	33	111.961	165.919	229	193	180	175	171	165	160	154	147	139	126	104.241	173.893	219	197	189	185	182	178	173	166	157	143	119	0	0	0.000	0.000	0	0	0	0	0.000	0	0	0	0.000	0	0	0	0	0.000	0.000	0	0	0	0	0.000	0	0	0	0.000	0	0
306	306	2733	1287.869	1815.751	0.870	1803	743	69	43	9	1803	743	69	43	9	112.085	122.053	135	129	126	123	121	120	120	119	119	118	114	105.467	710.914	1287	1102	990	889	790	692	597	513	442	355	195	0	0	0.000	0.000	0	0	0	0	0.000	0	0	0	0.000	0	0	0	0	0.000	0.000	0	0	0	0	0.000	0	0	0	0.000	0	0
307	307	1781	1792.570	1816.257	0.869	56	417	793	397	73	56	417	793	397	73	110.946	138.470	152	147	145	143	141	139	138	135	132	128	121	103.944	721.351	991	903	849	813	781	741	704	661	605	506	300	0	0	0.000	0.000	0	0	0	0	0.000	0	0	0	0.000	0	0	0	0	0.000	0.000	0	0	0	0	0.000	0	0	0	0.000	0	0
308	308	1594	1418.901	1812.211	0.900	63	382	806	267	50	63	382	806	267	50	112.643	153.593	168	163	161	159	157	156	154	152	147	140	124	105.029	1733.965	2322	2136	2069	1992	1912	1814	1699	1559	1407	1222	622	0	0	0.000	0.000	0	0	0	0	0.000	0	0	0	0.000	0	0	0	0	0.000	0.000	0	0	0	0	0.000	0	0	0	0.000	0	0
309	309	827	447.824	1817.676	0.905	58	347	312	93	6	58	347	312	93	6	108.207	184.141	276	238	218	204	192	182	170	159	147	137	124	103.000	142.158	178	163	157	151	146	143	138	133	127	120	111	0	0	0.000	0.000	0	0	0	0	0.000	0	0	0	0.000	0	0	0	0	0.000	0.000	0	0	0	0	0.000	0	0	0	0.000	0	0
310	310	1674	1217.875	1842.771	0.887	62	198	979	378	24	62	198	979	378	24	112.000	120.091	130	125	122	121	120	120	119	118	118	117	113	104.125	182.774	218	202	197	193	189	185	180	175	168	161	142	0	0	0.000	0.000	0	0	0	0	0.000	0	0	0	0.000	0	0	0	0	0.000	0.000	0	0	0	0	0.000	0	0	0	0.000	0	0
311	311	1796	805.898	1853.465	0.904	145	1037	535	38	10	145	1037	535	38	10	109.921	118.530	127	122	121	120	119	118	118	117	116	115	112	103.543	1223.183	2098	1736	1565	1422	1324	1246	1163	1074	919	661	237	0	0	0.000	0.000	0	0	0	0	0.000	0	0	0	0.000	0	0	0	0	0.000	0.000	0	0	0	0	0.000	0	0	0	0.000	0	0
312	312	2983	231.086	1868.219	0.902	1042	1546	277	34	20	1042	1546	277	34	20	107.194	1618.674	34615	2128	336	255	210	184	169	159	154	149	129	103.268	120.333	163	127	124	121	120	119	118	117	115	114	107	1	225	242.778	1886.036	0	0	0	15501	16901.876	0	0	136	137.947	0	0	1	30	242.408	1886.277	0	0	0	31004	30646.033	0	0	155	155.000	0	0
313	313	1321	1388.633	1866.830	0.899	15	149	655	426	53	15	149	655	426	53	112.902	118.770	123	121	120	120	119	119	118	118	117	116	113	104.101	498.918	809	687	598	526	496	475	456	439	410	363	258	0	0	0.000	0.000	0	0	0	0	0.000	0	0	0	0.000	0	0	0	0	0.000	0.000	0	0	0	0	0.000	0	0	0	0.000	0	0
314	314	2521	327.769	1874.574	0.874	127	912	1331	93	18	127	912	1331	93	18	108.000	173.557	1108	241	134	126	124	123	121	120	118	117	111	103.820	712.624	1020	928	889	847	808	756	693	613	528	421	246	1	249	339.244	1876.448	0	0	0	553	593.594	0	0	802	744.751	0	0	0	0	0.000	0.000	0	0	0	0	0.000	0	0	0	0.000	0	0
315	315	1608	937.255	1871.573	0.887	842	614	85	29	12	842	614	85	29	12	110.711	121.583	136	128	125	123	121	120	120	119	118	117	113	102.845	121.300	134	128	126	124	123	121	120	119	117	115	108	0	0	0.000	0.000	0	0	0	0	0.000	0	0	0	0.000	0	0	0	0	0.000	0.000	0	0	0	0	0.000	0	0	0	0.000	0	0
316	316	294	1740.212	1862.820	0.704	19	108	110	43	10	19	108	110	43	10	111.000	183.347	254	225	201	187	181	174	170	167	165	162	155	103.000	131.820	144	138	136	134	133	132	130	130	128	126	122	0	0	0.000	0.000	0	0	0	0	0.000	0	0	0	0.000	0	0	0	0	0.000	0.000	0	0	0	0	0.000	0	0	0	0.000	0	0
317	317	644	1428.051	1875.205	0.833	30	146	345	94	17	30	146	345	94	17	113.000	184.399	477	221	198	187	180	173	166	158	152	144	130	104.000	126.995	145	137	134	132	130	128	126	122	119	116	109	1	31	1422.418	1867.989	0	0	0	353	356.194	0	0	128	127.871	0	0	0	0	0.000	0.000	0	0	0	0	0.000	0	0	0	0.000	0	0
318	318	2137	503.543	1904.836	0.896	27	846	1089	120	5	27	846	1089	120	5	108.463	131.759	145	139	137	135	134	132	131	129	127	123	114	104.000	5008.456	7220	6648	6345	6078	5800	5459	5076	4519	3517	2348	1593	0	0	0.000	0.000	0	0	0	0	0.000	0	0	0	0.000	0	0	0	0	0.000	0.000	0	0	0	0	0.000	0	0	0	0.000	0	0
319	319	2430	285.510	1919.557	0.838	35	553	1571	214	11	35	553	1571	214	11	107.165	129.106	696	128	124	123	122	121	120	119	117	116	110	102.991	764.756	1034	970	929	890	848	809	760	716	620	443	288	1	72	296.188	1908.285	0	0	0	329	350.014	0	0	944	937.778	0	0	0	0	0.000	0.000	0	0	0	0	0.000	0	0	0	0.000	0	0
320	320	1677	1676.014	1907.287	0.840	87	609	781	145	17	87	609	781	145	17	111.000	139.450	250	150	143	140	139	136	134	131	128	126	121	103.000	278.944	396	353	331	313	296	282	267	249	223	196	174	1	54	1674.844	1903.602	0	0	0	211	211.167	0	0	303	299.093	0	0	0	0	0.000	0.000	0	0	0	0	0.000	0	0	0	0.000	0	0
321	321	2473	1391.922	1920.027	0.818	329	1532	522	35	7	329	1532	522	35	7	112.792	121.210	142	127	124	122	121	120	119	119	118	117	114	103.908	644.816	1014	901	812	748	695	642	591	543	480	397	243	0	0	0.000	0.000	0	0	0	0	0.000	0	0	0	0.000	0	0	0	0	0.000	0.000	0	0	0	0	0.000	0	0	0	0.000	0	0
322	322	1852	1338.609	1921.947	0.866	75	784	821	120	8	75	784	821	120	8	111.101	119.742	129	125	122	121	120	119	118	118	117	117	114	103.549	588.180	892	778	733	686	644	592	543	496	457	378	282	0	0	0.000	0.000	0	0	0	0	0.000	0	0	0	0.000	0	0	0	0	0.000	0.000	0	0	0	0	0.000	0	0	0	0.000	0	0
323	323	488	918.856	1909.184	0.929	25	67	240	137	9	25	67	240	137	9	111.000	119.359	126	122	121	121	120	120	119	118	117	116	111	102.000	296.799	385	365	352	338	325	306	288	266	243	213	164	0	0	0.000	0.000	0	0	0	0	0.000	0	0	0	0.000	0	0	0	0	0.000	0.000	0	0	0	0	0.000	0	0	0	0.000	0	0
324	324	808	334.394	1925.735	0.894	83	341	266	84	18	83	341	266	84	18	107.522	152.550	237	200	175	165	156	148	140	131	124	118	112	102.692	125.165	168	150	132	127	124	122	120	117	113	111	106	0	0	0.000	0.000	0	0	0	0	0.000	0	0	0	0.000	0	0	0	0	0.000	0.000	0	0	0	0	0.000	0	0	0	0.000	0	0
325	325	604	1641.167	1934.594	0.838	19	221	295	50	6	19	221	295	50	6	111.478	136.839	145	141	140	139	138	137	136	135	134	132	126	102.545	287.305	376	355	333	314	297	285	275	260	244	225	200	0	0	0.000	0.000	0	0	0	0	0.000	0	0	0	0.000	0	0	0	0	0.000	0.000	0	0	0	0	0.000	0	0	0	0.000	0	0
326	326	2050	908.118	1951.476	0.854	78	208	1326	375	29	78	208	1326	375	29	110.058	151.682	934	154	134	131	129	127	126	124	123	122	115	101.925	447.122	632	563	528	494	468	446	420	396	374	340	224	1	115	896.685	1948.506	0	0	0	446	490.696	0	0	358	366.574	0	0	0	0	0.000	0.000	0	0	0	0	0.000	0	0	0	0.000	0	0
327	327	2452	527.024	1959.272	0.884	43	118	658	1381	197	43	118	658	1381	197	107.770	337.009	3536	561	151	139	136	134	132	129	126	123	115	103.789	4312.492	7011	6178	5599	5234	4918	4509	4070	3501	2803	2252	1046	1	293	516.417	1958.672	0	0	0	1599	1774.106	0	0	6198	5683.693	0	0	0	0	0.000	0.000	0	0	0	0	0.000	0	0	0	0.000	0	0
328	328	1863	784.961	1972.250	0.894	158	1447	186	28	12	158	1447	186	28	12	108.678	147.414	205	198	185	163	143	131	127	125	123	120	113	102.427	1191.996	2709	1799	1499	1360	1233	1123	1003	877	778	700	425	0	0	0.000	0.000	0	0	0	0	0.000	0	0	0	0.000	0	0	0	0	0.000	0.000	0	0	0	0	0.000	0	0	0	0.000	0	0
329	329	1564	858.680	1976.860	0.890	70	136	937	367	36	70	136	937	367	36	109.128	140.201	476	154	130	128	126	125	124	123	121	120	114	102.566	337.259	462	435	417	401	382	356	323	286	241	211	188	1	147	861.348	1990.742	0	0	0	292	300.497	0	0	320	319.231	0	0	0	0	0.000	0.000	0	0	0	0	0.000	0	0	0	0.000	0	0
330	330	1194	1402.059	1976.085	0.917	41	223	745	154	10	41	223	745	154	10	115.142	149.670	173	166	163	159	155	151	147	140	136	131	125	102.996	1499.030	2306	2013	1876	1770	1704	1639	1538	1368	1062	729	370	0	0	0.000	0.000	0	0	0	0	0.000	0	0	0	0.000	0	0	0	0	0.000	0.000	0	0	0	0	0.000	0	0	0	0.000	0	0
331	331	1859	1658.416	1982.527	0.900	290	1296	196	26	9	290	1296	196	26	9	111.524	145.840	254	157	151	148	145	143	141	138	135	132	125	103.000	1694.906	2331	2166	2089	2029	1962	1864	1701	1490	1231	949	662	1	35	1661.861	1988.558	0	0	0	224	224.771	0	0	1604	1598.943	0	0	0	0	0.000	0.000	0	0	0	0	0.000	0	0	0	0.000	0	0
332	332	1232	1224.214	1977.452	0.903	37	143	735	272	18	37	143	735	272	18	110.000	120.028	127	123	122	121	121	120	120	119	118	117	114	102.000	147.011	183	170	162	156	152	147	142	137	132	124	111	0	0	0.000	0.000	0	0	0	0	0.000	0	0	0	0.000	0	0	0	0	0.000	0.000	0	0	0	0	0.000	0	0	0	0.000	0	0
333	333	1019	1908.993	1987.237	0.912	46	142	394	365	51	46	142	394	365	51	108.857	114.686	120	117	116	116	115	115	114	114	113	113	110	101.034	119.402	135	128	126	123	122	119	117	115	113	111	104	0	0	0.000	0.000	0	0	0	0	0.000	0	0	0	0.000	0	0	0	0	0.000	0.000	0	0	0	0	0.000	0	0	0	0.000	0	0
334	334	1281	1597.707	1993.342	0.892	153	653	337	83	19	153	653	337	83	19	115.326	323.163	446	388	364	350	338	327	315	299	278	250	219	102.052	134.265	160	150	147	143	139	135	132	128	124	114	103	0	0	0.000	0.000	0	0	0	0	0.000	0	0	0	0.000	0	0	0	0	0.000	0.000	0	0	0	0	0.000	0	0	0	0.000	0	0
335	335	679	34.780	2008.995	0.909	35	98	165	284	83	35	98	165	284	83	101.084	131.915	153	148	144	140	136	130	127	124	121	117	108	98.862	229.517	326	301	283	265	246	227	209	193	177	163	138	0	0	0.000	0.000	0	0	0	0	0.000	0	0	0	0.000	0	0	0	0	0.000	0.000	0	0	0	0	0.000	0	0	0	0.000	0	0
336	336	2069	1962.911	2019.803	0.880	93	595	1064	231	41	93	595	1064	231	41	106.591	113.182	118	115	115	114	114	113	113	112	112	111	108	100.013	127.107	143	136	133	131	129	127	126	124	121	118	105	0	0	0.000	0.000	0	0	0	0	0.000	0	0	0	0.000	0	0	0	0	0.000	0.000	0	0	0	0	0.000	0	0	0	0.000	0	0
337	337	248	1627.473	2012.428	0.877	21	44	84	62	34	21	44	84	62	34	113.169	136.839	154	142	140	139	138	137	136	134	132	130	127	102.028	492.391	682	641	594	557	519	488	462	439	401	358	300	0	0	0.000	0.000	0	0	0	0	0.000	0	0	0	0.000	0	0	0	0	0.000	0.000	0	0	0	0	0.000	0	0	0	0.000	0	0
