 	cell	area	x	y	circ	BFI_lev_b1	BFI_lev_b2	BFI_lev_b3	BFI_lev_b4	BFI_lev_b5	BFO_lev_b1	BFO_lev_b2	BFO_lev_b3	BFO_lev_b4	BFO_lev_b5	RFP_int_bg	RFP_int_mean	RFP_int_b0	RFP_int_b1	RFP_int_b2	RFP_int_b3	RFP_int_b4	RFP_int_b5	RFP_int_b6	RFP_int_b7	RFP_int_b8	RFP_int_b9	RFP_int_b10	GFP_int_bg	GFP_int_mean	GFP_int_b0	GFP_int_b1	GFP_int_b2	GFP_int_b3	GFP_int_b4	GFP_int_b5	GFP_int_b6	GFP_int_b7	GFP_int_b8	GFP_int_b9	GFP_int_b10	inRFPnfoci	f1_inRFParea	f1_inRFPx	f1_inRFPy	f2_inRFParea	f2_inRFPx	f2_inRFPy	f1_inRFP_toRFPmed	f1_inRFP_toRFPmean	f2_inRFP_toRFPmed	f2_inRFP_toRFPmean	f1_inRFP_toGFPmed	f1_inRFP_toGFPmean	f2_inRFP_toGFPmed	f2_inRFP_toGFPmean	inGFPnfoci	f1_inGFParea	f1_inGFPx	f1_inGFPy	f2_inGFParea	f2_inGFPx	f2_inGFPy	f1_inGFP_toRFPmed	f1_inGFP_toRFPmean	f2_inGFP_toRFPmed	f2_inGFP_toRFPmean	f1_inGFP_toGFPmed	f1_inGFP_toGFPmean	f2_inGFP_toGFPmed	f2_inGFP_toGFPmean
1	1	1690	1446.812	34.763	0.891	35	117	1132	359	10	35	117	1132	359	10	106.367	115.198	122	119	118	117	116	115	114	113	113	111	108	101.807	686.842	974	885	847	798	757	715	659	593	540	452	279	0	0	0.000	0.000	0	0	0	0	0.000	0	0	0	0.000	0	0	0	0	0.000	0.000	0	0	0	0	0.000	0	0	0	0.000	0	0
2	2	1851	833.197	60.370	0.899	37	209	973	578	25	37	209	973	578	25	107.102	133.120	152	142	139	137	135	134	132	130	127	123	114	102.000	237.603	344	309	282	262	246	233	220	208	194	179	145	0	0	0.000	0.000	0	0	0	0	0.000	0	0	0	0.000	0	0	0	0	0.000	0.000	0	0	0	0	0.000	0	0	0	0.000	0	0
3	3	1063	1998.823	57.390	0.840	45	198	502	281	18	45	198	502	281	18	103.265	116.440	128	123	121	120	118	116	114	113	112	111	107	100.196	143.119	170	160	157	154	151	147	142	138	131	117	102	0	0	0.000	0.000	0	0	0	0	0.000	0	0	0	0.000	0	0	0	0	0.000	0.000	0	0	0	0	0.000	0	0	0	0.000	0	0
4	4	1256	365.214	85.527	0.904	67	293	715	137	11	67	293	715	137	11	106.464	128.467	222	155	134	127	124	121	119	117	115	114	110	102.000	120.245	166	138	127	122	119	117	115	114	111	108	103	1	117	373.375	80.842	0	0	0	183	183.248	0	0	148	146.068	0	0	1	81	374.960	80.150	0	0	0	191	183.481	0	0	152	149.691	0	0
5	5	2400	88.150	118.924	0.885	408	1660	257	29	9	408	1660	257	29	9	105.477	1315.553	14255	4162	1028	565	326	233	195	175	163	153	133	101.000	120.436	188	138	123	119	117	116	115	113	112	110	104	1	336	87.336	129.360	0	0	0	6347	6962.289	0	0	151	150.708	0	0	0	0	0.000	0.000	0	0	0	0	0.000	0	0	0	0.000	0	0
6	6	1509	1020.293	166.218	0.875	31	217	968	254	10	31	217	968	254	10	108.944	115.257	120	118	117	116	116	115	115	114	114	113	111	102.942	119.179	134	126	124	122	120	119	118	116	115	113	105	0	0	0.000	0.000	0	0	0	0	0.000	0	0	0	0.000	0	0	0	0	0.000	0.000	0	0	0	0	0.000	0	0	0	0.000	0	0
7	7	1943	162.340	196.561	0.905	57	969	844	32	4	57	969	844	32	4	107.000	158.812	202	181	175	170	164	158	152	148	144	136	125	101.808	522.348	864	752	681	610	561	518	473	421	361	310	249	0	0	0.000	0.000	0	0	0	0	0.000	0	0	0	0.000	0	0	0	0	0.000	0.000	0	0	0	0	0.000	0	0	0	0.000	0	0
8	8	1265	114.082	197.573	0.911	53	152	545	393	93	53	152	545	393	93	107.000	151.949	181	173	167	163	159	154	148	142	135	129	117	102.000	527.281	780	704	669	628	583	536	488	435	386	340	210	0	0	0.000	0.000	0	0	0	0	0.000	0	0	0	0.000	0	0	0	0	0.000	0.000	0	0	0	0	0.000	0	0	0	0.000	0	0
9	9	1813	139.175	243.630	0.883	71	1088	567	43	4	71	1088	567	43	4	107.000	158.236	193	183	175	169	166	161	154	146	139	133	123	102.582	550.147	857	758	700	665	624	587	530	449	356	290	240	0	0	0.000	0.000	0	0	0	0	0.000	0	0	0	0.000	0	0	0	0	0.000	0.000	0	0	0	0	0.000	0	0	0	0.000	0	0
10	10	1353	1439.493	268.051	0.820	96	545	508	155	22	96	545	508	155	22	108.926	5453.215	63613	19809	4310	1058	470	362	298	245	216	179	141	102.896	132.377	206	165	145	135	131	127	123	119	116	112	106	1	207	1442.272	263.411	0	0	0	27318	30048.802	0	0	172	168.652	0	0	0	0	0.000	0.000	0	0	0	0	0.000	0	0	0	0.000	0	0
11	11	376	1207.781	276.472	0.937	190	70	41	53	16	190	70	41	53	16	110.000	125.109	138	130	128	127	126	125	124	123	121	120	116	103.630	395.489	651	498	467	450	432	404	373	344	317	282	208	0	0	0.000	0.000	0	0	0	0	0.000	0	0	0	0.000	0	0	0	0	0.000	0.000	0	0	0	0	0.000	0	0	0	0.000	0	0
12	12	324	154.510	278.519	0.930	47	79	92	82	18	47	79	92	82	18	107.000	117.231	123	121	120	119	118	118	117	116	115	113	111	102.000	215.049	320	287	264	245	232	220	208	186	161	138	120	0	0	0.000	0.000	0	0	0	0	0.000	0	0	0	0.000	0	0	0	0	0.000	0.000	0	0	0	0	0.000	0	0	0	0.000	0	0
13	13	1668	1178.409	297.978	0.891	230	1323	86	6	5	230	1323	86	6	5	109.893	142.567	163	154	151	148	145	143	141	138	135	131	120	103.981	624.324	962	852	806	764	705	633	559	492	432	379	289	0	0	0.000	0.000	0	0	0	0	0.000	0	0	0	0.000	0	0	0	0	0.000	0.000	0	0	0	0	0.000	0	0	0	0.000	0	0
14	14	1803	1233.256	305.749	0.907	841	791	78	33	7	841	791	78	33	7	109.617	143.157	165	156	153	150	146	143	141	137	133	129	121	104.000	641.926	1007	909	826	762	700	649	590	531	466	366	274	0	0	0.000	0.000	0	0	0	0	0.000	0	0	0	0.000	0	0	0	0	0.000	0.000	0	0	0	0	0.000	0	0	0	0.000	0	0
15	15	1671	808.402	344.593	0.876	29	172	779	595	62	29	172	779	595	62	109.238	149.141	456	160	155	152	147	144	140	136	133	128	120	103.798	510.247	1174	670	631	594	561	525	488	435	374	306	215	1	44	814.302	354.244	0	0	0	304	301.682	0	0	714	735.364	0	0	0	0	0.000	0.000	0	0	0	0	0.000	0	0	0	0.000	0	0
16	16	1712	1095.444	367.580	0.900	317	1005	321	32	7	317	1005	321	32	7	109.335	115.665	122	118	117	117	116	116	115	115	114	113	110	103.223	728.127	1073	980	928	864	816	761	711	632	511	404	299	0	0	0.000	0.000	0	0	0	0	0.000	0	0	0	0.000	0	0	0	0	0.000	0.000	0	0	0	0	0.000	0	0	0	0.000	0	0
17	17	1643	793.068	391.318	0.889	32	275	843	411	55	32	275	843	411	55	110.000	205.627	2097	221	152	148	145	144	143	141	138	134	123	103.243	591.245	3100	697	647	609	568	525	488	455	421	377	301	1	100	799.084	387.844	0	0	0	948	1005.740	0	0	1491	1593.410	0	0	1	52	799.441	387.503	0	0	0	1353	1318.750	0	0	2080	2060.519	0	0
18	18	1054	1140.833	396.484	0.837	20	175	480	305	62	20	175	480	305	62	109.788	117.117	126	122	120	118	117	116	116	115	115	114	111	103.942	534.373	850	749	686	628	569	521	472	424	378	347	304	0	0	0.000	0.000	0	0	0	0	0.000	0	0	0	0.000	0	0	0	0	0.000	0.000	0	0	0	0	0.000	0	0	0	0.000	0	0
19	19	393	792.790	427.592	0.933	68	135	125	47	6	68	135	125	47	6	110.000	132.598	144	140	138	136	135	133	132	129	127	124	119	103.000	323.000	470	420	388	369	353	334	311	275	247	212	161	0	0	0.000	0.000	0	0	0	0	0.000	0	0	0	0.000	0	0	0	0	0.000	0.000	0	0	0	0	0.000	0	0	0	0.000	0	0
20	20	2018	1654.021	442.562	0.893	457	1284	135	49	62	457	1284	135	49	62	109.849	182.268	1465	253	138	131	128	126	124	122	121	118	113	102.677	139.910	203	151	145	142	139	138	136	135	133	129	114	1	157	1644.890	451.836	0	0	0	684	737.490	0	0	169	169.694	0	0	0	0	0.000	0.000	0	0	0	0	0.000	0	0	0	0.000	0	0
21	21	2013	244.283	456.436	0.900	739	566	435	192	53	739	566	435	192	53	109.252	169.558	210	195	186	180	175	170	167	160	152	143	127	107.385	948.580	1543	1333	1209	1127	1044	963	897	814	692	509	284	0	0	0.000	0.000	0	0	0	0	0.000	0	0	0	0.000	0	0	0	0	0.000	0.000	0	0	0	0	0.000	0	0	0	0.000	0	0
22	22	2668	187.220	467.168	0.866	658	1869	85	21	7	658	1869	85	21	7	108.847	219.111	294	268	255	246	236	225	213	199	179	158	135	106.684	1815.322	2830	2513	2397	2258	2075	1882	1709	1515	1238	890	538	0	0	0.000	0.000	0	0	0	0	0.000	0	0	0	0.000	0	0	0	0	0.000	0.000	0	0	0	0	0.000	0	0	0	0.000	0	0
23	23	1591	1225.549	533.575	0.912	27	242	595	615	85	27	242	595	615	85	110.000	212.184	268	248	241	233	226	218	211	196	184	164	132	104.743	131.160	144	138	136	135	133	132	131	130	127	122	111	0	0	0.000	0.000	0	0	0	0	0.000	0	0	0	0.000	0	0	0	0	0.000	0.000	0	0	0	0	0.000	0	0	0	0.000	0	0
24	24	2073	790.357	563.995	0.896	47	53	700	1199	37	47	53	700	1199	37	109.935	155.980	173	166	164	162	160	158	156	153	148	141	125	104.508	1647.904	2290	2058	1987	1902	1819	1713	1602	1466	1318	1091	693	0	0	0.000	0.000	0	0	0	0	0.000	0	0	0	0.000	0	0	0	0	0.000	0.000	0	0	0	0	0.000	0	0	0	0.000	0	0
25	25	1740	1340.907	560.006	0.898	55	451	957	230	14	55	451	957	230	14	110.000	227.330	325	293	275	248	232	219	213	203	191	169	140	103.949	119.262	131	125	123	121	120	119	118	117	116	114	107	0	0	0.000	0.000	0	0	0	0	0.000	0	0	0	0.000	0	0	0	0	0.000	0.000	0	0	0	0	0.000	0	0	0	0.000	0	0
26	26	1614	273.096	561.141	0.887	731	647	100	75	41	731	647	100	75	41	109.540	494.743	4151	1188	470	299	261	245	230	215	194	169	137	104.923	131.262	153	143	139	136	133	131	129	126	123	120	112	1	188	282.268	555.564	0	0	0	1938	2088.537	0	0	135	133.766	0	0	0	0	0.000	0.000	0	0	0	0	0.000	0	0	0	0.000	0	0
27	27	1159	238.091	590.582	0.916	28	135	701	258	9	28	135	701	258	9	108.796	132.532	150	142	138	136	134	132	130	128	126	124	120	103.207	142.024	165	154	151	149	146	143	140	136	132	129	121	0	0	0.000	0.000	0	0	0	0	0.000	0	0	0	0.000	0	0	0	0	0.000	0.000	0	0	0	0	0.000	0	0	0	0.000	0	0
28	28	1735	1882.120	614.239	0.889	481	1070	118	29	8	481	1070	118	29	8	109.000	123.171	150	133	127	125	123	121	120	119	118	116	111	102.000	182.281	221	200	195	192	189	186	182	178	170	156	126	1	10	1883.300	612.103	0	0	0	147	146.700	0	0	192	192.400	0	0	0	0	0.000	0.000	0	0	0	0	0.000	0	0	0	0.000	0	0
29	29	706	314.084	611.116	0.898	59	42	252	269	68	59	42	252	269	68	109.670	141.470	153	149	147	146	145	143	141	138	135	131	124	102.559	138.778	160	150	147	145	143	140	137	134	130	126	113	0	0	0.000	0.000	0	0	0	0	0.000	0	0	0	0.000	0	0	0	0	0.000	0.000	0	0	0	0	0.000	0	0	0	0.000	0	0
30	30	1562	273.200	617.464	0.879	29	278	934	264	25	29	278	934	264	25	109.225	140.747	168	158	153	149	144	140	136	133	129	125	117	102.431	147.364	182	168	161	157	153	149	143	137	132	126	116	0	0	0.000	0.000	0	0	0	0	0.000	0	0	0	0.000	0	0	0	0	0.000	0.000	0	0	0	0	0.000	0	0	0	0.000	0	0
31	31	1273	224.444	632.697	0.908	77	617	491	59	7	77	617	491	59	7	107.892	137.765	151	145	143	142	140	138	136	135	133	129	120	102.000	142.987	161	154	151	148	146	143	141	138	135	132	124	0	0	0.000	0.000	0	0	0	0	0.000	0	0	0	0.000	0	0	0	0	0.000	0.000	0	0	0	0	0.000	0	0	0	0.000	0	0
32	32	739	1075.149	683.432	0.918	346	207	101	55	16	346	207	101	55	16	115.000	176.683	219	198	194	191	185	179	172	165	159	150	133	115.000	778.196	1188	1029	950	897	864	821	749	679	588	474	296	0	0	0.000	0.000	0	0	0	0	0.000	0	0	0	0.000	0	0	0	0	0.000	0.000	0	0	0	0	0.000	0	0	0	0.000	0	0
33	33	2739	1018.103	695.230	0.865	1353	477	529	329	17	1353	477	529	329	17	113.473	296.956	383	355	344	335	324	309	290	269	245	221	158	113.564	3644.062	5308	4902	4596	4396	4201	3958	3571	3107	2510	1933	849	0	0	0.000	0.000	0	0	0	0	0.000	0	0	0	0.000	0	0	0	0	0.000	0.000	0	0	0	0	0.000	0	0	0	0.000	0	0
34	34	763	1186.916	701.203	0.850	57	356	298	29	7	57	356	298	29	7	112.443	123.756	131	127	126	126	125	124	123	122	121	120	116	114.620	152.887	167	159	157	155	154	153	152	151	149	147	140	0	0	0.000	0.000	0	0	0	0	0.000	0	0	0	0.000	0	0	0	0	0.000	0.000	0	0	0	0	0.000	0	0	0	0.000	0	0
35	35	1196	923.906	709.045	0.919	45	360	588	152	32	45	360	588	152	32	111.268	425.297	6675	514	293	251	228	217	206	194	178	162	137	107.068	129.122	152	142	137	133	130	128	126	124	122	119	112	1	78	913.299	719.716	0	0	0	2676	2861.833	0	0	127	127.795	0	0	0	0	0.000	0.000	0	0	0	0	0.000	0	0	0	0.000	0	0
36	36	1540	532.123	723.387	0.911	75	914	457	56	11	75	914	457	56	11	108.928	190.926	239	219	212	205	201	195	187	180	170	156	133	102.284	123.981	137	130	128	127	126	125	123	121	120	117	107	0	0	0.000	0.000	0	0	0	0	0.000	0	0	0	0.000	0	0	0	0	0.000	0.000	0	0	0	0	0.000	0	0	0	0.000	0	0
37	37	780	232.304	716.997	0.907	61	288	297	110	10	61	288	297	110	10	108.000	207.733	360	276	252	231	218	203	191	176	159	146	126	102.303	127.288	172	143	136	132	129	126	123	120	117	113	108	0	0	0.000	0.000	0	0	0	0	0.000	0	0	0	0.000	0	0	0	0	0.000	0.000	0	0	0	0	0.000	0	0	0	0.000	0	0
38	38	375	987.781	731.824	0.904	60	33	54	150	71	60	33	54	150	71	112.931	319.432	356	349	342	338	332	326	317	307	298	281	240	111.509	3727.736	4521	4381	4249	4144	4014	3841	3657	3463	3206	2852	2247	0	0	0.000	0.000	0	0	0	0	0.000	0	0	0	0.000	0	0	0	0	0.000	0.000	0	0	0	0	0.000	0	0	0	0.000	0	0
39	39	335	1855.810	731.765	0.849	79	110	78	46	19	79	110	78	46	19	109.000	200.230	234	223	215	211	207	203	200	193	186	174	151	102.000	140.755	162	154	150	146	143	141	139	136	133	128	114	0	0	0.000	0.000	0	0	0	0	0.000	0	0	0	0.000	0	0	0	0	0.000	0.000	0	0	0	0	0.000	0	0	0	0.000	0	0
40	40	916	753.308	744.086	0.924	19	84	463	318	14	19	84	463	318	14	110.737	167.745	196	188	185	182	178	173	167	158	148	138	124	104.093	831.668	1212	1091	1021	975	933	892	840	752	608	461	259	0	0	0.000	0.000	0	0	0	0	0.000	0	0	0	0.000	0	0	0	0	0.000	0.000	0	0	0	0	0.000	0	0	0	0.000	0	0
41	41	2333	714.890	774.433	0.875	267	1480	480	42	19	267	1480	480	42	19	110.624	764.280	7949	2411	430	202	193	183	175	167	157	148	128	105.000	1197.515	6079	2318	1245	1131	1011	897	802	690	568	443	275	1	334	720.251	781.745	0	0	0	3656	3988.928	0	0	3159	3351.656	0	0	1	206	720.027	781.286	0	0	0	5325	5224.728	0	0	4094	4135.893	0	0
42	42	1175	1526.995	779.249	0.869	206	582	254	87	21	206	582	254	87	21	111.000	535.447	1198	852	710	624	567	519	469	407	341	256	168	103.815	157.903	222	185	174	168	164	159	154	147	138	128	113	0	0	0.000	0.000	0	0	0	0	0.000	0	0	0	0.000	0	0	0	0	0.000	0.000	0	0	0	0	0.000	0	0	0	0.000	0	0
43	43	2100	1681.134	818.564	0.870	503	1484	60	10	4	503	1484	60	10	4	109.869	190.858	243	227	210	204	197	191	184	176	168	159	142	104.000	1090.776	1692	1519	1394	1294	1196	1097	1011	911	770	620	467	0	0	0.000	0.000	0	0	0	0	0.000	0	0	0	0.000	0	0	0	0	0.000	0.000	0	0	0	0	0.000	0	0	0	0.000	0	0
44	44	2767	687.879	833.170	0.870	51	468	1975	198	26	51	468	1975	198	26	110.650	184.013	1072	193	180	175	170	165	160	153	146	139	125	104.083	970.059	3317	1282	1233	1176	1092	993	875	751	614	473	306	1	109	684.414	823.327	0	0	0	583	603.486	0	0	2071	2138.073	0	0	1	14	684.693	823.862	0	0	0	935	934.000	0	0	3024	2974.500	0	0
45	45	2097	1637.025	857.106	0.892	108	863	1019	52	11	108	863	1019	52	11	110.000	189.980	239	223	217	212	205	193	183	172	160	148	135	104.000	1040.941	1603	1395	1329	1271	1205	1112	1025	894	712	540	337	0	0	0.000	0.000	0	0	0	0	0.000	0	0	0	0.000	0	0	0	0	0.000	0.000	0	0	0	0	0.000	0	0	0	0.000	0	0
46	46	1472	598.176	874.613	0.902	127	585	568	144	19	127	585	568	144	19	109.046	286.422	863	512	361	287	249	233	218	201	181	163	138	103.000	122.829	161	135	130	126	123	121	119	117	115	113	104	2	34	603.497	884.770	116	606.422	872.155	550	552.088	656	663.379	133	132.500	142	142.379	0	0	0.000	0.000	0	0	0	0	0.000	0	0	0	0.000	0	0
47	47	977	675.024	884.361	0.918	26	74	132	615	106	26	74	132	615	106	110.274	155.095	181	175	169	165	161	156	151	145	140	135	124	103.902	920.585	1278	1209	1142	1094	1043	962	877	782	681	579	328	0	0	0.000	0.000	0	0	0	0	0.000	0	0	0	0.000	0	0	0	0	0.000	0.000	0	0	0	0	0.000	0	0	0	0.000	0	0
48	48	1654	1494.156	895.097	0.892	38	584	923	72	9	38	584	923	72	9	111.885	121.190	133	126	125	123	122	120	120	119	118	117	114	104.915	577.360	956	812	754	696	651	596	528	457	386	317	251	0	0	0.000	0.000	0	0	0	0	0.000	0	0	0	0.000	0	0	0	0	0.000	0.000	0	0	0	0	0.000	0	0	0	0.000	0	0
49	49	1539	1721.909	903.607	0.880	103	850	469	61	19	103	850	469	61	19	110.994	379.626	1546	563	446	417	375	340	311	284	254	214	158	103.373	126.098	146	138	134	132	128	125	123	121	118	115	108	1	47	1709.273	901.019	0	0	0	1067	1075.319	0	0	130	130.191	0	0	0	0	0.000	0.000	0	0	0	0	0.000	0	0	0	0.000	0	0
50	50	1309	31.333	928.175	0.914	50	147	614	426	51	50	147	614	426	51	104.981	111.403	118	115	113	112	112	111	111	110	110	109	106	100.642	111.997	121	117	115	114	113	112	111	110	109	107	102	0	0	0.000	0.000	0	0	0	0	0.000	0	0	0	0.000	0	0	0	0	0.000	0.000	0	0	0	0	0.000	0	0	0	0.000	0	0
51	51	1926	211.811	931.265	0.775	64	528	1015	248	24	64	528	1015	248	24	107.497	149.354	174	163	160	155	151	149	146	144	141	136	124	102.464	126.025	142	134	132	130	128	126	125	123	121	118	103	0	0	0.000	0.000	0	0	0	0	0.000	0	0	0	0.000	0	0	0	0	0.000	0.000	0	0	0	0	0.000	0	0	0	0.000	0	0
52	52	1711	1537.989	930.802	0.913	351	1108	202	11	7	351	1108	202	11	7	112.000	414.977	3628	553	361	329	314	298	278	256	234	202	145	104.968	135.050	161	147	143	140	138	135	133	130	127	122	111	1	121	1552.841	921.347	0	0	0	1741	1856.835	0	0	139	138.537	0	0	0	0	0.000	0.000	0	0	0	0	0.000	0	0	0	0.000	0	0
53	53	948	1624.532	936.876	0.904	44	122	481	254	30	44	122	481	254	30	111.000	149.079	226	171	166	159	152	145	139	135	132	128	121	103.000	121.196	147	132	128	125	123	120	118	116	114	111	106	0	0	0.000	0.000	0	0	0	0	0.000	0	0	0	0.000	0	0	0	0	0.000	0.000	0	0	0	0	0.000	0	0	0	0.000	0	0
54	54	2005	269.879	969.664	0.839	94	1017	746	90	12	94	1017	746	90	12	107.678	151.601	182	168	162	158	154	151	148	144	141	136	124	102.461	126.094	147	134	130	128	127	126	124	123	121	119	113	0	0	0.000	0.000	0	0	0	0	0.000	0	0	0	0.000	0	0	0	0	0.000	0.000	0	0	0	0	0.000	0	0	0	0.000	0	0
55	55	1580	1521.313	979.000	0.860	28	33	525	939	14	28	33	525	939	14	111.492	162.233	189	178	172	170	166	163	159	155	152	147	132	104.897	803.718	1139	1031	970	921	867	810	747	697	634	570	368	0	0	0.000	0.000	0	0	0	0	0.000	0	0	0	0.000	0	0	0	0	0.000	0.000	0	0	0	0	0.000	0	0	0	0.000	0	0
56	56	229	226.731	971.818	0.850	6	38	103	64	15	6	38	103	64	15	108.000	138.100	145	143	142	140	139	138	137	136	135	133	131	102.563	121.760	131	128	126	124	123	121	121	119	118	117	111	0	0	0.000	0.000	0	0	0	0	0.000	0	0	0	0.000	0	0	0	0	0.000	0.000	0	0	0	0	0.000	0	0	0	0.000	0	0
57	57	653	1127.161	985.246	0.939	9	113	328	168	21	9	113	328	168	21	110.074	117.603	123	120	119	118	118	117	117	116	116	115	114	104.239	139.270	158	152	149	147	145	142	139	135	129	122	110	0	0	0.000	0.000	0	0	0	0	0.000	0	0	0	0.000	0	0	0	0	0.000	0.000	0	0	0	0	0.000	0	0	0	0.000	0	0
58	58	1696	1466.108	1002.196	0.870	64	149	861	558	36	64	149	861	558	36	111.446	156.369	187	173	169	166	163	159	153	147	142	137	128	104.550	423.540	616	555	517	491	466	442	414	371	312	257	221	0	0	0.000	0.000	0	0	0	0	0.000	0	0	0	0.000	0	0	0	0	0.000	0.000	0	0	0	0	0.000	0	0	0	0.000	0	0
59	59	2114	515.829	1031.071	0.896	45	388	1109	475	57	45	388	1109	475	57	109.471	202.801	255	238	229	223	216	208	197	183	173	162	143	104.000	1160.833	1812	1648	1506	1395	1318	1217	1106	952	790	586	417	0	0	0.000	0.000	0	0	0	0	0.000	0	0	0	0.000	0	0	0	0	0.000	0.000	0	0	0	0	0.000	0	0	0	0.000	0	0
60	60	872	1433.623	1031.769	0.912	68	112	352	262	59	68	112	352	262	59	111.972	157.626	181	172	168	165	163	160	156	151	145	140	131	103.745	369.282	551	497	463	427	397	371	346	311	271	247	194	0	0	0.000	0.000	0	0	0	0	0.000	0	0	0	0.000	0	0	0	0	0.000	0.000	0	0	0	0	0.000	0	0	0	0.000	0	0
61	61	365	1170.020	1046.448	0.787	40	99	133	51	33	40	99	133	51	33	111.005	179.989	223	213	202	190	182	176	171	167	162	156	148	103.003	129.392	151	140	138	135	131	128	126	124	123	119	113	0	0	0.000	0.000	0	0	0	0	0.000	0	0	0	0.000	0	0	0	0	0.000	0.000	0	0	0	0	0.000	0	0	0	0.000	0	0
62	62	1485	425.890	1060.377	0.895	71	507	735	140	8	71	507	735	140	8	109.000	133.228	152	141	137	136	135	134	132	130	128	125	117	103.564	123.789	141	130	128	126	125	124	123	121	120	117	107	0	0	0.000	0.000	0	0	0	0	0.000	0	0	0	0.000	0	0	0	0	0.000	0.000	0	0	0	0	0.000	0	0	0	0.000	0	0
63	63	1617	491.475	1078.776	0.903	19	108	486	867	103	19	108	486	867	103	109.740	186.655	249	224	212	203	195	188	177	167	157	150	140	104.000	925.210	1527	1358	1233	1115	998	903	810	729	632	517	418	0	0	0.000	0.000	0	0	0	0	0.000	0	0	0	0.000	0	0	0	0	0.000	0.000	0	0	0	0	0.000	0	0	0	0.000	0	0
64	64	1878	391.496	1102.041	0.854	34	535	992	259	23	34	535	992	259	23	108.842	210.368	2140	272	144	137	134	132	130	127	124	122	115	103.000	124.292	171	132	128	126	124	123	122	120	119	117	106	1	144	401.795	1107.176	0	0	0	946	1025.882	0	0	142	143.653	0	0	0	0	0.000	0.000	0	0	0	0	0.000	0	0	0	0.000	0	0
65	65	2150	1587.898	1125.545	0.865	5	90	1041	891	68	5	90	1041	891	68	110.841	215.421	263	241	233	228	223	217	211	206	197	185	153	103.000	506.747	682	615	592	563	538	513	491	465	433	372	253	0	0	0.000	0.000	0	0	0	0	0.000	0	0	0	0.000	0	0	0	0	0.000	0.000	0	0	0	0	0.000	0	0	0	0.000	0	0
66	66	1761	864.546	1135.857	0.838	17	160	1155	379	23	17	160	1155	379	23	110.675	121.559	134	127	125	123	122	121	120	119	118	117	112	103.739	597.562	810	768	738	694	645	600	559	521	479	412	224	0	0	0.000	0.000	0	0	0	0	0.000	0	0	0	0.000	0	0	0	0	0.000	0.000	0	0	0	0	0.000	0	0	0	0.000	0	0
67	67	259	827.656	1129.504	0.924	8	69	90	64	22	8	69	90	64	22	111.000	118.216	126	121	120	119	118	118	117	117	116	116	114	103.000	295.371	421	391	368	345	322	303	284	259	228	190	136	0	0	0.000	0.000	0	0	0	0	0.000	0	0	0	0.000	0	0	0	0	0.000	0.000	0	0	0	0	0.000	0	0	0	0.000	0	0
68	68	2456	1652.215	1154.464	0.808	58	669	1387	259	28	58	669	1387	259	28	111.752	343.505	3377	520	241	224	216	209	203	195	185	166	148	103.000	496.667	1313	634	580	548	519	487	454	424	383	312	220	1	192	1648.321	1151.636	0	0	0	1611	1736.562	0	0	838	863.464	0	0	0	0	0.000	0.000	0	0	0	0	0.000	0	0	0	0.000	0	0
69	69	1932	927.842	1155.762	0.841	250	1151	475	16	4	250	1151	475	16	4	110.253	120.817	128	124	123	122	121	121	120	120	119	118	113	104.000	560.149	796	733	677	623	580	547	514	485	452	420	289	0	0	0.000	0.000	0	0	0	0	0.000	0	0	0	0.000	0	0	0	0	0.000	0.000	0	0	0	0	0.000	0	0	0	0.000	0	0
70	70	868	883.933	1177.815	0.884	26	66	322	371	70	26	66	322	371	70	111.000	120.793	131	126	124	122	121	120	119	118	118	117	113	103.938	510.808	667	604	581	563	542	524	506	480	440	387	267	0	0	0.000	0.000	0	0	0	0	0.000	0	0	0	0.000	0	0	0	0	0.000	0.000	0	0	0	0	0.000	0	0	0	0.000	0	0
71	71	1772	1830.578	1190.520	0.858	24	60	554	909	174	24	60	554	909	174	110.619	149.256	462	156	151	149	147	145	144	142	139	133	123	102.876	556.712	1198	698	660	622	591	559	520	485	460	412	207	1	51	1812.011	1193.635	0	0	0	298	301.098	0	0	659	638.000	0	0	0	0	0.000	0.000	0	0	0	0	0.000	0	0	0	0.000	0	0
72	72	903	149.266	1222.394	0.910	45	163	520	152	8	45	163	520	152	8	107.821	131.093	147	141	138	137	135	132	129	127	124	118	112	102.000	435.292	602	545	514	492	470	451	429	398	353	291	211	0	0	0.000	0.000	0	0	0	0	0.000	0	0	0	0.000	0	0	0	0	0.000	0.000	0	0	0	0	0.000	0	0	0	0.000	0	0
73	73	370	73.688	1215.785	0.907	18	62	143	118	16	18	62	143	118	16	106.003	118.708	126	124	122	121	120	119	118	117	116	114	111	101.000	346.824	434	418	410	399	380	355	331	309	287	262	177	0	0	0.000	0.000	0	0	0	0	0.000	0	0	0	0.000	0	0	0	0	0.000	0.000	0	0	0	0	0.000	0	0	0	0.000	0	0
74	74	1676	109.529	1236.160	0.878	173	1250	211	9	6	173	1250	211	9	6	106.953	149.970	570	186	140	136	134	132	131	129	126	122	114	101.776	442.356	637	569	529	501	478	449	418	385	356	313	227	1	119	101.348	1232.146	0	0	0	322	336.790	0	0	351	338.328	0	0	0	0	0.000	0.000	0	0	0	0	0.000	0	0	0	0.000	0	0
75	75	1670	863.257	1247.610	0.897	788	804	24	8	4	788	804	24	8	4	111.000	132.482	177	155	139	132	130	128	127	125	124	121	115	103.000	720.298	1033	932	855	805	769	730	688	640	585	518	288	0	0	0.000	0.000	0	0	0	0	0.000	0	0	0	0.000	0	0	0	0	0.000	0.000	0	0	0	0	0.000	0	0	0	0.000	0	0
76	76	1588	1847.606	1249.873	0.884	19	103	776	611	41	19	103	776	611	41	111.197	208.722	1893	256	164	161	157	151	147	143	139	134	124	103.278	629.853	1709	853	765	707	662	608	545	495	448	387	245	1	100	1849.138	1241.138	0	0	0	851	925.330	0	0	1192	1206.410	0	0	0	0	0.000	0.000	0	0	0	0	0.000	0	0	0	0.000	0	0
77	77	714	587.415	1244.664	0.867	74	339	233	45	15	74	339	233	45	15	111.000	368.762	673	499	457	423	396	363	332	301	271	239	197	103.000	130.415	155	145	139	135	132	130	126	124	122	118	110	0	0	0.000	0.000	0	0	0	0	0.000	0	0	0	0.000	0	0	0	0	0.000	0.000	0	0	0	0	0.000	0	0	0	0.000	0	0
78	78	1930	163.893	1267.119	0.881	31	74	986	698	105	31	74	986	698	105	107.926	141.498	163	153	150	148	146	143	141	138	134	126	111	102.000	472.269	718	656	614	568	523	480	429	384	326	269	195	0	0	0.000	0.000	0	0	0	0	0.000	0	0	0	0.000	0	0	0	0	0.000	0.000	0	0	0	0	0.000	0	0	0	0.000	0	0
79	79	627	1809.232	1262.910	0.913	42	47	242	246	31	42	47	242	246	31	111.716	139.324	158	152	150	148	146	144	139	132	125	120	115	103.000	467.026	722	655	584	547	516	488	449	401	363	245	132	0	0	0.000	0.000	0	0	0	0	0.000	0	0	0	0.000	0	0	0	0	0.000	0.000	0	0	0	0	0.000	0	0	0	0.000	0	0
80	80	1203	538.975	1299.213	0.901	93	350	587	122	25	93	350	587	122	25	111.000	123.690	134	131	129	127	125	123	122	120	119	118	114	103.242	122.920	138	129	127	125	124	123	122	121	119	117	109	0	0	0.000	0.000	0	0	0	0	0.000	0	0	0	0.000	0	0	0	0	0.000	0.000	0	0	0	0	0.000	0	0	0	0.000	0	0
81	81	1794	651.303	1305.306	0.903	185	1228	267	76	9	185	1228	267	76	9	110.887	122.220	138	131	126	123	121	120	120	119	118	117	114	103.341	120.350	131	125	124	122	121	120	119	119	117	116	106	0	0	0.000	0.000	0	0	0	0	0.000	0	0	0	0.000	0	0	0	0	0.000	0.000	0	0	0	0	0.000	0	0	0	0.000	0	0
82	82	632	608.713	1307.144	0.932	31	135	249	169	35	31	135	249	169	35	111.000	118.891	127	122	121	120	119	119	118	117	117	116	113	104.000	114.014	123	118	116	115	115	114	113	113	112	110	105	0	0	0.000	0.000	0	0	0	0	0.000	0	0	0	0.000	0	0	0	0	0.000	0.000	0	0	0	0	0.000	0	0	0	0.000	0	0
83	83	606	1860.705	1310.723	0.889	137	274	163	11	7	137	274	163	11	7	112.000	380.947	547	492	457	420	399	384	369	345	305	266	192	103.000	142.152	169	155	152	149	146	143	139	136	133	128	117	0	0	0.000	0.000	0	0	0	0	0.000	0	0	0	0.000	0	0	0	0	0.000	0.000	0	0	0	0	0.000	0	0	0	0.000	0	0
84	84	1983	1904.451	1328.887	0.890	129	1346	438	15	4	129	1346	438	15	4	111.503	136.642	169	146	141	138	137	136	135	133	132	129	121	103.000	118.794	138	125	122	121	120	119	117	116	115	113	105	0	0	0.000	0.000	0	0	0	0	0.000	0	0	0	0.000	0	0	0	0	0.000	0.000	0	0	0	0	0.000	0	0	0	0.000	0	0
85	85	1999	666.295	1369.608	0.868	57	946	853	76	13	57	946	853	76	13	110.756	120.607	133	128	125	122	120	119	118	117	117	116	112	104.051	621.007	965	848	784	720	659	615	572	528	471	397	258	0	0	0.000	0.000	0	0	0	0	0.000	0	0	0	0.000	0	0	0	0	0.000	0.000	0	0	0	0	0.000	0	0	0	0.000	0	0
86	86	1603	1372.840	1369.393	0.872	491	846	190	31	14	491	846	190	31	14	113.627	389.978	2971	716	510	381	332	293	258	231	208	190	170	103.958	124.029	151	136	132	129	126	123	120	118	116	114	109	0	0	0.000	0.000	0	0	0	0	0.000	0	0	0	0.000	0	0	0	0	0.000	0.000	0	0	0	0	0.000	0	0	0	0.000	0	0
87	87	1370	1875.071	1368.684	0.884	44	430	759	105	14	44	430	759	105	14	111.524	134.541	147	141	139	138	136	135	134	132	130	128	122	103.000	118.072	131	123	121	120	119	118	117	116	115	114	108	0	0	0.000	0.000	0	0	0	0	0.000	0	0	0	0.000	0	0	0	0	0.000	0.000	0	0	0	0	0.000	0	0	0	0.000	0	0
88	88	1677	1454.010	1382.046	0.810	42	423	893	265	28	42	423	893	265	28	112.988	228.458	822	364	247	227	207	191	177	166	155	143	133	104.924	605.992	1121	958	876	782	669	560	472	418	366	307	250	1	145	1443.289	1374.364	0	0	0	536	553.662	0	0	823	796.821	0	0	0	0	0.000	0.000	0	0	0	0	0.000	0	0	0	0.000	0	0
89	89	1419	1408.348	1414.510	0.775	16	30	841	419	91	16	30	841	419	91	114.000	225.380	260	250	245	240	235	229	224	217	206	192	165	105.268	820.395	1034	980	939	913	888	858	820	768	688	601	423	0	0	0.000	0.000	0	0	0	0	0.000	0	0	0	0.000	0	0	0	0	0.000	0.000	0	0	0	0	0.000	0	0	0	0.000	0	0
90	90	1574	666.377	1425.217	0.889	30	110	646	668	98	30	110	646	668	98	110.722	118.431	131	122	120	119	118	118	117	117	116	116	113	104.365	702.447	1056	992	915	845	785	718	640	560	493	399	318	0	0	0.000	0.000	0	0	0	0	0.000	0	0	0	0.000	0	0	0	0	0.000	0.000	0	0	0	0	0.000	0	0	0	0.000	0	0
91	91	2561	694.609	1484.700	0.864	54	188	1338	837	91	54	188	1338	837	91	112.000	274.422	2885	289	238	226	214	207	198	186	173	156	137	104.865	696.550	2153	947	865	800	743	690	641	569	455	357	232	1	124	688.671	1477.744	0	0	0	1334	1465.879	0	0	1446	1470.298	0	0	1	14	688.187	1477.344	0	0	0	2538	2468.643	0	0	1979	1949.643	0	0
92	92	2363	696.434	1548.076	0.873	33	731	1438	119	8	33	731	1438	119	8	112.000	548.072	5187	1313	428	292	261	242	223	209	191	167	142	105.318	672.786	2016	979	858	785	716	633	558	491	415	334	231	1	275	700.506	1547.127	0	0	0	2335	2595.458	0	0	1207	1240.887	0	0	1	33	701.625	1546.443	0	0	0	4597	4546.697	0	0	1818	1826.636	0	0
93	93	3192	572.309	1558.867	0.823	193	784	2028	101	16	193	784	2028	101	16	112.029	1473.353	8989	6281	2038	579	332	290	267	241	208	176	143	107.237	3039.851	11732	8418	4119	2589	2143	1951	1757	1548	1190	846	387	1	860	572.543	1554.150	0	0	0	4505	4679.406	0	0	6598	6836.078	0	0	0	0	0.000	0.000	0	0	0	0	0.000	0	0	0	0.000	0	0
94	94	1366	1299.816	1554.337	0.907	439	410	338	96	59	439	410	338	96	59	116.401	128.973	140	133	132	130	129	129	128	127	126	125	121	111.647	763.553	1017	944	895	854	819	781	732	676	629	571	375	0	0	0.000	0.000	0	0	0	0	0.000	0	0	0	0.000	0	0	0	0	0.000	0.000	0	0	0	0	0.000	0	0	0	0.000	0	0
95	95	2163	1705.716	1558.386	0.801	717	816	434	113	49	717	816	434	113	49	115.581	213.019	267	250	240	231	222	214	207	199	192	173	139	107.748	461.498	673	624	583	544	506	473	429	390	361	285	162	0	0	0.000	0.000	0	0	0	0	0.000	0	0	0	0.000	0	0	0	0	0.000	0.000	0	0	0	0	0.000	0	0	0	0.000	0	0
96	96	670	1896.730	1593.631	0.828	89	261	228	62	16	89	261	228	62	16	111.973	155.479	190	174	166	161	157	155	152	148	144	140	129	103.751	128.652	144	138	135	133	131	129	127	125	122	119	110	0	0	0.000	0.000	0	0	0	0	0.000	0	0	0	0.000	0	0	0	0	0.000	0.000	0	0	0	0	0.000	0	0	0	0.000	0	0
97	97	1982	761.969	1603.963	0.907	4	140	1352	439	18	4	140	1352	439	18	112.000	176.149	211	201	197	192	186	181	172	162	153	146	134	105.000	512.905	722	676	657	624	593	553	495	426	349	291	188	0	0	0.000	0.000	0	0	0	0	0.000	0	0	0	0.000	0	0	0	0	0.000	0.000	0	0	0	0	0.000	0	0	0	0.000	0	0
98	98	1023	1855.120	1607.075	0.862	205	535	215	43	7	205	535	215	43	7	112.878	323.239	1897	592	305	262	242	227	215	202	188	175	151	103.728	139.040	169	153	148	146	143	140	136	132	128	124	112	1	102	1853.500	1616.682	0	0	0	994	1052.147	0	0	153	150.412	0	0	0	0	0.000	0.000	0	0	0	0	0.000	0	0	0	0.000	0	0
99	99	1353	1333.787	1611.527	0.903	784	464	70	13	8	784	464	70	13	8	118.605	195.290	246	235	226	218	209	199	188	174	160	150	140	113.667	529.948	824	739	675	633	588	549	505	449	356	287	238	0	0	0.000	0.000	0	0	0	0	0.000	0	0	0	0.000	0	0	0	0	0.000	0.000	0	0	0	0	0.000	0	0	0	0.000	0	0
100	100	1515	598.514	1622.823	0.889	419	928	105	27	4	419	928	105	27	4	111.130	119.982	131	124	122	121	120	120	119	118	117	116	113	106.160	132.448	147	139	137	136	134	133	131	130	128	125	113	0	0	0.000	0.000	0	0	0	0	0.000	0	0	0	0.000	0	0	0	0	0.000	0.000	0	0	0	0	0.000	0	0	0	0.000	0	0
101	101	1520	722.011	1635.042	0.902	87	521	777	98	10	87	521	777	98	10	111.677	209.055	715	251	229	212	202	193	186	179	164	149	136	105.378	540.274	1067	789	693	632	590	547	485	420	370	309	217	1	61	715.994	1621.449	0	0	0	486	499.639	0	0	868	876.951	0	0	0	0	0.000	0.000	0	0	0	0	0.000	0	0	0	0.000	0	0
102	102	1778	765.929	1659.860	0.892	77	640	914	103	11	77	640	914	103	11	111.580	254.533	1523	440	238	202	194	187	178	168	157	146	125	104.744	484.707	709	631	593	562	533	495	455	418	378	320	183	1	160	762.375	1654.328	0	0	0	758	837.487	0	0	493	517.362	0	0	0	0	0.000	0.000	0	0	0	0	0.000	0	0	0	0.000	0	0
103	103	1878	1888.041	1662.392	0.887	208	1102	453	80	8	208	1102	453	80	8	111.735	531.089	2296	1374	780	468	329	285	254	236	220	199	154	102.683	120.990	142	128	126	125	123	122	120	118	116	113	105	1	395	1892.352	1671.306	0	0	0	1327	1388.889	0	0	125	124.190	0	0	0	0	0.000	0.000	0	0	0	0	0.000	0	0	0	0.000	0	0
104	104	1315	1936.759	1661.133	0.915	163	816	247	56	10	163	816	247	56	10	110.453	181.930	223	210	204	199	192	183	174	166	160	153	133	102.427	118.474	130	125	122	121	120	119	118	117	115	111	103	0	0	0.000	0.000	0	0	0	0	0.000	0	0	0	0.000	0	0	0	0	0.000	0.000	0	0	0	0	0.000	0	0	0	0.000	0	0
105	105	2070	601.578	1679.022	0.857	95	955	904	63	13	95	955	904	63	13	110.180	121.176	133	127	125	124	122	120	119	118	117	116	113	104.357	131.542	152	140	137	135	133	131	130	128	126	123	117	0	0	0.000	0.000	0	0	0	0	0.000	0	0	0	0.000	0	0	0	0	0.000	0.000	0	0	0	0	0.000	0	0	0	0.000	0	0
106	106	1261	949.217	1675.926	0.858	250	647	274	54	16	250	647	274	54	16	111.193	155.393	241	202	184	166	151	142	138	134	131	129	125	104.000	189.300	311	239	218	196	182	173	169	166	164	162	153	0	0	0.000	0.000	0	0	0	0	0.000	0	0	0	0.000	0	0	0	0	0.000	0.000	0	0	0	0	0.000	0	0	0	0.000	0	0
107	107	1739	1284.767	1695.584	0.898	845	355	315	147	49	845	355	315	147	49	118.532	317.120	419	371	357	346	332	320	308	296	283	258	179	112.322	419.641	630	530	498	474	450	428	405	380	347	298	168	0	0	0.000	0.000	0	0	0	0	0.000	0	0	0	0.000	0	0	0	0	0.000	0.000	0	0	0	0	0.000	0	0	0	0.000	0	0
108	108	1385	1489.294	1690.333	0.894	1001	195	107	36	32	1001	195	107	36	32	116.523	191.087	230	218	209	205	200	195	190	184	170	156	136	110.970	598.831	850	779	741	707	672	636	586	524	456	353	203	0	0	0.000	0.000	0	0	0	0	0.000	0	0	0	0.000	0	0	0	0	0.000	0.000	0	0	0	0	0.000	0	0	0	0.000	0	0
109	109	1653	1595.079	1699.763	0.899	1520	88	24	9	5	1520	88	24	9	5	114.949	207.300	257	246	240	232	227	219	205	189	170	150	133	106.549	149.425	173	165	161	159	157	154	150	143	135	126	116	0	0	0.000	0.000	0	0	0	0	0.000	0	0	0	0.000	0	0	0	0	0.000	0.000	0	0	0	0	0.000	0	0	0	0.000	0	0
110	110	1058	883.053	1700.566	0.899	13	64	341	510	110	13	64	341	510	110	111.191	145.461	160	154	152	151	149	147	144	141	138	134	125	104.000	222.584	268	251	244	238	232	228	220	212	201	186	156	0	0	0.000	0.000	0	0	0	0	0.000	0	0	0	0.000	0	0	0	0	0.000	0.000	0	0	0	0	0.000	0	0	0	0.000	0	0
111	111	1597	928.074	1731.345	0.859	76	418	674	333	45	76	418	674	333	45	110.991	238.927	2275	372	169	155	151	147	141	135	131	127	120	103.835	231.384	622	281	262	252	238	224	207	190	175	161	146	1	136	937.669	1736.063	0	0	0	1019	1080.875	0	0	385	388.699	0	0	1	35	938.579	1736.308	0	0	0	1743	1742.771	0	0	524	521.829	0	0
112	112	1387	1539.448	1733.612	0.895	136	583	529	84	25	136	583	529	84	25	114.465	126.001	133	130	129	128	127	126	125	124	123	122	119	108.319	1218.428	2950	1699	1457	1314	1255	1183	1090	988	890	794	576	0	0	0.000	0.000	0	0	0	0	0.000	0	0	0	0.000	0	0	0	0	0.000	0.000	0	0	0	0	0.000	0	0	0	0.000	0	0
113	113	1807	737.714	1763.086	0.901	42	708	852	145	22	42	708	852	145	22	110.609	119.969	127	124	122	121	120	120	119	118	118	117	114	103.040	121.573	135	127	125	124	123	122	121	120	119	117	106	0	0	0.000	0.000	0	0	0	0	0.000	0	0	0	0.000	0	0	0	0	0.000	0.000	0	0	0	0	0.000	0	0	0	0.000	0	0
114	114	2702	1378.145	1772.608	0.829	128	949	1276	277	36	128	949	1276	277	36	115.162	197.954	1364	284	163	152	149	145	142	140	137	134	125	109.439	572.048	1886	820	692	628	582	531	485	436	374	302	230	1	205	1380.721	1778.105	0	0	0	650	713.298	0	0	1215	1231.688	0	0	1	63	1381.285	1777.530	0	0	0	1060	1034.206	0	0	1578	1579.778	0	0
115	115	2136	1569.755	1783.908	0.871	137	992	758	166	28	137	992	758	166	28	113.000	123.098	133	128	126	125	124	123	122	121	120	119	115	105.860	1123.308	3092	1673	1417	1301	1216	1137	1046	927	748	497	286	0	0	0.000	0.000	0	0	0	0	0.000	0	0	0	0.000	0	0	0	0	0.000	0.000	0	0	0	0	0.000	0	0	0	0.000	0	0
116	116	1131	708.154	1799.004	0.902	63	467	516	53	10	63	467	516	53	10	109.710	118.328	129	121	120	119	119	118	117	117	116	116	113	104.000	124.112	138	130	129	127	126	125	123	122	120	117	107	0	0	0.000	0.000	0	0	0	0	0.000	0	0	0	0.000	0	0	0	0	0.000	0.000	0	0	0	0	0.000	0	0	0	0.000	0	0
117	117	2143	1308.741	1809.854	0.845	341	1412	302	43	27	341	1412	302	43	27	114.396	145.012	241	164	152	148	145	143	139	134	130	127	121	107.035	487.415	817	676	629	579	536	497	455	404	348	273	173	1	62	1306.465	1818.739	0	0	0	217	217.290	0	0	725	719.968	0	0	0	0	0.000	0.000	0	0	0	0	0.000	0	0	0	0.000	0	0
118	118	2219	675.629	1841.778	0.848	96	121	1320	610	39	96	121	1320	610	39	109.127	134.312	151	143	140	138	136	134	133	131	128	125	121	104.709	865.283	1462	1290	1165	1070	983	886	759	646	542	441	274	0	0	0.000	0.000	0	0	0	0	0.000	0	0	0	0.000	0	0	0	0	0.000	0.000	0	0	0	0	0.000	0	0	0	0.000	0	0
119	119	1572	550.822	1871.572	0.894	682	609	122	90	49	682	609	122	90	49	109.000	116.928	131	122	119	118	117	116	115	115	114	113	111	104.000	641.988	1039	885	825	773	713	657	594	522	444	369	294	3	47	534.082	1877.310	41	548.148	1882.389	122	122.191	123	122.463	689	698.149	741	754.073	0	0	0.000	0.000	0	0	0	0	0.000	0	0	0	0.000	0	0
120	120	2117	684.554	1890.796	0.861	99	139	885	887	55	99	139	885	887	55	109.531	138.457	155	148	145	143	141	139	137	134	131	128	122	104.570	1072.170	1632	1436	1344	1277	1200	1114	1022	903	788	641	359	0	0	0.000	0.000	0	0	0	0	0.000	0	0	0	0.000	0	0	0	0	0.000	0.000	0	0	0	0	0.000	0	0	0	0.000	0	0
121	121	2181	584.078	1914.098	0.906	276	1401	394	43	14	276	1401	394	43	14	108.926	117.373	127	123	120	119	117	117	116	115	115	114	112	103.947	679.770	1726	980	864	788	714	647	575	509	461	409	270	0	0	0.000	0.000	0	0	0	0	0.000	0	0	0	0.000	0	0	0	0	0.000	0.000	0	0	0	0	0.000	0	0	0	0.000	0	0
122	122	727	537.847	1907.730	0.918	33	131	312	142	96	33	131	312	142	96	109.000	115.627	121	118	117	116	116	115	115	115	114	113	110	103.780	512.988	731	660	625	600	576	539	488	431	384	334	263	0	0	0.000	0.000	0	0	0	0	0.000	0	0	0	0.000	0	0	0	0	0.000	0.000	0	0	0	0	0.000	0	0	0	0.000	0	0
123	123	1364	637.433	1917.422	0.886	266	504	432	121	16	266	504	432	121	16	109.000	116.282	124	119	118	118	117	116	116	115	114	113	109	104.980	456.047	751	608	562	526	494	461	421	377	336	303	248	0	0	0.000	0.000	0	0	0	0	0.000	0	0	0	0.000	0	0	0	0	0.000	0.000	0	0	0	0	0.000	0	0	0	0.000	0	0
124	124	2221	672.426	1955.600	0.865	53	995	1077	35	8	53	995	1077	35	8	108.943	115.666	125	120	118	117	116	115	114	114	113	113	110	103.575	119.557	132	124	123	122	121	120	119	118	117	115	107	0	0	0.000	0.000	0	0	0	0	0.000	0	0	0	0.000	0	0	0	0	0.000	0.000	0	0	0	0	0.000	0	0	0	0.000	0	0
125	125	2078	610.192	1964.147	0.872	71	934	967	53	4	71	934	967	53	4	108.113	114.786	121	118	117	116	115	115	114	114	113	112	109	103.231	121.592	136	127	126	124	123	122	121	119	118	115	105	0	0	0.000	0.000	0	0	0	0	0.000	0	0	0	0.000	0	0	0	0	0.000	0.000	0	0	0	0	0.000	0	0	0	0.000	0	0
