 	cell	area	x	y	circ	BFI_lev_b1	BFI_lev_b2	BFI_lev_b3	BFI_lev_b4	BFI_lev_b5	BFO_lev_b1	BFO_lev_b2	BFO_lev_b3	BFO_lev_b4	BFO_lev_b5	RFP_int_bg	RFP_int_mean	RFP_int_b0	RFP_int_b1	RFP_int_b2	RFP_int_b3	RFP_int_b4	RFP_int_b5	RFP_int_b6	RFP_int_b7	RFP_int_b8	RFP_int_b9	RFP_int_b10	GFP_int_bg	GFP_int_mean	GFP_int_b0	GFP_int_b1	GFP_int_b2	GFP_int_b3	GFP_int_b4	GFP_int_b5	GFP_int_b6	GFP_int_b7	GFP_int_b8	GFP_int_b9	GFP_int_b10	inRFPnfoci	f1_inRFParea	f1_inRFPx	f1_inRFPy	f2_inRFParea	f2_inRFPx	f2_inRFPy	f1_inRFP_toRFPmed	f1_inRFP_toRFPmean	f2_inRFP_toRFPmed	f2_inRFP_toRFPmean	f1_inRFP_toGFPmed	f1_inRFP_toGFPmean	f2_inRFP_toGFPmed	f2_inRFP_toGFPmean	inGFPnfoci	f1_inGFParea	f1_inGFPx	f1_inGFPy	f2_inGFParea	f2_inGFPx	f2_inGFPy	f1_inGFP_toRFPmed	f1_inGFP_toRFPmean	f2_inGFP_toRFPmed	f2_inGFP_toRFPmean	f1_inGFP_toGFPmed	f1_inGFP_toGFPmean	f2_inGFP_toGFPmed	f2_inGFP_toGFPmean
1	1	2223	1114.072	39.449	0.898	467	1364	289	60	11	467	1364	289	60	11	106.620	130.447	157	145	140	136	133	129	126	123	121	119	110	103.772	3520.585	6021	4882	4368	3993	3661	3457	3261	3028	2742	2286	907	0	0	0.000	0.000	0	0	0	0	0.000	0	0	0	0.000	0	0	0	0	0.000	0.000	0	0	0	0	0.000	0	0	0	0.000	0	0
2	2	1651	397.461	34.432	0.898	379	904	222	62	59	379	904	222	62	59	106.207	115.069	124	119	117	116	115	115	114	113	113	112	109	105.502	1321.206	2178	1897	1780	1646	1510	1373	1224	1021	819	640	478	0	0	0.000	0.000	0	0	0	0	0.000	0	0	0	0.000	0	0	0	0	0.000	0.000	0	0	0	0	0.000	0	0	0	0.000	0	0
3	3	1506	1362.827	41.827	0.908	385	781	254	40	25	385	781	254	40	25	107.330	379.284	3929	795	263	194	184	172	161	153	147	141	133	101.858	126.412	148	135	133	131	129	126	124	122	120	116	110	1	160	1360.910	49.085	0	0	0	1717	1882.938	0	0	134	134.363	0	0	0	0	0.000	0.000	0	0	0	0	0.000	0	0	0	0.000	0	0
4	4	2353	588.469	51.826	0.877	72	288	1233	676	22	72	288	1233	676	22	106.730	146.199	441	159	144	142	140	137	134	131	128	125	113	107.666	3503.668	5396	4867	4593	4260	3955	3682	3373	2986	2423	1677	1181	1	125	601.787	50.442	0	0	0	287	297.672	0	0	4277	4103.576	0	0	0	0	0.000	0.000	0	0	0	0	0.000	0	0	0	0.000	0	0
5	5	1314	1052.592	43.379	0.907	25	164	585	455	60	25	164	585	455	60	107.000	126.953	163	146	137	130	125	123	121	119	118	116	110	104.512	2443.366	6951	3922	3634	3100	2599	2154	1864	1625	1247	967	560	1	27	1053.431	37.878	0	0	0	158	157.815	0	0	2578	2589.111	0	0	1	11	1044.126	40.416	0	0	0	142	142.545	0	0	6429	6386.636	0	0
6	6	2283	261.002	48.925	0.857	77	1399	723	31	11	77	1399	723	31	11	105.632	130.664	247	143	136	132	129	126	124	122	120	118	112	101.897	929.237	1350	1213	1173	1126	1075	1015	933	807	650	470	317	1	82	273.319	43.397	0	0	0	198	200.024	0	0	1302	1299.439	0	0	0	0	0.000	0.000	0	0	0	0	0.000	0	0	0	0.000	0	0
7	7	1921	319.274	50.305	0.790	18	64	703	969	128	18	64	703	969	128	106.332	344.121	2817	924	335	184	147	135	131	128	124	120	113	102.630	924.059	1562	1204	1137	1080	1037	973	887	782	663	564	323	1	285	318.446	48.929	0	0	0	1190	1354.856	0	0	917	910.004	0	0	0	0	0.000	0.000	0	0	0	0	0.000	0	0	0	0.000	0	0
8	8	2799	525.568	69.254	0.890	1492	1110	79	30	13	1492	1110	79	30	13	107.075	393.383	3870	870	245	194	180	171	165	159	153	143	123	109.151	3846.463	6648	5769	5106	4727	4369	3901	3373	2907	2487	1987	837	1	317	527.618	75.417	0	0	0	1781	1942.893	0	0	5636	5206.735	0	0	0	0	0.000	0.000	0	0	0	0	0.000	0	0	0	0.000	0	0
9	9	1581	1303.190	58.209	0.913	60	557	820	100	17	60	557	820	100	17	107.499	183.658	328	215	196	186	182	179	175	170	164	155	133	102.120	130.156	142	137	135	134	132	131	129	128	126	123	109	0	0	0.000	0.000	0	0	0	0	0.000	0	0	0	0.000	0	0	0	0	0.000	0.000	0	0	0	0	0.000	0	0	0	0.000	0	0
10	10	2136	91.160	71.396	0.847	74	738	1081	186	21	74	738	1081	186	21	104.029	160.316	186	178	175	172	168	164	158	152	145	136	121	102.904	1558.462	2209	2058	1943	1851	1754	1607	1457	1328	1172	995	545	0	0	0.000	0.000	0	0	0	0	0.000	0	0	0	0.000	0	0	0	0	0.000	0.000	0	0	0	0	0.000	0	0	0	0.000	0	0
11	11	1679	1793.476	62.262	0.892	52	194	795	535	67	52	194	795	535	67	106.493	132.494	153	144	141	138	136	133	131	127	123	120	113	101.213	176.310	232	210	201	194	188	180	172	162	146	136	124	0	0	0.000	0.000	0	0	0	0	0.000	0	0	0	0.000	0	0	0	0	0.000	0.000	0	0	0	0	0.000	0	0	0	0.000	0	0
12	12	1023	428.610	64.039	0.929	539	171	120	147	34	539	171	120	147	34	106.980	114.712	122	118	117	116	115	114	114	113	112	112	109	107.436	1185.408	1741	1572	1485	1418	1352	1280	1168	1025	858	646	352	0	0	0.000	0.000	0	0	0	0	0.000	0	0	0	0.000	0	0	0	0	0.000	0.000	0	0	0	0	0.000	0	0	0	0.000	0	0
13	13	470	731.932	60.582	0.927	13	63	194	161	27	13	63	194	161	27	107.953	129.438	149	140	137	133	130	128	126	124	123	121	115	102.000	121.474	138	128	126	124	122	121	120	119	117	115	110	0	0	0.000	0.000	0	0	0	0	0.000	0	0	0	0.000	0	0	0	0	0.000	0.000	0	0	0	0	0.000	0	0	0	0.000	0	0
14	14	1444	766.634	79.793	0.910	178	938	262	26	7	178	938	262	26	7	108.580	305.206	2940	584	262	191	176	168	163	158	153	149	128	102.945	130.735	156	140	137	134	132	130	128	126	124	122	110	1	122	763.647	92.269	0	0	0	1288	1405.016	0	0	142	142.475	0	0	0	0	0.000	0.000	0	0	0	0	0.000	0	0	0	0.000	0	0
15	15	1253	1348.097	86.565	0.902	28	90	453	603	51	28	90	453	603	51	108.687	154.322	180	173	169	166	162	157	151	145	139	132	120	103.000	126.401	140	133	131	130	128	127	126	125	122	118	108	0	0	0.000	0.000	0	0	0	0	0.000	0	0	0	0.000	0	0	0	0	0.000	0.000	0	0	0	0	0.000	0	0	0	0.000	0	0
16	16	1689	1205.012	96.779	0.904	7	90	504	962	86	7	90	504	962	86	108.000	908.438	8585	3439	710	218	143	132	127	124	121	117	110	103.411	202.413	255	233	224	218	213	207	199	191	181	167	128	1	293	1209.126	92.415	0	0	0	3936	4244.778	0	0	227	225.184	0	0	0	0	0.000	0.000	0	0	0	0	0.000	0	0	0	0.000	0	0
17	17	1593	1825.555	100.698	0.889	47	386	867	235	30	47	386	867	235	30	107.000	136.429	155	147	145	143	141	138	135	131	127	122	115	102.000	182.463	226	210	203	197	193	187	181	173	163	148	111	0	0	0.000	0.000	0	0	0	0	0.000	0	0	0	0.000	0	0	0	0	0.000	0.000	0	0	0	0	0.000	0	0	0	0.000	0	0
18	18	1367	809.901	114.224	0.905	140	700	401	79	19	140	700	401	79	19	108.827	443.895	4217	801	375	324	286	262	248	223	200	176	141	103.000	132.932	163	148	143	138	135	132	130	126	123	119	112	1	119	804.451	111.115	0	0	0	1869	2036.303	0	0	143	143.655	0	0	0	0	0.000	0.000	0	0	0	0	0.000	0	0	0	0.000	0	0
19	19	2170	1213.674	152.412	0.890	114	419	1453	144	7	114	419	1453	144	7	108.968	129.726	481	135	129	127	125	124	122	120	118	117	113	104.365	202.848	248	233	228	224	219	213	203	189	173	157	126	1	68	1205.935	169.227	0	0	0	273	278.926	0	0	226	225.176	0	0	0	0	0.000	0.000	0	0	0	0	0.000	0	0	0	0.000	0	0
20	20	1740	167.818	170.045	0.915	72	229	761	610	37	72	229	761	610	37	107.000	123.571	139	133	129	127	125	123	121	119	118	116	112	105.613	1226.717	2033	1736	1595	1488	1390	1282	1147	974	801	644	394	0	0	0.000	0.000	0	0	0	0	0.000	0	0	0	0.000	0	0	0	0	0.000	0.000	0	0	0	0	0.000	0	0	0	0.000	0	0
21	21	1559	1477.616	206.507	0.910	163	718	503	150	11	163	718	503	150	11	108.767	120.843	130	126	124	123	122	121	120	119	118	116	111	103.223	2812.060	4870	4060	3773	3494	3198	2859	2541	2233	1863	1339	784	0	0	0.000	0.000	0	0	0	0	0.000	0	0	0	0.000	0	0	0	0	0.000	0.000	0	0	0	0	0.000	0	0	0	0.000	0	0
22	22	1636	1433.764	221.206	0.867	23	644	864	56	10	23	644	864	56	10	109.000	159.051	183	173	169	166	164	160	157	153	149	144	125	104.000	381.899	521	468	452	434	413	394	371	344	311	271	204	0	0	0.000	0.000	0	0	0	0	0.000	0	0	0	0.000	0	0	0	0	0.000	0.000	0	0	0	0	0.000	0	0	0	0.000	0	0
23	23	1502	879.828	220.964	0.916	279	1042	133	11	8	279	1042	133	11	8	109.087	143.526	186	176	168	159	148	138	131	126	122	118	111	103.638	1008.076	1796	1409	1257	1197	1154	1101	967	831	697	512	194	0	0	0.000	0.000	0	0	0	0	0.000	0	0	0	0.000	0	0	0	0	0.000	0.000	0	0	0	0	0.000	0	0	0	0.000	0	0
24	24	1615	1188.974	226.705	0.905	85	91	763	632	13	85	91	763	632	13	109.996	138.367	150	145	144	142	142	140	138	135	133	130	121	105.953	4445.589	5673	5349	5200	5034	4803	4559	4284	4017	3733	3385	1949	0	0	0.000	0.000	0	0	0	0	0.000	0	0	0	0.000	0	0	0	0	0.000	0.000	0	0	0	0	0.000	0	0	0	0.000	0	0
25	25	514	1346.358	224.451	0.896	14	130	138	189	28	14	130	138	189	28	109.158	154.101	185	179	173	165	159	154	148	142	136	131	125	105.000	1362.879	2125	1977	1818	1672	1521	1386	1245	1072	891	729	460	0	0	0.000	0.000	0	0	0	0	0.000	0	0	0	0.000	0	0	0	0	0.000	0.000	0	0	0	0	0.000	0	0	0	0.000	0	0
26	26	2451	1309.936	250.033	0.825	156	1626	563	47	6	156	1626	563	47	6	109.808	209.968	284	259	248	235	226	215	204	189	170	151	131	105.443	2169.976	3677	3200	2873	2612	2417	2199	1973	1787	1465	1049	644	0	0	0.000	0.000	0	0	0	0	0.000	0	0	0	0.000	0	0	0	0	0.000	0.000	0	0	0	0	0.000	0	0	0	0.000	0	0
27	27	427	912.029	243.210	0.960	37	90	176	107	8	37	90	176	107	8	110.000	122.974	132	128	127	126	125	123	121	120	119	117	114	104.000	802.977	1321	1178	1074	965	873	801	728	633	533	443	304	0	0	0.000	0.000	0	0	0	0	0.000	0	0	0	0.000	0	0	0	0	0.000	0.000	0	0	0	0	0.000	0	0	0	0.000	0	0
28	28	1327	1478.099	252.428	0.878	60	164	646	403	28	60	164	646	403	28	109.000	152.473	177	168	165	161	156	152	149	145	142	136	126	103.937	349.673	507	447	414	392	369	350	334	309	284	253	185	0	0	0.000	0.000	0	0	0	0	0.000	0	0	0	0.000	0	0	0	0	0.000	0.000	0	0	0	0	0.000	0	0	0	0.000	0	0
29	29	1688	960.789	268.648	0.856	159	900	514	65	16	159	900	514	65	16	109.971	165.653	732	172	168	165	160	156	150	145	139	133	125	104.181	1849.840	2662	2454	2369	2245	2102	1957	1803	1606	1332	989	629	1	59	978.838	275.676	0	0	0	413	432.203	0	0	2479	2420.475	0	0	0	0	0.000	0.000	0	0	0	0	0.000	0	0	0	0.000	0	0
30	30	1808	1916.733	273.063	0.900	225	1206	343	11	5	225	1206	343	11	5	107.628	135.965	166	143	140	138	137	136	135	133	131	128	114	104.383	2237.227	3428	3097	2899	2717	2528	2309	2088	1871	1600	1165	758	0	0	0.000	0.000	0	0	0	0	0.000	0	0	0	0.000	0	0	0	0	0.000	0.000	0	0	0	0	0.000	0	0	0	0.000	0	0
31	31	1811	909.809	284.872	0.869	61	232	885	561	39	61	232	885	561	39	109.578	163.215	286	190	173	166	161	158	155	150	145	140	127	104.137	1803.967	2823	2512	2307	2145	2007	1880	1757	1577	1268	896	583	1	25	910.960	283.905	0	0	0	266	266.000	0	0	1420	1483.000	0	0	0	0	0.000	0.000	0	0	0	0	0.000	0	0	0	0.000	0	0
32	32	1563	1195.501	281.540	0.896	65	323	980	144	22	65	323	980	144	22	109.103	383.083	4035	989	203	144	140	137	132	127	124	122	114	106.000	3192.076	5612	5026	4681	4291	3795	3308	2731	2118	1616	1260	877	1	194	1204.744	281.276	0	0	0	1817	1960.330	0	0	4707	4564.552	0	0	0	0	0.000	0.000	0	0	0	0	0.000	0	0	0	0.000	0	0
33	33	462	1135.937	283.486	0.887	35	150	182	71	12	35	150	182	71	12	108.931	165.496	198	181	176	173	168	165	162	158	155	151	139	104.942	137.130	152	146	144	141	139	137	135	133	131	127	124	0	0	0.000	0.000	0	0	0	0	0.000	0	0	0	0.000	0	0	0	0	0.000	0.000	0	0	0	0	0.000	0	0	0	0.000	0	0
34	34	2761	1314.934	331.754	0.884	115	1741	763	71	13	115	1741	763	71	13	109.000	315.441	6077	256	209	199	191	184	176	168	159	150	132	104.705	2383.895	4475	3541	3198	2947	2718	2450	2106	1804	1469	1153	546	1	115	1320.879	314.920	0	0	0	2609	2821.783	0	0	4030	3844.078	0	0	0	0	0.000	0.000	0	0	0	0	0.000	0	0	0	0.000	0	0
35	35	944	1943.158	337.535	0.936	87	68	188	449	137	87	68	188	449	137	107.837	164.478	187	180	178	176	173	169	163	157	149	142	126	104.318	1536.931	2045	1913	1803	1759	1705	1624	1514	1406	1256	1036	604	0	0	0.000	0.000	0	0	0	0	0.000	0	0	0	0.000	0	0	0	0	0.000	0.000	0	0	0	0	0.000	0	0	0	0.000	0	0
36	36	2046	1898.683	356.000	0.897	234	1113	644	7	12	234	1113	644	7	12	108.763	182.118	682	204	188	183	178	170	162	153	146	137	123	104.871	1451.634	2312	2051	1932	1816	1693	1532	1353	1160	950	668	497	1	88	1911.273	357.633	0	0	0	438	449.864	0	0	1558	1527.489	0	0	0	0	0.000	0.000	0	0	0	0	0.000	0	0	0	0.000	0	0
37	37	1469	1791.497	353.522	0.846	127	801	465	40	8	127	801	465	40	8	108.753	236.871	2277	329	180	170	157	147	141	137	132	126	117	104.415	122.765	173	130	128	126	124	122	121	119	117	115	110	1	118	1798.726	341.858	0	0	0	993	1109.237	0	0	127	125.559	0	0	0	0	0.000	0.000	0	0	0	0	0.000	0	0	0	0.000	0	0
38	38	650	1826.120	344.699	0.930	42	149	242	180	26	42	149	242	180	26	109.000	182.795	210	203	199	195	190	186	181	175	167	157	137	104.442	1176.700	1684	1562	1475	1392	1300	1214	1141	1044	875	687	424	0	0	0.000	0.000	0	0	0	0	0.000	0	0	0	0.000	0	0	0	0	0.000	0.000	0	0	0	0	0.000	0	0	0	0.000	0	0
39	39	1389	88.426	354.653	0.907	130	710	435	77	12	130	710	435	77	12	105.965	333.336	4193	694	183	132	125	123	120	119	118	116	111	102.000	132.737	154	142	138	135	134	132	131	129	127	125	114	1	139	78.209	359.955	0	0	0	1719	1933.784	0	0	145	144.590	0	0	0	0	0.000	0.000	0	0	0	0	0.000	0	0	0	0.000	0	0
40	40	1992	1854.517	381.986	0.867	21	231	1154	512	36	21	231	1154	512	36	109.000	365.767	6076	407	216	198	187	179	173	169	163	149	125	105.000	1425.960	2294	2146	2015	1826	1583	1391	1197	1050	927	798	266	1	124	1856.199	387.668	0	0	0	2563	2712.548	0	0	2019	1990.895	0	0	0	0	0.000	0.000	0	0	0	0	0.000	0	0	0	0.000	0	0
41	41	1699	1314.168	393.296	0.814	28	628	916	78	6	28	628	916	78	6	108.257	143.802	935	136	131	130	128	127	125	123	122	119	113	104.904	765.825	1083	984	942	915	879	833	773	698	589	399	242	1	74	1314.154	405.153	0	0	0	450	468.784	0	0	939	924.676	0	0	0	0	0.000	0.000	0	0	0	0	0.000	0	0	0	0.000	0	0
42	42	1039	105.875	395.604	0.908	92	455	427	36	7	92	455	427	36	7	106.063	119.940	134	128	125	122	121	120	118	117	115	113	110	101.983	127.005	141	135	133	131	129	128	126	124	121	117	108	0	0	0.000	0.000	0	0	0	0	0.000	0	0	0	0.000	0	0	0	0	0.000	0.000	0	0	0	0	0.000	0	0	0	0.000	0	0
43	43	1622	1082.731	404.087	0.870	119	979	428	61	4	119	979	428	61	4	109.000	214.602	294	264	251	234	225	216	205	193	181	165	136	103.805	2651.984	5096	4565	3914	3150	2656	2330	2052	1806	1624	1447	866	0	0	0.000	0.000	0	0	0	0	0.000	0	0	0	0.000	0	0	0	0	0.000	0.000	0	0	0	0	0.000	0	0	0	0.000	0	0
44	44	1113	1795.489	402.080	0.894	102	558	365	53	11	102	558	365	53	11	108.081	131.837	162	151	145	138	132	127	125	123	121	119	113	104.652	876.953	2057	1139	1067	1004	936	877	820	742	663	564	315	0	0	0.000	0.000	0	0	0	0	0.000	0	0	0	0.000	0	0	0	0	0.000	0.000	0	0	0	0	0.000	0	0	0	0.000	0	0
45	45	250	1353.244	401.703	0.944	28	40	41	101	38	28	40	41	101	38	108.088	121.256	126	124	124	123	123	122	121	120	118	117	116	104.000	443.332	631	595	558	520	481	450	420	400	346	278	173	0	0	0.000	0.000	0	0	0	0	0.000	0	0	0	0.000	0	0	0	0	0.000	0.000	0	0	0	0	0.000	0	0	0	0.000	0	0
46	46	646	302.558	411.157	0.897	33	52	223	281	52	33	52	223	281	52	108.000	119.636	129	125	124	122	121	120	119	117	115	114	110	104.000	1442.520	2095	1990	1930	1869	1812	1709	1559	1267	850	376	135	0	0	0.000	0.000	0	0	0	0	0.000	0	0	0	0.000	0	0	0	0	0.000	0.000	0	0	0	0	0.000	0	0	0	0.000	0	0
47	47	2021	1854.611	437.191	0.822	213	1502	251	14	10	213	1502	251	14	10	109.000	122.849	152	136	130	125	121	119	118	117	116	115	110	104.659	551.222	977	830	743	675	606	533	461	399	352	315	208	0	0	0.000	0.000	0	0	0	0	0.000	0	0	0	0.000	0	0	0	0	0.000	0.000	0	0	0	0	0.000	0	0	0	0.000	0	0
48	48	2222	338.635	442.367	0.882	41	377	1569	182	17	41	377	1569	182	17	108.987	1890.497	17108	8254	1463	281	150	134	130	127	124	121	112	103.957	1768.141	2773	2547	2405	2271	2116	1955	1714	1410	1034	682	233	0	0	0.000	0.000	0	0	0	0	0.000	0	0	0	0.000	0	0	0	0	0.000	0.000	0	0	0	0	0.000	0	0	0	0.000	0	0
49	49	1519	1353.895	447.272	0.901	1275	170	23	11	9	1275	170	23	11	9	109.707	116.199	126	120	118	117	116	116	115	115	114	113	111	103.244	280.722	409	369	345	326	303	281	259	241	214	189	160	0	0	0.000	0.000	0	0	0	0	0.000	0	0	0	0.000	0	0	0	0	0.000	0.000	0	0	0	0	0.000	0	0	0	0.000	0	0
50	50	1280	1813.069	457.023	0.886	48	245	667	247	52	48	245	667	247	52	108.358	117.399	130	121	119	118	118	117	117	116	115	114	110	104.099	516.936	745	685	648	609	573	538	496	444	379	309	247	0	0	0.000	0.000	0	0	0	0	0.000	0	0	0	0.000	0	0	0	0	0.000	0.000	0	0	0	0	0.000	0	0	0	0.000	0	0
51	51	2577	390.336	474.776	0.852	52	327	1643	485	37	52	327	1643	485	37	109.000	153.247	1138	150	134	132	131	129	127	126	123	121	115	104.000	1853.487	2727	2593	2466	2313	2148	1990	1766	1537	1203	871	465	1	123	369.945	472.782	0	0	0	510	567.130	0	0	2418	2327.602	0	0	0	0	0.000	0.000	0	0	0	0	0.000	0	0	0	0.000	0	0
52	52	1381	1404.475	465.446	0.866	39	151	845	303	10	39	151	845	303	10	110.000	115.487	123	118	117	116	116	115	115	114	114	113	111	102.519	289.001	404	363	346	329	314	296	276	256	228	198	166	0	0	0.000	0.000	0	0	0	0	0.000	0	0	0	0.000	0	0	0	0	0.000	0.000	0	0	0	0	0.000	0	0	0	0.000	0	0
53	53	1490	142.803	481.115	0.888	34	35	827	501	74	34	35	827	501	74	107.320	139.984	202	147	144	142	140	139	138	136	135	132	124	102.859	855.169	1234	1126	1060	1002	940	887	816	726	646	538	355	0	0	0.000	0.000	0	0	0	0	0.000	0	0	0	0.000	0	0	0	0	0.000	0.000	0	0	0	0	0.000	0	0	0	0.000	0	0
54	54	2411	1960.050	486.611	0.870	57	721	1289	256	44	57	721	1289	256	44	108.316	724.654	6436	2791	484	160	140	137	133	129	125	121	114	103.948	502.294	802	724	668	627	583	526	467	395	302	237	192	1	438	1968.018	487.966	0	0	0	3043	3236.733	0	0	724	672.820	0	0	0	0	0.000	0.000	0	0	0	0	0.000	0	0	0	0.000	0	0
55	55	913	438.008	489.025	0.905	37	106	322	383	37	37	106	322	383	37	108.982	142.542	582	175	135	128	125	123	121	120	119	117	114	104.000	1758.257	2416	2213	2132	2056	1976	1863	1736	1561	1355	1087	649	1	76	436.383	490.366	0	0	0	298	314.711	0	0	2286	2274.855	0	0	0	0	0.000	0.000	0	0	0	0	0.000	0	0	0	0.000	0	0
56	56	2359	196.076	500.713	0.882	50	324	1301	586	52	50	324	1301	586	52	107.517	165.161	422	201	167	162	160	157	152	146	140	134	118	103.290	893.967	1565	1322	1185	1065	974	874	784	720	607	479	298	1	106	196.336	507.859	0	0	0	329	330.717	0	0	713	678.283	0	0	0	0	0.000	0.000	0	0	0	0	0.000	0	0	0	0.000	0	0
57	57	1881	1846.545	536.566	0.891	708	912	194	22	7	708	912	194	22	7	108.792	126.337	140	135	132	130	128	126	124	122	121	119	114	103.750	635.969	1060	846	775	723	679	633	581	538	485	428	327	0	0	0.000	0.000	0	0	0	0	0.000	0	0	0	0.000	0	0	0	0	0.000	0.000	0	0	0	0	0.000	0	0	0	0.000	0	0
58	58	2181	1930.424	542.579	0.875	14	175	767	1021	166	14	175	767	1021	166	108.926	160.425	1304	154	139	137	136	135	133	131	127	123	113	103.246	547.609	754	702	671	638	598	560	515	466	431	384	246	1	97	1938.846	548.007	0	0	0	606	646.845	0	0	645	639.196	0	0	0	0	0.000	0.000	0	0	0	0	0.000	0	0	0	0.000	0	0
59	59	1043	1057.661	546.247	0.907	7	60	165	560	229	7	60	165	560	229	110.402	127.535	137	133	131	131	130	128	127	126	124	120	113	103.815	666.560	987	871	799	744	710	678	633	578	521	459	340	0	0	0.000	0.000	0	0	0	0	0.000	0	0	0	0.000	0	0	0	0	0.000	0.000	0	0	0	0	0.000	0	0	0	0.000	0	0
60	60	426	208.185	541.524	0.917	12	14	60	267	66	12	14	60	267	66	107.000	126.678	139	134	131	130	128	127	126	124	122	119	113	103.000	620.556	918	839	769	711	672	614	564	517	473	436	299	0	0	0.000	0.000	0	0	0	0	0.000	0	0	0	0.000	0	0	0	0	0.000	0.000	0	0	0	0	0.000	0	0	0	0.000	0	0
61	61	1864	1488.458	567.831	0.896	127	968	625	96	11	127	968	625	96	11	109.348	120.001	127	123	123	122	121	120	119	118	117	116	113	102.944	1326.777	2194	1971	1815	1654	1470	1333	1185	1016	850	658	503	0	0	0.000	0.000	0	0	0	0	0.000	0	0	0	0.000	0	0	0	0	0.000	0.000	0	0	0	0	0.000	0	0	0	0.000	0	0
62	62	1471	477.079	572.136	0.894	43	156	789	436	26	43	156	789	436	26	108.611	122.012	145	130	127	124	122	121	119	118	117	116	111	104.013	608.510	881	804	773	729	683	632	571	518	443	366	262	0	0	0.000	0.000	0	0	0	0	0.000	0	0	0	0.000	0	0	0	0	0.000	0.000	0	0	0	0	0.000	0	0	0	0.000	0	0
63	63	1977	1039.195	593.015	0.855	17	393	980	493	48	17	393	980	493	48	111.000	171.722	1790	164	137	134	131	129	128	126	124	121	116	103.986	647.441	1149	983	876	796	721	657	582	487	395	315	226	1	108	1049.272	594.350	0	0	0	722	801.444	0	0	1075	1061.787	0	0	0	0	0.000	0.000	0	0	0	0	0.000	0	0	0	0.000	0	0
64	64	886	1667.825	592.508	0.925	18	93	422	279	55	18	93	422	279	55	109.236	133.479	169	152	143	137	133	130	128	125	123	122	116	104.000	1465.350	2193	1980	1854	1736	1640	1518	1391	1246	1062	868	544	0	0	0.000	0.000	0	0	0	0	0.000	0	0	0	0.000	0	0	0	0	0.000	0.000	0	0	0	0	0.000	0	0	0	0.000	0	0
65	65	825	287.066	592.898	0.872	153	404	197	42	16	153	404	197	42	16	108.000	148.133	168	163	159	155	151	149	145	142	138	133	123	103.356	126.336	143	134	131	130	128	126	125	123	121	119	110	0	0	0.000	0.000	0	0	0	0	0.000	0	0	0	0.000	0	0	0	0	0.000	0.000	0	0	0	0	0.000	0	0	0	0.000	0	0
66	66	793	1708.792	604.955	0.907	45	306	378	45	7	45	306	378	45	7	110.000	206.617	251	237	230	224	217	210	201	192	182	171	157	104.000	823.937	1093	1035	985	937	887	832	782	734	676	594	429	0	0	0.000	0.000	0	0	0	0	0.000	0	0	0	0.000	0	0	0	0	0.000	0.000	0	0	0	0	0.000	0	0	0	0.000	0	0
67	67	2428	58.964	624.000	0.903	102	590	1455	196	30	102	590	1455	196	30	106.000	124.701	135	131	130	129	128	126	123	121	119	117	110	103.535	2437.879	3801	3445	3277	3002	2774	2539	2313	2043	1551	1172	566	0	0	0.000	0.000	0	0	0	0	0.000	0	0	0	0.000	0	0	0	0	0.000	0.000	0	0	0	0	0.000	0	0	0	0.000	0	0
68	68	1723	500.567	617.481	0.913	14	86	910	626	61	14	86	910	626	61	108.939	420.302	4908	1083	241	137	128	124	122	120	119	118	112	103.939	624.607	979	872	810	753	706	648	592	516	422	328	200	1	211	499.749	607.543	0	0	0	2029	2293.062	0	0	886	847.943	0	0	0	0	0.000	0.000	0	0	0	0	0.000	0	0	0	0.000	0	0
69	69	1784	452.871	637.955	0.861	16	116	1043	464	114	16	116	1043	464	114	108.573	127.151	302	147	123	121	120	119	118	117	116	115	112	105.000	703.469	1324	1131	959	861	771	692	606	506	420	322	250	1	144	448.548	620.921	0	0	0	201	206.618	0	0	817	817.424	0	0	0	0	0.000	0.000	0	0	0	0	0.000	0	0	0	0.000	0	0
70	70	2230	1006.203	638.458	0.879	693	1380	54	34	25	693	1380	54	34	25	110.532	273.122	1396	637	339	216	170	157	148	142	136	132	125	104.000	552.257	1082	948	813	687	579	500	431	374	315	253	210	1	397	1008.482	632.500	0	0	0	685	739.053	0	0	457	549.373	0	0	0	0	0.000	0.000	0	0	0	0	0.000	0	0	0	0.000	0	0
71	71	2095	362.201	642.996	0.843	170	1520	308	47	20	170	1520	308	47	20	108.940	123.858	137	131	129	127	125	123	122	121	119	117	113	105.560	2391.780	3897	3532	3181	2901	2647	2435	2183	1834	1537	1318	642	0	0	0.000	0.000	0	0	0	0	0.000	0	0	0	0.000	0	0	0	0	0.000	0.000	0	0	0	0	0.000	0	0	0	0.000	0	0
72	72	1906	1703.588	655.918	0.863	63	120	870	764	34	63	120	870	764	34	110.692	208.368	289	253	241	230	220	209	198	186	175	161	144	104.512	725.371	1270	1060	970	888	808	734	660	587	482	345	246	0	0	0.000	0.000	0	0	0	0	0.000	0	0	0	0.000	0	0	0	0	0.000	0.000	0	0	0	0	0.000	0	0	0	0.000	0	0
73	73	1462	823.525	659.896	0.884	20	56	689	563	101	20	56	689	563	101	110.214	221.802	267	254	248	242	235	227	218	207	194	180	158	102.825	122.874	135	129	127	126	125	123	122	120	119	116	106	0	0	0.000	0.000	0	0	0	0	0.000	0	0	0	0.000	0	0	0	0	0.000	0.000	0	0	0	0	0.000	0	0	0	0.000	0	0
74	74	1688	1063.718	662.990	0.901	498	1092	53	24	10	498	1092	53	24	10	110.319	158.355	1671	137	134	132	131	130	128	126	124	122	118	103.999	670.934	964	918	853	794	741	682	618	550	481	419	327	1	78	1051.673	644.305	0	0	0	730	781.346	0	0	660	622.603	0	0	0	0	0.000	0.000	0	0	0	0	0.000	0	0	0	0.000	0	0
75	75	1964	876.490	667.059	0.869	96	900	787	126	17	96	900	787	126	17	110.834	219.770	378	278	256	244	231	219	204	189	179	165	139	103.000	125.647	142	134	131	129	127	125	124	122	120	118	107	0	0	0.000	0.000	0	0	0	0	0.000	0	0	0	0.000	0	0	0	0	0.000	0.000	0	0	0	0	0.000	0	0	0	0.000	0	0
76	76	1572	411.157	670.032	0.905	71	520	587	329	41	71	520	587	329	41	108.384	117.931	132	125	121	119	118	117	116	115	115	114	111	105.351	718.069	900	834	810	787	762	738	706	669	633	583	355	0	0	0.000	0.000	0	0	0	0	0.000	0	0	0	0.000	0	0	0	0	0.000	0.000	0	0	0	0	0.000	0	0	0	0.000	0	0
77	77	1445	942.808	677.367	0.872	72	527	609	205	10	72	527	609	205	10	111.000	231.898	280	263	255	248	242	238	232	221	207	194	158	103.028	127.261	138	132	131	130	129	128	126	125	124	122	114	0	0	0.000	0.000	0	0	0	0	0.000	0	0	0	0.000	0	0	0	0	0.000	0.000	0	0	0	0	0.000	0	0	0	0.000	0	0
78	78	1870	1797.411	686.495	0.899	1033	651	64	64	22	1033	651	64	64	22	110.468	311.594	2301	324	303	286	272	256	241	232	223	214	187	105.900	577.421	849	734	690	649	603	564	532	506	480	442	273	1	88	1786.715	669.423	0	0	0	1184	1233.602	0	0	588	568.602	0	0	0	0	0.000	0.000	0	0	0	0	0.000	0	0	0	0.000	0	0
79	79	1196	1108.728	685.185	0.876	30	209	875	56	9	30	209	875	56	9	110.000	126.079	135	131	130	129	128	127	126	124	122	120	114	103.191	662.671	948	837	798	753	715	677	639	582	526	460	363	0	0	0.000	0.000	0	0	0	0	0.000	0	0	0	0.000	0	0	0	0	0.000	0.000	0	0	0	0	0.000	0	0	0	0.000	0	0
80	80	2104	316.057	694.258	0.874	23	326	1194	469	50	23	326	1194	469	50	108.923	120.190	129	125	124	122	121	120	119	118	117	115	112	105.379	1769.493	2828	2527	2337	2168	1986	1808	1657	1479	1182	866	629	0	0	0.000	0.000	0	0	0	0	0.000	0	0	0	0.000	0	0	0	0	0.000	0.000	0	0	0	0	0.000	0	0	0	0.000	0	0
81	81	1653	1904.255	692.679	0.892	174	297	487	602	57	174	297	487	602	57	109.919	224.570	276	260	251	245	238	230	219	207	194	180	163	106.576	1819.347	2747	2467	2314	2147	2037	1923	1763	1563	1297	993	712	0	0	0.000	0.000	0	0	0	0	0.000	0	0	0	0.000	0	0	0	0	0.000	0.000	0	0	0	0	0.000	0	0	0	0.000	0	0
82	82	1376	1735.621	692.028	0.866	306	740	169	101	31	306	740	169	101	31	111.000	172.872	224	197	191	183	176	170	165	161	156	152	142	104.940	468.869	733	637	583	534	498	456	419	389	368	329	235	0	0	0.000	0.000	0	0	0	0	0.000	0	0	0	0.000	0	0	0	0	0.000	0.000	0	0	0	0	0.000	0	0	0	0.000	0	0
83	83	2020	367.636	710.483	0.890	54	604	953	322	48	54	604	953	322	48	108.942	123.905	134	129	127	126	125	124	123	122	121	119	114	105.721	3077.551	4381	3985	3778	3594	3428	3233	2999	2747	2402	1769	1292	0	0	0.000	0.000	0	0	0	0	0.000	0	0	0	0.000	0	0	0	0	0.000	0.000	0	0	0	0	0.000	0	0	0	0.000	0	0
84	84	2289	1851.947	711.520	0.848	53	245	613	1234	100	53	245	613	1234	100	110.315	197.745	266	236	224	215	205	196	188	181	174	162	137	106.620	1290.242	2397	1949	1791	1641	1491	1331	1158	956	731	582	294	0	0	0.000	0.000	0	0	0	0	0.000	0	0	0	0.000	0	0	0	0	0.000	0.000	0	0	0	0	0.000	0	0	0	0.000	0	0
85	85	1811	904.564	716.150	0.886	6	672	1018	57	10	6	672	1018	57	10	110.737	206.891	492	253	235	223	212	201	190	179	168	157	141	103.000	122.756	135	128	127	125	124	123	122	120	119	118	109	1	19	909.162	730.618	0	0	0	414	416.053	0	0	128	127.316	0	0	0	0	0.000	0.000	0	0	0	0	0.000	0	0	0	0.000	0	0
86	86	1663	1694.149	717.834	0.907	38	116	889	549	46	38	116	889	549	46	110.995	224.704	271	257	251	245	239	231	222	211	197	180	146	104.049	809.675	1088	1006	968	923	884	844	792	722	649	555	338	0	0	0.000	0.000	0	0	0	0	0.000	0	0	0	0.000	0	0	0	0	0.000	0.000	0	0	0	0	0.000	0	0	0	0.000	0	0
87	87	1842	256.658	728.347	0.864	23	498	1048	187	41	23	498	1048	187	41	107.489	121.317	130	126	124	123	123	122	121	119	118	117	113	104.060	1805.491	2873	2479	2324	2211	2076	1928	1746	1515	1229	878	520	0	0	0.000	0.000	0	0	0	0	0.000	0	0	0	0.000	0	0	0	0	0.000	0.000	0	0	0	0	0.000	0	0	0	0.000	0	0
88	88	1719	668.859	735.724	0.887	49	162	1033	434	15	49	162	1033	434	15	109.000	149.063	171	163	159	157	154	151	147	142	138	133	121	103.447	1421.277	2115	1909	1807	1706	1583	1455	1368	1224	1050	825	487	0	0	0.000	0.000	0	0	0	0	0.000	0	0	0	0.000	0	0	0	0	0.000	0.000	0	0	0	0	0.000	0	0	0	0.000	0	0
89	89	369	296.304	732.274	0.957	8	36	131	140	51	8	36	131	140	51	108.453	119.485	126	123	122	121	120	120	119	118	117	115	113	105.000	1216.179	1724	1622	1521	1424	1337	1251	1145	1036	916	763	588	0	0	0.000	0.000	0	0	0	0	0.000	0	0	0	0.000	0	0	0	0	0.000	0.000	0	0	0	0	0.000	0	0	0	0.000	0	0
90	90	1657	545.165	766.336	0.884	81	676	662	184	28	81	676	662	184	28	109.000	152.581	924	187	123	119	118	117	116	116	115	114	110	103.000	128.221	146	137	135	133	131	130	127	124	121	118	106	1	125	553.965	762.635	0	0	0	476	509.664	0	0	136	136.216	0	0	0	0	0.000	0.000	0	0	0	0	0.000	0	0	0	0.000	0	0
91	91	961	658.194	781.410	0.874	57	165	514	181	13	57	165	514	181	13	109.000	138.127	154	148	145	143	141	139	136	133	130	127	121	103.000	1166.132	1799	1571	1430	1340	1244	1163	1074	989	885	785	566	0	0	0.000	0.000	0	0	0	0	0.000	0	0	0	0.000	0	0	0	0	0.000	0.000	0	0	0	0	0.000	0	0	0	0.000	0	0
92	92	2036	1889.311	811.164	0.883	83	100	1327	433	60	83	100	1327	433	60	110.618	263.794	333	315	302	292	283	272	260	245	225	196	162	105.155	1805.192	2775	2563	2385	2251	2104	1920	1726	1479	1152	829	517	0	0	0.000	0.000	0	0	0	0	0.000	0	0	0	0.000	0	0	0	0	0.000	0.000	0	0	0	0	0.000	0	0	0	0.000	0	0
93	93	1081	519.380	809.622	0.923	100	462	438	54	10	100	462	438	54	10	109.000	116.631	130	122	119	117	116	116	115	115	114	113	111	103.000	125.914	140	132	130	129	127	126	125	123	122	119	110	0	0	0.000	0.000	0	0	0	0	0.000	0	0	0	0.000	0	0	0	0	0.000	0.000	0	0	0	0	0.000	0	0	0	0.000	0	0
94	94	1349	1991.909	838.439	0.863	283	654	337	36	19	283	654	337	36	19	108.993	137.642	164	152	147	143	140	137	135	132	128	124	117	103.010	149.566	175	165	161	157	153	149	146	143	138	134	120	0	0	0.000	0.000	0	0	0	0	0.000	0	0	0	0.000	0	0	0	0	0.000	0.000	0	0	0	0	0.000	0	0	0	0.000	0	0
95	95	1909	1119.956	844.816	0.871	53	434	1200	161	18	53	434	1200	161	18	110.905	276.823	452	353	328	306	287	268	254	239	223	207	178	102.051	128.013	156	139	135	132	129	127	125	123	122	120	113	0	0	0.000	0.000	0	0	0	0	0.000	0	0	0	0.000	0	0	0	0	0.000	0.000	0	0	0	0	0.000	0	0	0	0.000	0	0
96	96	1654	1213.282	856.922	0.899	80	589	669	221	53	80	589	669	221	53	109.983	122.882	139	130	127	125	123	122	121	120	119	117	113	102.009	133.102	151	142	139	137	136	135	133	131	128	122	106	0	0	0.000	0.000	0	0	0	0	0.000	0	0	0	0.000	0	0	0	0	0.000	0.000	0	0	0	0	0.000	0	0	0	0.000	0	0
97	97	553	237.308	847.160	0.834	35	194	236	67	9	35	194	236	67	9	107.886	151.407	198	184	172	162	154	148	141	136	132	128	122	103.000	134.266	190	160	148	140	133	129	126	123	120	117	112	0	0	0.000	0.000	0	0	0	0	0.000	0	0	0	0.000	0	0	0	0	0.000	0.000	0	0	0	0	0.000	0	0	0	0.000	0	0
98	98	1964	1942.271	878.752	0.841	241	327	1310	34	11	241	327	1310	34	11	109.613	129.691	304	145	128	126	123	122	120	119	118	116	111	104.000	681.170	1110	942	865	801	746	683	628	564	486	406	222	1	142	1933.636	882.635	0	0	0	208	211.944	0	0	750	756.014	0	0	0	0	0.000	0.000	0	0	0	0	0.000	0	0	0	0.000	0	0
99	99	756	1983.633	879.018	0.913	88	218	383	49	6	88	218	383	49	6	109.000	138.013	166	154	150	145	141	137	133	130	127	123	114	103.508	147.772	173	164	161	158	152	148	144	141	135	130	120	0	0	0.000	0.000	0	0	0	0	0.000	0	0	0	0.000	0	0	0	0	0.000	0.000	0	0	0	0	0.000	0	0	0	0.000	0	0
100	100	997	238.353	885.583	0.937	83	313	421	135	25	83	313	421	135	25	107.000	121.794	137	129	126	124	122	121	120	119	118	116	111	102.385	756.616	1072	967	921	860	814	770	727	698	619	488	305	0	0	0.000	0.000	0	0	0	0	0.000	0	0	0	0.000	0	0	0	0	0.000	0.000	0	0	0	0	0.000	0	0	0	0.000	0	0
101	101	2304	43.345	906.239	0.837	88	97	1254	773	30	88	97	1254	773	30	104.955	125.830	543	134	124	118	116	114	114	113	112	111	107	101.000	742.030	1084	1002	960	914	854	790	715	618	517	392	272	1	97	24.789	905.108	0	0	0	285	302.062	0	0	959	933.577	0	0	0	0	0.000	0.000	0	0	0	0	0.000	0	0	0	0.000	0	0
102	102	395	407.236	897.863	0.732	61	131	158	35	6	61	131	158	35	6	108.111	139.294	155	148	146	143	141	139	137	135	133	131	128	102.000	157.641	184	177	172	169	165	159	152	146	142	138	134	0	0	0.000	0.000	0	0	0	0	0.000	0	0	0	0.000	0	0	0	0	0.000	0.000	0	0	0	0	0.000	0	0	0	0.000	0	0
103	103	1642	2009.469	931.464	0.900	51	406	992	149	6	51	406	992	149	6	108.499	149.381	178	169	164	157	152	149	146	142	136	129	122	102.819	750.663	1179	1092	1011	932	846	766	680	587	487	390	272	0	0	0.000	0.000	0	0	0	0	0.000	0	0	0	0.000	0	0	0	0	0.000	0.000	0	0	0	0	0.000	0	0	0	0.000	0	0
104	104	1792	2002.524	979.051	0.847	55	673	873	145	19	55	673	873	145	19	108.268	160.256	187	176	172	170	167	163	159	153	147	140	125	101.901	802.612	1160	1024	974	928	881	830	780	719	643	523	337	0	0	0.000	0.000	0	0	0	0	0.000	0	0	0	0.000	0	0	0	0	0.000	0.000	0	0	0	0	0.000	0	0	0	0.000	0	0
105	105	1646	859.456	1003.000	0.866	906	335	155	156	66	906	335	155	156	66	110.434	270.654	362	345	326	309	287	263	249	238	224	201	157	105.000	1382.458	2184	2015	1856	1722	1549	1362	1216	1083	949	768	396	0	0	0.000	0.000	0	0	0	0	0.000	0	0	0	0.000	0	0	0	0	0.000	0.000	0	0	0	0	0.000	0	0	0	0.000	0	0
106	106	206	1974.837	997.602	0.938	19	18	42	69	53	19	18	42	69	53	109.141	138.655	157	152	147	144	142	139	136	133	130	126	121	102.000	469.801	775	638	593	564	525	492	439	386	336	272	218	0	0	0.000	0.000	0	0	0	0	0.000	0	0	0	0.000	0	0	0	0	0.000	0.000	0	0	0	0	0.000	0	0	0	0.000	0	0
107	107	1753	942.669	1016.237	0.881	872	782	35	8	7	872	782	35	8	7	110.957	124.187	133	128	127	126	125	124	124	123	122	120	115	104.718	1448.865	2831	2196	1929	1732	1588	1452	1267	1123	956	724	299	0	0	0.000	0.000	0	0	0	0	0.000	0	0	0	0.000	0	0	0	0	0.000	0.000	0	0	0	0	0.000	0	0	0	0.000	0	0
108	108	1975	808.766	1033.165	0.904	33	406	1116	331	38	33	406	1116	331	38	111.408	275.672	398	357	333	317	301	279	253	230	210	195	150	104.183	1224.134	2113	1808	1665	1513	1379	1239	1088	938	758	594	386	0	0	0.000	0.000	0	0	0	0	0.000	0	0	0	0.000	0	0	0	0	0.000	0.000	0	0	0	0	0.000	0	0	0	0.000	0	0
109	109	1684	473.048	1037.984	0.896	38	137	768	682	27	38	137	768	682	27	110.000	201.436	279	247	234	222	211	199	187	178	169	159	143	104.006	2323.034	4466	3709	3356	2964	2622	2240	1885	1568	1306	1054	742	0	0	0.000	0.000	0	0	0	0	0.000	0	0	0	0.000	0	0	0	0	0.000	0.000	0	0	0	0	0.000	0	0	0	0.000	0	0
110	110	582	764.613	1033.777	0.876	14	76	329	137	17	14	76	329	137	17	111.729	273.199	339	330	317	304	289	277	263	250	233	211	169	104.000	1330.962	1800	1704	1621	1519	1417	1330	1255	1195	1102	952	522	0	0	0.000	0.000	0	0	0	0	0.000	0	0	0	0.000	0	0	0	0	0.000	0.000	0	0	0	0	0.000	0	0	0	0.000	0	0
111	111	1389	1010.048	1054.120	0.912	302	786	159	68	49	302	786	159	68	49	111.669	279.919	3215	512	150	136	132	130	128	127	125	122	115	104.991	2027.114	3093	2718	2563	2365	2180	2057	1923	1745	1499	1258	641	1	140	1019.152	1048.070	0	0	0	1349	1467.193	0	0	2785	2762.864	0	0	0	0	0.000	0.000	0	0	0	0	0.000	0	0	0	0.000	0	0
112	112	1560	769.480	1074.990	0.895	8	152	767	551	49	8	152	767	551	49	111.507	302.287	428	392	364	340	318	295	277	258	242	226	193	103.726	1356.698	2195	1996	1836	1641	1473	1311	1159	1024	909	801	620	0	0	0.000	0.000	0	0	0	0	0.000	0	0	0	0.000	0	0	0	0	0.000	0.000	0	0	0	0	0.000	0	0	0	0.000	0	0
113	113	1621	466.795	1093.681	0.894	64	118	789	576	47	64	118	789	576	47	109.976	205.978	263	243	232	224	216	208	199	192	179	166	142	104.523	2517.535	3883	3534	3144	2862	2685	2525	2329	2119	1867	1619	919	0	0	0.000	0.000	0	0	0	0	0.000	0	0	0	0.000	0	0	0	0	0.000	0.000	0	0	0	0	0.000	0	0	0	0.000	0	0
114	114	1878	975.493	1096.652	0.887	703	968	92	70	9	703	968	92	70	9	111.484	285.650	2239	598	229	173	165	161	155	150	143	136	126	105.000	2737.958	4188	3826	3635	3387	3182	2934	2661	2332	1839	1151	661	1	220	980.097	1100.618	0	0	0	1023	1120.145	0	0	3738	3589.745	0	0	0	0	0.000	0.000	0	0	0	0	0.000	0	0	0	0.000	0	0
115	115	2892	1030.711	1103.320	0.903	584	1955	258	30	24	584	1955	258	30	24	111.483	164.387	1029	164	161	159	157	155	152	149	145	136	121	105.462	2798.748	4162	3831	3648	3475	3272	2974	2647	2297	1950	1513	448	1	74	1031.249	1120.160	0	0	0	520	541.500	0	0	2800	2812.581	0	0	0	0	0.000	0.000	0	0	0	0	0.000	0	0	0	0.000	0	0
116	116	1270	334.470	1098.308	0.842	128	486	419	167	51	128	486	419	167	51	108.947	172.413	248	206	197	189	180	173	163	154	146	137	125	102.576	123.691	147	136	133	130	126	123	120	117	115	112	106	0	0	0.000	0.000	0	0	0	0	0.000	0	0	0	0.000	0	0	0	0	0.000	0.000	0	0	0	0	0.000	0	0	0	0.000	0	0
117	117	1563	1836.865	1118.011	0.893	350	1118	38	25	11	350	1118	38	25	11	111.000	118.864	126	122	120	120	119	119	118	118	117	116	113	102.000	304.036	459	403	364	342	325	306	286	268	236	203	173	0	0	0.000	0.000	0	0	0	0	0.000	0	0	0	0.000	0	0	0	0	0.000	0.000	0	0	0	0	0.000	0	0	0	0.000	0	0
118	118	2468	577.857	1138.401	0.879	10	119	1384	872	39	10	119	1384	872	39	110.121	203.596	687	289	207	196	185	180	174	167	157	145	131	103.974	1112.751	1894	1551	1404	1312	1226	1140	1043	936	813	607	421	1	169	567.284	1136.074	0	0	0	453	471.698	0	0	1169	1132.568	0	0	0	0	0.000	0.000	0	0	0	0	0.000	0	0	0	0.000	0	0
119	119	2735	512.832	1156.290	0.852	60	529	1460	585	58	60	529	1460	585	58	110.000	183.849	1442	192	181	174	169	164	160	153	145	138	124	104.657	1055.237	1773	1590	1406	1282	1169	1069	962	834	680	514	292	1	81	521.001	1149.802	0	0	0	685	745.506	0	0	1476	1462.667	0	0	0	0	0.000	0.000	0	0	0	0	0.000	0	0	0	0.000	0	0
120	120	1107	211.172	1156.864	0.893	336	487	207	38	18	336	487	207	38	18	108.962	150.545	181	169	164	160	156	151	147	142	137	131	115	102.045	122.878	140	131	129	127	126	124	122	119	116	113	104	0	0	0.000	0.000	0	0	0	0	0.000	0	0	0	0.000	0	0	0	0	0.000	0.000	0	0	0	0	0.000	0	0	0	0.000	0	0
121	121	763	622.928	1154.418	0.901	39	310	211	120	68	39	310	211	120	68	110.414	164.713	186	178	175	171	168	166	163	159	155	149	139	103.640	803.961	1146	1074	1003	934	874	823	758	684	612	516	349	0	0	0.000	0.000	0	0	0	0	0.000	0	0	0	0.000	0	0	0	0	0.000	0.000	0	0	0	0	0.000	0	0	0	0.000	0	0
122	122	1633	1034.945	1160.034	0.905	151	896	497	53	8	151	896	497	53	8	111.000	153.857	175	167	164	161	158	155	152	148	144	137	129	105.741	1230.625	1982	1685	1571	1484	1405	1308	1177	1004	820	677	419	0	0	0.000	0.000	0	0	0	0	0.000	0	0	0	0.000	0	0	0	0	0.000	0.000	0	0	0	0	0.000	0	0	0	0.000	0	0
123	123	1621	1834.843	1176.633	0.872	256	1033	204	60	27	256	1033	204	60	27	110.362	119.981	127	123	122	121	120	120	119	119	118	117	110	102.675	359.175	481	439	422	402	384	367	351	327	302	268	172	0	0	0.000	0.000	0	0	0	0	0.000	0	0	0	0.000	0	0	0	0	0.000	0.000	0	0	0	0	0.000	0	0	0	0.000	0	0
124	124	2418	249.018	1198.012	0.871	133	1128	949	116	28	133	1128	949	116	28	108.757	117.474	134	124	120	118	117	116	115	115	114	114	110	102.897	540.903	863	739	658	614	585	557	520	476	412	333	152	0	0	0.000	0.000	0	0	0	0	0.000	0	0	0	0.000	0	0	0	0	0.000	0.000	0	0	0	0	0.000	0	0	0	0.000	0	0
125	125	1356	1022.665	1202.921	0.893	32	119	435	623	128	32	119	435	623	128	111.000	151.593	173	164	162	160	158	155	151	146	140	134	124	105.692	1310.019	1955	1676	1577	1485	1423	1365	1293	1198	1049	848	407	0	0	0.000	0.000	0	0	0	0	0.000	0	0	0	0.000	0	0	0	0	0.000	0.000	0	0	0	0	0.000	0	0	0	0.000	0	0
126	126	1458	1941.206	1238.504	0.850	156	873	370	21	9	156	873	370	21	9	109.901	164.533	206	186	176	171	167	164	161	158	154	144	126	103.000	3179.351	6661	4727	4013	3609	3342	3067	2813	2534	2251	1802	1161	0	0	0.000	0.000	0	0	0	0	0.000	0	0	0	0.000	0	0	0	0	0.000	0.000	0	0	0	0	0.000	0	0	0	0.000	0	0
127	127	1686	1051.841	1252.809	0.877	455	475	612	108	5	455	475	612	108	5	111.000	123.538	138	131	128	127	125	123	121	120	119	118	115	106.000	1081.249	1532	1400	1277	1219	1152	1087	1024	951	869	765	557	0	0	0.000	0.000	0	0	0	0	0.000	0	0	0	0.000	0	0	0	0	0.000	0.000	0	0	0	0	0.000	0	0	0	0.000	0	0
128	128	1804	1631.926	1270.504	0.886	617	1008	81	48	28	617	1008	81	48	28	112.000	199.124	573	259	202	193	188	184	178	169	160	151	134	104.713	828.451	1270	1131	1059	999	956	889	803	692	568	425	306	1	95	1620.637	1273.704	0	0	0	432	432.842	0	0	761	734.905	0	0	0	0	0.000	0.000	0	0	0	0	0.000	0	0	0	0.000	0	0
129	129	1402	999.362	1271.249	0.860	1332	29	17	9	15	1332	29	17	9	15	111.159	120.934	132	127	124	122	121	120	119	118	118	117	114	106.385	978.542	1388	1260	1164	1091	1047	989	922	865	805	688	458	0	0	0.000	0.000	0	0	0	0	0.000	0	0	0	0.000	0	0	0	0	0.000	0.000	0	0	0	0	0.000	0	0	0	0.000	0	0
130	130	2561	1169.187	1281.954	0.872	101	1307	936	143	27	101	1307	936	143	27	112.000	1292.321	23642	1591	627	566	536	507	480	456	430	351	178	104.000	137.807	164	147	144	142	141	140	138	136	133	124	106	1	163	1153.817	1281.548	0	0	0	10208	11277.638	0	0	149	148.472	0	0	0	0	0.000	0.000	0	0	0	0	0.000	0	0	0	0.000	0	0
131	131	1251	327.474	1284.815	0.838	424	570	151	43	37	424	570	151	43	37	108.999	128.306	177	148	143	136	129	124	119	116	115	114	110	103.329	111.444	130	119	116	113	112	110	109	108	107	106	104	1	32	336.247	1280.186	0	0	0	165	165.156	0	0	121	121.000	0	0	0	0	0.000	0.000	0	0	0	0	0.000	0	0	0	0.000	0	0
132	132	1921	1033.367	1308.857	0.883	99	519	1006	221	37	99	519	1006	221	37	111.295	125.756	157	137	131	128	126	124	122	120	119	117	114	106.585	1066.950	5083	1403	1238	1158	1076	1001	921	834	703	558	371	0	0	0.000	0.000	0	0	0	0	0.000	0	0	0	0.000	0	0	1	29	1030.843	1307.279	0	0	0	151	149.897	0	0	3658	3709.621	0	0
133	133	2309	957.639	1320.779	0.853	85	1009	1076	64	17	85	1009	1076	64	17	112.000	1539.086	15169	5471	928	382	333	305	289	271	246	214	162	106.105	928.450	1434	1294	1228	1136	1039	959	878	779	634	469	306	1	374	944.674	1322.052	0	0	0	7079	7562.439	0	0	1298	1251.979	0	0	0	0	0.000	0.000	0	0	0	0	0.000	0	0	0	0.000	0	0
134	134	1360	1614.582	1315.377	0.911	666	351	220	76	27	666	351	220	76	27	112.000	320.965	3458	669	212	160	151	146	139	134	130	128	123	104.466	621.791	1051	905	814	737	692	633	563	486	408	349	256	1	137	1610.301	1308.500	0	0	0	1482	1632.949	0	0	752	740.161	0	0	0	0	0.000	0.000	0	0	0	0	0.000	0	0	0	0.000	0	0
135	135	1204	1571.845	1321.947	0.917	73	69	626	378	43	73	69	626	378	43	111.518	146.321	166	158	156	154	150	148	144	141	136	131	125	104.000	711.385	1019	969	923	857	791	731	654	582	498	424	343	0	0	0.000	0.000	0	0	0	0	0.000	0	0	0	0.000	0	0	0	0	0.000	0.000	0	0	0	0	0.000	0	0	0	0.000	0	0
136	136	1738	1190.326	1337.116	0.885	70	752	796	72	17	70	752	796	72	17	112.265	365.862	957	456	423	400	378	355	335	310	278	237	186	104.024	140.787	165	152	147	144	142	140	138	137	135	132	120	1	10	1181.403	1329.097	0	0	0	898	894.100	0	0	137	137.000	0	0	0	0	0.000	0.000	0	0	0	0	0.000	0	0	0	0.000	0	0
137	137	1836	320.715	1339.011	0.901	71	154	923	583	64	71	154	923	583	64	109.000	167.278	1431	156	149	144	141	138	135	132	130	127	120	103.999	410.767	738	613	544	485	433	389	348	310	276	241	212	1	96	335.270	1321.056	0	0	0	647	684.938	0	0	496	454.708	0	0	0	0	0.000	0.000	0	0	0	0	0.000	0	0	0	0.000	0	0
138	138	1623	1709.333	1336.176	0.889	48	249	1075	192	21	48	249	1075	192	21	111.226	166.848	195	183	180	177	174	171	165	160	152	144	132	104.837	918.272	1373	1251	1114	1033	970	928	882	818	726	573	405	0	0	0.000	0.000	0	0	0	0	0.000	0	0	0	0.000	0	0	0	0	0.000	0.000	0	0	0	0	0.000	0	0	0	0.000	0	0
139	139	2720	899.615	1345.564	0.905	73	241	1322	965	49	73	241	1322	965	49	111.767	364.810	3916	388	336	311	295	285	271	249	219	190	155	105.000	1077.377	1715	1557	1413	1301	1210	1126	1019	895	714	518	317	1	118	898.622	1339.574	0	0	0	1884	2024.432	0	0	1470	1397.754	0	0	0	0	0.000	0.000	0	0	0	0	0.000	0	0	0	0.000	0	0
140	140	751	999.785	1338.250	0.918	58	134	371	173	3	58	134	371	173	3	112.000	236.466	295	284	274	266	257	245	229	212	197	178	148	106.599	705.377	1018	945	888	843	802	747	679	595	508	402	260	0	0	0.000	0.000	0	0	0	0	0.000	0	0	0	0.000	0	0	0	0	0.000	0.000	0	0	0	0	0.000	0	0	0	0.000	0	0
141	141	1788	1981.392	1346.314	0.906	93	156	560	910	18	93	156	560	910	18	110.000	117.953	129	122	121	119	119	118	117	116	115	114	110	104.000	908.994	1673	1419	1254	1157	1061	932	755	617	533	422	223	0	0	0.000	0.000	0	0	0	0	0.000	0	0	0	0.000	0	0	0	0	0.000	0.000	0	0	0	0	0.000	0	0	0	0.000	0	0
142	142	1729	119.476	1365.722	0.877	140	1019	470	62	11	140	1019	470	62	11	107.000	125.216	134	130	129	128	127	126	125	124	122	119	112	102.000	124.524	141	132	129	127	126	124	123	121	120	118	111	0	0	0.000	0.000	0	0	0	0	0.000	0	0	0	0.000	0	0	0	0	0.000	0.000	0	0	0	0	0.000	0	0	0	0.000	0	0
143	143	1739	1932.819	1374.923	0.895	31	499	1083	62	15	31	499	1083	62	15	110.000	121.091	135	127	125	123	121	120	119	119	118	117	113	104.000	735.473	1186	1017	919	852	787	727	674	624	544	456	342	0	0	0.000	0.000	0	0	0	0	0.000	0	0	0	0.000	0	0	0	0	0.000	0.000	0	0	0	0	0.000	0	0	0	0.000	0	0
144	144	743	867.290	1379.536	0.919	21	44	85	458	116	21	44	85	458	116	111.061	211.888	269	256	245	235	223	211	200	189	180	169	150	104.221	828.215	1190	1086	1040	999	938	865	775	684	602	514	364	0	0	0.000	0.000	0	0	0	0	0.000	0	0	0	0.000	0	0	0	0	0.000	0.000	0	0	0	0	0.000	0	0	0	0.000	0	0
145	145	550	1890.857	1377.578	0.908	9	47	152	277	55	9	47	152	277	55	110.000	117.560	127	123	120	119	118	117	116	116	115	114	112	103.204	497.882	682	628	603	579	547	519	488	448	391	329	193	0	0	0.000	0.000	0	0	0	0	0.000	0	0	0	0.000	0	0	0	0	0.000	0.000	0	0	0	0	0.000	0	0	0	0.000	0	0
146	146	1634	1023.588	1391.823	0.847	60	180	943	405	25	60	180	943	405	25	111.133	121.717	139	129	125	123	122	120	120	119	118	117	114	105.722	1034.199	1751	1470	1366	1263	1144	1022	919	818	719	596	319	1	357	1018.039	1392.819	0	0	0	128	128.860	0	0	961	997.692	0	0	0	0	0.000	0.000	0	0	0	0	0.000	0	0	0	0.000	0	0
147	147	1011	1975.231	1391.752	0.905	16	30	264	623	55	16	30	264	623	55	109.998	118.340	126	121	120	119	119	118	117	117	116	116	113	103.839	1119.980	1586	1514	1438	1352	1261	1173	1068	926	797	657	412	0	0	0.000	0.000	0	0	0	0	0.000	0	0	0	0.000	0	0	0	0	0.000	0.000	0	0	0	0	0.000	0	0	0	0.000	0	0
148	148	1259	1734.118	1396.549	0.902	58	235	668	253	22	58	235	668	253	22	111.024	119.750	126	123	122	121	120	119	119	118	118	117	114	104.400	1598.780	2429	2189	2055	1924	1788	1653	1502	1321	1138	922	522	0	0	0.000	0.000	0	0	0	0	0.000	0	0	0	0.000	0	0	0	0	0.000	0.000	0	0	0	0	0.000	0	0	0	0.000	0	0
149	149	1163	1212.765	1405.947	0.894	280	553	244	55	10	280	553	244	55	10	113.000	234.104	353	267	247	235	231	229	226	223	216	205	177	104.986	5804.127	18519	11981	9105	7358	5928	4663	3540	2784	2401	2151	1751	0	0	0.000	0.000	0	0	0	0	0.000	0	0	0	0.000	0	0	0	0	0.000	0.000	0	0	0	0	0.000	0	0	0	0.000	0	0
150	150	1105	217.282	1410.191	0.908	39	80	460	462	43	39	80	460	462	43	107.538	120.500	128	126	124	123	122	121	120	118	116	115	111	102.676	647.196	924	817	770	744	713	675	632	587	524	424	259	0	0	0.000	0.000	0	0	0	0	0.000	0	0	0	0.000	0	0	0	0	0.000	0.000	0	0	0	0	0.000	0	0	0	0.000	0	0
151	151	2268	115.462	1419.884	0.861	116	1643	406	45	17	116	1643	406	45	17	106.173	128.265	143	137	134	133	131	130	128	125	121	117	111	101.351	128.592	144	138	136	134	133	131	129	126	122	113	103	0	0	0.000	0.000	0	0	0	0	0.000	0	0	0	0.000	0	0	0	0	0.000	0.000	0	0	0	0	0.000	0	0	0	0.000	0	0
152	152	1631	1168.909	1416.751	0.852	14	23	606	851	113	14	23	606	851	113	113.000	124.964	162	135	129	126	124	123	121	120	119	118	116	105.618	127.511	149	134	132	130	129	128	127	125	123	120	114	1	40	1170.781	1433.765	0	0	0	149	149.275	0	0	129	128.475	0	0	0	0	0.000	0.000	0	0	0	0	0.000	0	0	0	0.000	0	0
153	153	1865	1624.964	1414.208	0.881	540	1106	138	31	9	540	1106	138	31	9	111.255	151.190	169	161	158	156	153	151	149	147	145	141	128	103.876	159.088	187	174	169	164	161	158	155	153	149	147	129	0	0	0.000	0.000	0	0	0	0	0.000	0	0	0	0.000	0	0	0	0	0.000	0.000	0	0	0	0	0.000	0	0	0	0.000	0	0
154	154	1783	269.851	1427.033	0.834	15	92	936	675	42	15	92	936	675	42	108.172	119.115	127	123	122	121	120	119	118	117	116	115	111	103.831	509.583	816	735	667	612	571	531	496	415	321	253	196	0	0	0.000	0.000	0	0	0	0	0.000	0	0	0	0.000	0	0	0	0	0.000	0.000	0	0	0	0	0.000	0	0	0	0.000	0	0
155	155	1912	1774.603	1435.263	0.873	22	110	797	848	97	22	110	797	848	97	111.721	119.475	126	123	122	121	120	119	119	118	117	116	112	103.825	1337.364	2379	2092	1874	1650	1453	1280	1123	1010	905	742	160	0	0	0.000	0.000	0	0	0	0	0.000	0	0	0	0.000	0	0	0	0	0.000	0.000	0	0	0	0	0.000	0	0	0	0.000	0	0
156	156	1652	1297.676	1434.585	0.878	10	84	1106	391	21	10	84	1106	391	21	113.000	145.793	166	161	159	157	153	148	142	136	132	128	121	104.000	134.545	166	147	143	140	137	135	132	128	125	121	113	0	0	0.000	0.000	0	0	0	0	0.000	0	0	0	0.000	0	0	0	0	0.000	0.000	0	0	0	0	0.000	0	0	0	0.000	0	0
157	157	2639	1680.566	1444.376	0.837	156	1600	761	48	11	156	1600	761	48	11	111.564	833.526	19231	942	182	157	148	145	143	141	138	135	123	103.903	159.445	278	179	173	169	165	160	155	149	142	136	110	1	184	1674.337	1451.583	0	0	0	8188	8814.603	0	0	182	180.060	0	0	0	0	0.000	0.000	0	0	0	0	0.000	0	0	0	0.000	0	0
158	158	1405	1022.914	1450.361	0.874	41	163	846	299	22	41	163	846	299	22	111.898	121.916	131	126	124	123	122	122	121	120	119	118	117	105.090	1422.664	1992	1876	1763	1655	1567	1478	1366	1236	1105	902	541	0	0	0.000	0.000	0	0	0	0	0.000	0	0	0	0.000	0	0	0	0	0.000	0.000	0	0	0	0	0.000	0	0	0	0.000	0	0
159	159	1228	1078.217	1445.071	0.915	89	142	556	369	57	89	142	556	369	57	112.000	128.946	145	140	137	133	130	127	125	124	122	121	117	105.279	849.569	1255	1099	1019	967	927	881	822	746	675	563	338	0	0	0.000	0.000	0	0	0	0	0.000	0	0	0	0.000	0	0	0	0	0.000	0.000	0	0	0	0	0.000	0	0	0	0.000	0	0
160	160	1114	1155.902	1460.463	0.912	18	36	136	754	152	18	36	136	754	152	111.931	130.860	141	136	135	134	133	132	130	128	127	125	119	105.143	128.723	144	136	134	132	130	129	127	126	124	122	114	0	0	0.000	0.000	0	0	0	0	0.000	0	0	0	0.000	0	0	0	0	0.000	0.000	0	0	0	0	0.000	0	0	0	0.000	0	0
161	161	1969	1205.237	1469.543	0.892	205	321	1178	217	12	205	321	1178	217	12	113.001	138.868	214	165	145	140	137	134	131	128	126	124	118	104.924	131.260	158	144	139	136	134	131	129	126	122	118	112	0	0	0.000	0.000	0	0	0	0	0.000	0	0	0	0.000	0	0	0	0	0.000	0.000	0	0	0	0	0.000	0	0	0	0.000	0	0
162	162	2010	685.270	1470.492	0.878	20	517	1047	335	48	20	517	1047	335	48	110.986	139.486	152	146	144	143	142	140	139	138	135	132	120	105.072	3268.060	6374	4895	4228	3905	3531	3168	2790	2413	2097	1822	1075	0	0	0.000	0.000	0	0	0	0	0.000	0	0	0	0.000	0	0	0	0	0.000	0.000	0	0	0	0	0.000	0	0	0	0.000	0	0
163	163	1992	272.135	1482.326	0.882	50	379	1197	311	11	50	379	1197	311	11	108.623	134.540	146	141	139	138	137	135	134	132	129	127	115	103.930	1072.985	1463	1321	1265	1200	1134	1077	1027	975	907	811	487	0	0	0.000	0.000	0	0	0	0	0.000	0	0	0	0.000	0	0	0	0	0.000	0.000	0	0	0	0	0.000	0	0	0	0.000	0	0
164	164	536	1714.645	1475.060	0.921	24	51	139	254	61	24	51	139	254	61	111.188	125.912	135	132	130	129	127	126	125	123	122	120	117	103.407	135.993	156	149	146	144	140	137	133	129	126	122	109	0	0	0.000	0.000	0	0	0	0	0.000	0	0	0	0.000	0	0	0	0	0.000	0.000	0	0	0	0	0.000	0	0	0	0.000	0	0
165	165	1532	496.422	1499.296	0.876	16	147	862	426	47	16	147	862	426	47	110.000	153.632	177	170	167	164	160	155	150	145	140	134	123	104.000	2382.159	3712	3296	3055	2876	2674	2477	2253	1977	1642	1296	932	0	0	0.000	0.000	0	0	0	0	0.000	0	0	0	0.000	0	0	0	0	0.000	0.000	0	0	0	0	0.000	0	0	0	0.000	0	0
166	166	2295	646.332	1521.862	0.862	200	1502	469	71	9	200	1502	469	71	9	110.429	194.862	242	221	212	206	201	195	189	183	178	169	134	105.000	2891.810	4957	4134	3697	3439	3185	2913	2668	2326	1998	1636	695	0	0	0.000	0.000	0	0	0	0	0.000	0	0	0	0.000	0	0	0	0	0.000	0.000	0	0	0	0	0.000	0	0	0	0.000	0	0
167	167	1451	1291.288	1519.107	0.872	91	629	590	105	12	91	629	590	105	12	113.059	149.953	172	165	159	157	154	151	148	145	139	133	126	103.174	130.844	145	139	138	136	134	132	129	126	123	121	113	0	0	0.000	0.000	0	0	0	0	0.000	0	0	0	0.000	0	0	0	0	0.000	0.000	0	0	0	0	0.000	0	0	0	0.000	0	0
168	168	2238	1122.737	1537.547	0.870	39	149	805	1108	89	39	149	805	1108	89	112.004	126.607	140	132	130	129	128	127	125	124	123	121	117	105.000	2370.761	4197	3795	3320	2973	2748	2461	2169	1821	1360	824	356	0	0	0.000	0.000	0	0	0	0	0.000	0	0	0	0.000	0	0	0	0	0.000	0.000	0	0	0	0	0.000	0	0	0	0.000	0	0
169	169	2423	696.836	1544.553	0.879	197	1299	749	125	16	197	1299	749	125	16	110.884	194.526	248	231	219	210	203	194	185	177	169	162	138	104.721	2846.401	4989	4360	3908	3573	3205	2816	2408	2062	1742	1420	855	0	0	0.000	0.000	0	0	0	0	0.000	0	0	0	0.000	0	0	0	0	0.000	0.000	0	0	0	0	0.000	0	0	0	0.000	0	0
170	170	1269	1174.115	1538.313	0.902	25	98	628	447	51	25	98	628	447	51	113.077	127.046	139	132	130	129	128	127	126	125	124	123	118	105.000	2413.427	3635	3310	3066	2739	2562	2407	2241	2035	1806	1596	1010	0	0	0.000	0.000	0	0	0	0	0.000	0	0	0	0.000	0	0	0	0	0.000	0.000	0	0	0	0	0.000	0	0	0	0.000	0	0
171	171	659	1325.942	1533.823	0.915	195	211	166	46	29	195	211	166	46	29	112.080	143.874	160	153	150	149	147	145	143	141	137	133	125	103.000	125.276	139	132	130	129	127	126	125	123	120	117	112	0	0	0.000	0.000	0	0	0	0	0.000	0	0	0	0.000	0	0	0	0	0.000	0.000	0	0	0	0	0.000	0	0	0	0.000	0	0
172	172	762	247.355	1565.602	0.849	35	167	275	197	74	35	167	275	197	74	108.000	136.816	179	161	152	146	138	133	129	125	122	119	113	103.522	129.201	205	151	139	133	127	123	121	119	117	115	111	0	0	0.000	0.000	0	0	0	0	0.000	0	0	0	0.000	0	0	0	0	0.000	0.000	0	0	0	0	0.000	0	0	0	0.000	0	0
173	173	1530	1262.605	1575.216	0.897	579	410	226	201	89	579	410	226	201	89	113.504	133.341	143	138	137	136	135	134	133	132	130	128	123	104.065	131.814	149	140	138	136	135	133	132	130	127	120	108	0	0	0.000	0.000	0	0	0	0	0.000	0	0	0	0.000	0	0	0	0	0.000	0.000	0	0	0	0	0.000	0	0	0	0.000	0	0
174	174	1386	1916.759	1576.663	0.884	60	285	810	182	14	60	285	810	182	14	110.397	147.954	160	155	154	152	151	150	148	146	142	137	127	103.633	2121.808	2819	2592	2480	2399	2315	2183	2040	1891	1776	1624	814	0	0	0.000	0.000	0	0	0	0	0.000	0	0	0	0.000	0	0	0	0	0.000	0.000	0	0	0	0	0.000	0	0	0	0.000	0	0
175	175	2260	306.091	1593.641	0.897	65	425	1499	209	18	65	425	1499	209	18	108.986	450.484	4619	1177	233	161	153	149	146	141	136	130	120	104.300	855.468	1558	1370	1217	1055	929	810	696	592	524	431	314	1	307	302.959	1580.648	0	0	0	2065	2233.423	0	0	1403	1346.795	0	0	0	0	0.000	0.000	0	0	0	0	0.000	0	0	0	0.000	0	0
176	176	877	29.941	1583.515	0.907	109	500	193	37	19	109	500	193	37	19	104.737	145.696	173	166	161	156	151	146	142	138	131	123	113	101.000	119.553	135	127	125	123	122	120	118	116	114	111	103	0	0	0.000	0.000	0	0	0	0	0.000	0	0	0	0.000	0	0	0	0	0.000	0.000	0	0	0	0	0.000	0	0	0	0.000	0	0
177	177	1772	364.447	1592.170	0.876	77	682	724	222	26	77	682	724	222	26	109.000	154.878	173	165	162	160	158	157	155	153	147	141	128	103.691	1203.619	1633	1486	1414	1353	1287	1215	1145	1077	1003	900	573	0	0	0.000	0.000	0	0	0	0	0.000	0	0	0	0.000	0	0	0	0	0.000	0.000	0	0	0	0	0.000	0	0	0	0.000	0	0
178	178	1006	95.004	1609.897	0.888	279	529	156	16	7	279	529	156	16	7	106.000	184.786	321	274	244	218	196	177	156	137	121	115	110	101.777	150.654	216	197	187	175	163	151	135	120	111	108	104	0	0	0.000	0.000	0	0	0	0	0.000	0	0	0	0.000	0	0	0	0	0.000	0.000	0	0	0	0	0.000	0	0	0	0.000	0	0
179	179	1288	2022.650	1611.284	0.777	68	566	481	126	9	68	566	481	126	9	109.232	458.403	3330	1625	474	188	136	127	123	121	119	117	115	106.234	1534.446	2614	2387	2182	1940	1703	1539	1307	1033	850	776	704	0	0	0.000	0.000	0	0	0	0	0.000	0	0	0	0.000	0	0	0	0	0.000	0.000	0	0	0	0	0.000	0	0	0	0.000	0	0
180	180	1568	508.253	1633.479	0.885	38	466	903	119	11	38	466	903	119	11	109.640	148.119	167	158	156	154	151	149	146	143	140	137	125	103.195	140.779	159	150	148	147	145	144	140	136	132	128	115	0	0	0.000	0.000	0	0	0	0	0.000	0	0	0	0.000	0	0	0	0	0.000	0.000	0	0	0	0	0.000	0	0	0	0.000	0	0
181	181	219	758.049	1623.275	0.813	22	43	63	55	32	22	43	63	55	32	110.886	127.128	137	131	129	128	128	127	126	126	125	124	122	104.000	122.484	134	128	125	124	123	123	122	120	119	118	112	0	0	0.000	0.000	0	0	0	0	0.000	0	0	0	0.000	0	0	0	0	0.000	0.000	0	0	0	0	0.000	0	0	0	0.000	0	0
182	182	1790	1285.793	1638.628	0.891	55	346	1243	105	9	55	346	1243	105	9	113.000	214.389	2331	277	143	138	135	134	132	130	129	126	121	104.529	1618.912	2867	2445	2192	1981	1805	1618	1441	1233	1038	807	553	1	121	1288.118	1643.094	0	0	0	1056	1117.124	0	0	2364	2317.992	0	0	0	0	0.000	0.000	0	0	0	0	0.000	0	0	0	0.000	0	0
183	183	1688	1237.884	1639.450	0.891	36	235	1307	72	9	36	235	1307	72	9	112.826	127.385	172	132	130	129	128	127	125	124	122	120	116	105.000	1628.838	2808	2525	2360	2127	1907	1641	1398	1168	924	655	468	1	21	1233.711	1650.898	0	0	0	162	161.286	0	0	1911	1914.238	0	0	0	0	0.000	0.000	0	0	0	0	0.000	0	0	0	0.000	0	0
184	184	1433	279.286	1648.559	0.893	52	582	639	112	19	52	582	639	112	19	108.078	119.221	128	123	122	121	120	119	118	117	116	115	112	105.000	1362.754	2240	1990	1847	1739	1586	1409	1242	1036	807	631	470	0	0	0.000	0.000	0	0	0	0	0.000	0	0	0	0.000	0	0	0	0	0.000	0.000	0	0	0	0	0.000	0	0	0	0.000	0	0
185	185	1753	1926.525	1671.782	0.912	856	709	90	33	32	856	709	90	33	32	111.000	415.082	2429	827	450	354	304	281	262	243	224	191	141	104.791	132.342	154	143	140	138	136	134	132	129	125	118	109	1	169	1927.248	1669.189	0	0	0	1304	1396.947	0	0	136	135.799	0	0	0	0	0.000	0.000	0	0	0	0	0.000	0	0	0	0.000	0	0
186	186	1656	464.661	1678.561	0.868	38	263	1136	179	7	38	263	1136	179	7	108.812	146.650	164	158	155	152	150	148	145	142	139	134	121	103.425	143.091	161	154	151	148	146	143	141	138	136	133	111	0	0	0.000	0.000	0	0	0	0	0.000	0	0	0	0.000	0	0	0	0	0.000	0.000	0	0	0	0	0.000	0	0	0	0.000	0	0
187	187	1725	323.985	1679.116	0.868	51	120	808	651	59	51	120	808	651	59	108.419	120.200	128	124	123	122	121	120	119	118	117	116	112	104.354	1550.140	2599	2257	1955	1787	1672	1532	1391	1221	1083	968	496	0	0	0.000	0.000	0	0	0	0	0.000	0	0	0	0.000	0	0	0	0	0.000	0.000	0	0	0	0	0.000	0	0	0	0.000	0	0
188	188	637	505.962	1673.723	0.916	14	67	197	299	45	14	67	197	299	45	109.000	128.325	140	136	133	132	130	129	127	125	123	121	116	103.088	126.359	142	136	133	131	129	126	124	122	120	117	109	0	0	0.000	0.000	0	0	0	0	0.000	0	0	0	0.000	0	0	0	0	0.000	0.000	0	0	0	0	0.000	0	0	0	0.000	0	0
189	189	1435	1321.052	1678.148	0.887	28	196	619	485	76	28	196	619	485	76	112.622	133.980	144	139	138	137	136	135	134	133	130	127	120	104.000	2089.705	3076	2833	2701	2530	2331	2119	1922	1713	1505	1278	777	0	0	0.000	0.000	0	0	0	0	0.000	0	0	0	0.000	0	0	0	0	0.000	0.000	0	0	0	0	0.000	0	0	0	0.000	0	0
190	190	1554	1979.951	1688.243	0.874	47	448	781	222	36	47	448	781	222	36	110.134	230.704	336	278	265	250	238	228	216	207	198	186	170	105.302	144.027	166	156	153	149	146	143	141	138	136	133	126	0	0	0.000	0.000	0	0	0	0	0.000	0	0	0	0.000	0	0	0	0	0.000	0.000	0	0	0	0	0.000	0	0	0	0.000	0	0
191	191	1808	164.047	1720.389	0.879	42	42	296	1306	93	42	42	296	1306	93	106.686	121.206	130	126	125	124	123	122	121	119	117	115	111	106.174	2833.513	4174	3727	3531	3341	3130	2917	2714	2473	2143	1758	888	0	0	0.000	0.000	0	0	0	0	0.000	0	0	0	0.000	0	0	0	0	0.000	0.000	0	0	0	0	0.000	0	0	0	0.000	0	0
192	192	1843	271.416	1734.916	0.880	35	134	804	781	59	35	134	804	781	59	108.000	126.602	168	137	128	126	125	124	123	123	122	120	114	104.414	866.168	1288	1194	1122	1044	964	883	790	698	600	521	388	1	32	277.851	1729.451	0	0	0	162	161.375	0	0	1164	1139.219	0	0	0	0	0.000	0.000	0	0	0	0	0.000	0	0	0	0.000	0	0
193	193	1737	132.640	1761.264	0.884	107	322	940	322	18	107	322	940	322	18	105.767	118.672	126	122	121	121	120	119	118	117	116	114	109	105.692	1936.289	3460	2909	2640	2392	2124	1912	1670	1440	1219	1027	659	0	0	0.000	0.000	0	0	0	0	0.000	0	0	0	0.000	0	0	0	0	0.000	0.000	0	0	0	0	0.000	0	0	0	0.000	0	0
194	194	2316	1980.647	1768.997	0.871	349	1495	390	22	6	349	1495	390	22	6	108.738	141.776	159	150	148	147	146	144	142	138	134	130	121	107.423	3091.979	5359	4425	4041	3733	3422	3096	2798	2488	2135	1717	1096	0	0	0.000	0.000	0	0	0	0	0.000	0	0	0	0.000	0	0	0	0	0.000	0.000	0	0	0	0	0.000	0	0	0	0.000	0	0
195	195	398	1537.657	1754.405	0.791	24	95	122	100	48	24	95	122	100	48	111.000	281.402	351	322	302	291	285	278	271	265	258	252	235	103.000	137.663	154	147	143	141	139	137	136	134	133	130	125	0	0	0.000	0.000	0	0	0	0	0.000	0	0	0	0.000	0	0	0	0	0.000	0.000	0	0	0	0	0.000	0	0	0	0.000	0	0
196	196	433	1562.777	1780.477	0.946	33	91	165	122	17	33	91	165	122	17	111.000	126.217	133	131	130	129	128	127	125	124	123	121	117	103.000	113.764	120	118	116	115	114	114	113	112	112	110	105	0	0	0.000	0.000	0	0	0	0	0.000	0	0	0	0.000	0	0	0	0	0.000	0.000	0	0	0	0	0.000	0	0	0	0.000	0	0
197	197	1398	1198.361	1804.714	0.889	17	66	527	701	63	17	66	527	701	63	111.641	154.723	177	168	165	161	158	154	151	149	146	142	126	103.000	280.799	363	342	323	312	299	286	271	251	235	214	167	0	0	0.000	0.000	0	0	0	0	0.000	0	0	0	0.000	0	0	0	0	0.000	0.000	0	0	0	0	0.000	0	0	0	0.000	0	0
198	198	2787	1866.194	1820.168	0.882	499	1995	174	47	20	499	1995	174	47	20	109.940	168.023	208	186	180	177	173	169	166	163	158	144	122	104.648	2790.733	5265	4337	3915	3537	3138	2781	2459	1992	1593	1276	428	0	0	0.000	0.000	0	0	0	0	0.000	0	0	0	0.000	0	0	0	0	0.000	0.000	0	0	0	0	0.000	0	0	0	0.000	0	0
199	199	1513	1936.417	1807.658	0.882	46	245	839	314	47	46	245	839	314	47	109.085	142.787	160	152	149	147	146	144	142	139	136	133	123	105.803	3599.354	5877	4594	4340	4133	3908	3697	3462	3197	2860	2392	1436	0	0	0.000	0.000	0	0	0	0	0.000	0	0	0	0.000	0	0	0	0	0.000	0.000	0	0	0	0	0.000	0	0	0	0.000	0	0
200	200	1599	585.239	1817.874	0.896	22	61	1056	404	29	22	61	1056	404	29	109.000	125.111	144	132	129	127	125	124	123	122	121	120	114	102.128	157.748	199	186	179	171	165	159	154	148	139	126	106	0	0	0.000	0.000	0	0	0	0	0.000	0	0	0	0.000	0	0	0	0	0.000	0.000	0	0	0	0	0.000	0	0	0	0.000	0	0
201	201	1693	1253.582	1824.587	0.884	15	53	558	956	75	15	53	558	956	75	111.996	173.618	256	198	190	185	180	175	169	162	152	142	131	103.000	281.141	399	357	334	315	302	288	274	253	223	191	159	0	0	0.000	0.000	0	0	0	0	0.000	0	0	0	0.000	0	0	0	0	0.000	0.000	0	0	0	0	0.000	0	0	0	0.000	0	0
202	202	1875	1988.504	1833.112	0.864	42	76	536	1095	82	42	76	536	1095	82	108.859	133.913	150	144	142	139	137	134	132	129	126	123	116	108.495	1339.832	2162	2016	1849	1650	1414	1252	1139	1056	917	759	495	0	0	0.000	0.000	0	0	0	0	0.000	0	0	0	0.000	0	0	0	0	0.000	0.000	0	0	0	0	0.000	0	0	0	0.000	0	0
203	203	543	1216.512	1845.334	0.926	28	40	160	268	42	28	40	160	268	42	112.000	144.007	157	153	151	149	147	145	143	140	137	134	127	103.000	209.306	258	242	233	226	217	208	199	191	186	181	161	0	0	0.000	0.000	0	0	0	0	0.000	0	0	0	0.000	0	0	0	0	0.000	0.000	0	0	0	0	0.000	0	0	0	0.000	0	0
204	204	1758	897.351	1861.746	0.885	107	427	1022	149	20	107	427	1022	149	20	110.856	553.852	6369	754	380	352	337	319	299	278	244	211	178	103.000	570.179	874	786	752	696	638	581	538	480	394	299	231	1	133	903.854	1869.219	0	0	0	2941	3203.211	0	0	755	694.346	0	0	0	0	0.000	0.000	0	0	0	0	0.000	0	0	0	0.000	0	0
205	205	888	598.624	1863.984	0.811	7	42	353	413	54	7	42	353	413	54	108.732	122.545	132	128	127	126	124	123	121	120	118	116	113	102.000	157.241	194	180	176	173	170	166	160	152	133	118	107	0	0	0.000	0.000	0	0	0	0	0.000	0	0	0	0.000	0	0	0	0	0.000	0.000	0	0	0	0	0.000	0	0	0	0.000	0	0
206	206	1178	851.129	1890.449	0.890	23	209	651	239	36	23	209	651	239	36	111.000	179.595	252	196	191	187	183	180	175	171	168	162	150	103.133	397.210	616	517	485	456	429	401	370	340	309	268	205	0	0	0.000	0.000	0	0	0	0	0.000	0	0	0	0.000	0	0	0	0	0.000	0.000	0	0	0	0	0.000	0	0	0	0.000	0	0
207	207	1066	806.498	1894.751	0.905	21	152	458	334	78	21	152	458	334	78	110.299	171.479	202	194	189	183	178	171	165	159	154	150	142	102.930	384.055	561	525	494	461	424	385	342	309	279	243	197	0	0	0.000	0.000	0	0	0	0	0.000	0	0	0	0.000	0	0	0	0	0.000	0.000	0	0	0	0	0.000	0	0	0	0.000	0	0
208	208	1898	318.115	1905.086	0.906	76	634	940	190	16	76	634	940	190	16	107.296	404.084	4358	482	388	352	326	301	281	259	241	219	155	101.698	155.714	194	173	168	165	161	158	154	148	144	138	107	1	89	323.645	1891.737	0	0	0	1907	2078.371	0	0	167	165.090	0	0	0	0	0.000	0.000	0	0	0	0	0.000	0	0	0	0.000	0	0
209	209	512	1308.964	1894.410	0.910	21	62	163	195	58	21	62	163	195	58	111.545	153.512	175	171	166	162	158	154	149	145	141	137	129	103.746	845.572	1295	1174	1085	1006	929	853	775	702	608	502	364	0	0	0.000	0.000	0	0	0	0	0.000	0	0	0	0.000	0	0	0	0	0.000	0.000	0	0	0	0	0.000	0	0	0	0.000	0	0
210	210	1458	882.536	1917.778	0.869	53	292	970	89	14	53	292	970	89	14	110.746	361.742	471	439	422	400	382	368	353	334	310	268	197	103.081	753.726	1050	939	878	841	807	766	727	686	637	554	309	0	0	0.000	0.000	0	0	0	0	0.000	0	0	0	0.000	0	0	0	0	0.000	0.000	0	0	0	0	0.000	0	0	0	0.000	0	0
211	211	1532	972.496	1915.496	0.872	351	994	134	26	11	351	994	134	26	11	110.026	126.294	145	136	132	129	126	125	123	122	121	120	116	103.151	2004.433	3137	2469	2272	2170	2076	1994	1910	1809	1717	1615	840	0	0	0.000	0.000	0	0	0	0	0.000	0	0	0	0.000	0	0	0	0	0.000	0.000	0	0	0	0	0.000	0	0	0	0.000	0	0
212	212	1113	1280.565	1917.940	0.899	22	216	530	271	60	22	216	530	271	60	110.969	177.477	233	207	199	192	185	178	171	162	154	147	140	103.882	1110.091	1953	1758	1589	1380	1206	1073	963	864	651	493	396	0	0	0.000	0.000	0	0	0	0	0.000	0	0	0	0.000	0	0	0	0	0.000	0.000	0	0	0	0	0.000	0	0	0	0.000	0	0
213	213	1643	1329.938	1929.088	0.868	62	217	830	487	15	62	217	830	487	15	111.027	118.921	128	123	121	120	119	118	118	117	116	116	113	103.443	904.887	1510	1263	1158	1084	1008	934	854	776	640	463	320	0	0	0.000	0.000	0	0	0	0	0.000	0	0	0	0.000	0	0	0	0	0.000	0.000	0	0	0	0	0.000	0	0	0	0.000	0	0
214	214	594	2026.831	1917.242	0.949	28	82	205	232	37	28	82	205	232	37	107.884	131.916	143	140	138	137	135	133	130	128	125	122	117	106.391	390.429	536	506	479	450	421	394	374	348	307	259	194	0	0	0.000	0.000	0	0	0	0	0.000	0	0	0	0.000	0	0	0	0	0.000	0.000	0	0	0	0	0.000	0	0	0	0.000	0	0
215	215	574	1970.390	1921.150	0.884	40	167	182	128	46	40	167	182	128	46	109.000	154.636	170	165	162	159	157	155	153	151	149	144	136	104.997	1109.462	1541	1390	1325	1259	1201	1146	1076	976	864	769	607	0	0	0.000	0.000	0	0	0	0	0.000	0	0	0	0.000	0	0	0	0	0.000	0.000	0	0	0	0	0.000	0	0	0	0.000	0	0
216	216	1447	1205.548	1933.662	0.887	14	58	379	891	80	14	58	379	891	80	110.682	117.876	127	121	119	119	118	118	117	117	116	115	112	102.175	815.381	1450	1279	1160	1048	934	821	697	566	456	368	179	0	0	0.000	0.000	0	0	0	0	0.000	0	0	0	0.000	0	0	0	0	0.000	0.000	0	0	0	0	0.000	0	0	0	0.000	0	0
217	217	1466	2003.193	1947.551	0.891	12	232	903	276	8	12	232	903	276	8	107.876	156.672	188	178	170	164	160	156	153	148	143	138	129	104.068	1445.268	2408	2207	1933	1700	1565	1455	1338	1176	946	704	465	0	0	0.000	0.000	0	0	0	0	0.000	0	0	0	0.000	0	0	0	0	0.000	0.000	0	0	0	0	0.000	0	0	0	0.000	0	0
218	218	1760	1700.796	1953.632	0.892	25	108	578	872	146	25	108	578	872	146	110.872	136.453	295	146	136	134	132	131	130	129	128	125	117	102.764	746.473	1307	1091	980	885	805	729	659	590	508	431	308	1	79	1691.228	1966.309	0	0	0	216	219.810	0	0	1102	1047.772	0	0	0	0	0.000	0.000	0	0	0	0	0.000	0	0	0	0.000	0	0
219	219	981	1244.076	1953.313	0.909	37	102	311	443	71	37	102	311	443	71	110.000	119.162	133	128	122	120	118	117	117	116	115	115	112	102.452	856.045	1193	1114	1063	1013	941	872	802	751	695	550	294	1	197	1247.875	1955.472	0	0	0	127	126.944	0	0	869	877.401	0	0	0	0	0.000	0.000	0	0	0	0	0.000	0	0	0	0.000	0	0
220	220	2045	1774.496	1968.721	0.841	78	978	860	75	9	78	978	860	75	9	109.589	131.092	148	139	137	135	133	131	130	127	125	122	117	101.008	637.337	1082	989	913	821	734	638	534	427	356	310	244	0	0	0.000	0.000	0	0	0	0	0.000	0	0	0	0.000	0	0	0	0	0.000	0.000	0	0	0	0	0.000	0	0	0	0.000	0	0
221	221	433	1318.854	1964.481	0.872	86	61	132	92	59	86	61	132	92	59	110.079	117.042	124	120	119	119	118	117	116	115	115	114	112	103.000	372.640	672	583	523	462	406	351	306	267	231	202	157	0	0	0.000	0.000	0	0	0	0	0.000	0	0	0	0.000	0	0	0	0	0.000	0.000	0	0	0	0	0.000	0	0	0	0.000	0	0
222	222	1012	1657.152	1977.100	0.897	35	184	483	251	38	35	184	483	251	38	110.479	125.637	133	130	129	128	128	126	125	124	122	120	116	102.202	746.759	1154	1068	979	893	820	755	691	613	515	419	308	0	0	0.000	0.000	0	0	0	0	0.000	0	0	0	0.000	0	0	0	0	0.000	0.000	0	0	0	0	0.000	0	0	0	0.000	0	0
223	223	1309	1964.433	1987.158	0.863	15	62	534	619	56	15	62	534	619	56	107.823	141.726	157	150	147	146	145	143	141	139	136	131	122	103.225	927.646	1332	1227	1138	1056	991	927	861	796	719	640	428	0	0	0.000	0.000	0	0	0	0	0.000	0	0	0	0.000	0	0	0	0	0.000	0.000	0	0	0	0	0.000	0	0	0	0.000	0	0
224	224	1506	1724.463	1996.748	0.868	10	65	450	844	106	10	65	450	844	106	109.554	132.961	147	141	139	138	137	135	132	129	126	122	115	101.031	764.669	1173	1049	989	949	901	827	731	635	510	369	242	0	0	0.000	0.000	0	0	0	0	0.000	0	0	0	0.000	0	0	0	0	0.000	0.000	0	0	0	0	0.000	0	0	0	0.000	0	0
225	225	1727	569.645	2011.010	0.874	34	916	587	122	29	34	916	587	122	29	107.007	156.934	188	179	175	170	165	160	152	144	137	132	124	102.600	621.434	985	867	809	756	715	666	588	483	400	330	243	0	0	0.000	0.000	0	0	0	0	0.000	0	0	0	0.000	0	0	0	0	0.000	0.000	0	0	0	0	0.000	0	0	0	0.000	0	0
226	226	1525	508.997	2015.893	0.855	89	528	781	83	15	89	528	781	83	15	105.614	162.335	190	179	176	173	170	166	161	155	147	139	130	101.551	711.838	1051	926	876	846	811	762	693	619	529	399	291	0	0	0.000	0.000	0	0	0	0	0.000	0	0	0	0.000	0	0	0	0	0.000	0.000	0	0	0	0	0.000	0	0	0	0.000	0	0
227	227	1370	386.588	2022.978	0.881	72	167	544	510	57	72	167	544	510	57	104.801	239.523	387	325	295	275	256	237	218	200	179	157	131	100.000	121.761	145	130	128	126	125	123	120	117	114	111	104	0	0	0.000	0.000	0	0	0	0	0.000	0	0	0	0.000	0	0	0	0	0.000	0.000	0	0	0	0	0.000	0	0	0	0.000	0	0
228	228	1472	617.262	2019.544	0.874	215	1144	61	22	12	215	1144	61	22	12	107.022	147.141	168	161	156	153	151	148	145	142	137	132	125	102.005	1006.183	1646	1444	1302	1208	1109	1007	927	850	705	527	383	0	0	0.000	0.000	0	0	0	0	0.000	0	0	0	0.000	0	0	0	0	0.000	0.000	0	0	0	0	0.000	0	0	0	0.000	0	0
229	229	1490	1012.269	2019.115	0.898	37	84	344	866	137	37	84	344	866	137	106.527	118.277	134	126	122	119	118	117	116	116	115	114	111	101.980	197.317	253	234	227	221	214	203	192	177	163	151	129	0	0	0.000	0.000	0	0	0	0	0.000	0	0	0	0.000	0	0	0	0	0.000	0.000	0	0	0	0	0.000	0	0	0	0.000	0	0
230	230	661	1293.519	2021.200	0.906	23	180	221	153	71	23	180	221	153	71	108.802	149.419	208	189	177	166	156	145	135	128	122	119	114	101.000	117.823	146	135	130	126	121	116	111	108	106	104	101	0	0	0.000	0.000	0	0	0	0	0.000	0	0	0	0.000	0	0	0	0	0.000	0.000	0	0	0	0	0.000	0	0	0	0.000	0	0
231	231	797	1972.505	2026.134	0.931	52	83	291	324	31	52	83	291	324	31	106.445	132.400	150	144	141	138	135	133	130	128	124	121	111	101.493	859.212	1241	1145	1085	1030	967	905	825	729	626	507	287	0	0	0.000	0.000	0	0	0	0	0.000	0	0	0	0.000	0	0	0	0	0.000	0.000	0	0	0	0	0.000	0	0	0	0.000	0	0
