 	cell	area	x	y	circ	BFI_lev_b1	BFI_lev_b2	BFI_lev_b3	BFI_lev_b4	BFI_lev_b5	BFO_lev_b1	BFO_lev_b2	BFO_lev_b3	BFO_lev_b4	BFO_lev_b5	RFP_int_bg	RFP_int_mean	RFP_int_b0	RFP_int_b1	RFP_int_b2	RFP_int_b3	RFP_int_b4	RFP_int_b5	RFP_int_b6	RFP_int_b7	RFP_int_b8	RFP_int_b9	RFP_int_b10	GFP_int_bg	GFP_int_mean	GFP_int_b0	GFP_int_b1	GFP_int_b2	GFP_int_b3	GFP_int_b4	GFP_int_b5	GFP_int_b6	GFP_int_b7	GFP_int_b8	GFP_int_b9	GFP_int_b10	inRFPnfoci	f1_inRFParea	f1_inRFPx	f1_inRFPy	f2_inRFParea	f2_inRFPx	f2_inRFPy	f1_inRFP_toRFPmed	f1_inRFP_toRFPmean	f2_inRFP_toRFPmed	f2_inRFP_toRFPmean	f1_inRFP_toGFPmed	f1_inRFP_toGFPmean	f2_inRFP_toGFPmed	f2_inRFP_toGFPmean	inGFPnfoci	f1_inGFParea	f1_inGFPx	f1_inGFPy	f2_inGFParea	f2_inGFPx	f2_inGFPy	f1_inGFP_toRFPmed	f1_inGFP_toRFPmean	f2_inGFP_toRFPmed	f2_inGFP_toRFPmean	f1_inGFP_toGFPmed	f1_inGFP_toGFPmean	f2_inGFP_toGFPmed	f2_inGFP_toGFPmean
1	1	1727	953.879	36.793	0.873	33	195	1024	390	49	33	195	1024	390	49	105.662	130.761	507	129	124	123	121	120	119	118	116	115	110	101.005	325.173	450	411	391	375	356	333	313	282	252	224	175	1	99	936.897	30.492	0	0.000	0.000	283	295.051	0	0.000	340	315.000	0	0.000	0	0	0.000	0.000	0	0	0	0	0.000	0	0	0	0.000	0	0
2	2	1281	912.877	58.731	0.887	32	112	565	507	41	32	112	565	507	41	106.000	124.616	137	134	131	128	126	124	122	121	119	117	110	101.918	363.013	500	456	438	421	399	368	345	316	285	255	184	0	0	0.000	0.000	0	0.000	0.000	0	0.000	0	0.000	0	0.000	0	0.000	0	0	0.000	0.000	0	0	0	0	0.000	0	0	0	0.000	0	0
3	3	2041	1124.481	83.645	0.866	199	1356	421	21	10	199	1356	421	21	10	106.833	213.593	2587	259	141	137	134	132	130	127	124	120	111	101.888	506.109	764	676	628	585	549	510	470	431	388	329	243	1	132	1125.585	85.496	0	0.000	0.000	1112	1200.652	0	0.000	470	454.992	0	0.000	0	0	0.000	0.000	0	0	0	0	0.000	0	0	0	0.000	0	0
4	4	1297	1444.879	123.765	0.922	66	359	686	134	15	66	359	686	134	15	107.000	115.542	128	121	119	117	115	115	114	113	112	111	108	101.993	342.611	534	454	417	387	356	334	315	291	270	247	189	0	0	0.000	0.000	0	0.000	0.000	0	0.000	0	0.000	0	0.000	0	0.000	0	0	0.000	0.000	0	0	0	0	0.000	0	0	0	0.000	0	0
5	5	1054	1051.457	144.686	0.871	54	271	497	181	24	54	271	497	181	24	107.515	120.731	146	131	126	122	120	119	117	116	115	114	112	101.771	654.690	1091	866	788	734	683	636	592	556	523	472	345	0	0	0.000	0.000	0	0.000	0.000	0	0.000	0	0.000	0	0.000	0	0.000	0	0	0.000	0.000	0	0	0	0	0.000	0	0	0	0.000	0	0
6	6	379	1983.027	151.478	0.821	53	153	133	23	7	53	153	133	23	7	104.879	110.100	114	112	111	111	110	110	110	109	109	109	107	101.058	312.235	470	409	385	355	327	303	281	260	242	229	203	0	0	0.000	0.000	0	0.000	0.000	0	0.000	0	0.000	0	0.000	0	0.000	0	0	0.000	0.000	0	0	0	0	0.000	0	0	0	0.000	0	0
7	7	2415	1962.105	185.869	0.813	35	347	1687	248	54	35	347	1687	248	54	105.640	131.849	680	138	126	122	119	117	116	115	114	113	110	101.947	579.071	825	758	728	680	630	589	554	508	445	381	193	2	85	1978.611	192.541	75	1952.073	184.245	320	342.671	228	238.467	576	579.718	620	617.307	0	0	0.000	0.000	0	0	0	0	0.000	0	0	0	0.000	0	0
8	8	2251	1665.776	270.668	0.899	160	735	1210	80	2	160	735	1210	80	2	105.783	154.320	1613	137	126	124	122	120	119	118	117	116	110	103.000	626.608	839	758	729	705	677	648	615	578	533	461	264	1	102	1669.450	259.209	0	0.000	0.000	699	742.657	0	0.000	606	625.833	0	0.000	0	0	0.000	0.000	0	0	0	0	0.000	0	0	0	0.000	0	0
9	9	2018	1627.279	318.593	0.856	41	170	803	836	121	41	170	803	836	121	107.305	237.868	2822	357	154	137	131	128	125	123	121	119	111	102.927	557.748	845	753	695	649	615	573	534	483	405	330	228	1	161	1630.702	330.090	0	0.000	0.000	1161	1297.311	0	0.000	631	625.186	0	0.000	0	0	0.000	0.000	0	0	0	0	0.000	0	0	0	0.000	0	0
10	10	1567	1679.544	317.501	0.849	14	184	930	375	24	14	184	930	375	24	107.244	126.933	156	136	132	129	127	126	124	122	121	119	113	102.985	592.674	868	785	744	706	659	607	551	509	454	380	197	0	0	0.000	0.000	0	0.000	0.000	0	0.000	0	0.000	0	0.000	0	0.000	0	0	0.000	0.000	0	0	0	0	0.000	0	0	0	0.000	0	0
11	11	820	1186.620	317.543	0.923	333	319	105	36	12	333	319	105	36	12	108.000	124.232	134	130	128	127	126	125	123	122	120	118	111	103.000	242.126	368	322	286	269	250	236	222	209	192	179	150	0	0	0.000	0.000	0	0.000	0.000	0	0.000	0	0.000	0	0.000	0	0.000	0	0	0.000	0.000	0	0	0	0	0.000	0	0	0	0.000	0	0
12	12	1896	701.329	338.598	0.896	176	842	735	91	18	176	842	735	91	18	108.000	116.506	129	122	120	118	116	115	115	114	114	112	110	103.000	604.732	869	759	724	694	660	622	580	541	490	424	240	0	0	0.000	0.000	0	0.000	0.000	0	0.000	0	0.000	0	0.000	0	0.000	0	0	0.000	0.000	0	0	0	0	0.000	0	0	0	0.000	0	0
13	13	1945	920.244	350.324	0.867	65	591	1172	66	12	65	591	1172	66	12	107.368	161.065	1648	143	138	135	132	130	128	126	123	121	116	102.838	572.004	909	817	751	684	635	586	526	463	390	304	231	1	84	934.324	337.927	0	0.000	0.000	667	740.976	0	0.000	651	630.119	0	0.000	0	0	0.000	0.000	0	0	0	0	0.000	0	0	0	0.000	0	0
14	14	1588	752.887	358.715	0.904	67	218	1050	214	21	67	218	1050	214	21	108.000	115.249	124	119	117	116	115	115	114	114	113	113	108	103.722	573.297	926	820	750	680	618	557	498	446	400	360	243	0	0	0.000	0.000	0	0.000	0.000	0	0.000	0	0.000	0	0.000	0	0.000	0	0	0.000	0.000	0	0	0	0	0.000	0	0	0	0.000	0	0
15	15	885	1165.915	364.963	0.816	115	399	267	77	16	115	399	267	77	16	109.000	132.886	155	143	139	136	134	132	131	129	126	124	116	103.000	244.724	412	341	300	270	255	240	223	205	184	165	131	0	0	0.000	0.000	0	0.000	0.000	0	0.000	0	0.000	0	0.000	0	0.000	0	0	0.000	0.000	0	0	0	0	0.000	0	0	0	0.000	0	0
16	16	1273	502.495	365.003	0.916	74	282	729	153	20	74	282	729	153	20	107.504	126.335	161	144	135	129	126	124	121	119	117	116	111	102.000	1949.946	3025	2761	2586	2436	2270	2078	1837	1574	1266	924	495	1	13	500.735	362.274	0	0.000	0.000	158	157.769	0	0.000	2828	2825.615	0	0.000	0	0	0.000	0.000	0	0	0	0	0.000	0	0	0	0.000	0	0
17	17	1388	669.881	382.237	0.893	48	405	739	164	15	48	405	739	164	15	108.000	115.137	128	120	118	116	115	114	114	113	112	112	109	103.000	517.915	752	683	646	607	576	541	493	441	378	316	236	2	20	674.856	391.054	99	671.795	375.497	120	119.600	123	122.808	626	626.200	508	509.970	0	0	0.000	0.000	0	0	0	0	0.000	0	0	0	0.000	0	0
18	18	2330	1139.363	415.350	0.899	31	238	1161	776	63	31	238	1161	776	63	109.111	384.408	510	472	449	436	421	401	374	345	312	277	192	103.866	591.824	862	758	722	696	658	617	572	518	448	374	279	0	0	0.000	0.000	0	0.000	0.000	0	0.000	0	0.000	0	0.000	0	0.000	0	0	0.000	0.000	0	0	0	0	0.000	0	0	0	0.000	0	0
19	19	992	750.097	405.797	0.901	29	51	346	503	42	29	51	346	503	42	108.000	114.990	120	118	117	116	115	115	114	114	113	112	110	103.371	745.511	1002	948	903	854	810	761	714	660	594	512	366	0	0	0.000	0.000	0	0.000	0.000	0	0.000	0	0.000	0	0.000	0	0.000	0	0	0.000	0.000	0	0	0	0	0.000	0	0	0	0.000	0	0
20	20	1576	1983.185	460.129	0.914	128	510	633	242	42	128	510	633	242	42	106.930	125.766	146	139	136	133	129	123	120	118	117	115	109	102.000	1541.558	5209	2302	1975	1777	1586	1408	1251	1119	947	725	323	0	0	0.000	0.000	0	0.000	0.000	0	0.000	0	0.000	0	0.000	0	0.000	1	31	1987.729	470.229	0	0	0	137	136.710	0	0	4588	4569.581	0	0
21	21	2832	1172.676	471.351	0.877	130	829	1351	409	55	130	829	1351	409	55	109.845	423.449	1952	563	442	416	395	374	354	332	294	238	149	103.852	503.493	797	687	641	595	551	508	467	424	366	299	181	1	136	1170.272	468.996	0	0.000	0.000	1352	1372.993	0	0.000	342	356.235	0	0.000	0	0	0.000	0.000	0	0	0	0	0.000	0	0	0	0.000	0	0
22	22	2488	1107.376	496.939	0.886	64	1149	1162	46	13	64	1149	1162	46	13	109.800	332.532	1657	407	380	363	345	325	304	281	252	216	169	103.273	621.910	933	830	781	739	693	642	585	527	461	370	255	1	35	1085.591	501.794	0	0.000	0.000	1077	1064.686	0	0.000	804	799.914	0	0.000	0	0	0.000	0.000	0	0	0	0	0.000	0	0	0	0.000	0	0
23	23	692	1951.284	494.289	0.884	140	325	181	28	8	140	325	181	28	8	106.303	168.636	223	204	193	183	174	165	158	152	146	138	125	101.105	162.147	216	195	183	174	165	158	153	148	143	135	120	0	0	0.000	0.000	0	0.000	0.000	0	0.000	0	0.000	0	0.000	0	0.000	0	0	0.000	0.000	0	0	0	0	0.000	0	0	0	0.000	0	0
24	24	1112	835.811	511.501	0.911	54	115	594	310	10	54	115	594	310	10	109.000	138.596	157	151	149	145	142	139	135	132	129	126	120	102.583	273.505	350	328	315	302	291	281	268	250	229	208	172	0	0	0.000	0.000	0	0.000	0.000	0	0.000	0	0.000	0	0.000	0	0.000	0	0	0.000	0.000	0	0	0	0	0.000	0	0	0	0.000	0	0
25	25	2263	1069.449	543.281	0.863	12	26	308	1624	249	12	26	308	1624	249	109.669	370.269	564	454	435	418	396	374	353	330	309	274	222	103.106	681.035	996	915	866	824	772	706	641	574	500	391	277	0	0	0.000	0.000	0	0.000	0.000	0	0.000	0	0.000	0	0.000	0	0.000	0	0	0.000	0.000	0	0	0	0	0.000	0	0	0	0.000	0	0
26	26	1635	865.283	548.216	0.883	49	352	951	220	24	49	352	951	220	24	109.000	144.920	373	155	151	149	147	144	139	135	131	126	114	103.000	273.207	369	338	323	311	297	279	261	240	220	197	150	1	33	866.885	556.133	0	0.000	0.000	268	270.333	0	0.000	266	261.364	0	0.000	0	0	0.000	0.000	0	0	0	0	0.000	0	0	0	0.000	0	0
27	27	1796	1133.368	572.687	0.908	37	87	522	1043	76	37	87	522	1043	76	109.124	151.172	587	157	149	146	142	140	137	135	133	130	119	103.000	215.041	274	255	245	237	227	217	208	195	181	172	149	1	74	1123.324	566.049	0	0.000	0.000	348	357.581	0	0.000	229	231.176	0	0.000	0	0	0.000	0.000	0	0	0	0	0.000	0	0	0	0.000	0	0
28	28	1052	1092.919	587.585	0.907	89	613	239	49	44	89	613	239	49	44	109.000	146.209	158	153	151	149	148	147	145	143	141	139	130	103.067	235.411	295	273	259	250	242	236	228	220	211	201	167	0	0	0.000	0.000	0	0.000	0.000	0	0.000	0	0.000	0	0.000	0	0.000	0	0	0.000	0.000	0	0	0	0	0.000	0	0	0	0.000	0	0
29	29	856	1149.551	613.338	0.913	41	158	324	251	61	41	158	324	251	61	109.000	140.582	154	150	148	146	144	141	139	137	133	130	122	103.000	199.603	255	236	225	216	208	202	195	188	175	160	133	0	0	0.000	0.000	0	0.000	0.000	0	0.000	0	0.000	0	0.000	0	0.000	0	0	0.000	0.000	0	0	0	0	0.000	0	0	0	0.000	0	0
30	30	1383	1482.252	660.798	0.875	167	643	464	61	19	167	643	464	61	19	109.000	116.774	125	121	119	118	117	116	116	115	115	114	111	102.754	117.458	128	121	120	119	118	117	116	116	115	114	110	0	0	0.000	0.000	0	0.000	0.000	0	0.000	0	0.000	0	0.000	0	0.000	0	0	0.000	0.000	0	0	0	0	0.000	0	0	0	0.000	0	0
31	31	1746	428.768	690.357	0.918	353	641	515	179	28	353	641	515	179	28	107.115	114.003	120	116	116	115	115	114	114	113	112	111	109	103.000	580.102	1468	930	747	653	593	534	463	412	376	322	232	0	0	0.000	0.000	0	0.000	0.000	0	0.000	0	0.000	0	0.000	0	0.000	0	0	0.000	0.000	0	0	0	0	0.000	0	0	0	0.000	0	0
32	32	1142	906.113	768.570	0.923	22	353	531	155	60	22	353	531	155	60	109.000	131.952	142	138	137	136	134	133	132	129	127	123	118	103.796	513.947	732	681	655	624	587	537	486	423	355	308	255	0	0	0.000	0.000	0	0.000	0.000	0	0.000	0	0.000	0	0.000	0	0.000	0	0	0.000	0.000	0	0	0	0	0.000	0	0	0	0.000	0	0
33	33	2024	923.883	809.847	0.884	63	171	734	927	68	63	171	734	927	68	109.586	744.214	14497	1119	183	143	136	134	131	128	125	122	114	103.959	531.578	899	746	676	637	594	532	473	429	382	316	166	1	164	919.238	799.986	0	0.000	0.000	6178	6813.866	0	0.000	639	654.024	0	0.000	0	0	0.000	0.000	0	0	0	0	0.000	0	0	0	0.000	0	0
34	34	1751	865.086	816.054	0.897	23	242	795	582	80	23	242	795	582	80	108.999	129.286	319	142	126	124	123	122	121	120	119	117	113	104.000	494.401	814	695	644	591	535	468	423	390	353	316	261	1	116	858.366	809.490	0	0.000	0.000	204	215.957	0	0.000	459	504.388	0	0.000	0	0	0.000	0.000	0	0	0	0	0.000	0	0	0	0.000	0	0
35	35	945	815.620	827.841	0.906	23	245	419	219	20	23	245	419	219	20	109.000	122.420	130	126	125	124	123	122	122	121	120	118	115	103.119	596.497	795	718	668	640	619	597	577	549	522	484	337	0	0	0.000	0.000	0	0.000	0.000	0	0.000	0	0.000	0	0.000	0	0.000	0	0	0.000	0.000	0	0	0	0	0.000	0	0	0	0.000	0	0
36	36	1745	927.385	866.366	0.870	12	75	884	673	68	12	75	884	673	68	109.023	188.955	2092	190	137	132	130	129	127	126	125	122	116	103.265	474.400	747	679	624	576	526	475	426	377	326	263	212	1	105	921.594	863.371	0	0.000	0.000	900	975.810	0	0.000	640	630.095	0	0.000	0	0	0.000	0.000	0	0	0	0	0.000	0	0	0	0.000	0	0
37	37	292	1105.242	867.981	0.778	37	77	86	57	29	37	77	86	57	29	109.836	199.082	223	215	210	206	203	200	197	194	189	181	166	102.000	136.408	156	146	142	139	137	136	134	133	130	129	124	0	0	0.000	0.000	0	0.000	0.000	0	0.000	0	0.000	0	0.000	0	0.000	0	0	0.000	0.000	0	0	0	0	0.000	0	0	0	0.000	0	0
38	38	1762	69.388	887.897	0.875	213	1239	211	39	22	213	1239	211	39	22	104.997	259.226	361	314	298	286	276	267	255	238	217	190	152	100.617	114.169	128	119	117	116	115	114	113	112	111	109	103	0	0	0.000	0.000	0	0.000	0.000	0	0.000	0	0.000	0	0.000	0	0.000	0	0	0.000	0.000	0	0	0	0	0.000	0	0	0	0.000	0	0
39	39	858	606.152	888.440	0.915	43	392	362	38	7	43	392	362	38	7	108.953	121.892	135	129	126	124	123	121	120	119	117	116	112	103.000	1550.442	2541	2173	1931	1753	1600	1511	1413	1304	1181	1049	688	0	0	0.000	0.000	0	0.000	0.000	0	0.000	0	0.000	0	0.000	0	0.000	0	0	0.000	0.000	0	0	0	0	0.000	0	0	0	0.000	0	0
40	40	1519	1120.945	911.542	0.898	144	801	475	49	15	144	801	475	49	15	109.643	117.922	132	124	121	119	118	117	116	116	115	114	111	101.774	172.341	212	192	186	182	178	175	171	166	160	147	123	0	0	0.000	0.000	0	0.000	0.000	0	0.000	0	0.000	0	0.000	0	0.000	0	0	0.000	0.000	0	0	0	0	0.000	0	0	0	0.000	0	0
41	41	1236	908.328	913.074	0.901	134	109	478	481	12	134	109	478	481	12	109.097	128.308	138	135	133	132	131	130	128	126	123	120	114	102.828	553.948	748	700	669	641	612	580	540	493	437	361	239	0	0	0.000	0.000	0	0.000	0.000	0	0.000	0	0.000	0	0.000	0	0.000	0	0	0.000	0.000	0	0	0	0	0.000	0	0	0	0.000	0	0
42	42	1678	787.403	952.779	0.856	18	59	340	1176	54	18	59	340	1176	54	110.000	159.001	191	171	168	165	163	161	158	155	150	143	128	103.445	448.244	605	549	523	503	480	457	433	407	374	327	228	0	0	0.000	0.000	0	0.000	0.000	0	0.000	0	0.000	0	0.000	0	0.000	0	0	0.000	0.000	0	0	0	0	0.000	0	0	0	0.000	0	0
43	43	2031	732.875	972.618	0.884	201	1226	510	29	16	201	1226	510	29	16	110.000	151.430	182	167	161	157	154	151	147	144	141	138	126	103.436	373.272	665	545	475	428	396	366	330	294	261	232	182	0	0	0.000	0.000	0	0.000	0.000	0	0.000	0	0.000	0	0.000	0	0.000	0	0	0.000	0.000	0	0	0	0	0.000	0	0	0	0.000	0	0
44	44	1554	563.195	981.146	0.862	33	79	468	855	91	33	79	468	855	91	108.995	149.335	172	164	159	155	152	149	147	145	141	134	124	103.000	298.237	416	372	355	338	318	302	283	264	245	218	152	0	0	0.000	0.000	0	0.000	0.000	0	0.000	0	0.000	0	0.000	0	0.000	0	0	0.000	0.000	0	0	0	0	0.000	0	0	0	0.000	0	0
45	45	1873	1307.918	983.120	0.843	227	1337	249	29	5	227	1337	249	29	5	110.000	601.516	14258	713	229	197	188	180	174	167	159	149	130	101.653	119.892	150	126	123	122	120	119	118	117	116	113	105	1	107	1308.974	996.250	0	0.000	0.000	5505	6250.065	0	0.000	132	132.813	0	0.000	0	0	0.000	0.000	0	0	0	0	0.000	0	0	0	0.000	0	0
46	46	1863	637.677	993.300	0.899	66	792	818	123	15	66	792	818	123	15	109.391	119.155	130	124	122	120	120	119	118	117	116	115	112	103.000	425.514	655	593	563	522	478	428	376	332	289	252	218	0	0	0.000	0.000	0	0.000	0.000	0	0.000	0	0.000	0	0.000	0	0.000	0	0	0.000	0.000	0	0	0	0	0.000	0	0	0	0.000	0	0
47	47	1758	720.056	1024.243	0.853	31	77	859	702	53	31	77	859	702	53	110.238	173.451	206	193	188	183	178	173	169	164	160	153	141	104.000	569.024	828	766	728	686	639	586	529	475	414	336	257	0	0	0.000	0.000	0	0.000	0.000	0	0.000	0	0.000	0	0.000	0	0.000	0	0	0.000	0.000	0	0	0	0	0.000	0	0	0	0.000	0	0
48	48	1235	667.755	1028.081	0.902	79	160	775	187	7	79	160	775	187	7	109.830	117.804	123	121	120	119	119	118	117	116	116	115	112	104.000	422.860	677	579	537	500	465	422	381	340	304	265	205	0	0	0.000	0.000	0	0.000	0.000	0	0.000	0	0.000	0	0.000	0	0.000	0	0	0.000	0.000	0	0	0	0	0.000	0	0	0	0.000	0	0
49	49	1601	518.498	1035.878	0.894	169	920	425	53	6	169	920	425	53	6	109.000	207.978	2384	245	160	152	149	146	143	139	136	132	123	102.352	117.705	129	122	120	119	118	118	117	116	115	114	107	1	89	526.743	1025.997	0	0.000	0.000	958	1049.910	0	0.000	122	121.966	0	0.000	0	0	0.000	0.000	0	0	0	0	0.000	0	0	0	0.000	0	0
50	50	1703	1410.015	1045.031	0.915	1068	443	110	40	12	1068	443	110	40	12	110.729	120.244	130	125	123	122	121	120	119	118	118	117	113	104.706	485.291	764	704	656	601	548	486	421	363	311	275	194	0	0	0.000	0.000	0	0.000	0.000	0	0.000	0	0.000	0	0.000	0	0.000	0	0	0.000	0.000	0	0	0	0	0.000	0	0	0	0.000	0	0
51	51	878	278.696	1042.362	0.854	64	304	327	124	35	64	304	327	124	35	106.714	138.419	174	157	150	145	141	137	133	130	127	122	114	101.752	119.598	160	130	125	122	120	118	116	115	113	111	106	0	0	0.000	0.000	0	0.000	0.000	0	0.000	0	0.000	0	0.000	0	0.000	0	0	0.000	0.000	0	0	0	0	0.000	0	0	0	0.000	0	0
52	52	1101	427.241	1045.828	0.890	23	151	576	278	52	23	151	576	278	52	108.557	141.693	157	152	151	149	146	143	139	136	133	129	120	102.000	118.858	130	124	123	122	121	120	119	117	115	112	106	0	0	0.000	0.000	0	0.000	0.000	0	0.000	0	0.000	0	0.000	0	0.000	0	0	0.000	0.000	0	0	0	0	0.000	0	0	0	0.000	0	0
53	53	404	755.266	1040.943	0.902	36	113	143	101	5	36	113	143	101	5	110.245	124.557	135	133	131	129	126	125	122	120	119	117	114	103.025	233.688	357	329	307	285	258	231	206	185	162	143	121	0	0	0.000	0.000	0	0.000	0.000	0	0.000	0	0.000	0	0.000	0	0.000	0	0	0.000	0.000	0	0	0	0	0.000	0	0	0	0.000	0	0
54	54	1837	471.879	1062.218	0.896	119	881	689	105	15	119	881	689	105	15	109.000	268.868	3790	372	195	156	147	143	138	134	130	126	117	102.469	119.108	133	125	123	122	121	120	119	117	116	112	104	1	118	470.489	1059.226	0	0.000	0.000	1528	1697.941	0	0.000	124	123.746	0	0.000	0	0	0.000	0.000	0	0	0	0	0.000	0	0	0	0.000	0	0
55	55	1542	1718.642	1069.275	0.880	130	627	680	65	8	130	627	680	65	8	110.462	152.039	216	178	169	160	154	147	143	139	135	131	122	103.000	139.196	173	156	150	145	141	138	135	132	129	125	113	0	0	0.000	0.000	0	0.000	0.000	0	0.000	0	0.000	0	0.000	0	0.000	0	0	0.000	0.000	0	0	0	0	0.000	0	0	0	0.000	0	0
56	56	2160	1461.048	1114.346	0.891	444	1610	49	12	9	444	1610	49	12	9	111.000	126.745	136	131	130	129	129	128	127	125	123	120	114	105.048	1284.096	2344	2031	1848	1657	1449	1256	1061	896	756	579	359	0	0	0.000	0.000	0	0.000	0.000	0	0.000	0	0.000	0	0.000	0	0.000	0	0	0.000	0.000	0	0	0	0	0.000	0	0	0	0.000	0	0
57	57	1724	853.603	1114.669	0.852	14	43	390	1183	60	14	43	390	1183	60	110.000	238.458	1912	501	186	136	127	124	122	120	118	116	112	102.907	250.958	344	309	295	284	270	257	243	227	207	181	128	1	204	854.446	1115.376	0	0.000	0.000	889	966.721	0	0.000	256	258.029	0	0.000	0	0	0.000	0.000	0	0	0	0	0.000	0	0	0	0.000	0	0
58	58	1622	758.937	1133.835	0.896	20	308	858	301	114	20	308	858	301	114	110.000	130.226	143	137	135	134	132	131	130	128	125	122	115	103.000	486.271	690	637	607	579	549	515	471	412	355	292	211	0	0	0.000	0.000	0	0.000	0.000	0	0.000	0	0.000	0	0.000	0	0.000	0	0	0.000	0.000	0	0	0	0	0.000	0	0	0	0.000	0	0
59	59	1708	811.511	1140.411	0.875	61	193	861	532	27	61	193	861	532	27	110.000	130.838	409	133	130	128	127	126	124	123	121	119	114	103.000	407.495	633	548	511	491	465	425	379	332	284	239	198	1	65	821.825	1127.776	0	0.000	0.000	241	247.015	0	0.000	497	475.754	0	0.000	0	0	0.000	0.000	0	0	0	0	0.000	0	0	0	0.000	0	0
60	60	1259	2025.848	1156.630	0.828	106	392	510	197	30	106	392	510	197	30	107.954	412.793	5602	546	360	302	260	233	219	207	195	185	141	102.000	132.665	176	151	142	136	133	131	129	127	125	119	104	1	74	2035.707	1166.503	0	0.000	0.000	2171	2407.446	0	0.000	153	155.054	0	0.000	0	0	0.000	0.000	0	0	0	0	0.000	0	0	0	0.000	0	0
61	61	1473	860.781	1169.180	0.881	17	173	1072	181	8	17	173	1072	181	8	109.842	132.119	506	141	130	124	121	119	118	117	117	116	112	102.543	262.196	371	327	310	293	275	257	244	230	217	201	162	1	82	866.653	1164.340	0	0.000	0.000	267	282.073	0	0.000	262	269.793	0	0.000	0	0	0.000	0.000	0	0	0	0	0.000	0	0	0	0.000	0	0
62	62	1798	1443.020	1173.136	0.893	237	1392	105	26	11	237	1392	105	26	11	110.680	123.370	130	127	126	125	124	124	123	122	121	120	114	103.925	1402.198	2286	2011	1880	1750	1621	1468	1298	1095	875	661	466	0	0	0.000	0.000	0	0.000	0.000	0	0.000	0	0.000	0	0.000	0	0.000	0	0	0.000	0.000	0	0	0	0	0.000	0	0	0	0.000	0	0
63	63	2231	512.939	1239.164	0.861	6	118	1106	888	55	6	118	1106	888	55	109.000	169.023	256	186	182	178	175	171	167	162	154	143	124	102.863	829.913	1191	1101	1041	974	910	841	770	699	633	547	277	0	0	0.000	0.000	0	0.000	0.000	0	0.000	0	0.000	0	0.000	0	0.000	0	0	0.000	0.000	0	0	0	0	0.000	0	0	0	0.000	0	0
64	64	519	1670.097	1227.610	0.894	62	232	165	42	8	62	232	165	42	8	110.759	328.100	513	479	442	404	361	319	288	259	218	184	143	102.000	174.141	250	221	209	195	183	173	163	156	141	127	109	0	0	0.000	0.000	0	0.000	0.000	0	0.000	0	0.000	0	0.000	0	0.000	0	0	0.000	0.000	0	0	0	0	0.000	0	0	0	0.000	0	0
65	65	2195	452.211	1247.339	0.852	222	1338	545	37	7	222	1338	545	37	7	108.741	175.825	201	193	189	186	183	179	175	170	162	154	132	102.921	1015.364	1406	1295	1254	1197	1130	1050	982	895	788	627	370	0	0	0.000	0.000	0	0.000	0.000	0	0.000	0	0.000	0	0.000	0	0.000	0	0	0.000	0.000	0	0	0	0	0.000	0	0	0	0.000	0	0
66	66	294	1687.662	1239.338	0.859	32	120	97	29	12	32	120	97	29	12	111.000	229.925	314	294	281	266	253	234	216	199	178	158	138	102.000	152.037	180	173	167	163	157	153	148	146	138	129	114	0	0	0.000	0.000	0	0.000	0.000	0	0.000	0	0.000	0	0.000	0	0.000	0	0	0.000	0.000	0	0	0	0	0.000	0	0	0	0.000	0	0
67	67	1888	1857.597	1316.225	0.901	427	1221	162	24	31	427	1221	162	24	31	110.895	321.145	438	396	377	359	339	322	305	284	264	244	192	102.528	133.276	153	141	140	138	136	134	132	129	127	124	112	0	0	0.000	0.000	0	0.000	0.000	0	0.000	0	0.000	0	0.000	0	0.000	0	0	0.000	0.000	0	0	0	0	0.000	0	0	0	0.000	0	0
68	68	2044	1844.702	1368.498	0.871	1839	132	37	17	11	1839	132	37	17	11	111.786	362.358	1285	534	386	364	342	324	304	279	250	224	163	102.123	130.916	152	141	138	135	133	131	129	127	124	121	110	1	98	1838.636	1368.406	0	0.000	0.000	978	981.949	0	0.000	136	137.061	0	0.000	0	0	0.000	0.000	0	0	0	0	0.000	0	0	0	0.000	0	0
69	69	1667	1113.486	1412.376	0.906	111	1049	424	50	12	111	1049	424	50	12	110.491	123.255	138	129	127	125	124	123	122	120	119	118	114	103.000	2661.990	5013	3590	3351	3119	2864	2681	2495	2243	1969	1617	821	0	0	0.000	0.000	0	0.000	0.000	0	0.000	0	0.000	0	0.000	0	0.000	0	0	0.000	0.000	0	0	0	0	0.000	0	0	0	0.000	0	0
70	70	1515	1039.153	1475.046	0.893	255	859	323	42	7	255	859	323	42	7	111.000	2517.910	42079	6681	968	305	211	187	177	173	166	157	134	102.671	128.112	193	144	133	129	127	125	123	122	120	116	106	1	158	1034.936	1471.080	0	0.000	0.000	17420	19193.918	0	0.000	153	154.259	0	0.000	1	27	1036.490	1470.335	0	0	0	33588	31833.704	0	0	180	179.889	0	0
71	71	998	721.246	1475.399	0.906	66	253	522	125	16	66	253	522	125	16	109.937	158.129	195	182	175	169	164	158	151	146	142	136	125	103.000	535.765	824	755	703	633	588	540	488	431	378	318	228	0	0	0.000	0.000	0	0.000	0.000	0	0.000	0	0.000	0	0.000	0	0.000	0	0	0.000	0.000	0	0	0	0	0.000	0	0	0	0.000	0	0
72	72	1892	703.943	1518.314	0.866	15	294	1075	420	52	15	294	1075	420	52	110.000	171.752	208	193	186	182	179	176	170	163	155	146	127	103.000	619.693	942	798	747	708	668	631	601	556	483	402	218	0	0	0.000	0.000	0	0.000	0.000	0	0.000	0	0.000	0	0.000	0	0.000	0	0	0.000	0.000	0	0	0	0	0.000	0	0	0	0.000	0	0
73	73	1215	752.596	1523.717	0.902	77	458	528	125	6	77	458	528	125	6	110.000	170.973	209	191	184	180	175	171	167	162	157	151	140	102.932	712.743	1154	1003	903	834	775	705	640	581	523	440	289	0	0	0.000	0.000	0	0.000	0.000	0	0.000	0	0.000	0	0.000	0	0.000	0	0	0.000	0.000	0	0	0	0	0.000	0	0	0	0.000	0	0
74	74	2437	1123.287	1578.052	0.901	46	749	1376	201	18	46	749	1376	201	18	111.000	119.338	142	129	123	120	118	117	117	116	115	114	112	102.351	160.613	336	201	180	170	164	155	146	139	134	129	107	1	412	1123.031	1569.756	0	0.000	0.000	129	129.289	0	0.000	199	210.121	0	0.000	0	0	0.000	0.000	0	0	0	0	0.000	0	0	0	0.000	0	0
75	75	2216	151.414	1577.618	0.859	211	1145	693	94	10	211	1145	693	94	10	106.850	484.204	940	749	648	574	507	464	418	368	313	266	214	100.791	129.519	149	137	135	133	131	130	128	126	124	122	110	0	0	0.000	0.000	0	0.000	0.000	0	0.000	0	0.000	0	0.000	0	0.000	0	0	0.000	0.000	0	0	0	0	0.000	0	0	0	0.000	0	0
76	76	980	2015.505	1595.315	0.847	203	519	181	49	9	203	519	181	49	9	108.000	134.389	146	139	137	136	135	134	133	132	131	129	127	102.000	300.104	398	343	328	316	306	297	290	282	275	260	215	0	0	0.000	0.000	0	0.000	0.000	0	0.000	0	0.000	0	0.000	0	0.000	0	0	0.000	0.000	0	0	0	0	0.000	0	0	0	0.000	0	0
77	77	1982	1080.394	1627.979	0.853	54	534	1007	318	27	54	534	1007	318	27	110.771	116.826	124	119	118	118	117	117	116	116	115	115	112	102.960	159.293	185	173	171	168	166	163	158	153	147	140	122	0	0	0.000	0.000	0	0.000	0.000	0	0.000	0	0.000	0	0.000	0	0.000	0	0	0.000	0.000	0	0	0	0	0.000	0	0	0	0.000	0	0
78	78	1733	1133.207	1632.877	0.879	5	29	257	1264	152	5	29	257	1264	152	110.463	119.005	136	127	123	120	118	117	116	116	115	114	112	102.646	159.440	181	172	169	167	165	163	161	158	153	139	110	1	279	1128.959	1641.880	0	0.000	0.000	128	128.491	0	0.000	171	170.434	0	0.000	0	0	0.000	0.000	0	0	0	0	0.000	0	0	0	0.000	0	0
79	79	1592	1028.587	1656.931	0.870	59	440	671	348	49	59	440	671	348	49	110.898	119.196	134	129	123	119	118	117	117	116	116	115	111	102.000	158.783	183	174	170	167	163	160	157	153	148	142	123	0	0	0.000	0.000	0	0.000	0.000	0	0.000	0	0.000	0	0.000	0	0.000	0	0	0.000	0.000	0	0	0	0	0.000	0	0	0	0.000	0	0
80	80	680	341.213	1697.216	0.845	33	214	322	89	10	33	214	322	89	10	107.134	145.366	177	169	161	154	148	142	137	134	131	129	121	101.000	132.201	170	151	143	138	134	131	126	123	120	118	112	0	0	0.000	0.000	0	0.000	0.000	0	0.000	0	0.000	0	0.000	0	0.000	0	0	0.000	0.000	0	0	0	0	0.000	0	0	0	0.000	0	0
81	81	447	373.296	1708.318	0.941	110	166	89	52	23	110	166	89	52	23	108.000	130.635	148	143	140	137	133	131	128	126	122	117	113	101.000	116.562	143	131	123	120	118	115	113	111	108	106	103	0	0	0.000	0.000	0	0.000	0.000	0	0.000	0	0.000	0	0.000	0	0.000	0	0	0.000	0.000	0	0	0	0	0.000	0	0	0	0.000	0	0
82	82	1817	522.863	1731.397	0.872	301	1273	176	31	7	301	1273	176	31	7	109.000	510.191	7110	918	333	261	230	214	200	186	177	166	134	101.769	117.840	148	126	123	120	119	117	116	114	113	111	104	1	142	524.556	1739.264	0	0.000	0.000	2964	3314.979	0	0.000	129	129.711	0	0.000	0	0	0.000	0.000	0	0	0	0	0.000	0	0	0	0.000	0	0
83	83	984	466.650	1770.102	0.724	148	328	334	126	30	148	328	334	126	30	108.000	260.985	391	335	313	295	274	257	241	226	210	191	157	101.590	156.416	204	182	172	164	159	154	149	145	141	136	120	0	0	0.000	0.000	0	0.000	0.000	0	0.000	0	0.000	0	0.000	0	0.000	0	0	0.000	0.000	0	0	0	0	0.000	0	0	0	0.000	0	0
84	84	2287	1177.008	1889.116	0.885	1678	505	32	4	6	1678	505	32	4	6	109.997	121.415	134	130	127	123	121	120	119	118	117	116	113	102.390	126.871	151	140	135	132	128	126	123	121	120	116	105	0	0	0.000	0.000	0	0.000	0.000	0	0.000	0	0.000	0	0.000	0	0.000	0	0	0.000	0.000	0	0	0	0	0.000	0	0	0	0.000	0	0
85	85	1386	1094.244	1914.518	0.874	25	50	336	888	55	25	50	336	888	55	109.000	183.141	226	205	199	195	190	185	178	172	166	159	138	102.000	120.768	139	126	125	123	122	121	120	118	117	114	106	0	0	0.000	0.000	0	0.000	0.000	0	0.000	0	0.000	0	0.000	0	0.000	0	0	0.000	0.000	0	0	0	0	0.000	0	0	0	0.000	0	0
86	86	1981	1114.076	1964.899	0.894	269	1350	282	27	19	269	1350	282	27	19	109.591	274.725	3065	289	230	214	204	192	182	174	166	158	143	102.000	120.268	154	128	125	123	121	120	118	116	115	114	108	1	103	1113.184	1973.234	0	0.000	0.000	1418	1513.544	0	0.000	134	134.689	0	0.000	0	0	0.000	0.000	0	0	0	0	0.000	0	0	0	0.000	0	0
87	87	1240	737.632	1978.883	0.912	174	905	118	14	6	174	905	118	14	6	107.582	117.018	126	121	119	118	118	117	116	115	115	114	111	101.431	113.603	131	118	116	115	114	113	113	112	111	110	104	0	0	0.000	0.000	0	0.000	0.000	0	0.000	0	0.000	0	0.000	0	0.000	0	0	0.000	0.000	0	0	0	0	0.000	0	0	0	0.000	0	0
88	88	1623	824.958	1983.965	0.892	57	404	721	363	38	57	404	721	363	38	107.575	281.601	1826	471	301	239	213	194	184	175	166	154	133	101.000	118.754	142	130	126	123	120	117	115	114	112	110	102	2	133	831.043	1996.240	36	818.944	1978.707	926	968.120	438	431.722	128	128.744	131	131.056	0	0	0.000	0.000	0	0	0	0	0.000	0	0	0	0.000	0	0
89	89	2321	1264.486	2018.499	0.887	31	255	1588	395	20	31	255	1588	395	20	107.505	445.782	3304	1589	358	155	141	136	132	128	124	121	116	102.842	1973.482	2971	2713	2553	2405	2235	2074	1899	1693	1384	1029	545	0	0	0.000	0.000	0	0.000	0.000	0	0.000	0	0.000	0	0.000	0	0.000	0	0	0.000	0.000	0	0	0	0	0.000	0	0	0	0.000	0	0
90	90	813	1329.462	2015.681	0.834	94	345	263	80	13	94	345	263	80	13	108.213	205.879	330	260	242	225	214	204	191	179	167	153	130	101.395	138.571	192	159	150	145	141	137	133	129	126	121	111	0	0	0.000	0.000	0	0.000	0.000	0	0.000	0	0.000	0	0.000	0	0.000	0	0	0.000	0.000	0	0	0	0	0.000	0	0	0	0.000	0	0
