 	cell	area	x	y	circ	BFI_lev_b1	BFI_lev_b2	BFI_lev_b3	BFI_lev_b4	BFI_lev_b5	BFO_lev_b1	BFO_lev_b2	BFO_lev_b3	BFO_lev_b4	BFO_lev_b5	RFP_int_bg	RFP_int_mean	RFP_int_b0	RFP_int_b1	RFP_int_b2	RFP_int_b3	RFP_int_b4	RFP_int_b5	RFP_int_b6	RFP_int_b7	RFP_int_b8	RFP_int_b9	RFP_int_b10	GFP_int_bg	GFP_int_mean	GFP_int_b0	GFP_int_b1	GFP_int_b2	GFP_int_b3	GFP_int_b4	GFP_int_b5	GFP_int_b6	GFP_int_b7	GFP_int_b8	GFP_int_b9	GFP_int_b10	inRFPnfoci	f1_inRFParea	f1_inRFPx	f1_inRFPy	f2_inRFParea	f2_inRFPx	f2_inRFPy	f1_inRFP_toRFPmed	f1_inRFP_toRFPmean	f2_inRFP_toRFPmed	f2_inRFP_toRFPmean	f1_inRFP_toGFPmed	f1_inRFP_toGFPmean	f2_inRFP_toGFPmed	f2_inRFP_toGFPmean	inGFPnfoci	f1_inGFParea	f1_inGFPx	f1_inGFPy	f2_inGFParea	f2_inGFPx	f2_inGFPy	f1_inGFP_toRFPmed	f1_inGFP_toRFPmean	f2_inGFP_toRFPmed	f2_inGFP_toRFPmean	f1_inGFP_toGFPmed	f1_inGFP_toGFPmean	f2_inGFP_toGFPmed	f2_inGFP_toGFPmean
1	1	1774	1508.505	48.048	0.886	328	1146	192	69	5	328	1146	192	69	5	107.660	186.173	220	206	199	194	191	188	185	181	175	164	138	106.085	1420.549	2161	1851	1620	1532	1467	1397	1334	1265	1185	1077	827	0	0	0.000	0.000	0	0	0	0	0.000	0	0	0	0.000	0	0	0	0	0.000	0.000	0	0	0	0	0.000	0	0	0	0.000	0	0
2	2	931	1007.778	41.501	0.923	114	432	175	159	33	114	432	175	159	33	106.386	115.994	122	120	118	117	117	116	115	114	114	113	110	103.227	114.681	126	120	118	117	116	115	114	113	111	109	105	0	0	0.000	0.000	0	0	0	0	0.000	0	0	0	0.000	0	0	0	0	0.000	0.000	0	0	0	0	0.000	0	0	0	0.000	0	0
3	3	1730	1557.686	49.230	0.835	45	105	593	889	66	45	105	593	889	66	107.379	187.622	242	225	218	209	201	191	181	169	156	145	128	104.747	1754.239	2831	2442	2209	2058	1933	1798	1644	1508	1304	1027	437	0	0	0.000	0.000	0	0	0	0	0.000	0	0	0	0.000	0	0	0	0	0.000	0.000	0	0	0	0	0.000	0	0	0	0.000	0	0
4	4	720	279.477	38.697	0.931	34	100	289	240	40	34	100	289	240	40	105.439	127.494	144	139	136	134	131	128	125	121	118	116	111	102.211	426.849	638	558	523	485	449	420	390	370	344	300	212	0	0	0.000	0.000	0	0	0	0	0.000	0	0	0	0.000	0	0	0	0	0.000	0.000	0	0	0	0	0.000	0	0	0	0.000	0	0
5	5	1703	1449.942	57.650	0.883	266	586	575	175	70	266	586	575	175	70	108.410	120.200	142	130	124	122	120	119	118	117	115	114	110	106.307	894.844	1527	1274	1182	1107	1019	935	847	698	558	457	305	0	0	0.000	0.000	0	0	0	0	0.000	0	0	0	0.000	0	0	0	0	0.000	0.000	0	0	0	0	0.000	0	0	0	0.000	0	0
6	6	1733	235.333	61.497	0.879	26	77	464	1026	120	26	77	464	1026	120	105.709	137.469	161	153	149	145	141	137	133	130	127	123	114	102.215	515.460	817	763	701	627	548	479	436	400	360	317	213	0	0	0.000	0.000	0	0	0	0	0.000	0	0	0	0.000	0	0	0	0	0.000	0.000	0	0	0	0	0.000	0	0	0	0.000	0	0
7	7	2349	1373.385	78.858	0.874	408	1604	247	32	26	408	1604	247	32	26	108.999	597.636	4260	1348	572	396	372	348	329	301	265	211	153	105.224	622.407	954	827	784	733	693	646	596	530	450	377	202	1	264	1372.176	86.418	0	0	0	2231	2361.284	0	0	809	772.129	0	0	0	0	0.000	0.000	0	0	0	0	0.000	0	0	0	0.000	0	0
8	8	2377	316.722	80.170	0.865	93	743	1218	244	23	93	743	1218	244	23	107.117	326.130	421	388	373	365	356	342	323	299	275	237	169	103.000	1492.103	2137	1912	1792	1708	1632	1542	1448	1333	1193	1001	515	0	0	0.000	0.000	0	0	0	0	0.000	0	0	0	0.000	0	0	0	0	0.000	0.000	0	0	0	0	0.000	0	0	0	0.000	0	0
9	9	1761	1007.398	88.702	0.853	17	154	651	769	130	17	154	651	769	130	107.909	129.511	310	159	128	121	120	118	117	116	115	114	111	104.000	119.357	155	129	123	120	118	117	116	115	114	112	107	1	178	1006.937	79.411	0	0	0	206	213.079	0	0	138	137.461	0	0	0	0	0.000	0.000	0	0	0	0	0.000	0	0	0	0.000	0	0
10	10	2401	955.986	92.281	0.853	104	623	1319	268	31	104	623	1319	268	31	108.813	282.426	2835	411	187	178	170	161	152	144	135	127	116	104.128	1157.459	6641	1577	1264	1180	1096	994	860	729	570	387	263	1	218	962.768	90.523	0	0	0	1310	1421.894	0	0	3584	3733.624	0	0	1	137	962.731	90.416	0	0	0	1806	1818.044	0	0	4623	4578.248	0	0
11	11	2333	1323.490	102.503	0.857	40	343	1250	595	67	40	343	1250	595	67	109.005	271.787	495	331	315	301	290	276	261	241	220	200	145	103.972	526.338	764	704	675	636	598	557	509	445	369	290	190	0	0	0.000	0.000	0	0	0	0	0.000	0	0	0	0.000	0	0	0	0	0.000	0.000	0	0	0	0	0.000	0	0	0	0.000	0	0
12	12	870	1276.561	111.867	0.914	8	98	367	306	69	8	98	367	306	69	109.000	264.377	309	299	291	286	278	269	261	253	239	218	184	103.401	463.000	622	579	554	531	508	475	442	413	374	322	227	0	0	0.000	0.000	0	0	0	0	0.000	0	0	0	0.000	0	0	0	0	0.000	0.000	0	0	0	0	0.000	0	0	0	0.000	0	0
13	13	885	1393.551	120.918	0.902	92	340	331	89	13	92	340	331	89	13	109.000	249.195	317	297	290	284	278	264	246	224	200	176	143	105.034	519.731	703	648	623	600	579	552	526	487	416	317	190	0	0	0.000	0.000	0	0	0	0	0.000	0	0	0	0.000	0	0	0	0	0.000	0.000	0	0	0	0	0.000	0	0	0	0.000	0	0
14	14	2015	334.981	147.068	0.831	20	175	988	754	46	20	175	988	754	46	107.879	434.476	3906	783	332	282	264	251	233	215	195	179	155	103.314	1064.839	3352	1605	1334	1206	1088	974	865	772	656	524	345	1	184	324.193	146.241	0	0	0	1944	2082.565	0	0	2239	2309.663	0	0	1	50	324.812	145.810	0	0	0	3201	3131.820	0	0	2959	2930.460	0	0
15	15	2331	985.192	150.607	0.737	20	288	1481	465	33	20	288	1481	465	33	109.260	191.295	588	209	196	193	190	187	183	176	169	161	131	103.637	1392.368	1979	1766	1708	1649	1589	1512	1429	1264	1052	759	377	1	30	979.618	156.153	0	0	0	425	420.367	0	0	1720	1697.600	0	0	0	0	0.000	0.000	0	0	0	0	0.000	0	0	0	0.000	0	0
16	16	1814	1433.917	149.403	0.903	41	233	1219	272	18	41	233	1219	272	18	109.747	153.636	188	175	167	161	156	152	148	145	140	136	123	104.692	470.941	787	667	606	550	504	461	415	371	335	296	225	0	0	0.000	0.000	0	0	0	0	0.000	0	0	0	0.000	0	0	0	0	0.000	0.000	0	0	0	0	0.000	0	0	0	0.000	0	0
17	17	938	1997.068	151.222	0.881	223	473	181	25	15	223	473	181	25	15	105.833	125.164	136	131	130	129	127	126	124	122	120	118	114	101.553	813.413	1187	1031	965	913	873	839	793	731	678	555	329	0	0	0.000	0.000	0	0	0	0	0.000	0	0	0	0.000	0	0	0	0	0.000	0.000	0	0	0	0	0.000	0	0	0	0.000	0	0
18	18	1256	1487.832	156.037	0.885	28	98	480	524	103	28	98	480	524	103	109.063	156.700	186	175	170	164	161	157	153	149	144	137	128	104.580	469.590	738	658	603	546	494	463	425	387	344	299	244	0	0	0.000	0.000	0	0	0	0	0.000	0	0	0	0.000	0	0	0	0	0.000	0.000	0	0	0	0	0.000	0	0	0	0.000	0	0
19	19	1697	232.118	186.542	0.896	21	516	1032	93	5	21	516	1032	93	5	107.420	113.920	122	118	116	115	114	113	113	112	112	111	108	102.899	134.771	165	152	147	142	138	135	131	127	123	118	111	0	0	0.000	0.000	0	0	0	0	0.000	0	0	0	0.000	0	0	0	0	0.000	0.000	0	0	0	0	0.000	0	0	0	0.000	0	0
20	20	1692	292.228	194.614	0.910	143	797	620	73	25	143	797	620	73	25	107.128	116.063	127	120	118	117	116	116	115	114	114	113	110	104.000	515.471	776	688	646	607	565	519	479	433	386	328	222	0	0	0.000	0.000	0	0	0	0	0.000	0	0	0	0.000	0	0	0	0	0.000	0.000	0	0	0	0	0.000	0	0	0	0.000	0	0
21	21	2081	1443.609	206.932	0.871	116	140	904	845	22	116	140	904	845	22	109.283	125.237	137	132	130	129	127	126	124	122	120	118	113	103.099	121.926	136	128	126	125	123	122	120	119	118	116	108	0	0	0.000	0.000	0	0	0	0	0.000	0	0	0	0.000	0	0	0	0	0.000	0.000	0	0	0	0	0.000	0	0	0	0.000	0	0
22	22	2244	339.995	221.958	0.891	165	1042	860	112	28	165	1042	860	112	28	107.750	118.293	129	123	121	120	119	118	117	116	115	114	111	103.975	491.653	827	709	647	588	533	487	431	376	335	305	200	0	0	0.000	0.000	0	0	0	0	0.000	0	0	0	0.000	0	0	0	0	0.000	0.000	0	0	0	0	0.000	0	0	0	0.000	0	0
23	23	1320	252.300	234.628	0.903	42	95	582	541	35	42	95	582	541	35	108.000	112.632	118	115	114	113	113	113	112	112	111	111	109	102.777	137.733	162	150	147	144	141	138	135	132	129	125	112	0	0	0.000	0.000	0	0	0	0	0.000	0	0	0	0.000	0	0	0	0	0.000	0.000	0	0	0	0	0.000	0	0	0	0.000	0	0
24	24	302	1415.499	234.912	0.905	3	24	95	136	39	3	24	95	136	39	109.000	121.894	128	125	125	124	124	123	122	120	119	117	113	103.000	115.212	124	120	118	117	117	116	115	113	112	110	108	0	0	0.000	0.000	0	0	0	0	0.000	0	0	0	0.000	0	0	0	0	0.000	0.000	0	0	0	0	0.000	0	0	0	0.000	0	0
25	25	282	1974.484	236.625	0.941	13	35	86	103	40	13	35	86	103	40	107.000	122.504	132	128	126	125	124	123	122	120	119	117	115	102.000	279.610	371	347	326	310	300	290	276	254	231	204	164	0	0	0.000	0.000	0	0	0	0	0.000	0	0	0	0.000	0	0	0	0	0.000	0.000	0	0	0	0	0.000	0	0	0	0.000	0	0
26	26	1714	2007.958	250.039	0.918	119	1411	147	20	8	119	1411	147	20	8	106.709	145.323	163	153	151	149	147	146	144	142	139	137	126	102.000	421.037	594	540	508	478	451	427	403	377	336	287	230	0	0	0.000	0.000	0	0	0	0	0.000	0	0	0	0.000	0	0	0	0	0.000	0.000	0	0	0	0	0.000	0	0	0	0.000	0	0
27	27	1937	193.910	282.214	0.893	138	996	669	78	19	138	996	669	78	19	107.998	118.449	126	122	121	120	119	118	118	117	116	115	111	102.552	215.081	291	261	250	240	228	218	205	190	177	166	147	0	0	0.000	0.000	0	0	0	0	0.000	0	0	0	0.000	0	0	0	0	0.000	0.000	0	0	0	0	0.000	0	0	0	0.000	0	0
28	28	1688	358.592	295.458	0.901	900	509	155	84	15	900	509	155	84	15	108.000	117.089	124	121	120	119	118	117	116	115	115	114	109	102.851	300.249	449	395	363	342	324	304	278	256	234	205	152	0	0	0.000	0.000	0	0	0	0	0.000	0	0	0	0.000	0	0	0	0	0.000	0.000	0	0	0	0	0.000	0	0	0	0.000	0	0
29	29	1038	1430.667	331.736	0.895	210	576	198	23	6	210	576	198	23	6	109.000	255.085	350	324	309	292	276	261	243	220	199	177	149	102.650	166.084	202	188	183	179	173	168	163	157	148	139	122	0	0	0.000	0.000	0	0	0	0	0.000	0	0	0	0.000	0	0	0	0	0.000	0.000	0	0	0	0	0.000	0	0	0	0.000	0	0
30	30	405	853.874	332.005	0.724	31	74	171	108	19	31	74	171	108	19	108.894	252.044	371	338	316	291	268	250	229	210	189	174	151	102.121	158.205	202	185	179	174	166	159	154	144	136	127	115	0	0	0.000	0.000	0	0	0	0	0.000	0	0	0	0.000	0	0	0	0	0.000	0.000	0	0	0	0	0.000	0	0	0	0.000	0	0
31	31	1594	141.408	354.698	0.821	258	869	269	125	50	258	869	269	125	50	107.696	241.362	457	391	366	340	292	218	168	135	121	114	108	102.105	126.210	176	152	146	139	131	121	114	110	108	107	101	0	0	0.000	0.000	0	0	0	0	0.000	0	0	0	0.000	0	0	1	20	138.379	355.043	0	0	0	367	365.750	0	0	167	166.450	0	0
32	32	1650	811.454	360.885	0.864	73	376	838	310	21	73	376	838	310	21	109.696	115.872	123	120	118	117	116	115	115	114	114	113	111	103.063	149.932	179	172	168	164	160	154	146	138	129	121	113	0	0	0.000	0.000	0	0	0	0	0.000	0	0	0	0.000	0	0	0	0	0.000	0.000	0	0	0	0	0.000	0	0	0	0.000	0	0
33	33	1328	497.008	362.046	0.882	19	161	605	471	49	19	161	605	471	49	108.854	272.195	1819	480	259	220	207	189	173	161	151	141	128	101.980	133.175	169	150	144	141	137	134	130	125	121	116	106	1	123	508.925	360.798	0	0	0	887	961.146	0	0	144	142.886	0	0	0	0	0.000	0.000	0	0	0	0	0.000	0	0	0	0.000	0	0
34	34	1386	208.577	363.692	0.877	158	239	693	240	31	158	239	693	240	31	108.000	119.671	136	128	125	123	120	118	117	116	115	114	110	102.169	603.670	999	771	728	691	656	624	584	533	467	402	226	0	0	0.000	0.000	0	0	0	0	0.000	0	0	0	0.000	0	0	0	0	0.000	0.000	0	0	0	0	0.000	0	0	0	0.000	0	0
35	35	1633	1141.233	374.352	0.853	40	149	880	499	39	40	149	880	499	39	110.000	448.056	5656	503	371	323	290	267	248	225	203	178	144	103.000	128.840	180	152	141	133	127	124	122	120	117	114	105	1	108	1153.580	383.123	0	0	0	2418	2664.685	0	0	135	136.843	0	0	1	14	1149.318	361.480	0	0	0	456	449.643	0	0	172	171.000	0	0
36	36	2602	1932.222	401.666	0.868	97	544	1306	531	59	97	544	1306	531	59	107.955	198.929	242	230	224	218	212	205	196	184	171	158	136	102.863	1392.323	1855	1759	1725	1684	1629	1562	1428	1237	1015	733	439	0	0	0.000	0.000	0	0	0	0	0.000	0	0	0	0.000	0	0	0	0	0.000	0.000	0	0	0	0	0.000	0	0	0	0.000	0	0
37	37	1646	847.845	421.257	0.884	46	197	937	420	17	46	197	937	420	17	109.363	137.324	158	147	144	142	140	137	135	133	131	127	120	103.259	442.474	679	600	551	506	464	428	403	373	346	301	233	0	0	0.000	0.000	0	0	0	0	0.000	0	0	0	0.000	0	0	0	0	0.000	0.000	0	0	0	0	0.000	0	0	0	0.000	0	0
38	38	691	802.739	423.191	0.904	8	52	303	264	49	8	52	303	264	49	109.980	128.745	140	136	134	132	130	129	127	125	123	122	118	103.511	377.381	516	475	451	428	411	386	363	334	300	267	209	0	0	0.000	0.000	0	0	0	0	0.000	0	0	0	0.000	0	0	0	0	0.000	0.000	0	0	0	0	0.000	0	0	0	0.000	0	0
39	39	958	2008.414	447.657	0.900	35	30	159	579	143	35	30	159	579	143	107.000	119.377	128	124	123	121	120	119	119	118	117	115	110	102.857	763.920	1197	1046	983	928	862	793	727	662	568	403	152	0	0	0.000	0.000	0	0	0	0	0.000	0	0	0	0.000	0	0	0	0	0.000	0.000	0	0	0	0	0.000	0	0	0	0.000	0	0
40	40	2031	1943.289	467.114	0.886	18	462	1253	251	17	18	462	1253	251	17	107.865	175.236	240	216	208	195	185	173	162	152	147	139	123	102.982	1039.266	1801	1611	1485	1338	1217	1047	869	700	584	488	220	0	0	0.000	0.000	0	0	0	0	0.000	0	0	0	0.000	0	0	0	0	0.000	0.000	0	0	0	0	0.000	0	0	0	0.000	0	0
41	41	1784	802.655	466.166	0.846	153	738	647	202	10	153	738	647	202	10	110.000	138.295	155	149	146	144	142	139	136	133	130	127	121	102.784	431.774	636	559	530	501	479	450	418	378	331	270	203	0	0	0.000	0.000	0	0	0	0	0.000	0	0	0	0.000	0	0	0	0	0.000	0.000	0	0	0	0	0.000	0	0	0	0.000	0	0
42	42	1808	1100.707	471.110	0.885	115	1100	519	20	7	115	1100	519	20	7	110.000	151.320	251	201	171	152	144	140	137	134	129	125	117	102.822	1233.065	3076	1674	1557	1450	1361	1239	1101	972	841	698	367	0	0	0.000	0.000	0	0	0	0	0.000	0	0	0	0.000	0	0	0	0	0.000	0.000	0	0	0	0	0.000	0	0	0	0.000	0	0
43	43	1640	1895.114	478.050	0.892	92	512	800	195	15	92	512	800	195	15	108.385	161.197	220	182	173	169	164	160	156	153	147	140	125	103.681	135.551	153	144	142	140	138	137	135	133	130	125	110	0	0	0.000	0.000	0	0	0	0	0.000	0	0	0	0.000	0	0	0	0	0.000	0.000	0	0	0	0	0.000	0	0	0	0.000	0	0
44	44	1837	101.744	489.057	0.874	43	272	984	450	64	43	272	984	450	64	106.385	184.796	1540	190	162	156	152	147	143	138	133	128	121	101.880	638.197	1453	838	796	756	710	668	616	546	462	333	237	1	99	100.344	499.859	0	0	0	699	756.889	0	0	991	989.242	0	0	0	0	0.000	0.000	0	0	0	0	0.000	0	0	0	0.000	0	0
45	45	1944	1934.050	523.332	0.866	9	96	746	985	74	9	96	746	985	74	108.334	467.951	5328	1142	229	174	169	165	160	153	145	139	124	102.835	135.481	253	156	137	133	131	129	127	125	122	120	109	1	225	1921.040	528.734	0	0	0	2419	2583.631	0	0	187	191.156	0	0	1	120	1920.924	528.114	0	0	0	3509	3502.342	0	0	216	215.042	0	0
46	46	1836	52.111	527.915	0.898	25	296	873	554	62	25	296	873	554	62	105.319	154.703	181	172	168	163	160	157	154	150	141	132	117	101.256	698.300	1047	917	873	818	762	704	650	593	530	454	304	0	0	0.000	0.000	0	0	0	0	0.000	0	0	0	0.000	0	0	0	0	0.000	0.000	0	0	0	0	0.000	0	0	0	0.000	0	0
47	47	1187	844.678	555.813	0.909	413	435	182	100	34	413	435	182	100	34	110.873	127.906	137	134	132	131	130	129	127	125	123	121	116	104.000	410.141	577	514	473	453	434	413	394	371	345	301	214	0	0	0.000	0.000	0	0	0	0	0.000	0	0	0	0.000	0	0	0	0	0.000	0.000	0	0	0	0	0.000	0	0	0	0.000	0	0
48	48	647	1203.461	547.624	0.914	80	172	243	115	25	80	172	243	115	25	110.000	261.561	659	345	308	282	262	247	232	215	195	179	155	103.000	117.926	131	124	122	121	119	118	117	115	114	111	107	0	0	0.000	0.000	0	0	0	0	0.000	0	0	0	0.000	0	0	0	0	0.000	0.000	0	0	0	0	0.000	0	0	0	0.000	0	0
49	49	1043	1959.104	561.182	0.903	56	127	639	153	51	56	127	639	153	51	108.803	168.230	197	185	181	177	174	170	167	162	155	147	133	102.297	126.167	145	135	133	131	129	127	124	122	119	116	109	0	0	0.000	0.000	0	0	0	0	0.000	0	0	0	0.000	0	0	0	0	0.000	0.000	0	0	0	0	0.000	0	0	0	0.000	0	0
50	50	1731	114.707	574.906	0.894	307	924	402	60	10	307	924	402	60	10	107.690	503.918	1411	764	618	587	549	490	424	373	323	263	165	102.000	120.772	137	127	125	124	123	121	120	119	117	113	105	0	0	0.000	0.000	0	0	0	0	0.000	0	0	0	0.000	0	0	0	0	0.000	0.000	0	0	0	0	0.000	0	0	0	0.000	0	0
51	51	1756	1875.361	583.127	0.888	86	261	1144	203	26	86	261	1144	203	26	109.187	202.559	465	267	244	222	203	189	177	169	163	156	131	103.000	532.214	963	824	748	668	575	494	426	382	339	282	213	1	25	1879.327	586.835	0	0	0	392	388.480	0	0	824	816.560	0	0	0	0	0.000	0.000	0	0	0	0	0.000	0	0	0	0.000	0	0
52	52	2040	1212.015	593.449	0.871	17	142	880	842	113	17	142	880	842	113	111.000	678.607	15816	558	289	274	265	256	245	236	224	202	162	103.000	122.220	188	127	125	123	122	121	120	119	118	116	106	1	111	1212.387	572.662	0	0	0	6216	6934.946	0	0	146	148.036	0	0	1	31	1213.247	572.094	0	0	0	11191	10960.871	0	0	168	167.516	0	0
53	53	1702	866.881	595.945	0.899	1278	340	31	15	14	1278	340	31	15	14	111.000	128.019	140	136	133	131	129	128	127	125	123	120	115	104.000	434.068	645	589	554	519	488	454	408	358	305	255	180	0	0	0.000	0.000	0	0	0	0	0.000	0	0	0	0.000	0	0	0	0	0.000	0.000	0	0	0	0	0.000	0	0	0	0.000	0	0
54	54	377	964.467	588.001	0.962	79	124	109	44	13	79	124	109	44	13	110.000	116.841	123	119	118	118	117	117	116	116	115	114	113	103.000	110.671	118	114	113	112	111	110	110	109	109	108	105	0	0	0.000	0.000	0	0	0	0	0.000	0	0	0	0.000	0	0	0	0	0.000	0.000	0	0	0	0	0.000	0	0	0	0.000	0	0
55	55	1512	987.454	620.048	0.894	44	391	705	329	17	44	391	705	329	17	110.607	145.065	164	158	155	153	150	147	143	139	135	129	121	103.173	130.994	154	139	136	134	133	131	130	129	127	122	106	0	0	0.000	0.000	0	0	0	0	0.000	0	0	0	0.000	0	0	0	0	0.000	0.000	0	0	0	0	0.000	0	0	0	0.000	0	0
56	56	1338	1881.055	626.882	0.883	52	260	810	173	12	52	260	810	173	12	109.989	145.072	181	166	159	153	149	145	140	135	130	125	117	103.000	137.795	166	155	150	146	143	140	135	131	125	119	108	0	0	0.000	0.000	0	0	0	0	0.000	0	0	0	0.000	0	0	0	0	0.000	0.000	0	0	0	0	0.000	0	0	0	0.000	0	0
57	57	1966	52.302	653.882	0.812	31	521	1187	182	11	31	521	1187	182	11	105.383	116.587	135	126	121	117	116	115	114	113	112	111	107	101.477	125.674	139	133	130	128	127	125	124	123	121	119	111	0	0	0.000	0.000	0	0	0	0	0.000	0	0	0	0.000	0	0	0	0	0.000	0.000	0	0	0	0	0.000	0	0	0	0.000	0	0
58	58	839	1763.142	644.237	0.910	56	326	322	113	9	56	326	322	113	9	110.000	191.089	247	222	211	202	195	189	183	178	171	163	145	102.039	120.694	132	126	125	124	122	121	120	118	117	115	109	0	0	0.000	0.000	0	0	0	0	0.000	0	0	0	0.000	0	0	0	0	0.000	0.000	0	0	0	0	0.000	0	0	0	0.000	0	0
59	59	561	995.938	690.712	0.921	36	131	278	91	11	36	131	278	91	11	110.000	126.467	139	132	130	129	127	126	125	124	123	121	116	103.000	134.652	148	144	142	140	138	136	133	130	127	125	115	0	0	0.000	0.000	0	0	0	0	0.000	0	0	0	0.000	0	0	0	0	0.000	0.000	0	0	0	0	0.000	0	0	0	0.000	0	0
60	60	1350	1742.139	719.149	0.900	11	79	603	572	60	11	79	603	572	60	111.000	135.767	148	143	141	140	139	137	136	133	130	125	116	104.004	472.635	660	588	554	526	503	480	458	429	396	343	226	0	0	0.000	0.000	0	0	0	0	0.000	0	0	0	0.000	0	0	0	0	0.000	0.000	0	0	0	0	0.000	0	0	0	0.000	0	0
61	61	1759	1795.161	722.837	0.895	50	209	1194	257	23	50	209	1194	257	23	110.905	136.521	153	145	142	140	138	137	135	133	131	128	116	104.217	480.604	733	659	617	558	518	483	445	403	353	300	191	0	0	0.000	0.000	0	0	0	0	0.000	0	0	0	0.000	0	0	0	0	0.000	0.000	0	0	0	0	0.000	0	0	0	0.000	0	0
62	62	1602	787.827	734.247	0.882	19	96	881	541	37	19	96	881	541	37	110.000	115.994	123	119	118	117	116	116	115	115	114	114	111	103.000	136.870	161	150	146	143	140	138	134	132	129	124	109	0	0	0.000	0.000	0	0	0	0	0.000	0	0	0	0.000	0	0	0	0	0.000	0.000	0	0	0	0	0.000	0	0	0	0.000	0	0
63	63	1328	1767.834	764.476	0.882	484	278	216	242	86	484	278	216	242	86	111.000	142.334	160	153	150	148	146	143	141	138	134	130	121	104.964	1290.088	2074	1832	1697	1569	1422	1299	1189	1052	880	688	514	0	0	0.000	0.000	0	0	0	0	0.000	0	0	0	0.000	0	0	0	0	0.000	0.000	0	0	0	0	0.000	0	0	0	0.000	0	0
64	64	1002	753.625	764.348	0.906	10	99	430	382	62	10	99	430	382	62	110.000	115.597	120	118	117	117	116	116	115	115	114	114	111	103.000	139.220	168	153	149	146	143	140	136	133	130	125	108	0	0	0.000	0.000	0	0	0	0	0.000	0	0	0	0.000	0	0	0	0	0.000	0.000	0	0	0	0	0.000	0	0	0	0.000	0	0
65	65	2214	1436.928	786.446	0.876	10	169	1533	443	24	10	169	1533	443	24	111.000	168.959	209	193	188	184	179	173	166	157	148	138	126	103.484	1073.689	1797	1574	1459	1341	1222	1111	1009	873	691	463	256	0	0	0.000	0.000	0	0	0	0	0.000	0	0	0	0.000	0	0	0	0	0.000	0.000	0	0	0	0	0.000	0	0	0	0.000	0	0
66	66	1461	610.966	790.248	0.906	220	595	556	50	5	220	595	556	50	5	110.000	117.642	126	121	120	119	118	117	117	116	116	115	112	104.000	1240.680	1964	1691	1551	1439	1312	1206	1126	1046	967	821	496	0	0	0.000	0.000	0	0	0	0	0.000	0	0	0	0.000	0	0	0	0	0.000	0.000	0	0	0	0	0.000	0	0	0	0.000	0	0
67	67	2108	225.699	803.730	0.899	724	1187	134	18	6	724	1187	134	18	6	108.000	120.174	135	129	126	122	120	118	118	117	116	115	111	102.000	287.013	462	367	337	316	299	284	267	252	238	215	146	0	0	0.000	0.000	0	0	0	0	0.000	0	0	0	0.000	0	0	0	0	0.000	0.000	0	0	0	0	0.000	0	0	0	0.000	0	0
68	68	1755	1488.501	817.008	0.874	89	443	1033	119	24	89	443	1033	119	24	111.000	170.451	206	193	187	184	178	173	168	160	152	142	131	103.901	1185.336	1887	1607	1510	1422	1346	1263	1158	1027	836	589	340	0	0	0.000	0.000	0	0	0	0	0.000	0	0	0	0.000	0	0	0	0	0.000	0.000	0	0	0	0	0.000	0	0	0	0.000	0	0
69	69	1695	1556.970	913.251	0.857	38	186	866	516	58	38	186	866	516	58	110.936	120.267	127	124	123	122	121	120	120	119	118	117	114	104.000	212.781	290	257	245	237	229	220	208	193	177	154	136	0	0	0.000	0.000	0	0	0	0	0.000	0	0	0	0.000	0	0	0	0	0.000	0.000	0	0	0	0	0.000	0	0	0	0.000	0	0
70	70	1582	1510.232	936.753	0.871	36	91	380	1012	30	36	91	380	1012	30	110.987	122.759	132	127	126	125	124	122	122	121	120	118	114	103.970	233.539	300	279	268	257	247	238	227	216	204	179	136	0	0	0.000	0.000	0	0	0	0	0.000	0	0	0	0.000	0	0	0	0	0.000	0.000	0	0	0	0	0.000	0	0	0	0.000	0	0
71	71	1687	1241.189	939.920	0.903	225	905	493	21	6	225	905	493	21	6	110.721	121.388	133	128	125	123	121	120	119	119	118	117	112	103.283	907.780	1397	1251	1168	1089	1002	905	814	730	641	571	399	0	0	0.000	0.000	0	0	0	0	0.000	0	0	0	0.000	0	0	0	0	0.000	0.000	0	0	0	0	0.000	0	0	0	0.000	0	0
72	72	1624	1284.174	961.544	0.907	134	785	608	57	5	134	785	608	57	5	111.291	120.196	137	124	122	121	120	119	119	118	118	117	113	103.251	1061.398	1615	1349	1287	1247	1198	1139	1063	932	791	637	403	1	151	1295.902	960.767	0	0	0	128	128.172	0	0	780	813.781	0	0	0	0	0.000	0.000	0	0	0	0	0.000	0	0	0	0.000	0	0
73	73	648	1534.069	968.541	0.888	129	212	217	58	20	129	212	217	58	20	111.946	119.807	126	124	122	121	120	119	119	118	118	117	112	104.000	199.752	280	243	228	220	213	204	194	179	164	149	132	0	0	0.000	0.000	0	0	0	0	0.000	0	0	0	0.000	0	0	0	0	0.000	0.000	0	0	0	0	0.000	0	0	0	0.000	0	0
74	74	1907	874.863	988.809	0.862	36	237	1008	550	28	36	237	1008	550	28	111.000	158.857	194	180	172	167	162	158	154	149	144	140	130	104.000	962.774	1765	1474	1295	1137	1018	907	807	718	638	559	410	0	0	0.000	0.000	0	0	0	0	0.000	0	0	0	0.000	0	0	0	0	0.000	0.000	0	0	0	0	0.000	0	0	0	0.000	0	0
75	75	855	653.636	977.775	0.932	48	118	303	338	37	48	118	303	338	37	110.505	120.511	130	126	124	122	121	120	119	118	118	116	115	103.396	926.765	1609	1304	1201	1104	1021	927	845	745	630	522	381	0	0	0.000	0.000	0	0	0	0	0.000	0	0	0	0.000	0	0	0	0	0.000	0.000	0	0	0	0	0.000	0	0	0	0.000	0	0
76	76	1643	1438.483	999.579	0.868	61	106	976	453	24	61	106	976	453	24	112.000	140.582	153	149	147	145	143	141	140	137	134	130	123	103.716	460.066	697	604	556	517	491	461	430	401	366	313	210	0	0	0.000	0.000	0	0	0	0	0.000	0	0	0	0.000	0	0	0	0	0.000	0.000	0	0	0	0	0.000	0	0	0	0.000	0	0
77	77	1211	919.425	1009.296	0.887	13	128	621	370	53	13	128	621	370	53	111.000	182.071	211	204	200	192	187	182	176	171	166	161	147	104.000	1216.161	1806	1692	1564	1407	1296	1192	1092	984	897	813	533	0	0	0.000	0.000	0	0	0	0	0.000	0	0	0	0.000	0	0	0	0	0.000	0.000	0	0	0	0	0.000	0	0	0	0.000	0	0
78	78	1843	406.015	1016.616	0.852	59	400	1093	235	16	59	400	1093	235	16	110.000	202.558	510	280	231	210	195	184	175	165	154	144	134	103.801	746.728	1500	1192	1053	918	818	719	615	521	435	366	280	1	99	407.836	1005.620	0	0	0	413	412.586	0	0	1306	1303.929	0	0	0	0	0.000	0.000	0	0	0	0	0.000	0	0	0	0.000	0	0
79	79	2144	885.109	1046.592	0.882	144	1234	651	59	23	144	1234	651	59	23	111.000	158.509	238	185	177	169	161	153	149	145	141	138	130	104.000	758.802	1705	1299	1135	988	832	678	541	447	385	336	295	0	0	0.000	0.000	0	0	0	0	0.000	0	0	0	0.000	0	0	0	0	0.000	0.000	0	0	0	0	0.000	0	0	0	0.000	0	0
80	80	1634	1397.576	1043.013	0.875	81	1213	294	12	12	81	1213	294	12	12	112.738	136.965	150	145	142	141	139	138	136	134	131	127	120	104.000	380.258	602	520	468	430	398	370	340	314	293	269	189	0	0	0.000	0.000	0	0	0	0	0.000	0	0	0	0.000	0	0	0	0	0.000	0.000	0	0	0	0	0.000	0	0	0	0.000	0	0
81	81	1893	1344.489	1058.640	0.876	39	567	1006	225	22	39	567	1006	225	22	112.378	141.882	168	156	152	147	144	142	139	135	132	129	123	103.959	498.041	703	635	601	565	532	505	473	442	407	348	259	0	0	0.000	0.000	0	0	0	0	0.000	0	0	0	0.000	0	0	0	0	0.000	0.000	0	0	0	0	0.000	0	0	0	0.000	0	0
82	82	1748	934.056	1094.589	0.900	162	1009	509	31	10	162	1009	509	31	10	110.756	119.642	129	123	122	121	120	120	119	118	118	117	113	103.870	607.626	1022	884	823	760	689	604	522	461	401	328	213	0	0	0.000	0.000	0	0	0	0	0.000	0	0	0	0.000	0	0	0	0	0.000	0.000	0	0	0	0	0.000	0	0	0	0.000	0	0
83	83	1829	1386.311	1104.839	0.895	21	199	981	532	65	21	199	981	532	65	111.781	137.808	182	152	144	141	139	138	135	132	129	125	117	103.144	405.224	640	529	490	460	430	409	389	355	324	272	180	0	0	0.000	0.000	0	0	0	0	0.000	0	0	0	0.000	0	0	0	0	0.000	0.000	0	0	0	0	0.000	0	0	0	0.000	0	0
84	84	1152	1023.920	1117.520	0.922	92	529	431	48	23	92	529	431	48	23	111.000	127.029	151	138	133	129	127	125	124	122	121	120	114	102.221	116.629	130	123	121	119	118	117	115	114	112	110	106	0	0	0.000	0.000	0	0	0	0	0.000	0	0	0	0.000	0	0	0	0	0.000	0.000	0	0	0	0	0.000	0	0	0	0.000	0	0
85	85	1305	1637.300	1131.360	0.926	54	406	659	151	6	54	406	659	151	6	112.000	264.459	664	369	286	266	255	244	234	224	209	187	152	102.851	121.880	143	129	127	125	124	122	121	119	116	114	105	1	40	1637.201	1120.789	0	0	0	571	572.400	0	0	126	126.925	0	0	0	0	0.000	0.000	0	0	0	0	0.000	0	0	0	0.000	0	0
86	86	1758	854.677	1226.007	0.889	65	136	770	676	74	65	136	770	676	74	112.533	170.512	204	194	188	182	178	172	168	161	152	143	129	103.386	707.241	1056	948	881	809	750	710	663	628	556	451	260	0	0	0.000	0.000	0	0	0	0	0.000	0	0	0	0.000	0	0	0	0	0.000	0.000	0	0	0	0	0.000	0	0	0	0.000	0	0
87	87	2382	198.452	1247.198	0.899	84	779	1294	157	11	84	779	1294	157	11	108.000	151.997	171	163	159	156	154	152	150	149	146	142	126	102.000	811.218	1216	1058	1000	940	873	803	745	688	624	561	358	0	0	0.000	0.000	0	0	0	0	0.000	0	0	0	0.000	0	0	0	0	0.000	0.000	0	0	0	0	0.000	0	0	0	0.000	0	0
88	88	2456	1183.531	1248.945	0.857	130	1585	630	54	18	130	1585	630	54	18	112.147	208.635	305	260	242	230	216	204	192	182	175	165	142	103.997	885.847	1807	1456	1270	1123	984	856	703	582	479	403	279	0	0	0.000	0.000	0	0	0	0	0.000	0	0	0	0.000	0	0	0	0	0.000	0.000	0	0	0	0	0.000	0	0	0	0.000	0	0
89	89	2039	818.316	1273.094	0.902	76	569	1241	104	9	76	569	1241	104	9	112.011	200.185	1102	209	202	197	192	188	183	174	164	153	135	103.184	836.620	2083	1097	1032	973	908	844	780	712	630	511	322	1	63	799.872	1281.549	0	0	0	623	626.698	0	0	1204	1235.349	0	0	0	0	0.000	0.000	0	0	0	0	0.000	0	0	0	0.000	0	0
90	90	2616	187.581	1312.208	0.871	139	716	1395	296	31	139	716	1395	296	31	107.764	149.442	195	163	160	157	154	151	147	143	138	131	122	102.000	772.653	1224	1057	995	941	868	782	708	636	552	444	313	0	0	0.000	0.000	0	0	0	0	0.000	0	0	0	0.000	0	0	0	0	0.000	0.000	0	0	0	0	0.000	0	0	0	0.000	0	0
91	91	1730	1945.669	1308.975	0.874	17	91	602	896	93	17	91	602	896	93	110.000	304.240	512	413	375	343	321	300	278	255	233	209	156	102.968	1124.787	2152	1760	1533	1337	1176	1045	956	864	745	613	332	0	0	0.000	0.000	0	0	0	0	0.000	0	0	0	0.000	0	0	0	0	0.000	0.000	0	0	0	0	0.000	0	0	0	0.000	0	0
92	92	749	1184.813	1317.320	0.880	50	319	286	65	9	50	319	286	65	9	112.013	173.558	249	206	194	190	185	177	165	156	146	137	127	102.782	141.876	196	165	156	151	147	143	137	131	123	118	110	0	0	0.000	0.000	0	0	0	0	0.000	0	0	0	0.000	0	0	0	0	0.000	0.000	0	0	0	0	0.000	0	0	0	0.000	0	0
93	93	1366	1994.205	1328.440	0.930	40	335	856	96	5	40	335	856	96	5	109.529	327.179	467	421	399	377	352	328	307	291	259	219	165	102.000	1298.624	1957	1783	1684	1579	1456	1323	1169	1047	927	787	457	0	0	0.000	0.000	0	0	0	0	0.000	0	0	0	0.000	0	0	0	0	0.000	0.000	0	0	0	0	0.000	0	0	0	0.000	0	0
94	94	1792	1385.463	1344.524	0.883	76	610	871	155	40	76	610	871	155	40	114.156	1161.712	4612	2491	1356	1081	969	885	790	697	617	484	261	102.968	145.472	182	163	156	152	150	147	144	140	134	125	108	1	168	1372.019	1336.566	0	0	0	3416	3441.089	0	0	154	153.030	0	0	0	0	0.000	0.000	0	0	0	0	0.000	0	0	0	0.000	0	0
95	95	1550	818.445	1363.967	0.909	264	946	261	40	19	264	946	261	40	19	112.000	170.490	205	190	185	180	175	170	166	162	157	151	134	102.921	120.264	131	125	124	122	121	120	119	118	117	116	110	0	0	0.000	0.000	0	0	0	0	0.000	0	0	0	0.000	0	0	0	0	0.000	0.000	0	0	0	0	0.000	0	0	0	0.000	0	0
96	96	1698	736.584	1388.190	0.893	52	253	927	397	38	52	253	927	397	38	111.000	120.048	127	123	122	121	121	120	119	119	118	117	113	103.000	130.302	148	139	136	135	133	131	129	126	123	120	111	0	0	0.000	0.000	0	0	0	0	0.000	0	0	0	0.000	0	0	0	0	0.000	0.000	0	0	0	0	0.000	0	0	0	0.000	0	0
97	97	1556	1378.535	1393.068	0.866	35	267	776	379	60	35	267	776	379	60	114.000	150.391	192	167	159	155	152	149	146	143	139	136	127	103.000	183.526	233	218	208	200	193	185	175	167	158	149	133	0	0	0.000	0.000	0	0	0	0	0.000	0	0	0	0.000	0	0	0	0	0.000	0.000	0	0	0	0	0.000	0	0	0	0.000	0	0
98	98	1787	984.364	1412.007	0.881	76	453	997	223	13	76	453	997	223	13	113.630	161.243	190	178	172	168	165	161	158	155	151	144	128	104.675	1114.417	1688	1543	1423	1313	1203	1112	1021	926	823	704	400	0	0	0.000	0.000	0	0	0	0	0.000	0	0	0	0.000	0	0	0	0	0.000	0.000	0	0	0	0	0.000	0	0	0	0.000	0	0
99	99	1893	855.393	1427.723	0.885	624	1158	31	18	24	624	1158	31	18	24	112.800	162.094	194	179	175	170	166	163	159	155	149	144	131	104.298	921.973	1485	1290	1178	1092	1009	937	842	747	642	550	412	0	0	0.000	0.000	0	0	0	0	0.000	0	0	0	0.000	0	0	0	0	0.000	0.000	0	0	0	0	0.000	0	0	0	0.000	0	0
100	100	1621	1344.236	1438.992	0.876	26	123	1166	270	5	26	123	1166	270	5	113.192	146.914	172	163	159	156	152	148	142	137	134	130	125	103.000	201.389	279	259	246	230	213	198	182	171	160	150	136	0	0	0.000	0.000	0	0	0	0	0.000	0	0	0	0.000	0	0	0	0	0.000	0.000	0	0	0	0	0.000	0	0	0	0.000	0	0
101	101	1622	1041.509	1444.864	0.872	51	180	864	432	63	51	180	864	432	63	113.733	158.453	186	175	172	168	165	160	155	150	144	139	126	104.157	313.012	437	393	374	358	343	328	304	273	243	215	155	0	0	0.000	0.000	0	0	0	0	0.000	0	0	0	0.000	0	0	0	0	0.000	0.000	0	0	0	0	0.000	0	0	0	0.000	0	0
102	102	1840	950.810	1464.865	0.885	29	65	496	1044	166	29	65	496	1044	166	113.988	168.521	194	187	183	178	174	170	166	161	155	148	132	105.000	1457.400	2077	1964	1848	1731	1618	1490	1364	1239	1093	882	583	0	0	0.000	0.000	0	0	0	0	0.000	0	0	0	0.000	0	0	0	0	0.000	0.000	0	0	0	0	0.000	0	0	0	0.000	0	0
103	103	698	999.593	1455.035	0.888	13	33	194	349	90	13	33	194	349	90	114.000	138.117	149	145	143	142	140	139	137	135	133	130	125	105.000	660.410	951	844	791	748	705	665	623	576	527	477	344	0	0	0.000	0.000	0	0	0	0	0.000	0	0	0	0.000	0	0	0	0	0.000	0.000	0	0	0	0	0.000	0	0	0	0.000	0	0
104	104	1883	1850.370	1471.177	0.872	65	204	1012	519	47	65	204	1012	519	47	112.000	157.295	184	175	171	169	165	160	155	149	141	135	125	103.000	514.268	761	687	645	615	578	545	504	439	359	285	192	0	0	0.000	0.000	0	0	0	0	0.000	0	0	0	0.000	0	0	0	0	0.000	0.000	0	0	0	0	0.000	0	0	0	0.000	0	0
105	105	1761	1016.880	1497.380	0.899	44	129	687	784	79	44	129	687	784	79	113.214	173.459	222	193	186	180	176	172	169	165	161	154	134	104.501	336.976	499	430	394	369	351	333	313	292	275	258	209	0	0	0.000	0.000	0	0	0	0	0.000	0	0	0	0.000	0	0	0	0	0.000	0.000	0	0	0	0	0.000	0	0	0	0.000	0	0
106	106	1461	1798.953	1504.651	0.903	306	1048	45	31	10	306	1048	45	31	10	111.990	154.507	187	170	164	161	157	154	150	147	144	141	129	103.000	415.181	633	546	506	469	432	399	377	352	329	304	237	0	0	0.000	0.000	0	0	0	0	0.000	0	0	0	0.000	0	0	0	0	0.000	0.000	0	0	0	0	0.000	0	0	0	0.000	0	0
107	107	593	976.318	1498.911	0.913	16	46	299	203	21	16	46	299	203	21	113.344	154.196	171	166	164	161	159	156	152	148	145	141	127	105.000	262.845	382	323	307	291	277	262	247	236	223	199	155	0	0	0.000	0.000	0	0	0	0	0.000	0	0	0	0.000	0	0	0	0	0.000	0.000	0	0	0	0	0.000	0	0	0	0.000	0	0
108	108	1597	413.070	1512.559	0.872	7	128	908	474	40	7	128	908	474	40	110.147	434.011	3777	1240	429	213	160	150	145	140	135	130	124	104.000	821.315	3930	1689	995	772	701	614	550	481	389	302	228	1	234	405.515	1513.451	0	0	0	1659	1823.774	0	0	2025	2127.919	0	0	1	141	406.586	1513.661	0	0	0	2232	2283.525	0	0	2516	2594.454	0	0
109	109	358	923.304	1502.207	0.807	14	20	127	174	20	14	20	127	174	20	112.986	153.103	169	162	160	158	156	154	151	149	146	143	135	104.941	1246.369	1568	1455	1383	1338	1283	1252	1212	1174	1125	1023	841	0	0	0.000	0.000	0	0	0	0	0.000	0	0	0	0.000	0	0	0	0	0.000	0.000	0	0	0	0	0.000	0	0	0	0.000	0	0
110	110	1751	1556.865	1511.698	0.885	138	661	717	162	32	138	661	717	162	32	112.171	169.898	205	192	187	183	178	173	166	159	151	142	128	103.271	1026.985	1642	1410	1323	1244	1154	1064	967	846	718	551	368	0	0	0.000	0.000	0	0	0	0	0.000	0	0	0	0.000	0	0	0	0	0.000	0.000	0	0	0	0	0.000	0	0	0	0.000	0	0
111	111	1061	1998.984	1537.098	0.901	625	378	17	11	6	625	378	17	11	6	110.000	143.630	178	167	159	152	146	142	139	134	128	122	115	102.000	119.969	163	132	128	124	121	119	117	114	112	109	103	0	0	0.000	0.000	0	0	0	0	0.000	0	0	0	0.000	0	0	0	0	0.000	0.000	0	0	0	0	0.000	0	0	0	0.000	0	0
112	112	1898	376.801	1556.041	0.863	74	473	1208	106	6	74	473	1208	106	6	109.751	148.685	761	171	142	137	134	131	129	127	125	122	115	103.523	608.634	3190	765	677	634	602	559	512	467	426	389	288	2	86	384.926	1563.479	40	360.322	1553.653	395	413.523	195	195.950	1404	1478.826	988	967.250	1	39	386.611	1562.981	0	0	0	465	466.128	0	0	2186	2143.077	0	0
113	113	2007	1516.862	1555.166	0.829	70	1537	334	19	7	70	1537	334	19	7	113.000	157.084	192	172	168	165	163	160	155	150	143	137	129	103.990	760.412	1217	1021	944	892	851	790	715	630	550	459	329	0	0	0.000	0.000	0	0	0	0	0.000	0	0	0	0.000	0	0	0	0	0.000	0.000	0	0	0	0	0.000	0	0	0	0.000	0	0
114	114	1654	460.377	1561.823	0.916	803	377	210	155	85	803	377	210	155	85	110.955	143.480	160	155	153	150	148	145	142	138	134	129	122	104.000	1089.854	1693	1541	1439	1350	1260	1161	1050	907	716	496	302	0	0	0.000	0.000	0	0	0	0	0.000	0	0	0	0.000	0	0	0	0	0.000	0.000	0	0	0	0	0.000	0	0	0	0.000	0	0
115	115	2150	1461.061	1574.047	0.879	15	379	1339	348	20	15	379	1339	348	20	112.921	168.182	658	175	169	165	162	159	157	154	150	145	128	103.361	812.852	1244	1132	1047	962	889	826	746	659	566	488	337	1	67	1447.895	1566.261	0	0	0	395	400.866	0	0	766	744.627	0	0	0	0	0.000	0.000	0	0	0	0	0.000	0	0	0	0.000	0	0
116	116	304	365.953	1593.390	0.920	14	60	164	57	3	14	60	164	57	3	109.724	119.780	127	124	123	122	121	120	119	118	117	115	113	103.000	319.947	454	432	404	377	348	319	289	263	239	218	159	0	0	0.000	0.000	0	0	0	0	0.000	0	0	0	0.000	0	0	0	0	0.000	0.000	0	0	0	0	0.000	0	0	0	0.000	0	0
117	117	2023	1507.460	1620.644	0.840	75	924	895	58	16	75	924	895	58	16	113.000	165.482	286	189	178	174	169	165	159	151	144	137	129	103.937	945.195	1581	1362	1224	1130	1033	941	854	768	664	521	360	0	0	0.000	0.000	0	0	0	0	0.000	0	0	0	0.000	0	0	0	0	0.000	0.000	0	0	0	0	0.000	0	0	0	0.000	0	0
118	118	1837	583.390	1639.504	0.895	691	1009	47	21	15	691	1009	47	21	15	110.000	120.424	139	130	126	121	119	118	118	117	116	115	113	103.000	534.957	1114	802	685	620	567	514	464	416	369	319	229	0	0	0.000	0.000	0	0	0	0	0.000	0	0	0	0.000	0	0	0	0	0.000	0.000	0	0	0	0	0.000	0	0	0	0.000	0	0
119	119	1471	1424.898	1639.973	0.884	17	240	804	344	28	17	240	804	344	28	112.807	336.827	462	407	390	376	360	344	325	303	285	255	192	103.204	1387.475	2145	1797	1682	1588	1498	1391	1291	1203	1100	968	577	0	0	0.000	0.000	0	0	0	0	0.000	0	0	0	0.000	0	0	0	0	0.000	0.000	0	0	0	0	0.000	0	0	0	0.000	0	0
120	120	2042	1733.115	1646.470	0.874	22	182	901	860	39	22	182	901	860	39	112.920	182.775	239	221	208	198	189	182	177	168	158	144	129	104.627	1131.665	2106	1821	1600	1407	1231	1100	955	857	713	475	279	0	0	0.000	0.000	0	0	0	0	0.000	0	0	0	0.000	0	0	0	0	0.000	0.000	0	0	0	0	0.000	0	0	0	0.000	0	0
121	121	1624	63.932	1644.916	0.839	7	93	425	945	132	7	93	425	945	132	105.222	122.498	137	129	127	125	124	122	121	119	118	116	111	101.119	684.586	1305	1046	924	832	740	666	599	522	423	339	263	0	0	0.000	0.000	0	0	0	0	0.000	0	0	0	0.000	0	0	0	0	0.000	0.000	0	0	0	0	0.000	0	0	0	0.000	0	0
122	122	1084	1790.501	1674.668	0.896	26	83	502	429	25	26	83	502	429	25	112.017	183.017	233	219	210	199	192	183	174	166	157	148	134	104.256	1138.834	1758	1638	1496	1373	1254	1136	1027	913	814	654	428	0	0	0.000	0.000	0	0	0	0	0.000	0	0	0	0.000	0	0	0	0	0.000	0.000	0	0	0	0	0.000	0	0	0	0.000	0	0
123	123	1373	97.941	1683.222	0.880	239	849	171	53	28	239	849	171	53	28	105.933	135.058	149	142	140	138	136	136	134	133	130	127	120	101.613	1058.613	1548	1432	1337	1243	1159	1077	989	900	787	652	417	0	0	0.000	0.000	0	0	0	0	0.000	0	0	0	0.000	0	0	0	0	0.000	0.000	0	0	0	0	0.000	0	0	0	0.000	0	0
124	124	2042	1997.531	1693.245	0.900	535	1216	198	42	16	535	1216	198	42	16	109.291	128.274	150	143	138	134	130	125	123	121	120	118	114	101.779	119.250	134	128	125	124	122	120	118	116	113	109	103	0	0	0.000	0.000	0	0	0	0	0.000	0	0	0	0.000	0	0	0	0	0.000	0.000	0	0	0	0	0.000	0	0	0	0.000	0	0
125	125	1517	1723.025	1701.719	0.863	23	95	787	551	29	23	95	787	551	29	112.733	211.819	248	236	232	229	224	220	210	200	188	175	151	104.972	1599.589	2059	1959	1882	1811	1740	1661	1587	1474	1309	1120	690	0	0	0.000	0.000	0	0	0	0	0.000	0	0	0	0.000	0	0	0	0	0.000	0.000	0	0	0	0	0.000	0	0	0	0.000	0	0
126	126	2100	1766.136	1727.089	0.821	76	168	1333	451	37	76	168	1333	451	37	112.132	200.139	266	246	235	221	207	195	187	178	169	161	140	104.601	1250.582	2127	1887	1677	1503	1331	1177	1058	952	860	739	524	0	0	0.000	0.000	0	0	0	0	0.000	0	0	0	0.000	0	0	0	0	0.000	0.000	0	0	0	0	0.000	0	0	0	0.000	0	0
127	127	1475	459.197	1759.765	0.911	91	495	762	94	10	91	495	762	94	10	109.000	237.717	338	314	289	272	257	240	221	200	179	162	150	102.000	121.414	133	128	127	125	123	122	120	118	116	115	108	0	0	0.000	0.000	0	0	0	0	0.000	0	0	0	0.000	0	0	0	0	0.000	0.000	0	0	0	0	0.000	0	0	0	0.000	0	0
128	128	875	1161.733	1788.914	0.905	432	391	27	6	7	432	391	27	6	7	111.203	203.799	313	274	256	240	226	205	182	163	146	135	122	102.829	139.974	175	163	158	155	151	144	135	126	118	110	105	0	0	0.000	0.000	0	0	0	0	0.000	0	0	0	0.000	0	0	0	0	0.000	0.000	0	0	0	0	0.000	0	0	0	0.000	0	0
129	129	1929	1271.364	1818.123	0.828	34	274	1052	506	24	34	274	1052	506	24	112.200	160.552	210	179	173	168	163	158	155	152	148	143	129	102.981	743.937	1259	1032	954	872	795	732	662	595	541	477	316	0	0	0.000	0.000	0	0	0	0	0.000	0	0	0	0.000	0	0	0	0	0.000	0.000	0	0	0	0	0.000	0	0	0	0.000	0	0
130	130	1802	1306.711	1868.806	0.810	36	515	886	303	34	36	515	886	303	34	111.395	168.241	206	186	181	176	172	169	165	161	155	147	133	103.000	810.445	1239	1091	1013	955	896	824	762	689	604	495	311	0	0	0.000	0.000	0	0	0	0	0.000	0	0	0	0.000	0	0	0	0	0.000	0.000	0	0	0	0	0.000	0	0	0	0.000	0	0
131	131	1939	2003.038	1897.210	0.856	417	582	592	199	115	417	582	592	199	115	109.518	147.634	170	161	158	155	151	147	143	140	137	134	128	107.496	1705.669	2734	2492	2307	2140	1982	1763	1529	1232	1044	877	708	0	0	0.000	0.000	0	0	0	0	0.000	0	0	0	0.000	0	0	0	0	0.000	0.000	0	0	0	0	0.000	0	0	0	0.000	0	0
132	132	791	562.557	1928.159	0.895	75	206	344	144	12	75	206	344	144	12	108.951	164.295	238	205	191	181	172	160	152	144	137	129	120	101.958	118.135	146	131	125	122	120	117	114	112	110	107	104	0	0	0.000	0.000	0	0	0	0	0.000	0	0	0	0.000	0	0	0	0	0.000	0.000	0	0	0	0	0.000	0	0	0	0.000	0	0
133	133	1335	2021.335	1943.524	0.902	340	479	349	99	39	340	479	349	99	39	108.651	143.127	163	155	153	151	147	144	141	137	133	128	118	107.721	1642.644	2507	2298	2120	1953	1820	1681	1546	1377	1183	945	419	0	0	0.000	0.000	0	0	0	0	0.000	0	0	0	0.000	0	0	0	0	0.000	0.000	0	0	0	0	0.000	0	0	0	0.000	0	0
134	134	1814	528.792	1976.979	0.897	629	1021	99	13	7	629	1021	99	13	7	107.849	151.132	181	164	160	158	155	153	149	146	142	134	121	101.735	115.621	126	121	120	118	117	116	115	114	112	109	102	0	0	0.000	0.000	0	0	0	0	0.000	0	0	0	0.000	0	0	0	0	0.000	0.000	0	0	0	0	0.000	0	0	0	0.000	0	0
135	135	1675	1982.472	1979.459	0.887	131	105	647	691	64	131	105	647	691	64	108.616	146.267	163	156	154	152	150	148	146	143	139	132	121	106.986	1478.352	2128	1958	1856	1780	1676	1569	1438	1265	1085	869	377	0	0	0.000	0.000	0	0	0	0	0.000	0	0	0	0.000	0	0	0	0	0.000	0.000	0	0	0	0	0.000	0	0	0	0.000	0	0
136	136	1399	1774.863	1991.519	0.827	23	199	784	334	46	23	199	784	334	46	109.405	162.413	185	174	171	169	167	165	162	158	152	146	133	104.212	1249.583	1862	1688	1525	1418	1326	1254	1181	1093	988	808	557	0	0	0.000	0.000	0	0	0	0	0.000	0	0	0	0.000	0	0	0	0	0.000	0.000	0	0	0	0	0.000	0	0	0	0.000	0	0
137	137	1007	1909.917	1998.099	0.922	298	285	211	134	63	298	285	211	134	63	108.736	138.376	151	147	145	144	142	140	138	135	131	127	120	106.406	1398.624	1968	1790	1687	1601	1545	1470	1387	1257	1082	889	511	0	0	0.000	0.000	0	0	0	0	0.000	0	0	0	0.000	0	0	0	0	0.000	0.000	0	0	0	0	0.000	0	0	0	0.000	0	0
138	138	1558	1955.650	2021.844	0.867	76	191	1005	248	8	76	191	1005	248	8	108.181	135.751	158	146	143	141	139	137	134	131	128	124	117	107.241	1051.177	1929	1604	1422	1269	1163	1053	927	800	680	516	331	0	0	0.000	0.000	0	0	0	0	0.000	0	0	0	0.000	0	0	0	0	0.000	0.000	0	0	0	0	0.000	0	0	0	0.000	0	0
139	139	1517	1727.956	2025.173	0.802	19	310	984	165	17	19	310	984	165	17	108.922	162.616	182	176	173	170	167	165	162	157	152	145	132	104.413	1295.975	2047	1804	1684	1575	1455	1321	1190	1038	886	737	525	0	0	0.000	0.000	0	0	0	0	0.000	0	0	0	0.000	0	0	0	0	0.000	0.000	0	0	0	0	0.000	0	0	0	0.000	0	0
140	140	1468	1783.050	2028.822	0.874	13	63	417	857	81	13	63	417	857	81	108.411	145.433	165	157	154	151	148	146	144	141	138	133	119	105.696	844.687	1459	1167	1043	960	884	831	783	733	648	521	309	0	0	0.000	0.000	0	0	0	0	0.000	0	0	0	0.000	0	0	0	0	0.000	0.000	0	0	0	0	0.000	0	0	0	0.000	0	0
141	141	759	1825.355	2031.466	0.911	34	37	312	293	66	34	37	312	293	66	107.818	147.578	164	160	156	153	149	147	146	143	140	136	126	106.534	822.800	1238	1140	1032	937	864	789	736	678	632	573	411	0	0	0.000	0.000	0	0	0	0	0.000	0	0	0	0.000	0	0	0	0	0.000	0.000	0	0	0	0	0.000	0	0	0	0.000	0	0
