 	cell	area	x	y	circ	BFI_lev_b1	BFI_lev_b2	BFI_lev_b3	BFI_lev_b4	BFI_lev_b5	BFO_lev_b1	BFO_lev_b2	BFO_lev_b3	BFO_lev_b4	BFO_lev_b5	RFP_int_bg	RFP_int_mean	RFP_int_b0	RFP_int_b1	RFP_int_b2	RFP_int_b3	RFP_int_b4	RFP_int_b5	RFP_int_b6	RFP_int_b7	RFP_int_b8	RFP_int_b9	RFP_int_b10	GFP_int_bg	GFP_int_mean	GFP_int_b0	GFP_int_b1	GFP_int_b2	GFP_int_b3	GFP_int_b4	GFP_int_b5	GFP_int_b6	GFP_int_b7	GFP_int_b8	GFP_int_b9	GFP_int_b10	inRFPnfoci	f1_inRFParea	f1_inRFPx	f1_inRFPy	f2_inRFParea	f2_inRFPx	f2_inRFPy	f1_inRFP_toRFPmed	f1_inRFP_toRFPmean	f2_inRFP_toRFPmed	f2_inRFP_toRFPmean	f1_inRFP_toGFPmed	f1_inRFP_toGFPmean	f2_inRFP_toGFPmed	f2_inRFP_toGFPmean	inGFPnfoci	f1_inGFParea	f1_inGFPx	f1_inGFPy	f2_inGFParea	f2_inGFPx	f2_inGFPy	f1_inGFP_toRFPmed	f1_inGFP_toRFPmean	f2_inGFP_toRFPmed	f2_inGFP_toRFPmean	f1_inGFP_toGFPmed	f1_inGFP_toGFPmean	f2_inGFP_toGFPmed	f2_inGFP_toGFPmean
1	1	1096	324.821	42.727	0.886	218	579	272	7	5	218	579	272	7	5	106.483	205.992	785	304	249	210	189	176	168	158	148	138	123	101.947	2192.264	4200	3176	2917	2708	2468	2187	1986	1723	1444	1115	643	1	43	317.052	27.814	0	0	0	495	488.837	0	0	2767	2696.884	0	0	0	0	0	0	0	0	0	0	0	0	0	0	0	0	0
2	2	1464	48.441	67.785	0.918	69	407	687	221	44	69	407	687	221	44	103.032	114.028	123	118	117	116	115	114	113	112	111	110	106	100.663	120.092	131	125	124	123	122	121	120	118	116	113	106	0	0	0.000	0.000	0	0	0	0	0.000	0	0	0	0.000	0	0	0	0	0	0	0	0	0	0	0	0	0	0	0	0	0
3	3	1638	225.139	68.376	0.910	56	108	453	787	204	56	108	453	787	204	105.364	234.631	328	302	288	274	255	238	219	198	179	161	140	102.421	659.911	897	849	815	776	733	698	643	576	505	406	293	0	0	0.000	0.000	0	0	0	0	0.000	0	0	0	0.000	0	0	0	0	0	0	0	0	0	0	0	0	0	0	0	0	0
4	4	2062	171.939	76.236	0.896	35	90	430	1308	161	35	90	430	1308	161	105.541	305.739	2778	383	276	255	240	224	205	191	177	157	128	102.496	524.758	865	729	680	634	587	535	479	412	351	305	218	1	117	178.004	75.777	0	0	0	1412	1465.940	0	0	581	565.179	0	0	0	0	0	0	0	0	0	0	0	0	0	0	0	0	0
5	5	1672	952.870	75.234	0.926	68	427	1067	69	13	68	427	1067	69	13	107.773	160.717	1045	164	157	151	146	140	135	131	127	123	115	102.447	497.853	1518	675	639	597	554	506	452	392	324	260	199	1	72	959.351	86.330	0	0	0	502	530.208	0	0	884	919.764	0	0	0	0	0	0	0	0	0	0	0	0	0	0	0	0	0
6	6	1310	1817.074	80.842	0.915	124	163	625	331	40	124	163	625	331	40	106.544	113.076	122	116	115	114	113	113	112	112	111	111	108	102.362	568.676	824	727	697	666	631	598	561	522	437	343	191	0	0	0.000	0.000	0	0	0	0	0.000	0	0	0	0.000	0	0	0	0	0	0	0	0	0	0	0	0	0	0	0	0	0
7	7	1821	359.100	84.049	0.882	83	619	904	141	29	83	619	904	141	29	108.000	202.169	1826	269	154	148	144	140	135	131	126	122	112	103.962	1121.269	2836	1671	1494	1356	1209	1076	956	868	718	559	336	1	130	366.155	84.029	0	0	0	807	899.000	0	0	1887	1909.831	0	0	0	0	0	0	0	0	0	0	0	0	0	0	0	0	0
8	8	1274	425.028	80.787	0.906	51	324	749	122	10	51	324	749	122	10	107.852	113.008	118	115	114	114	113	113	113	112	112	111	109	103.626	683.574	1089	945	896	842	769	686	620	547	471	393	303	0	0	0.000	0.000	0	0	0	0	0.000	0	0	0	0.000	0	0	0	0	0	0	0	0	0	0	0	0	0	0	0	0	0
9	9	297	990.798	74.545	0.906	48	124	90	22	3	48	124	90	22	3	107.936	126.320	135	133	130	129	128	127	125	124	122	120	114	102.727	322.441	412	402	390	373	348	328	300	284	271	241	164	0	0	0.000	0.000	0	0	0	0	0.000	0	0	0	0.000	0	0	0	0	0	0	0	0	0	0	0	0	0	0	0	0	0
10	10	1916	1003.871	111.400	0.868	29	200	1240	398	20	29	200	1240	398	20	108.331	148.307	266	175	160	153	149	144	139	134	129	124	114	103.000	465.013	765	661	623	581	537	494	457	379	287	218	110	1	54	1016.553	111.237	0	0	0	238	237.296	0	0	693	691.630	0	0	0	0	0	0	0	0	0	0	0	0	0	0	0	0	0
11	11	2008	457.139	122.831	0.895	65	370	1165	325	41	65	370	1165	325	41	107.984	114.557	120	117	116	116	115	114	114	113	113	112	109	103.745	872.894	1430	1187	1104	1034	970	888	801	710	621	533	300	0	0	0.000	0.000	0	0	0	0	0.000	0	0	0	0.000	0	0	0	0	0	0	0	0	0	0	0	0	0	0	0	0	0
12	12	419	310.929	107.864	0.896	35	59	168	136	15	35	59	168	136	15	107.642	125.795	135	133	131	130	128	126	125	123	121	117	112	103.303	572.296	830	780	736	686	629	578	536	493	420	340	205	0	0	0.000	0.000	0	0	0	0	0.000	0	0	0	0.000	0	0	0	0	0	0	0	0	0	0	0	0	0	0	0	0	0
13	13	2074	136.237	126.534	0.873	19	299	1528	187	15	19	299	1528	187	15	106.000	222.889	323	271	258	245	234	224	215	204	188	168	142	103.555	497.388	750	686	638	591	551	510	469	423	356	284	205	0	0	0.000	0.000	0	0	0	0	0.000	0	0	0	0.000	0	0	0	0	0	0	0	0	0	0	0	0	0	0	0	0	0
14	14	2049	401.637	125.962	0.865	48	839	1031	61	8	48	839	1031	61	8	108.403	140.767	164	152	149	146	144	142	139	135	132	129	116	104.694	1747.484	3245	2504	2245	2013	1840	1709	1564	1422	1241	1071	657	0	0	0.000	0.000	0	0	0	0	0.000	0	0	0	0.000	0	0	0	0	0	0	0	0	0	0	0	0	0	0	0	0	0
15	15	1684	341.685	133.412	0.854	20	159	659	740	76	20	159	659	740	76	108.074	130.521	145	139	137	136	134	132	129	126	124	120	111	104.360	705.399	1066	989	932	870	795	726	661	574	467	387	197	0	0	0.000	0.000	0	0	0	0	0.000	0	0	0	0.000	0	0	0	0	0	0	0	0	0	0	0	0	0	0	0	0	0
16	16	1555	280.868	128.966	0.871	72	97	622	688	54	72	97	622	688	54	107.412	126.441	138	135	133	131	129	127	125	123	120	117	110	103.000	631.499	950	831	765	716	669	622	585	549	505	446	273	0	0	0.000	0.000	0	0	0	0	0.000	0	0	0	0.000	0	0	0	0	0	0	0	0	0	0	0	0	0	0	0	0	0
17	17	1862	76.984	140.238	0.865	105	408	1103	199	25	105	408	1103	199	25	105.543	112.009	120	115	114	113	112	112	111	111	110	109	107	102.588	114.424	128	119	118	116	115	114	113	113	111	110	103	0	0	0.000	0.000	0	0	0	0	0.000	0	0	0	0.000	0	0	0	0	0	0	0	0	0	0	0	0	0	0	0	0	0
18	18	1601	1776.144	142.807	0.904	470	922	138	33	18	470	922	138	33	18	107.303	113.894	121	117	115	115	114	114	113	113	112	112	108	103.409	956.548	1698	1262	1169	1093	1030	975	907	829	730	613	353	0	0	0.000	0.000	0	0	0	0	0.000	0	0	0	0.000	0	0	0	0	0	0	0	0	0	0	0	0	0	0	0	0	0
19	19	2737	1836.327	160.236	0.887	245	906	1411	128	9	245	906	1411	128	9	107.733	114.478	123	118	116	115	115	114	114	113	112	112	109	103.851	949.592	1911	1377	1264	1158	1045	946	854	753	634	486	289	0	0	0.000	0.000	0	0	0	0	0.000	0	0	0	0.000	0	0	0	0	0	0	0	0	0	0	0	0	0	0	0	0	0
20	20	1974	369.599	171.842	0.886	30	130	966	768	45	30	130	966	768	45	108.050	139.396	164	153	150	148	144	140	137	133	128	123	113	104.295	2358.022	3688	3357	3154	2912	2673	2430	2181	1869	1587	1304	518	0	0	0.000	0.000	0	0	0	0	0.000	0	0	0	0.000	0	0	0	0	0	0	0	0	0	0	0	0	0	0	0	0	0
21	21	1315	112.386	171.089	0.896	23	151	330	756	40	23	151	330	756	40	106.135	197.972	271	258	246	228	213	198	184	169	154	136	114	103.984	579.264	817	769	733	683	639	602	555	492	426	357	251	0	0	0.000	0.000	0	0	0	0	0.000	0	0	0	0.000	0	0	0	0	0	0	0	0	0	0	0	0	0	0	0	0	0
22	22	1108	235.389	182.751	0.906	72	272	534	179	26	72	272	534	179	26	108.000	135.726	156	152	149	145	141	136	131	126	122	119	113	103.652	122.064	133	127	125	124	123	122	121	120	119	118	112	0	0	0.000	0.000	0	0	0	0	0.000	0	0	0	0.000	0	0	0	0	0	0	0	0	0	0	0	0	0	0	0	0	0
23	23	1961	182.597	191.335	0.886	54	368	1020	455	28	54	368	1020	455	28	107.019	116.680	125	121	119	119	118	117	116	115	114	113	109	104.649	3067.868	4516	4145	3842	3598	3382	3190	2993	2720	2261	1731	944	0	0	0.000	0.000	0	0	0	0	0.000	0	0	0	0.000	0	0	0	0	0	0	0	0	0	0	0	0	0	0	0	0	0
24	24	957	63.871	186.746	0.916	31	388	445	63	8	31	388	445	63	8	106.000	111.175	118	113	113	112	111	111	111	110	110	109	106	102.706	115.701	127	121	119	118	117	116	115	114	112	110	106	0	0	0.000	0.000	0	0	0	0	0.000	0	0	0	0.000	0	0	0	0	0	0	0	0	0	0	0	0	0	0	0	0	0
25	25	2035	1350.684	212.072	0.877	173	742	943	109	14	173	742	943	109	14	108.804	117.196	129	122	119	118	117	116	116	115	115	114	111	103.000	124.901	138	131	129	128	126	125	124	123	121	118	107	0	0	0.000	0.000	0	0	0	0	0.000	0	0	0	0.000	0	0	0	0	0	0	0	0	0	0	0	0	0	0	0	0	0
26	26	1778	1287.276	212.996	0.908	55	384	996	273	35	55	384	996	273	35	108.787	117.871	127	122	121	119	118	117	117	116	115	114	112	103.520	123.671	143	133	130	128	125	123	121	119	118	116	107	0	0	0.000	0.000	0	0	0	0	0.000	0	0	0	0.000	0	0	0	0	0	0	0	0	0	0	0	0	0	0	0	0	0
27	27	1914	139.436	227.775	0.892	534	1241	80	15	8	534	1241	80	15	8	107.000	117.747	125	122	121	120	119	118	117	116	115	114	110	104.181	2953.956	4669	4405	4097	3740	3440	3104	2696	2279	1787	1282	812	0	0	0.000	0.000	0	0	0	0	0.000	0	0	0	0.000	0	0	0	0	0	0	0	0	0	0	0	0	0	0	0	0	0
28	28	2043	409.794	227.319	0.887	52	154	1012	732	55	52	154	1012	732	55	108.295	118.303	126	122	121	120	119	118	117	117	116	115	112	104.000	151.671	180	167	163	160	156	153	150	145	139	134	121	0	0	0.000	0.000	0	0	0	0	0.000	0	0	0	0.000	0	0	0	0	0	0	0	0	0	0	0	0	0	0	0	0	0
29	29	1501	52.286	234.560	0.878	79	336	836	205	25	79	336	836	205	25	105.578	460.276	6690	666	331	288	266	240	216	197	178	160	137	101.874	125.702	158	139	134	131	128	125	123	120	117	113	105	1	100	39.233	235.145	0	0	0	2738	3036.220	0	0	128	127.860	0	0	0	0	0	0	0	0	0	0	0	0	0	0	0	0	0
30	30	383	1480.621	228.144	0.924	12	54	140	141	30	12	54	140	141	30	108.000	114.029	118	116	115	115	114	114	114	113	113	112	110	103.000	131.436	148	143	140	137	134	132	129	126	123	120	113	0	0	0.000	0.000	0	0	0	0	0.000	0	0	0	0.000	0	0	0	0	0	0	0	0	0	0	0	0	0	0	0	0	0
31	31	1480	1126.741	242.743	0.914	45	77	505	758	65	45	77	505	758	65	109.830	180.141	225	213	205	196	188	181	172	166	157	146	130	103.095	1219.167	1820	1685	1593	1467	1339	1215	1095	992	876	752	486	0	0	0.000	0.000	0	0	0	0	0.000	0	0	0	0.000	0	0	0	0	0	0	0	0	0	0	0	0	0	0	0	0	0
32	32	2092	352.853	249.452	0.886	1463	514	37	15	10	1463	514	37	15	10	108.935	151.071	1140	154	124	123	121	120	120	119	117	116	112	104.000	165.956	801	174	164	158	154	150	145	140	136	131	119	1	127	343.712	262.751	0	0	0	517	560.795	0	0	393	421.441	0	0	1	92	343.141	262.693	0	0	0	626	642.033	0	0	468	480.304	0	0
33	33	2530	472.836	250.583	0.882	96	690	1467	219	16	96	690	1467	219	16	108.212	121.179	137	129	126	124	122	120	119	117	116	115	110	103.405	152.175	175	166	163	160	157	154	152	148	141	133	121	0	0	0.000	0.000	0	0	0	0	0.000	0	0	0	0.000	0	0	0	0	0	0	0	0	0	0	0	0	0	0	0	0	0
34	34	1724	1513.075	249.847	0.897	39	104	670	796	88	39	104	670	796	88	108.026	114.715	123	117	116	116	115	114	114	114	113	112	109	103.000	144.146	166	157	153	150	148	145	142	139	135	131	115	0	0	0.000	0.000	0	0	0	0	0.000	0	0	0	0.000	0	0	0	0	0	0	0	0	0	0	0	0	0	0	0	0	0
35	35	1904	582.823	253.970	0.909	516	1171	116	59	11	516	1171	116	59	11	108.361	159.038	190	181	177	173	168	162	154	147	140	133	120	103.619	500.215	812	717	646	617	575	526	466	382	310	260	192	0	0	0.000	0.000	0	0	0	0	0.000	0	0	0	0.000	0	0	0	0	0	0	0	0	0	0	0	0	0	0	0	0	0
36	36	2526	1315.392	261.964	0.889	326	940	1095	111	14	326	940	1095	111	14	108.968	117.707	126	122	120	119	118	117	117	116	115	114	111	103.779	122.259	137	128	126	125	124	123	121	120	118	116	107	0	0	0.000	0.000	0	0	0	0	0.000	0	0	0	0.000	0	0	0	0	0	0	0	0	0	0	0	0	0	0	0	0	0
37	37	536	1446.260	251.347	0.927	40	96	253	121	14	40	96	253	121	14	108.828	113.722	118	116	115	114	114	114	113	113	112	112	110	102.942	130.560	149	142	139	136	133	131	129	126	123	118	110	0	0	0.000	0.000	0	0	0	0	0.000	0	0	0	0.000	0	0	0	0	0	0	0	0	0	0	0	0	0	0	0	0	0
38	38	842	1993.308	256.258	0.932	180	230	211	176	34	180	230	211	176	34	106.963	132.571	157	150	144	139	135	132	128	125	121	118	113	102.000	413.253	586	551	527	505	471	426	379	334	291	257	202	0	0	0.000	0.000	0	0	0	0	0.000	0	0	0	0.000	0	0	0	0	0	0	0	0	0	0	0	0	0	0	0	0	0
39	39	1456	1406.659	267.039	0.892	76	108	420	674	143	76	108	420	674	143	109.000	115.766	125	119	117	117	116	115	115	115	114	113	110	102.987	176.481	227	207	201	191	183	175	169	162	153	146	130	0	0	0.000	0.000	0	0	0	0	0.000	0	0	0	0.000	0	0	0	0	0	0	0	0	0	0	0	0	0	0	0	0	0
40	40	1812	1164.440	275.944	0.896	30	164	1356	206	26	30	164	1356	206	26	109.989	194.417	244	226	220	214	206	198	188	179	169	157	132	104.000	1319.915	2095	1747	1647	1574	1465	1355	1241	1107	976	797	500	0	0	0.000	0.000	0	0	0	0	0.000	0	0	0	0.000	0	0	0	0	0	0	0	0	0	0	0	0	0	0	0	0	0
41	41	373	926.988	264.682	0.873	19	79	156	92	19	19	79	156	92	19	108.952	231.284	292	273	257	246	237	230	224	216	207	194	170	102.952	122.107	132	128	126	124	123	122	121	120	119	116	113	0	0	0.000	0.000	0	0	0	0	0.000	0	0	0	0.000	0	0	0	0	0	0	0	0	0	0	0	0	0	0	0	0	0
42	42	2021	965.730	289.477	0.875	120	1152	629	78	7	120	1152	629	78	7	109.000	391.744	1379	672	449	386	355	332	313	279	251	227	180	103.000	127.715	150	134	132	131	129	128	127	125	123	121	111	2	59	953.720	297.583	66	978.656	282.078	1034	1042.559	956	947.136	138	137.915	129	129.424	0	0	0	0	0	0	0	0	0	0	0	0	0	0	0
43	43	1804	1456.677	293.449	0.901	23	138	1300	286	14	23	138	1300	286	14	109.022	116.884	125	120	119	118	117	117	116	115	115	114	112	103.000	164.442	217	188	180	175	170	163	158	153	148	142	123	0	0	0.000	0.000	0	0	0	0	0.000	0	0	0	0.000	0	0	0	0	0	0	0	0	0	0	0	0	0	0	0	0	0
44	44	2021	908.305	318.553	0.845	66	570	1170	171	10	66	570	1170	171	10	109.805	271.826	434	336	321	303	287	270	255	237	219	202	165	103.000	126.848	139	133	131	130	128	127	125	124	123	121	112	0	0	0.000	0.000	0	0	0	0	0.000	0	0	0	0.000	0	0	0	0	0	0	0	0	0	0	0	0	0	0	0	0	0
45	45	3163	395.623	357.538	0.873	886	2136	62	19	14	886	2136	62	19	14	109.094	325.079	2881	716	223	163	154	150	148	144	140	131	117	104.274	185.497	526	235	185	179	173	168	163	157	151	141	112	1	374	393.197	350.205	0	0	0	1373	1478.163	0	0	337	345.497	0	0	1	220	393.416	350.551	0	0	0	1912	1946.718	0	0	416	413.827	0	0
46	46	2089	1943.242	357.836	0.912	762	1005	221	64	10	762	1005	221	64	10	108.032	116.648	130	121	119	118	117	116	116	115	114	113	109	103.000	1307.643	1932	1779	1684	1596	1501	1403	1273	1118	919	661	320	0	0	0.000	0.000	0	0	0	0	0.000	0	0	0	0.000	0	0	0	0	0	0	0	0	0	0	0	0	0	0	0	0	0
47	47	1634	450.198	358.784	0.888	534	346	405	280	40	534	346	405	280	40	109.820	153.015	181	172	167	163	159	154	149	143	138	133	123	105.000	630.337	928	829	784	749	718	670	603	525	447	374	264	0	0	0.000	0.000	0	0	0	0	0.000	0	0	0	0.000	0	0	0	0	0	0	0	0	0	0	0	0	0	0	0	0	0
48	48	2554	1367.164	368.730	0.904	83	319	1628	453	28	83	319	1628	453	28	109.210	320.235	595	414	386	363	344	322	300	280	254	222	168	102.864	1408.012	2243	1990	1791	1682	1571	1452	1311	1163	1006	773	390	0	0	0.000	0.000	0	0	0	0	0.000	0	0	0	0.000	0	0	0	0	0	0	0	0	0	0	0	0	0	0	0	0	0
49	49	871	917.364	377.759	0.860	415	329	53	32	20	415	329	53	32	20	110.000	671.520	8324	1344	482	420	360	319	289	266	232	180	134	103.000	142.712	189	169	159	151	146	141	137	133	128	118	108	1	79	912.431	372.366	0	0	0	3311	3640.215	0	0	167	166.734	0	0	0	0	0	0	0	0	0	0	0	0	0	0	0	0	0
50	50	2793	1431.525	390.918	0.889	194	1242	1185	104	19	194	1242	1185	104	19	110.000	361.836	472	434	422	406	393	378	362	341	309	254	153	103.083	1618.511	2275	2038	1963	1886	1800	1707	1602	1477	1317	1060	317	0	0	0.000	0.000	0	0	0	0	0.000	0	0	0	0.000	0	0	0	0	0	0	0	0	0	0	0	0	0	0	0	0	0
51	51	2557	472.378	412.693	0.861	191	576	1587	132	14	191	576	1587	132	14	109.199	165.614	192	184	179	175	171	167	164	160	153	144	121	104.071	715.730	1060	935	881	825	775	723	670	615	567	485	305	0	0	0.000	0.000	0	0	0	0	0.000	0	0	0	0.000	0	0	0	0	0	0	0	0	0	0	0	0	0	0	0	0	0
52	52	1940	220.206	407.112	0.892	169	956	678	85	10	169	956	678	85	10	107.984	201.169	235	226	221	217	212	206	199	191	181	167	144	104.102	2854.861	3877	3669	3536	3396	3197	3005	2811	2552	2191	1720	847	0	0	0.000	0.000	0	0	0	0	0.000	0	0	0	0.000	0	0	0	0	0	0	0	0	0	0	0	0	0	0	0	0	0
53	53	2369	387.739	427.985	0.833	2035	138	96	64	24	2035	138	96	64	24	109.000	133.930	151	144	142	139	136	134	132	129	126	123	116	103.150	151.740	187	175	169	163	157	151	145	140	135	130	114	0	0	0.000	0.000	0	0	0	0	0.000	0	0	0	0.000	0	0	0	0	0	0	0	0	0	0	0	0	0	0	0	0	0
54	54	1270	1564.140	421.171	0.884	96	568	555	21	3	96	568	555	21	3	109.639	151.995	178	170	164	160	157	155	150	145	138	132	120	103.353	682.194	1056	902	819	768	732	685	641	599	537	455	334	0	0	0.000	0.000	0	0	0	0	0.000	0	0	0	0.000	0	0	0	0	0	0	0	0	0	0	0	0	0	0	0	0	0
55	55	2626	111.392	439.034	0.866	36	1499	985	38	17	36	1499	985	38	17	106.946	173.740	206	197	193	189	183	177	169	161	153	148	124	104.059	1797.073	2947	2662	2576	2464	2261	1940	1525	1181	945	739	493	0	0	0.000	0.000	0	0	0	0	0.000	0	0	0	0.000	0	0	0	0	0	0	0	0	0	0	0	0	0	0	0	0	0
56	56	2405	173.480	441.172	0.891	31	199	1000	1030	85	31	199	1000	1030	85	107.988	171.286	224	200	188	182	178	172	165	158	151	144	131	104.988	2069.755	3570	3014	2734	2546	2371	2193	1961	1602	1233	938	719	0	0	0.000	0.000	0	0	0	0	0.000	0	0	0	0.000	0	0	0	0	0	0	0	0	0	0	0	0	0	0	0	0	0
57	57	1849	1518.227	442.599	0.867	50	92	738	810	125	50	92	738	810	125	110.000	145.424	187	171	163	156	148	142	136	133	130	125	111	103.365	542.942	1070	921	796	702	612	501	409	337	288	248	136	0	0	0.000	0.000	0	0	0	0	0.000	0	0	0	0.000	0	0	0	0	0	0	0	0	0	0	0	0	0	0	0	0	0
58	58	1806	47.254	447.793	0.802	13	86	518	982	155	13	86	518	982	155	105.223	186.096	228	214	210	204	197	189	181	171	162	151	133	101.768	2581.405	3275	3153	3083	2996	2866	2718	2540	2312	2053	1781	1133	0	0	0.000	0.000	0	0	0	0	0.000	0	0	0	0.000	0	0	0	0	0	0	0	0	0	0	0	0	0	0	0	0	0
59	59	1718	373.850	487.177	0.903	590	1075	7	7	2	590	1075	7	7	2	108.024	137.175	153	146	143	141	140	138	136	134	131	126	118	102.969	161.075	190	180	176	173	170	166	161	153	145	134	115	0	0	0.000	0.000	0	0	0	0	0.000	0	0	0	0.000	0	0	0	0	0	0	0	0	0	0	0	0	0	0	0	0	0
60	60	612	1301.919	481.406	0.914	13	51	232	235	63	13	51	232	235	63	109.000	177.111	223	205	197	191	184	176	169	162	156	151	141	102.034	115.209	125	120	119	117	116	115	114	113	112	111	106	0	0	0.000	0.000	0	0	0	0	0.000	0	0	0	0.000	0	0	0	0	0	0	0	0	0	0	0	0	0	0	0	0	0
61	61	1396	853.891	514.421	0.898	34	193	657	414	65	34	193	657	414	65	108.671	117.525	125	120	119	118	118	117	117	116	116	115	112	103.827	1414.626	2118	1847	1719	1621	1524	1430	1340	1255	1102	927	607	0	0	0.000	0.000	0	0	0	0	0.000	0	0	0	0.000	0	0	0	0	0	0	0	0	0	0	0	0	0	0	0	0	0
62	62	1817	1327.820	517.608	0.898	52	524	1054	141	10	52	524	1054	141	10	109.711	352.172	2501	481	379	348	319	292	268	242	214	186	147	102.878	125.078	139	132	130	129	128	126	124	122	120	116	109	1	85	1325.644	513.384	0	0	0	1288	1375.824	0	0	129	128.047	0	0	0	0	0	0	0	0	0	0	0	0	0	0	0	0	0
63	63	1467	386.453	532.589	0.898	12	137	882	385	26	12	137	882	385	26	108.000	139.589	157	151	147	144	142	139	137	135	133	129	120	103.000	161.278	196	182	177	173	167	162	156	151	146	141	116	0	0	0.000	0.000	0	0	0	0	0.000	0	0	0	0.000	0	0	0	0	0	0	0	0	0	0	0	0	0	0	0	0	0
64	64	1152	1936.548	541.101	0.902	47	178	558	323	33	47	178	558	323	33	108.000	134.774	208	181	152	135	127	122	120	119	118	116	112	103.000	479.056	848	673	599	544	511	477	437	397	353	302	205	1	203	1941.681	537.496	0	0	0	182	181.813	0	0	520	535.424	0	0	0	0	0	0	0	0	0	0	0	0	0	0	0	0	0
65	65	1961	458.213	554.658	0.874	35	504	941	407	37	35	504	941	407	37	108.977	115.849	122	119	118	117	116	116	115	115	114	113	111	103.871	458.743	773	666	607	558	517	478	422	368	292	228	184	0	0	0.000	0.000	0	0	0	0	0.000	0	0	0	0.000	0	0	0	0	0	0	0	0	0	0	0	0	0	0	0	0	0
66	66	1617	888.434	551.623	0.906	54	659	747	107	19	54	659	747	107	19	108.876	118.033	123	121	120	119	119	118	117	117	116	116	112	103.537	1518.470	2520	1991	1857	1753	1647	1536	1426	1316	1198	965	489	0	0	0.000	0.000	0	0	0	0	0.000	0	0	0	0.000	0	0	0	0	0	0	0	0	0	0	0	0	0	0	0	0	0
67	67	2239	2002.353	580.531	0.854	20	278	1342	519	38	20	278	1342	519	38	107.624	155.646	194	181	176	170	163	156	149	142	135	130	116	102.131	970.659	1544	1447	1370	1249	1122	990	851	716	590	454	230	0	0	0.000	0.000	0	0	0	0	0.000	0	0	0	0.000	0	0	0	0	0	0	0	0	0	0	0	0	0	0	0	0	0
68	68	1493	1331.038	571.193	0.911	56	651	676	83	12	56	651	676	83	12	109.979	381.987	1977	553	410	371	335	311	288	268	253	224	160	102.864	122.758	143	130	128	126	125	123	122	120	118	115	106	1	93	1336.159	566.626	0	0	0	1165	1210.935	0	0	133	132.914	0	0	0	0	0	0	0	0	0	0	0	0	0	0	0	0	0
69	69	1177	1919.348	578.919	0.904	57	161	640	281	14	57	161	640	281	14	108.986	142.466	160	153	149	147	146	144	142	138	134	130	123	103.000	770.666	1128	974	912	871	833	787	728	676	619	552	374	0	0	0.000	0.000	0	0	0	0	0.000	0	0	0	0.000	0	0	0	0	0	0	0	0	0	0	0	0	0	0	0	0	0
70	70	1804	497.335	591.229	0.896	27	78	630	884	148	27	78	630	884	148	109.000	117.280	126	122	120	119	117	116	116	115	115	114	111	104.000	533.669	759	703	665	623	581	543	512	477	415	346	155	0	0	0.000	0.000	0	0	0	0	0.000	0	0	0	0.000	0	0	0	0	0	0	0	0	0	0	0	0	0	0	0	0	0
71	71	1992	428.886	599.879	0.844	37	96	954	835	26	37	96	954	835	26	108.870	115.714	124	119	117	117	116	115	115	114	114	113	110	103.705	461.156	704	622	578	536	494	463	422	384	347	310	208	0	0	0.000	0.000	0	0	0	0	0.000	0	0	0	0.000	0	0	0	0	0	0	0	0	0	0	0	0	0	0	0	0	0
72	72	1286	370.628	599.740	0.913	25	178	699	332	28	25	178	699	332	28	108.177	116.022	126	120	118	117	116	115	115	114	114	113	110	103.006	436.737	694	578	536	494	463	430	403	374	345	300	211	0	0	0.000	0.000	0	0	0	0	0.000	0	0	0	0.000	0	0	0	0	0	0	0	0	0	0	0	0	0	0	0	0	0
73	73	1271	723.994	597.792	0.899	86	205	754	193	13	86	205	754	193	13	109.976	116.122	123	119	118	117	117	116	116	115	114	113	111	102.745	594.774	999	872	806	737	682	631	571	475	399	252	123	0	0	0.000	0.000	0	0	0	0	0.000	0	0	0	0.000	0	0	0	0	0	0	0	0	0	0	0	0	0	0	0	0	0
74	74	1697	1957.741	607.575	0.896	26	542	823	245	22	26	542	823	245	22	108.494	148.712	179	167	160	156	152	149	145	141	138	132	115	103.000	851.741	1408	1262	1116	1041	966	877	763	644	546	465	238	0	0	0.000	0.000	0	0	0	0	0.000	0	0	0	0.000	0	0	0	0	0	0	0	0	0	0	0	0	0	0	0	0	0
75	75	675	1325.204	608.327	0.930	27	49	191	327	66	27	49	191	327	66	110.000	210.496	276	256	245	233	221	209	199	188	177	164	147	102.307	115.727	123	120	119	118	117	116	115	114	112	111	106	0	0	0.000	0.000	0	0	0	0	0.000	0	0	0	0.000	0	0	0	0	0	0	0	0	0	0	0	0	0	0	0	0	0
76	76	1932	496.651	694.505	0.909	904	894	67	16	8	904	894	67	16	8	109.438	120.179	134	126	123	121	120	119	119	118	117	116	112	104.000	1228.889	1988	1627	1540	1425	1324	1252	1173	1093	964	758	366	0	0	0.000	0.000	0	0	0	0	0.000	0	0	0	0.000	0	0	0	0	0	0	0	0	0	0	0	0	0	0	0	0	0
77	77	1415	163.904	694.866	0.902	17	85	661	535	90	17	85	661	535	90	107.455	170.493	543	180	175	172	168	163	159	154	149	139	124	102.000	406.045	754	516	493	459	429	405	377	352	324	294	199	1	48	147.294	694.206	0	0	0	361	369.604	0	0	578	562.208	0	0	0	0	0	0	0	0	0	0	0	0	0	0	0	0	0
78	78	319	196.936	689.011	0.915	14	32	110	113	44	14	32	110	113	44	108.000	140.370	157	153	150	148	145	142	139	136	131	125	116	102.000	267.361	351	328	314	300	284	269	257	246	221	202	170	0	0	0.000	0.000	0	0	0	0	0.000	0	0	0	0.000	0	0	0	0	0	0	0	0	0	0	0	0	0	0	0	0	0
79	79	1543	1851.220	700.526	0.882	49	460	900	96	10	49	460	900	96	10	109.071	122.542	134	128	126	125	124	123	121	120	119	118	112	103.553	857.459	1301	1188	1133	1077	1005	916	810	681	544	425	272	0	0	0.000	0.000	0	0	0	0	0.000	0	0	0	0.000	0	0	0	0	0	0	0	0	0	0	0	0	0	0	0	0	0
80	80	1801	205.591	724.280	0.904	32	180	1028	488	33	32	180	1028	488	33	108.000	173.830	672	195	176	168	164	159	155	148	142	135	121	102.000	384.550	942	517	474	444	408	372	342	318	283	242	193	1	95	211.347	735.481	0	0	0	401	419.105	0	0	606	591.926	0	0	0	0	0	0	0	0	0	0	0	0	0	0	0	0	0
81	81	2067	535.189	735.434	0.882	39	470	1175	328	26	39	470	1175	328	26	110.000	161.069	187	176	173	169	167	164	162	156	148	140	123	104.469	1745.497	2328	2199	2090	1993	1896	1810	1720	1606	1454	1169	569	0	0	0.000	0.000	0	0	0	0	0.000	0	0	0	0.000	0	0	0	0	0	0	0	0	0	0	0	0	0	0	0	0	0
82	82	1712	1818.299	740.223	0.881	65	293	984	321	22	65	293	984	321	22	109.841	122.919	134	128	126	125	124	123	122	121	120	118	113	103.726	893.164	1380	1240	1166	1091	1014	945	848	740	589	453	236	0	0	0.000	0.000	0	0	0	0	0.000	0	0	0	0.000	0	0	0	0	0	0	0	0	0	0	0	0	0	0	0	0	0
83	83	525	1619.296	756.110	0.928	30	63	222	184	16	30	63	222	184	16	111.000	115.945	122	119	118	117	116	116	115	115	114	114	111	103.000	115.320	123	119	118	117	116	115	114	114	113	112	108	0	0	0.000	0.000	0	0	0	0	0.000	0	0	0	0.000	0	0	0	0	0	0	0	0	0	0	0	0	0	0	0	0	0
84	84	2271	581.115	778.075	0.855	16	210	989	949	61	16	210	989	949	61	109.591	152.529	180	170	165	161	157	153	150	145	139	134	119	103.846	1403.096	2343	2075	1840	1690	1549	1398	1249	1127	968	741	327	0	0	0.000	0.000	0	0	0	0	0.000	0	0	0	0.000	0	0	0	0	0	0	0	0	0	0	0	0	0	0	0	0	0
85	85	1407	1591.844	777.965	0.891	12	578	596	177	23	12	578	596	177	23	111.000	116.849	125	120	119	118	117	116	116	115	115	114	112	103.000	122.795	133	128	126	125	124	123	122	121	120	117	109	0	0	0.000	0.000	0	0	0	0	0.000	0	0	0	0.000	0	0	0	0	0	0	0	0	0	0	0	0	0	0	0	0	0
86	86	575	1834.416	777.771	0.926	50	135	223	137	20	50	135	223	137	20	109.000	119.205	125	123	122	121	120	119	118	117	116	115	112	103.014	582.718	917	845	797	741	695	642	572	461	339	220	128	0	0	0.000	0.000	0	0	0	0	0.000	0	0	0	0.000	0	0	0	0	0	0	0	0	0	0	0	0	0	0	0	0	0
87	87	2624	728.415	812.327	0.866	1079	1369	43	16	11	1079	1369	43	16	11	110.000	140.385	162	154	151	148	145	142	138	134	129	125	118	103.000	136.464	162	152	148	144	141	137	133	129	125	121	113	0	0	0.000	0.000	0	0	0	0	0.000	0	0	0	0.000	0	0	0	0	0	0	0	0	0	0	0	0	0	0	0	0	0
88	88	1577	1628.926	807.340	0.907	40	673	779	38	13	40	673	779	38	13	111.000	116.695	122	119	118	118	117	117	116	116	115	115	112	103.000	124.678	137	130	128	127	126	125	124	123	122	119	110	0	0	0.000	0.000	0	0	0	0	0.000	0	0	0	0.000	0	0	0	0	0	0	0	0	0	0	0	0	0	0	0	0	0
89	89	1408	985.416	806.288	0.891	253	893	211	17	9	253	893	211	17	9	111.000	369.162	1477	747	471	365	301	258	236	224	198	174	145	102.320	118.169	140	127	123	121	119	118	116	114	113	111	106	1	179	994.218	799.990	0	0	0	918	953.503	0	0	122	122.397	0	0	0	0	0	0	0	0	0	0	0	0	0	0	0	0	0
90	90	2065	44.292	824.885	0.895	17	175	1016	751	72	17	175	1016	751	72	105.393	116.673	128	121	120	119	118	116	115	114	113	112	109	102.430	604.403	874	801	767	731	692	641	581	517	442	332	236	0	0	0.000	0.000	0	0	0	0	0.000	0	0	0	0.000	0	0	0	0	0	0	0	0	0	0	0	0	0	0	0	0	0
91	91	864	770.925	854.260	0.890	110	210	370	126	31	110	210	370	126	31	109.845	118.223	125	122	120	120	119	118	117	117	116	115	113	103.000	110.696	118	115	113	113	111	111	110	109	108	107	104	0	0	0.000	0.000	0	0	0	0	0.000	0	0	0	0.000	0	0	0	0	0	0	0	0	0	0	0	0	0	0	0	0	0
92	92	1375	287.547	873.988	0.921	95	590	530	117	14	95	590	530	117	14	107.612	183.740	254	228	214	202	189	178	169	163	156	149	133	102.000	118.298	131	125	123	120	119	118	117	116	114	113	106	0	0	0.000	0.000	0	0	0	0	0.000	0	0	0	0.000	0	0	0	0	0	0	0	0	0	0	0	0	0	0	0	0	0
93	93	1868	50.328	882.174	0.898	31	287	1118	308	97	31	287	1118	308	97	105.326	116.216	127	121	119	118	117	116	115	114	113	112	109	102.325	500.824	754	685	636	593	549	501	453	413	371	314	232	0	0	0.000	0.000	0	0	0	0	0.000	0	0	0	0.000	0	0	0	0	0	0	0	0	0	0	0	0	0	0	0	0	0
94	94	1962	1349.125	921.292	0.874	169	824	804	106	22	169	824	804	106	22	111.000	1141.906	19678	1775	616	529	480	453	431	383	341	296	196	103.000	121.176	156	132	127	124	122	119	117	116	114	112	107	1	130	1340.247	923.113	0	0	0	8384	9001.062	0	0	140	139.408	0	0	0	0	0	0	0	0	0	0	0	0	0	0	0	0	0
95	95	1633	608.201	941.542	0.905	84	571	798	134	13	84	571	798	134	13	109.996	140.476	158	152	150	149	147	143	139	134	130	124	116	104.000	972.028	1466	1320	1262	1184	1104	1012	907	809	679	556	322	0	0	0.000	0.000	0	0	0	0	0.000	0	0	0	0.000	0	0	0	0	0	0	0	0	0	0	0	0	0	0	0	0	0
96	96	1878	1271.650	981.543	0.896	68	574	902	289	11	68	574	902	289	11	111.000	142.129	160	153	149	147	146	143	140	137	134	130	123	102.781	115.290	126	120	118	117	116	115	114	114	112	111	105	0	0	0.000	0.000	0	0	0	0	0.000	0	0	0	0.000	0	0	0	0	0	0	0	0	0	0	0	0	0	0	0	0	0
97	97	1856	582.633	993.057	0.867	60	108	810	786	65	60	108	810	786	65	110.259	141.082	161	156	152	148	145	141	137	133	130	127	121	103.920	732.940	1115	1034	967	902	841	767	683	581	480	384	264	0	0	0.000	0.000	0	0	0	0	0.000	0	0	0	0.000	0	0	0	0	0	0	0	0	0	0	0	0	0	0	0	0	0
98	98	1601	258.732	999.661	0.897	61	352	1112	27	19	61	352	1112	27	19	108.518	136.924	155	147	146	144	141	138	135	131	129	124	114	102.056	122.804	138	130	128	127	125	124	121	119	118	115	105	0	0	0.000	0.000	0	0	0	0	0.000	0	0	0	0.000	0	0	0	0	0	0	0	0	0	0	0	0	0	0	0	0	0
99	99	597	1311.133	996.763	0.924	52	181	182	132	42	52	181	182	132	42	111.000	137.889	150	146	144	143	141	138	136	134	131	129	123	103.000	112.660	122	117	115	114	113	112	112	111	110	109	106	0	0	0.000	0.000	0	0	0	0	0.000	0	0	0	0.000	0	0	0	0	0	0	0	0	0	0	0	0	0	0	0	0	0
100	100	427	1061.594	1009.666	0.925	46	127	187	50	10	46	127	187	50	10	109.415	116.827	122	120	119	118	118	117	116	116	115	114	112	103.002	495.504	818	724	650	586	523	469	430	396	358	312	246	0	0	0.000	0.000	0	0	0	0	0.000	0	0	0	0.000	0	0	0	0	0	0	0	0	0	0	0	0	0	0	0	0	0
101	101	1954	1024.763	1024.778	0.871	50	284	1184	379	19	50	284	1184	379	19	110.931	121.026	127	124	123	122	122	121	120	120	119	118	112	103.998	1780.009	2462	2273	2186	2086	1976	1852	1714	1583	1406	1150	522	0	0	0.000	0.000	0	0	0	0	0.000	0	0	0	0.000	0	0	0	0	0	0	0	0	0	0	0	0	0	0	0	0	0
102	102	250	550.014	1017.286	0.884	16	38	123	62	6	16	38	123	62	6	110.008	135.968	147	142	140	139	137	136	135	133	132	130	125	103.000	564.464	671	644	629	613	590	575	550	531	503	478	396	0	0	0.000	0.000	0	0	0	0	0.000	0	0	0	0.000	0	0	0	0	0	0	0	0	0	0	0	0	0	0	0	0	0
103	103	1456	1305.801	1032.345	0.885	45	187	723	439	29	45	187	723	439	29	111.043	144.103	167	157	153	150	147	144	141	139	135	131	124	102.947	121.259	133	127	125	124	123	122	120	119	117	115	108	0	0	0.000	0.000	0	0	0	0	0.000	0	0	0	0.000	0	0	0	0	0	0	0	0	0	0	0	0	0	0	0	0	0
104	104	2200	868.858	1045.613	0.881	197	1848	111	9	7	197	1848	111	9	7	111.000	167.770	214	195	184	177	171	166	161	155	151	144	135	105.840	1488.706	2448	2245	2032	1868	1684	1488	1285	1084	915	775	546	0	0	0.000	0.000	0	0	0	0	0.000	0	0	0	0.000	0	0	0	0	0	0	0	0	0	0	0	0	0	0	0	0	0
105	105	322	272.478	1034.004	0.879	45	79	111	70	12	45	79	111	70	12	109.000	135.773	148	144	143	141	139	137	134	132	130	125	117	102.835	114.910	124	120	118	117	116	115	114	113	112	110	107	0	0	0.000	0.000	0	0	0	0	0.000	0	0	0	0.000	0	0	0	0	0	0	0	0	0	0	0	0	0	0	0	0	0
106	106	1586	1086.744	1045.118	0.856	21	286	852	376	22	21	286	852	376	22	109.905	120.024	129	124	122	121	121	120	119	119	118	117	114	103.132	1329.446	2084	1810	1700	1599	1499	1416	1318	1192	1002	674	178	0	0	0.000	0.000	0	0	0	0	0.000	0	0	0	0.000	0	0	0	0	0	0	0	0	0	0	0	0	0	0	0	0	0
107	107	1520	245.162	1057.449	0.906	24	79	393	943	48	24	79	393	943	48	108.570	135.932	154	146	143	141	138	136	134	132	129	126	117	102.811	121.926	134	128	126	125	123	122	121	120	118	116	105	0	0	0.000	0.000	0	0	0	0	0.000	0	0	0	0.000	0	0	0	0	0	0	0	0	0	0	0	0	0	0	0	0	0
108	108	2144	985.187	1061.645	0.844	22	194	1474	409	12	22	194	1474	409	12	112.000	252.656	1099	424	254	226	207	199	191	181	169	158	139	104.881	468.664	823	653	585	537	494	462	432	397	347	291	220	1	203	979.591	1052.508	0	0	0	651	687.330	0	0	660	655.394	0	0	0	0	0	0	0	0	0	0	0	0	0	0	0	0	0
109	109	895	1709.851	1057.486	0.930	195	368	257	35	19	195	368	257	35	19	111.170	131.638	142	139	136	134	133	131	130	129	128	125	118	104.825	728.993	1082	940	880	833	777	734	686	640	590	511	342	0	0	0.000	0.000	0	0	0	0	0.000	0	0	0	0.000	0	0	0	0	0	0	0	0	0	0	0	0	0	0	0	0	0
110	110	1537	1903.879	1068.624	0.913	638	385	282	168	28	638	385	282	168	28	110.798	127.022	137	133	132	131	129	128	126	124	122	120	114	106.634	1422.792	2236	1977	1876	1786	1678	1540	1384	1175	900	630	412	0	0	0.000	0.000	0	0	0	0	0.000	0	0	0	0.000	0	0	0	0	0	0	0	0	0	0	0	0	0	0	0	0	0
111	111	2065	905.932	1097.115	0.881	62	120	870	888	77	62	120	870	888	77	111.544	185.916	223	212	207	202	197	189	183	175	164	151	138	106.447	2037.729	3204	2780	2611	2477	2295	2079	1896	1690	1430	1112	817	0	0	0.000	0.000	0	0	0	0	0.000	0	0	0	0.000	0	0	0	0	0	0	0	0	0	0	0	0	0	0	0	0	0
112	112	1215	842.777	1092.836	0.918	517	182	280	186	33	517	182	280	186	33	110.853	160.013	198	182	178	174	168	161	154	148	140	134	125	106.335	1313.365	2048	1813	1678	1574	1475	1404	1257	1063	877	701	432	0	0	0.000	0.000	0	0	0	0	0.000	0	0	0	0.000	0	0	0	0	0	0	0	0	0	0	0	0	0	0	0	0	0
113	113	2427	1855.898	1102.750	0.846	48	94	762	1372	120	48	94	762	1372	120	111.496	137.231	153	146	143	142	140	138	136	133	131	128	118	107.000	3304.210	5239	4662	4345	4043	3680	3364	3018	2715	2326	1790	735	0	0	0.000	0.000	0	0	0	0	0.000	0	0	0	0.000	0	0	0	0	0	0	0	0	0	0	0	0	0	0	0	0	0
114	114	2164	1013.309	1115.509	0.873	65	991	1018	35	12	65	991	1018	35	12	111.850	203.341	246	232	226	223	218	211	203	190	176	161	147	104.760	520.276	760	658	628	597	568	540	513	485	411	326	229	0	0	0.000	0.000	0	0	0	0	0.000	0	0	0	0.000	0	0	0	0	0	0	0	0	0	0	0	0	0	0	0	0	0
115	115	1917	1238.384	1113.560	0.899	77	317	1176	284	26	77	317	1176	284	26	111.677	151.926	169	164	162	160	157	154	151	148	143	135	123	103.985	1066.429	1576	1416	1340	1266	1174	1085	1011	896	803	681	341	0	0	0.000	0.000	0	0	0	0	0.000	0	0	0	0.000	0	0	0	0	0	0	0	0	0	0	0	0	0	0	0	0	0
116	116	2363	1918.039	1119.357	0.704	15	424	1459	366	29	15	424	1459	366	29	110.719	138.590	155	148	146	145	143	141	138	134	130	125	115	106.145	3956.004	5598	5194	4990	4796	4577	4313	3965	3478	2827	2061	933	0	0	0.000	0.000	0	0	0	0	0.000	0	0	0	0.000	0	0	0	0	0	0	0	0	0	0	0	0	0	0	0	0	0
117	117	1974	199.065	1124.614	0.885	14	114	628	1053	122	14	114	628	1053	122	107.847	115.568	126	119	118	117	116	115	115	114	113	112	109	103.000	857.728	2043	1205	1106	1031	951	880	816	721	578	396	241	0	0	0.000	0.000	0	0	0	0	0.000	0	0	0	0.000	0	0	0	0	0	0	0	0	0	0	0	0	0	0	0	0	0
118	118	2180	940.082	1149.896	0.897	22	324	1692	98	10	22	324	1692	98	10	111.283	186.153	235	219	209	202	196	189	182	172	161	149	133	105.185	2052.120	3375	3004	2680	2457	2273	2064	1880	1663	1422	1075	645	0	0	0.000	0.000	0	0	0	0	0.000	0	0	0	0.000	0	0	0	0	0	0	0	0	0	0	0	0	0	0	0	0	0
119	119	1984	1282.639	1148.475	0.884	55	289	951	597	56	55	289	951	597	56	112.000	151.515	195	167	164	162	158	154	149	143	137	132	121	104.000	1116.528	1647	1514	1468	1411	1340	1240	1081	901	701	533	238	0	0	0.000	0.000	0	0	0	0	0.000	0	0	0	0.000	0	0	0	0	0	0	0	0	0	0	0	0	0	0	0	0	0
120	120	1906	201.975	1185.915	0.906	28	96	924	727	107	28	96	924	727	107	107.277	115.341	124	119	118	116	116	115	114	114	113	112	110	103.000	896.854	1483	1254	1170	1097	1033	972	901	778	571	388	273	0	0	0.000	0.000	0	0	0	0	0.000	0	0	0	0.000	0	0	0	0	0	0	0	0	0	0	0	0	0	0	0	0	0
121	121	1811	573.097	1185.297	0.882	29	263	915	514	57	29	263	915	514	57	110.065	156.119	175	168	165	163	161	159	157	152	146	139	125	104.000	644.501	846	797	758	722	691	657	623	588	533	472	297	0	0	0.000	0.000	0	0	0	0	0.000	0	0	0	0.000	0	0	0	0	0	0	0	0	0	0	0	0	0	0	0	0	0
122	122	1643	1312.038	1227.581	0.858	134	817	542	104	7	134	817	542	104	7	111.993	118.913	127	122	121	120	119	119	118	118	117	116	113	104.695	285.433	372	352	332	313	301	289	276	263	243	219	150	0	0	0.000	0.000	0	0	0	0	0.000	0	0	0	0.000	0	0	0	0	0	0	0	0	0	0	0	0	0	0	0	0	0
123	123	2317	600.140	1243.016	0.891	186	1671	374	24	12	186	1671	374	24	12	111.000	164.106	783	176	161	155	152	149	145	138	132	127	123	104.349	475.539	1588	676	606	568	527	475	417	360	287	231	193	1	112	602.853	1241.164	0	0	0	435	449.661	0	0	936	953.562	0	0	1	22	602.909	1241.442	0	0	0	664	654.455	0	0	1378	1336.591	0	0
124	124	1612	1235.695	1262.384	0.910	1093	414	28	25	25	1093	414	28	25	25	112.000	170.022	205	193	187	182	176	172	166	160	152	144	131	105.723	927.476	1495	1346	1231	1123	1012	909	809	718	636	555	305	0	0	0.000	0.000	0	0	0	0	0.000	0	0	0	0.000	0	0	0	0	0	0	0	0	0	0	0	0	0	0	0	0	0
125	125	1460	1079.350	1266.947	0.895	36	287	715	352	47	36	287	715	352	47	111.000	120.568	129	125	123	122	121	120	119	119	118	117	113	104.000	669.604	970	887	824	750	708	672	645	618	541	433	265	0	0	0.000	0.000	0	0	0	0	0.000	0	0	0	0.000	0	0	0	0	0	0	0	0	0	0	0	0	0	0	0	0	0
126	126	2080	1331.218	1276.480	0.887	10	99	805	987	130	10	99	805	987	130	112.006	118.816	125	121	121	120	119	119	118	118	117	116	114	105.000	244.289	383	331	302	277	256	237	218	201	186	174	151	0	0	0.000	0.000	0	0	0	0	0.000	0	0	0	0.000	0	0	0	0	0	0	0	0	0	0	0	0	0	0	0	0	0
127	127	1672	1281.472	1276.924	0.892	41	199	935	458	17	41	199	935	458	17	112.000	180.449	216	206	201	198	192	187	178	167	156	145	127	105.952	1417.398	2051	1861	1766	1699	1615	1527	1412	1254	1017	773	341	0	0	0.000	0.000	0	0	0	0	0.000	0	0	0	0.000	0	0	0	0	0	0	0	0	0	0	0	0	0	0	0	0	0
128	128	749	288.752	1282.624	0.847	126	301	232	63	14	126	301	232	63	14	108.821	150.617	183	174	165	159	152	148	144	141	137	133	126	102.968	127.545	147	138	134	132	129	127	125	123	120	118	111	0	0	0.000	0.000	0	0	0	0	0.000	0	0	0	0.000	0	0	0	0	0	0	0	0	0	0	0	0	0	0	0	0	0
129	129	2210	593.540	1299.422	0.894	80	674	982	400	32	80	674	982	400	32	111.000	168.299	213	193	186	180	175	169	163	155	149	142	130	104.996	596.435	983	842	776	712	664	605	549	477	407	337	231	0	0	0.000	0.000	0	0	0	0	0.000	0	0	0	0.000	0	0	0	0	0	0	0	0	0	0	0	0	0	0	0	0	0
130	130	2038	2016.850	1300.943	0.899	137	1119	601	111	33	137	1119	601	111	33	108.752	126.668	149	139	135	131	127	125	122	120	119	118	114	103.009	174.551	247	201	189	183	177	174	170	166	159	147	122	0	0	0.000	0.000	0	0	0	0	0.000	0	0	0	0.000	0	0	0	0	0	0	0	0	0	0	0	0	0	0	0	0	0
131	131	1346	1905.490	1301.076	0.921	125	468	584	125	20	125	468	584	125	20	111.245	126.752	147	137	132	130	128	126	124	123	121	118	115	104.000	1079.458	1867	1483	1330	1219	1132	1056	992	938	899	690	318	0	0	0.000	0.000	0	0	0	0	0.000	0	0	0	0.000	0	0	0	0	0	0	0	0	0	0	0	0	0	0	0	0	0
132	132	2172	1244.672	1316.487	0.905	49	284	1250	493	37	49	284	1250	493	37	111.911	179.806	220	208	202	196	190	184	175	165	156	147	130	105.345	1291.056	2137	1909	1757	1631	1480	1317	1153	991	793	620	396	0	0	0.000	0.000	0	0	0	0	0.000	0	0	0	0.000	0	0	0	0	0	0	0	0	0	0	0	0	0	0	0	0	0
133	133	1624	1105.205	1334.146	0.858	21	62	458	898	150	21	62	458	898	150	112.005	267.849	351	321	307	293	280	270	262	251	233	203	163	103.600	166.892	199	183	178	175	172	169	165	161	157	147	123	0	0	0.000	0.000	0	0	0	0	0.000	0	0	0	0.000	0	0	0	0	0	0	0	0	0	0	0	0	0	0	0	0	0
134	134	1804	1344.277	1333.289	0.858	78	494	1006	173	23	78	494	1006	173	23	112.000	119.040	127	123	121	120	119	118	118	117	117	116	112	104.326	347.085	530	478	432	396	373	346	318	287	260	231	174	0	0	0.000	0.000	0	0	0	0	0.000	0	0	0	0.000	0	0	0	0	0	0	0	0	0	0	0	0	0	0	0	0	0
135	135	1796	576.468	1354.998	0.891	26	152	797	704	89	26	152	797	704	89	111.492	168.362	208	191	183	179	175	170	165	158	150	144	130	104.120	599.149	946	821	751	692	647	609	560	511	440	363	279	0	0	0.000	0.000	0	0	0	0	0.000	0	0	0	0.000	0	0	0	0	0	0	0	0	0	0	0	0	0	0	0	0	0
136	136	1340	198.862	1354.225	0.890	234	667	357	56	7	234	667	357	56	7	107.514	135.496	205	156	148	142	138	132	128	124	121	117	112	103.842	130.975	197	146	140	135	131	128	125	123	121	118	112	1	28	199.631	1336.489	0	0	0	191	190.321	0	0	164	163.214	0	0	0	0	0	0	0	0	0	0	0	0	0	0	0	0	0
137	137	414	1513.127	1354.496	0.939	25	58	144	132	46	25	58	144	132	46	112.000	117.019	122	119	118	118	117	117	116	116	116	115	113	102.804	112.444	120	117	115	114	113	112	111	111	110	109	105	0	0	0.000	0.000	0	0	0	0	0.000	0	0	0	0.000	0	0	0	0	0	0	0	0	0	0	0	0	0	0	0	0	0
138	138	1780	1595.209	1364.953	0.890	491	1107	71	40	41	491	1107	71	40	41	112.000	214.904	1750	354	166	144	141	139	137	134	132	128	122	103.226	134.899	206	144	140	137	136	134	131	129	126	122	109	1	159	1602.413	1369.027	0	0	0	787	850.296	0	0	161	163.585	0	0	0	0	0	0	0	0	0	0	0	0	0	0	0	0	0
139	139	740	1070.937	1360.909	0.919	9	83	306	296	27	9	83	306	296	27	112.000	218.204	281	269	263	252	240	226	208	190	172	157	136	103.000	148.191	179	170	166	161	157	152	144	138	129	121	109	0	0	0.000	0.000	0	0	0	0	0.000	0	0	0	0.000	0	0	0	0	0	0	0	0	0	0	0	0	0	0	0	0	0
140	140	3196	85.694	1384.997	0.882	190	1261	1475	187	27	190	1261	1475	187	27	106.421	118.615	131	123	122	120	120	119	118	117	116	114	109	103.833	4104.734	7718	5648	5309	4946	4617	4330	3938	3443	2855	2147	755	0	0	0.000	0.000	0	0	0	0	0.000	0	0	0	0.000	0	0	0	0	0	0	0	0	0	0	0	0	0	0	0	0	0
141	141	1540	1544.266	1379.867	0.883	32	96	616	713	54	32	96	616	713	54	112.000	121.571	134	127	124	123	122	121	120	119	118	117	114	103.013	128.505	143	135	133	132	130	129	128	126	124	121	109	0	0	0.000	0.000	0	0	0	0	0.000	0	0	0	0.000	0	0	0	0	0	0	0	0	0	0	0	0	0	0	0	0	0
142	142	1571	1110.646	1381.961	0.870	37	509	709	237	36	37	509	709	237	36	112.130	224.081	302	275	259	245	235	227	217	204	187	168	143	103.000	149.605	187	170	163	158	154	151	148	142	134	126	115	0	0	0.000	0.000	0	0	0	0	0.000	0	0	0	0.000	0	0	0	0	0	0	0	0	0	0	0	0	0	0	0	0	0
143	143	1086	616.565	1390.048	0.888	66	219	588	181	15	66	219	588	181	15	111.569	159.471	258	194	174	167	162	155	148	143	138	134	126	103.475	554.848	788	681	648	621	606	590	552	501	444	378	269	0	0	0.000	0.000	0	0	0	0	0.000	0	0	0	0.000	0	0	0	0	0	0	0	0	0	0	0	0	0	0	0	0	0
144	144	985	1064.770	1398.322	0.912	10	115	462	334	45	10	115	462	334	45	111.534	230.332	297	274	260	248	235	226	219	213	206	191	168	102.394	156.215	187	170	166	162	158	155	152	150	147	144	131	0	0	0.000	0.000	0	0	0	0	0.000	0	0	0	0.000	0	0	0	0	0	0	0	0	0	0	0	0	0	0	0	0	0
145	145	236	1909.225	1401.943	0.928	22	59	86	57	11	22	59	86	57	11	111.000	116.106	119	118	117	117	117	116	116	115	115	114	112	102.000	113.381	120	118	117	116	115	114	113	111	109	108	105	0	0	0.000	0.000	0	0	0	0	0.000	0	0	0	0.000	0	0	0	0	0	0	0	0	0	0	0	0	0	0	0	0	0
146	146	1971	1898.298	1440.192	0.828	15	212	1041	633	20	15	212	1041	633	20	111.000	117.979	128	121	120	119	118	118	117	117	116	115	113	102.915	124.864	139	131	129	127	126	125	124	123	121	118	107	0	0	0.000	0.000	0	0	0	0	0.000	0	0	0	0.000	0	0	0	0	0	0	0	0	0	0	0	0	0	0	0	0	0
147	147	451	1661.213	1424.157	0.956	54	75	166	125	25	54	75	166	125	25	111.914	119.173	124	122	121	120	120	119	118	118	117	116	115	103.000	348.284	516	478	443	411	378	346	317	284	260	226	169	0	0	0.000	0.000	0	0	0	0	0.000	0	0	0	0.000	0	0	0	0	0	0	0	0	0	0	0	0	0	0	0	0	0
148	148	2513	411.757	1449.277	0.854	23	175	1346	853	68	23	175	1346	853	68	110.000	249.568	336	301	293	283	271	258	244	222	204	180	153	103.976	2229.126	3223	2931	2824	2681	2532	2355	2166	1944	1655	1232	756	0	0	0.000	0.000	0	0	0	0	0.000	0	0	0	0.000	0	0	0	0	0	0	0	0	0	0	0	0	0	0	0	0	0
149	149	1563	672.507	1445.079	0.899	163	987	290	81	14	163	987	290	81	14	111.303	152.174	284	179	169	162	157	150	142	135	130	126	115	102.749	119.386	137	127	125	123	121	120	118	115	113	111	105	1	23	656.668	1441.682	0	0	0	248	247.391	0	0	124	124.217	0	0	0	0	0	0	0	0	0	0	0	0	0	0	0	0	0
150	150	2549	477.449	1449.601	0.873	49	201	1006	1127	121	49	201	1006	1127	121	110.000	405.217	4537	507	307	280	264	249	235	219	198	169	124	104.000	2274.886	8862	3131	2719	2531	2370	2145	1961	1738	1394	1051	276	1	178	478.208	1448.016	0	0	0	2121	2319.921	0	0	5537	5685.955	0	0	1	59	478.757	1448.352	0	0	0	3499	3507.847	0	0	7502	7472.661	0	0
151	151	1378	770.697	1447.005	0.909	57	485	673	108	25	57	485	673	108	25	111.885	126.426	138	132	130	129	127	126	125	124	123	121	116	102.731	114.664	127	119	118	116	115	115	114	113	112	110	104	0	0	0.000	0.000	0	0	0	0	0.000	0	0	0	0.000	0	0	0	0	0	0	0	0	0	0	0	0	0	0	0	0	0
152	152	1574	1648.709	1463.999	0.879	51	176	808	470	28	51	176	808	470	28	111.761	131.931	144	139	137	135	133	131	130	129	128	125	119	103.000	1000.360	1642	1472	1280	1159	1038	923	863	806	743	678	382	0	0	0.000	0.000	0	0	0	0	0.000	0	0	0	0.000	0	0	0	0	0	0	0	0	0	0	0	0	0	0	0	0	0
153	153	2071	721.976	1472.322	0.895	119	1418	471	29	6	119	1418	471	29	6	112.000	319.977	3000	426	346	309	281	263	248	232	217	191	137	102.894	118.069	136	123	121	120	119	118	117	116	115	112	106	1	61	730.272	1466.571	0	0	0	1404	1494.705	0	0	123	122.787	0	0	0	0	0	0	0	0	0	0	0	0	0	0	0	0	0
154	154	803	1988.748	1469.505	0.913	14	41	186	457	90	14	41	186	457	90	109.736	118.213	128	122	120	119	118	118	117	117	116	115	113	102.000	115.252	131	121	119	118	116	115	114	113	112	109	103	0	0	0.000	0.000	0	0	0	0	0.000	0	0	0	0.000	0	0	0	0	0	0	0	0	0	0	0	0	0	0	0	0	0
155	155	1708	809.881	1485.773	0.874	40	247	931	404	49	40	247	931	404	49	112.003	153.673	253	169	165	162	158	153	149	145	142	137	125	103.665	554.735	829	703	667	632	600	564	525	486	442	387	251	0	0	0.000	0.000	0	0	0	0	0.000	0	0	0	0.000	0	0	0	0	0	0	0	0	0	0	0	0	0	0	0	0	0
156	156	348	1421.546	1469.901	0.918	31	81	165	53	15	31	81	165	53	15	112.828	168.152	190	181	176	173	171	170	167	165	161	155	140	103.000	219.661	257	244	236	231	227	222	218	214	206	189	158	0	0	0.000	0.000	0	0	0	0	0.000	0	0	0	0.000	0	0	0	0	0	0	0	0	0	0	0	0	0	0	0	0	0
157	157	900	1917.165	1479.106	0.885	14	81	240	466	79	14	81	240	466	79	111.000	116.971	121	119	118	118	117	117	117	116	116	115	113	102.991	120.438	136	129	126	125	123	121	119	117	114	111	104	0	0	0.000	0.000	0	0	0	0	0.000	0	0	0	0.000	0	0	0	0	0	0	0	0	0	0	0	0	0	0	0	0	0
158	158	1572	1443.793	1495.036	0.885	28	282	1012	205	17	28	282	1012	205	17	113.000	165.898	211	192	186	181	176	170	161	151	143	135	121	103.000	240.988	346	311	287	271	260	246	232	208	187	170	125	0	0	0.000	0.000	0	0	0	0	0.000	0	0	0	0.000	0	0	0	0	0	0	0	0	0	0	0	0	0	0	0	0	0
159	159	1210	1260.767	1494.995	0.918	132	728	313	20	5	132	728	313	20	5	112.000	122.502	133	127	125	124	123	122	121	120	120	119	116	103.000	957.252	1357	1251	1190	1140	1089	1014	916	832	693	569	367	0	0	0.000	0.000	0	0	0	0	0.000	0	0	0	0.000	0	0	0	0	0	0	0	0	0	0	0	0	0	0	0	0	0
160	160	1723	1497.211	1502.282	0.877	38	364	847	356	67	38	364	847	356	67	112.807	170.803	218	199	188	181	176	170	163	157	152	146	137	103.000	244.859	369	318	295	277	261	245	228	209	190	171	154	0	0	0.000	0.000	0	0	0	0	0.000	0	0	0	0.000	0	0	0	0	0	0	0	0	0	0	0	0	0	0	0	0	0
161	161	2067	1879.286	1509.825	0.879	238	1418	342	10	5	238	1418	342	10	5	111.075	118.780	127	122	121	120	119	119	118	117	117	116	111	103.000	124.307	143	134	131	129	127	126	123	120	117	114	104	0	0	0.000	0.000	0	0	0	0	0.000	0	0	0	0.000	0	0	0	0	0	0	0	0	0	0	0	0	0	0	0	0	0
162	162	1693	2004.218	1511.289	0.890	6	242	1069	305	31	6	242	1069	305	31	109.373	120.034	143	128	122	120	119	118	118	117	116	116	112	102.000	117.430	129	123	121	119	118	117	116	115	114	112	105	1	255	2011.692	1512.587	0	0	0	130	130.631	0	0	121	120.694	0	0	0	0	0	0	0	0	0	0	0	0	0	0	0	0	0
163	163	297	765.824	1498.553	0.913	27	66	65	100	34	27	66	65	100	34	112.448	119.983	124	122	122	121	121	120	120	119	118	117	116	104.000	220.175	289	271	255	240	229	219	209	200	189	175	141	0	0	0.000	0.000	0	0	0	0	0.000	0	0	0	0.000	0	0	0	0	0	0	0	0	0	0	0	0	0	0	0	0	0
164	164	1963	142.131	1516.464	0.870	1664	209	33	21	14	1664	209	33	21	14	107.000	115.734	125	120	118	117	116	115	115	114	113	112	109	101.686	168.052	210	193	185	179	174	169	163	158	151	141	126	0	0	0.000	0.000	0	0	0	0	0.000	0	0	0	0.000	0	0	0	0	0	0	0	0	0	0	0	0	0	0	0	0	0
165	165	1614	776.725	1531.755	0.901	87	221	972	280	25	87	221	972	280	25	112.867	157.752	597	191	154	148	143	139	135	132	129	126	121	104.648	553.784	1595	763	712	667	618	553	482	406	339	288	202	1	110	780.678	1531.294	0	0	0	349	363.309	0	0	1011	1030.764	0	0	0	0	0	0	0	0	0	0	0	0	0	0	0	0	0
166	166	1236	1464.461	1540.379	0.898	8	24	352	745	85	8	24	352	745	85	113.000	174.416	219	200	193	187	181	174	168	162	155	148	136	103.000	260.655	366	323	309	292	277	263	247	232	214	192	164	0	0	0.000	0.000	0	0	0	0	0.000	0	0	0	0.000	0	0	0	0	0	0	0	0	0	0	0	0	0	0	0	0	0
167	167	1949	712.547	1547.194	0.860	27	107	1436	336	12	27	107	1436	336	12	111.825	188.257	224	207	202	198	193	190	186	181	175	168	137	104.625	422.488	611	521	491	466	447	425	405	384	355	315	214	0	0	0.000	0.000	0	0	0	0	0.000	0	0	0	0.000	0	0	0	0	0	0	0	0	0	0	0	0	0	0	0	0	0
168	168	1653	1996.982	1561.122	0.889	24	126	770	633	64	24	126	770	633	64	109.209	122.184	150	133	127	123	121	120	118	117	117	116	113	101.581	115.837	129	121	120	118	117	116	115	114	112	109	104	0	0	0.000	0.000	0	0	0	0	0.000	0	0	0	0.000	0	0	0	0	0	0	0	0	0	0	0	0	0	0	0	0	0
169	169	1700	661.831	1572.237	0.896	30	95	630	828	82	30	95	630	828	82	110.877	198.187	239	226	220	215	210	206	197	186	173	158	141	103.906	486.469	684	607	579	559	534	511	486	447	388	308	230	0	0	0.000	0.000	0	0	0	0	0.000	0	0	0	0.000	0	0	0	0	0	0	0	0	0	0	0	0	0	0	0	0	0
170	170	1376	783.455	1595.205	0.906	70	104	714	424	39	70	104	714	424	39	112.000	149.315	173	163	159	156	154	151	148	144	138	132	126	104.182	522.294	748	673	637	601	566	531	503	470	413	335	258	0	0	0.000	0.000	0	0	0	0	0.000	0	0	0	0.000	0	0	0	0	0	0	0	0	0	0	0	0	0	0	0	0	0
171	171	1552	731.954	1607.236	0.897	88	458	764	173	38	88	458	764	173	38	111.341	119.171	128	122	121	120	119	119	118	118	117	116	114	104.701	506.143	773	667	624	589	560	524	484	433	372	311	245	0	0	0.000	0.000	0	0	0	0	0.000	0	0	0	0.000	0	0	0	0	0	0	0	0	0	0	0	0	0	0	0	0	0
172	172	1612	838.295	1607.700	0.893	49	193	844	464	35	49	193	844	464	35	111.505	148.577	225	169	156	151	147	145	142	139	136	132	123	103.842	514.953	813	726	638	582	545	504	467	429	388	341	248	1	12	831.344	1613.512	0	0	0	217	216.333	0	0	560	552.833	0	0	0	0	0	0	0	0	0	0	0	0	0	0	0	0	0
173	173	2485	1156.668	1626.430	0.868	51	364	1579	392	57	51	364	1579	392	57	112.071	204.454	269	240	231	224	215	205	194	184	178	170	145	104.058	1240.224	1926	1687	1582	1485	1367	1242	1116	1009	918	801	443	0	0	0.000	0.000	0	0	0	0	0.000	0	0	0	0.000	0	0	0	0	0	0	0	0	0	0	0	0	0	0	0	0	0
174	174	1236	678.288	1624.529	0.917	24	79	581	493	34	24	79	581	493	34	110.159	117.967	124	121	120	119	118	118	117	117	116	115	113	103.835	508.862	735	660	613	580	533	498	462	434	408	384	266	0	0	0.000	0.000	0	0	0	0	0.000	0	0	0	0.000	0	0	0	0	0	0	0	0	0	0	0	0	0	0	0	0	0
175	175	297	805.477	1621.311	0.923	25	62	84	82	39	25	62	84	82	39	112.000	136.202	146	142	140	139	138	137	135	133	132	131	127	104.000	382.384	524	484	461	437	421	391	361	330	297	274	222	0	0	0.000	0.000	0	0	0	0	0.000	0	0	0	0.000	0	0	0	0	0	0	0	0	0	0	0	0	0	0	0	0	0
176	176	1345	1808.832	1643.237	0.898	63	673	525	44	16	63	673	525	44	16	111.119	184.112	503	228	200	186	177	170	167	160	149	139	126	102.593	118.329	142	126	123	121	119	118	117	115	113	111	105	1	61	1802.867	1632.391	0	0	0	373	367.934	0	0	124	125.033	0	0	0	0	0	0	0	0	0	0	0	0	0	0	0	0	0
177	177	1445	1945.257	1647.192	0.906	368	838	186	20	6	368	838	186	20	6	110.887	337.701	612	484	422	389	351	325	305	280	245	208	156	102.148	210.518	311	258	245	234	223	210	200	187	174	161	127	0	0	0.000	0.000	0	0	0	0	0.000	0	0	0	0.000	0	0	0	0	0	0	0	0	0	0	0	0	0	0	0	0	0
178	178	2477	1199.667	1674.931	0.890	60	714	1064	534	61	60	714	1064	534	61	112.661	233.129	318	289	270	263	256	246	232	210	184	160	139	104.618	1617.254	2553	2264	2078	1999	1901	1753	1607	1390	1049	680	352	0	0	0.000	0.000	0	0	0	0	0.000	0	0	0	0.000	0	0	0	0	0	0	0	0	0	0	0	0	0	0	0	0	0
179	179	2428	826.562	1726.651	0.752	1398	912	52	11	5	1398	912	52	11	5	111.000	128.355	152	140	136	133	129	126	124	123	121	120	115	102.976	116.871	135	123	121	120	118	117	115	114	113	110	105	0	0	0.000	0.000	0	0	0	0	0.000	0	0	0	0.000	0	0	0	0	0	0	0	0	0	0	0	0	0	0	0	0	0
180	180	1397	923.959	1735.554	0.898	101	530	642	95	10	101	530	642	95	10	111.000	192.135	1040	206	199	191	183	176	169	163	154	144	127	103.000	126.361	142	133	131	130	129	127	126	125	122	117	108	1	47	928.204	1747.407	0	0	0	567	587.489	0	0	137	135.979	0	0	0	0	0	0	0	0	0	0	0	0	0	0	0	0	0
181	181	1945	1718.700	1752.276	0.875	117	472	1088	205	26	117	472	1088	205	26	110.050	124.009	139	130	127	125	124	123	123	122	121	119	115	103.499	1721.387	2783	2397	2123	1955	1799	1689	1565	1455	1325	1178	577	0	0	0.000	0.000	0	0	0	0	0.000	0	0	0	0.000	0	0	0	0	0	0	0	0	0	0	0	0	0	0	0	0	0
182	182	1612	1772.561	1770.785	0.903	140	991	394	36	9	140	991	394	36	9	110.081	123.416	139	132	128	125	123	122	121	120	119	118	111	103.000	1447.598	2494	2043	1906	1807	1686	1501	1313	1122	966	780	322	0	0	0.000	0.000	0	0	0	0	0.000	0	0	0	0.000	0	0	0	0	0	0	0	0	0	0	0	0	0	0	0	0	0
183	183	1992	768.115	1787.450	0.869	75	424	1042	373	41	75	424	1042	373	41	110.854	120.253	129	124	123	122	121	120	119	119	118	116	112	101.504	120.630	131	126	125	124	123	121	120	119	117	114	107	0	0	0.000	0.000	0	0	0	0	0.000	0	0	0	0.000	0	0	0	0	0	0	0	0	0	0	0	0	0	0	0	0	0
184	184	1518	898.999	1842.500	0.825	16	221	843	404	13	16	221	843	404	13	111.000	169.365	208	196	190	184	175	169	164	157	150	141	132	102.173	602.082	906	850	801	725	669	619	572	506	407	310	244	0	0	0.000	0.000	0	0	0	0	0.000	0	0	0	0.000	0	0	0	0	0	0	0	0	0	0	0	0	0	0	0	0	0
185	185	459	943.848	1841.938	0.851	6	29	144	228	44	6	29	144	228	44	111.000	136.078	146	142	140	139	138	136	135	133	132	130	126	102.353	345.312	399	385	378	371	365	358	347	330	310	282	243	0	0	0.000	0.000	0	0	0	0	0.000	0	0	0	0.000	0	0	0	0	0	0	0	0	0	0	0	0	0	0	0	0	0
186	186	2638	45.199	1872.764	0.880	1980	512	73	22	6	1980	512	73	22	6	104.131	165.676	200	185	180	175	170	166	162	159	154	146	122	99.902	213.903	320	270	247	232	219	208	199	189	179	169	138	0	0	0.000	0.000	0	0	0	0	0.000	0	0	0	0.000	0	0	0	0	0	0	0	0	0	0	0	0	0	0	0	0	0
187	187	1598	1060.462	1872.789	0.878	19	389	1046	96	17	19	389	1046	96	17	111.000	152.737	183	169	164	160	155	151	148	145	142	139	126	103.329	652.710	1096	927	824	747	686	625	577	530	484	432	330	0	0	0.000	0.000	0	0	0	0	0.000	0	0	0	0.000	0	0	0	0	0	0	0	0	0	0	0	0	0	0	0	0	0
188	188	1955	1277.937	1882.632	0.904	3	118	1164	558	51	3	118	1164	558	51	110.903	119.549	129	123	122	121	120	119	119	118	117	116	113	102.999	128.278	147	137	135	133	132	130	127	125	122	117	106	0	0	0.000	0.000	0	0	0	0	0.000	0	0	0	0.000	0	0	0	0	0	0	0	0	0	0	0	0	0	0	0	0	0
189	189	1636	1124.922	1878.788	0.867	24	350	855	332	39	24	350	855	332	39	111.000	140.966	161	151	148	145	143	140	138	136	134	132	127	103.007	601.408	1064	906	803	721	662	582	497	435	398	358	266	0	0	0.000	0.000	0	0	0	0	0.000	0	0	0	0.000	0	0	0	0	0	0	0	0	0	0	0	0	0	0	0	0	0
190	190	243	1025.054	1869.541	0.956	22	56	73	68	21	22	56	73	68	21	111.000	126.152	135	132	130	128	127	126	125	124	123	121	117	103.000	277.687	408	385	353	324	296	277	255	230	204	181	153	0	0	0.000	0.000	0	0	0	0	0.000	0	0	0	0.000	0	0	0	0	0	0	0	0	0	0	0	0	0	0	0	0	0
191	191	1407	1167.216	1912.298	0.862	28	267	725	311	47	28	267	725	311	47	110.702	117.590	123	120	119	119	118	118	117	117	116	115	112	103.000	1073.945	1872	1545	1397	1290	1194	1101	1003	861	707	553	392	0	0	0.000	0.000	0	0	0	0	0.000	0	0	0	0.000	0	0	0	0	0	0	0	0	0	0	0	0	0	0	0	0	0
192	192	1321	1080.659	1913.988	0.904	8	139	682	414	46	8	139	682	414	46	110.999	148.463	165	159	157	155	154	151	147	143	139	134	125	103.045	918.023	1253	1169	1111	1049	992	933	884	829	748	624	356	0	0	0.000	0.000	0	0	0	0	0.000	0	0	0	0.000	0	0	0	0	0	0	0	0	0	0	0	0	0	0	0	0	0
193	193	1621	1313.465	1926.854	0.895	44	455	995	84	7	44	455	995	84	7	110.793	119.356	129	124	122	121	120	119	118	117	117	116	113	102.771	127.822	151	137	134	132	130	129	127	125	123	116	103	0	0	0.000	0.000	0	0	0	0	0.000	0	0	0	0.000	0	0	0	0	0	0	0	0	0	0	0	0	0	0	0	0	0
194	194	263	1280.809	1917.741	0.938	38	70	62	60	28	38	70	62	60	28	110.817	115.928	119	118	117	117	116	116	116	115	115	114	113	102.741	108.586	118	112	111	110	109	108	108	107	106	105	104	0	0	0.000	0.000	0	0	0	0	0.000	0	0	0	0.000	0	0	0	0	0	0	0	0	0	0	0	0	0	0	0	0	0
195	195	508	554.461	1934.411	0.873	19	76	211	171	20	19	76	211	171	20	108.000	132.094	141	139	137	135	134	133	131	129	128	125	120	102.000	296.785	370	347	335	323	311	299	288	277	265	246	192	0	0	0.000	0.000	0	0	0	0	0.000	0	0	0	0.000	0	0	0	0	0	0	0	0	0	0	0	0	0	0	0	0	0
196	196	2002	592.038	1964.240	0.881	398	1458	67	34	11	398	1458	67	34	11	107.874	138.346	153	145	144	142	141	139	138	136	134	130	116	101.467	291.651	553	426	374	341	309	276	248	225	205	182	165	0	0	0.000	0.000	0	0	0	0	0.000	0	0	0	0.000	0	0	0	0	0	0	0	0	0	0	0	0	0	0	0	0	0
197	197	1075	1547.767	1976.718	0.913	68	307	223	357	98	68	307	223	357	98	116.141	347.551	393	377	370	365	360	353	343	333	321	310	285	103.000	629.153	929	798	756	722	687	645	604	557	496	413	275	0	0	0.000	0.000	0	0	0	0	0.000	0	0	0	0.000	0	0	0	0	0	0	0	0	0	0	0	0	0	0	0	0	0
198	198	1754	1507.816	2005.611	0.838	132	446	649	431	69	132	446	649	431	69	117.000	361.616	436	412	393	372	361	354	348	341	334	327	311	102.918	616.867	1096	955	835	713	626	570	519	466	422	371	302	0	0	0.000	0.000	0	0	0	0	0.000	0	0	0	0.000	0	0	0	0	0	0	0	0	0	0	0	0	0	0	0	0	0
