 	cell	area	x	y	circ	BFI_lev_b1	BFI_lev_b2	BFI_lev_b3	BFI_lev_b4	BFI_lev_b5	BFO_lev_b1	BFO_lev_b2	BFO_lev_b3	BFO_lev_b4	BFO_lev_b5	RFP_int_bg	RFP_int_mean	RFP_int_b0	RFP_int_b1	RFP_int_b2	RFP_int_b3	RFP_int_b4	RFP_int_b5	RFP_int_b6	RFP_int_b7	RFP_int_b8	RFP_int_b9	RFP_int_b10	GFP_int_bg	GFP_int_mean	GFP_int_b0	GFP_int_b1	GFP_int_b2	GFP_int_b3	GFP_int_b4	GFP_int_b5	GFP_int_b6	GFP_int_b7	GFP_int_b8	GFP_int_b9	GFP_int_b10	inRFPnfoci	f1_inRFParea	f1_inRFPx	f1_inRFPy	f2_inRFParea	f2_inRFPx	f2_inRFPy	f1_inRFP_toRFPmed	f1_inRFP_toRFPmean	f2_inRFP_toRFPmed	f2_inRFP_toRFPmean	f1_inRFP_toGFPmed	f1_inRFP_toGFPmean	f2_inRFP_toGFPmed	f2_inRFP_toGFPmean	inGFPnfoci	f1_inGFParea	f1_inGFPx	f1_inGFPy	f2_inGFParea	f2_inGFPx	f2_inGFPy	f1_inGFP_toRFPmed	f1_inGFP_toRFPmean	f2_inGFP_toRFPmed	f2_inGFP_toRFPmean	f1_inGFP_toGFPmed	f1_inGFP_toGFPmean	f2_inGFP_toGFPmed	f2_inGFP_toGFPmean
1	1	2094	1402.501	39.761	0.885	211	1448	365	21	11	211	1448	365	21	11	106.898	131.561	158	145	141	136	133	130	128	125	123	120	114	102.210	1881.186	3253	2585	2340	2190	2079	1941	1735	1521	1331	1174	786	0	0	0.000	0.000	0	0	0	0	0.000	0	0	0	0.000	0	0	0	0	0	0	0	0	0	0	0	0	0	0	0	0	0
2	2	1157	1077.144	40.018	0.906	19	123	356	528	110	19	123	356	528	110	107.201	118.107	136	127	122	119	117	116	116	115	114	113	110	104.000	1802.353	2594	2419	2239	2100	1971	1861	1737	1577	1371	1086	702	1	244	1075.148	37.963	0	0	0	126	126.266	0	0	1846	1873.689	0	0	0	0	0	0	0	0	0	0	0	0	0	0	0	0	0
3	3	1784	495.352	81.403	0.875	96	1262	376	7	6	96	1262	376	7	6	107.544	154.271	189	172	167	164	160	156	152	146	139	133	125	102.565	1472.442	2451	2183	1979	1766	1632	1494	1371	1221	982	696	419	0	0	0.000	0.000	0	0	0	0	0.000	0	0	0	0.000	0	0	0	0	0	0	0	0	0	0	0	0	0	0	0	0	0
4	4	1788	1100.839	81.698	0.890	26	416	971	309	40	26	416	971	309	40	109.073	117.407	129	123	120	118	117	117	116	115	115	114	110	103.889	1547.857	2732	2328	2106	1901	1706	1538	1339	1183	991	817	493	0	0	0.000	0.000	0	0	0	0	0.000	0	0	0	0.000	0	0	0	0	0	0	0	0	0	0	0	0	0	0	0	0	0
5	5	2000	1844.258	94.683	0.891	138	851	784	183	13	138	851	784	183	13	106.341	277.545	3141	503	172	140	136	133	131	128	125	122	114	103.216	989.788	1715	1529	1396	1258	1114	966	840	703	589	490	390	1	188	1849.657	86.496	0	0	0	1338	1453.670	0	0	1289	1261.128	0	0	0	0	0	0	0	0	0	0	0	0	0	0	0	0	0
6	6	639	1762.215	92.935	0.919	19	54	204	300	46	19	54	204	300	46	104.307	112.426	117	115	114	113	113	112	112	111	111	110	107	102.100	157.124	190	178	170	164	160	155	152	149	146	140	127	0	0	0.000	0.000	0	0	0	0	0.000	0	0	0	0.000	0	0	0	0	0	0	0	0	0	0	0	0	0	0	0	0	0
7	7	1818	1794.158	119.059	0.889	17	126	768	785	82	17	126	768	785	82	106.230	113.101	119	116	114	114	113	113	113	112	112	111	109	103.119	198.127	260	233	222	213	206	199	192	184	173	161	139	0	0	0.000	0.000	0	0	0	0	0.000	0	0	0	0.000	0	0	0	0	0	0	0	0	0	0	0	0	0	0	0	0	0
8	8	2376	1040.256	130.710	0.906	200	856	970	281	18	200	856	970	281	18	109.827	1039.495	15465	2544	395	228	209	196	185	178	171	165	136	103.495	138.512	204	154	147	143	139	136	132	129	127	123	112	1	247	1044.862	118.945	0	0	0	6801	7381.636	0	0	170	170.445	0	0	0	0	0	0	0	0	0	0	0	0	0	0	0	0	0
9	9	1873	1095.426	133.417	0.864	73	324	1084	339	21	73	324	1084	339	21	110.000	346.925	4642	424	223	208	197	188	178	168	160	150	133	103.684	137.120	166	148	144	142	140	138	135	132	129	126	114	1	126	1099.031	118.175	0	0	0	2113	2247.127	0	0	150	150.357	0	0	0	0	0	0	0	0	0	0	0	0	0	0	0	0	0
10	10	1890	1885.027	141.119	0.854	45	224	967	565	45	45	224	967	565	45	107.857	122.417	157	134	127	123	121	120	119	118	117	115	109	103.032	908.447	1548	1273	1111	1015	958	898	829	754	689	601	337	1	46	1879.986	142.719	0	0	0	149	149.609	0	0	982	980.804	0	0	0	0	0	0	0	0	0	0	0	0	0	0	0	0	0
11	11	2020	471.039	146.109	0.900	138	1297	469	56	18	138	1297	469	56	18	108.192	120.167	134	127	124	122	120	119	118	117	116	115	111	103.000	123.621	141	132	128	126	124	123	122	121	119	118	106	0	0	0.000	0.000	0	0	0	0	0.000	0	0	0	0.000	0	0	0	0	0	0	0	0	0	0	0	0	0	0	0	0	0
12	12	1238	744.464	143.579	0.914	86	332	500	233	68	86	332	500	233	68	109.702	135.988	149	142	141	140	138	137	135	133	131	128	123	103.956	1003.586	1666	1547	1416	1304	1208	1080	920	726	536	372	231	0	0	0.000	0.000	0	0	0	0	0.000	0	0	0	0.000	0	0	0	0	0	0	0	0	0	0	0	0	0	0	0	0	0
13	13	1431	1835.920	148.946	0.901	51	122	565	616	44	51	122	565	616	44	107.756	131.754	149	143	140	137	135	132	130	127	123	120	113	103.695	1152.930	1599	1471	1384	1322	1270	1213	1142	1043	929	726	429	0	0	0.000	0.000	0	0	0	0	0.000	0	0	0	0.000	0	0	0	0	0	0	0	0	0	0	0	0	0	0	0	0	0
14	14	1645	684.942	153.651	0.892	55	345	1169	51	8	55	345	1169	51	8	108.339	134.862	154	146	143	140	138	135	132	129	127	124	115	103.821	1778.979	2851	2540	2379	2197	2006	1807	1592	1410	1197	948	689	0	0	0.000	0.000	0	0	0	0	0.000	0	0	0	0.000	0	0	0	0	0	0	0	0	0	0	0	0	0	0	0	0	0
15	15	1754	1149.557	156.643	0.912	93	375	1024	214	15	93	375	1024	214	15	110.000	188.965	1694	198	159	154	150	146	142	137	133	128	121	102.799	129.330	154	139	136	133	131	129	127	125	122	120	112	1	102	1142.262	163.910	0	0	0	746	798.343	0	0	140	139.971	0	0	0	0	0	0	0	0	0	0	0	0	0	0	0	0	0
16	16	944	1930.896	165.877	0.905	22	71	403	379	53	22	71	403	379	53	107.321	119.398	128	124	123	122	121	119	118	117	116	114	111	102.290	1027.792	1493	1377	1318	1227	1131	1037	938	840	759	665	440	0	0	0.000	0.000	0	0	0	0	0.000	0	0	0	0.000	0	0	0	0	0	0	0	0	0	0	0	0	0	0	0	0	0
17	17	492	1187.565	166.129	0.905	40	102	158	100	81	40	102	158	100	81	109.427	140.795	155	151	148	146	144	141	139	137	134	130	122	103.000	118.232	129	124	122	121	120	119	117	116	114	112	107	0	0	0.000	0.000	0	0	0	0	0.000	0	0	0	0.000	0	0	0	0	0	0	0	0	0	0	0	0	0	0	0	0	0
18	18	1643	713.616	190.355	0.903	383	1022	191	4	2	383	1022	191	4	2	109.563	139.004	155	150	148	146	143	139	136	133	130	127	123	104.007	1461.513	2385	2040	1910	1767	1620	1464	1317	1170	1016	875	554	0	0	0.000	0.000	0	0	0	0	0.000	0	0	0	0.000	0	0	0	0	0	0	0	0	0	0	0	0	0	0	0	0	0
19	19	1278	755.881	185.026	0.901	68	124	325	654	87	68	124	325	654	87	110.000	130.301	145	139	137	135	133	131	128	126	124	121	114	104.000	1140.789	1796	1676	1589	1481	1343	1182	1021	826	663	556	305	0	0	0.000	0.000	0	0	0	0	0.000	0	0	0	0.000	0	0	0	0	0	0	0	0	0	0	0	0	0	0	0	0	0
20	20	1710	368.716	223.339	0.887	676	809	91	77	30	676	809	91	77	30	108.000	119.482	127	123	122	121	120	120	119	118	117	116	112	102.000	215.597	332	281	257	239	223	209	196	182	173	163	147	0	0	0.000	0.000	0	0	0	0	0.000	0	0	0	0.000	0	0	0	0	0	0	0	0	0	0	0	0	0	0	0	0	0
21	21	1471	1750.433	231.083	0.867	85	250	963	133	9	85	250	963	133	9	109.000	141.992	178	157	153	149	145	141	138	136	132	127	120	102.935	1432.120	3194	1973	1843	1715	1572	1427	1269	1143	1000	857	533	0	0	0.000	0.000	0	0	0	0	0.000	0	0	0	0.000	0	0	0	0	0	0	0	0	0	0	0	0	0	0	0	0	0
22	22	1766	325.125	260.168	0.895	270	1088	368	8	4	270	1088	368	8	4	107.826	120.409	129	125	124	123	122	120	119	118	117	116	111	102.000	271.020	382	352	337	322	303	278	257	235	202	167	144	0	0	0.000	0.000	0	0	0	0	0.000	0	0	0	0.000	0	0	0	0	0	0	0	0	0	0	0	0	0	0	0	0	0
23	23	2112	1827.083	264.635	0.898	787	921	171	116	87	787	921	171	116	87	109.000	122.166	133	128	126	124	123	122	121	120	119	117	112	102.260	129.391	152	142	138	135	132	129	126	123	120	118	110	0	0	0.000	0.000	0	0	0	0	0.000	0	0	0	0.000	0	0	0	0	0	0	0	0	0	0	0	0	0	0	0	0	0
24	24	1927	1733.722	280.437	0.856	47	765	1022	51	7	47	765	1022	51	7	109.000	146.169	181	159	156	153	150	146	143	139	136	131	121	103.039	1287.250	2110	1827	1659	1531	1408	1288	1174	1039	910	747	498	0	0	0.000	0.000	0	0	0	0	0.000	0	0	0	0.000	0	0	0	0	0	0	0	0	0	0	0	0	0	0	0	0	0
25	25	646	281.194	274.776	0.901	42	284	275	28	4	42	284	275	28	4	107.000	120.082	127	124	123	122	121	120	120	119	118	116	113	102.000	252.426	322	304	285	274	265	257	244	232	218	200	171	0	0	0.000	0.000	0	0	0	0	0.000	0	0	0	0.000	0	0	0	0	0	0	0	0	0	0	0	0	0	0	0	0	0
26	26	2431	1699.608	421.083	0.898	76	1618	648	28	11	76	1618	648	28	11	109.737	115.665	122	119	118	117	116	115	115	114	114	113	111	105.038	199.615	286	250	236	225	214	203	190	171	157	146	131	0	0	0.000	0.000	0	0	0	0	0.000	0	0	0	0.000	0	0	0	0	0	0	0	0	0	0	0	0	0	0	0	0	0
27	27	2045	1361.622	430.705	0.872	65	1044	793	79	12	65	1044	793	79	12	109.745	169.929	925	178	169	166	163	159	155	150	144	136	126	105.362	2545.642	4005	3483	3261	3081	2909	2707	2472	2240	1813	1212	672	1	58	1372.724	420.598	0	0	0	500	520.466	0	0	3160	3111.655	0	0	0	0	0	0	0	0	0	0	0	0	0	0	0	0	0
28	28	1473	1749.904	438.190	0.901	35	248	898	239	13	35	248	898	239	13	109.999	115.178	123	117	117	116	115	115	115	114	114	113	110	105.530	215.390	283	258	248	240	232	225	214	200	182	159	111	0	0	0.000	0.000	0	0	0	0	0.000	0	0	0	0.000	0	0	0	0	0	0	0	0	0	0	0	0	0	0	0	0	0
29	29	1843	1015.501	476.520	0.882	55	300	998	416	40	55	300	998	416	40	111.000	121.372	132	125	124	123	122	121	120	120	119	117	113	104.000	795.943	1274	1099	1026	953	882	815	732	639	550	465	351	0	0	0.000	0.000	0	0	0	0	0.000	0	0	0	0.000	0	0	0	0	0	0	0	0	0	0	0	0	0	0	0	0	0
30	30	1337	1576.365	479.385	0.881	52	407	649	187	13	52	407	649	187	13	109.996	127.010	135	131	130	129	129	128	127	125	123	121	116	107.578	1007.483	1405	1260	1184	1121	1072	1021	967	903	821	742	539	0	0	0.000	0.000	0	0	0	0	0.000	0	0	0	0.000	0	0	0	0	0	0	0	0	0	0	0	0	0	0	0	0	0
31	31	2317	1392.182	485.775	0.897	50	348	1531	320	23	50	348	1531	320	23	110.353	405.122	4895	746	202	181	175	171	164	157	149	142	124	106.000	2460.282	3935	3561	3370	3159	2904	2611	2288	1922	1478	1052	533	1	233	1399.307	502.963	0	0	0	2101	2336.592	0	0	3154	3101.373	0	0	0	0	0	0	0	0	0	0	0	0	0	0	0	0	0
32	32	2239	1334.125	493.050	0.869	39	263	1183	641	70	39	263	1183	641	70	110.000	181.748	1867	188	128	127	125	124	123	121	120	119	114	106.427	2236.180	3611	3131	2958	2780	2576	2326	2047	1744	1405	1165	790	1	139	1338.360	476.668	0	0	0	867	921.115	0	0	2857	2766.612	0	0	0	0	0	0	0	0	0	0	0	0	0	0	0	0	0
33	33	292	1683.872	479.145	0.891	152	59	40	22	14	152	59	40	22	14	109.668	115.942	119	118	117	117	116	116	115	115	115	114	113	107.096	177.627	221	200	188	181	178	176	173	170	166	162	152	0	0	0.000	0.000	0	0	0	0	0.000	0	0	0	0.000	0	0	0	0	0	0	0	0	0	0	0	0	0	0	0	0	0
34	34	1261	1952.044	494.342	0.911	63	150	506	450	63	63	150	506	450	63	106.761	115.204	120	118	117	116	116	115	115	114	113	113	110	103.500	595.729	935	828	782	733	673	595	526	465	404	354	278	0	0	0.000	0.000	0	0	0	0	0.000	0	0	0	0.000	0	0	0	0	0	0	0	0	0	0	0	0	0	0	0	0	0
35	35	1828	98.883	513.693	0.852	18	200	886	648	52	18	200	886	648	52	107.000	175.226	335	196	190	185	180	174	170	164	154	142	125	103.000	1703.106	2546	2286	2158	2025	1873	1753	1602	1442	1239	1059	607	0	0	0.000	0.000	0	0	0	0	0.000	0	0	0	0.000	0	0	0	0	0	0	0	0	0	0	0	0	0	0	0	0	0
36	36	2025	1251.669	511.076	0.886	85	93	587	1045	186	85	93	587	1045	186	110.433	194.575	268	237	222	211	201	192	183	175	166	156	138	106.060	1461.485	2987	2278	2036	1816	1598	1370	1174	1006	876	754	549	0	0	0.000	0.000	0	0	0	0	0.000	0	0	0	0.000	0	0	0	0	0	0	0	0	0	0	0	0	0	0	0	0	0
37	37	1920	1701.414	519.846	0.894	279	585	466	486	71	279	585	466	486	71	110.127	114.710	121	117	116	116	115	115	114	114	113	113	110	110.414	190.895	280	247	233	218	203	187	173	161	149	139	125	0	0	0.000	0.000	0	0	0	0	0.000	0	0	0	0.000	0	0	0	0	0	0	0	0	0	0	0	0	0	0	0	0	0
38	38	1683	2003.165	516.933	0.895	16	120	984	517	15	16	120	984	517	15	106.289	115.001	122	118	117	116	115	115	114	114	113	112	110	102.730	643.136	1018	893	816	758	700	653	602	551	476	366	248	0	0	0.000	0.000	0	0	0	0	0.000	0	0	0	0.000	0	0	0	0	0	0	0	0	0	0	0	0	0	0	0	0	0
39	39	2079	1012.302	532.868	0.864	65	806	1019	136	8	65	806	1019	136	8	110.971	171.405	1616	173	128	125	124	123	122	121	120	118	113	103.927	718.386	1163	1006	920	853	786	726	644	573	508	433	341	1	132	1007.540	549.066	0	0	0	720	785.803	0	0	977	956.303	0	0	0	0	0	0	0	0	0	0	0	0	0	0	0	0	0
40	40	1713	1598.321	531.358	0.866	26	159	1069	421	9	26	159	1069	421	9	109.961	191.851	2083	222	134	130	128	127	126	124	122	121	116	109.427	868.517	1474	1272	1152	1051	963	869	768	665	569	482	371	1	110	1597.907	519.062	0	0	0	872	970.718	0	0	1314	1309.600	0	0	0	0	0	0	0	0	0	0	0	0	0	0	0	0	0
41	41	989	257.155	534.768	0.933	44	135	393	328	70	44	135	393	328	70	108.000	215.891	2200	242	164	159	154	146	140	135	130	124	117	102.943	121.295	142	134	131	126	122	119	117	116	114	111	107	1	85	242.826	530.158	0	0	0	919	980.435	0	0	117	117.600	0	0	0	0	0	0	0	0	0	0	0	0	0	0	0	0	0
42	42	2296	1297.183	547.437	0.865	45	315	1403	465	23	45	315	1403	465	23	110.937	126.114	141	133	131	129	127	126	124	123	121	120	115	107.287	2790.327	4391	3904	3580	3350	3096	2815	2576	2363	2124	1517	902	0	0	0.000	0.000	0	0	0	0	0.000	0	0	0	0.000	0	0	0	0	0	0	0	0	0	0	0	0	0	0	0	0	0
43	43	1561	57.143	541.609	0.898	177	1082	221	40	16	177	1082	221	40	16	105.974	167.895	198	185	181	178	174	170	166	160	154	147	132	103.000	1620.757	2368	2193	2055	1962	1855	1736	1602	1422	1141	812	530	0	0	0.000	0.000	0	0	0	0	0.000	0	0	0	0.000	0	0	0	0	0	0	0	0	0	0	0	0	0	0	0	0	0
44	44	317	1502.004	537.113	0.933	214	66	18	7	4	214	66	18	7	4	109.091	116.868	125	120	119	118	117	117	116	115	115	114	112	110.110	1306.448	2454	1866	1660	1523	1397	1292	1171	1105	960	767	513	0	0	0.000	0.000	0	0	0	0	0.000	0	0	0	0.000	0	0	0	0	0	0	0	0	0	0	0	0	0	0	0	0	0
45	45	2496	1865.507	562.210	0.884	155	677	1303	298	16	155	677	1303	298	16	109.796	135.850	152	145	143	142	140	139	136	131	127	123	116	108.681	1690.540	2500	2285	2161	2075	1986	1857	1712	1476	1119	778	483	0	0	0.000	0.000	0	0	0	0	0.000	0	0	0	0.000	0	0	0	0	0	0	0	0	0	0	0	0	0	0	0	0	0
46	46	2122	1511.118	577.408	0.876	935	826	144	145	43	935	826	144	145	43	110.000	122.374	131	127	125	124	123	122	122	120	119	118	114	111.011	3065.669	4827	4372	4110	3807	3549	3252	2888	2416	1919	1457	877	0	0	0.000	0.000	0	0	0	0	0.000	0	0	0	0.000	0	0	0	0	0	0	0	0	0	0	0	0	0	0	0	0	0
47	47	1626	1581.321	575.041	0.901	18	175	909	475	24	18	175	909	475	24	109.956	136.689	172	148	145	142	139	137	134	131	127	125	120	110.871	940.854	1608	1419	1254	1136	1051	941	843	739	635	453	317	0	0	0.000	0.000	0	0	0	0	0.000	0	0	0	0.000	0	0	0	0	0	0	0	0	0	0	0	0	0	0	0	0	0
48	48	2027	1635.415	584.183	0.870	59	412	1303	199	25	59	412	1303	199	25	110.897	207.329	2073	232	156	152	150	147	145	141	137	133	122	110.588	1072.215	1646	1444	1358	1293	1216	1126	1013	891	757	599	347	1	121	1626.135	587.033	0	0	0	934	998.835	0	0	1306	1249.231	0	0	0	0	0	0	0	0	0	0	0	0	0	0	0	0	0
49	49	707	1067.580	575.119	0.919	10	53	233	324	75	10	53	233	324	75	110.771	115.632	120	118	117	116	116	116	115	115	114	114	112	104.925	198.025	278	256	238	221	203	192	179	170	162	155	140	0	0	0.000	0.000	0	0	0	0	0.000	0	0	0	0.000	0	0	0	0	0	0	0	0	0	0	0	0	0	0	0	0	0
50	50	1743	880.965	585.196	0.863	64	229	1252	170	8	64	229	1252	170	8	110.117	129.032	141	136	134	132	131	130	128	126	124	122	114	104.596	917.918	1399	1244	1180	1124	1067	972	871	751	628	492	345	0	0	0.000	0.000	0	0	0	0	0.000	0	0	0	0.000	0	0	0	0	0	0	0	0	0	0	0	0	0	0	0	0	0
51	51	1112	605.247	582.768	0.902	84	192	537	262	13	84	192	537	262	13	109.514	120.449	142	129	125	121	120	119	118	117	116	115	112	103.975	131.822	148	140	138	136	135	133	132	129	126	121	111	0	0	0.000	0.000	0	0	0	0	0.000	0	0	0	0.000	0	0	0	0	0	0	0	0	0	0	0	0	0	0	0	0	0
52	52	2208	1467.567	609.623	0.872	250	1736	172	13	5	250	1736	172	13	5	109.993	121.062	131	125	124	123	122	121	120	119	118	117	113	109.769	2038.104	4235	3329	2881	2557	2225	1973	1660	1366	1111	917	719	0	0	0.000	0.000	0	0	0	0	0.000	0	0	0	0.000	0	0	0	0	0	0	0	0	0	0	0	0	0	0	0	0	0
53	53	386	1669.618	599.294	0.857	16	134	138	80	7	16	134	138	80	7	111.000	124.645	145	131	128	127	126	124	123	121	120	119	115	112.858	388.891	777	555	518	480	440	401	354	298	244	198	150	0	0	0.000	0.000	0	0	0	0	0.000	0	0	0	0.000	0	0	0	0	0	0	0	0	0	0	0	0	0	0	0	0	0
54	54	1341	1048.392	612.175	0.895	69	482	544	199	27	69	482	544	199	27	110.963	119.362	132	125	123	121	119	118	118	117	116	115	112	105.000	277.144	390	346	319	302	288	279	264	250	234	213	167	0	0	0.000	0.000	0	0	0	0	0.000	0	0	0	0.000	0	0	0	0	0	0	0	0	0	0	0	0	0	0	0	0	0
55	55	1894	1293.298	618.946	0.871	81	399	1040	290	47	81	399	1040	290	47	111.000	192.108	2001	239	132	127	124	123	122	120	119	118	115	107.374	816.655	1400	1178	1089	997	917	843	773	688	514	354	274	1	133	1307.957	619.173	0	0	0	871	957.692	0	0	1088	1074.113	0	0	0	0	0	0	0	0	0	0	0	0	0	0	0	0	0
56	56	418	852.561	616.664	0.888	41	130	117	93	33	41	130	117	93	33	110.722	129.593	139	136	135	134	132	130	128	126	124	122	120	105.000	837.029	1197	1108	1017	932	875	814	760	718	680	631	495	0	0	0.000	0.000	0	0	0	0	0.000	0	0	0	0.000	0	0	0	0	0	0	0	0	0	0	0	0	0	0	0	0	0
57	57	252	910.209	616.220	0.924	37	44	64	64	38	37	44	64	64	38	111.000	131.476	144	140	138	136	134	132	130	128	125	122	116	105.516	135.996	163	157	151	146	142	138	131	126	120	114	109	0	0	0.000	0.000	0	0	0	0	0.000	0	0	0	0.000	0	0	0	0	0	0	0	0	0	0	0	0	0	0	0	0	0
58	58	2181	1522.402	633.601	0.840	38	727	1228	131	13	38	727	1228	131	13	109.978	121.915	131	126	125	124	123	122	121	120	119	117	114	110.666	2634.467	5108	4102	3704	3368	2986	2603	2254	1922	1511	1113	615	0	0	0.000	0.000	0	0	0	0	0.000	0	0	0	0.000	0	0	0	0	0	0	0	0	0	0	0	0	0	0	0	0	0
59	59	2058	1755.341	633.642	0.883	793	620	352	169	91	793	620	352	169	91	112.085	378.225	2682	833	362	250	217	206	197	189	181	167	134	114.652	2888.944	4379	3708	3494	3319	3149	2975	2806	2601	2348	1917	741	1	252	1757.909	639.319	0	0	0	1313	1415.810	0	0	2941	2992.452	0	0	0	0	0	0	0	0	0	0	0	0	0	0	0	0	0
60	60	967	1420.287	637.513	0.900	48	217	470	178	33	48	217	470	178	33	110.000	139.074	152	148	145	142	141	139	137	135	133	131	125	109.000	1366.109	2079	1872	1716	1591	1474	1351	1232	1119	1006	915	690	0	0	0.000	0.000	0	0	0	0	0.000	0	0	0	0.000	0	0	0	0	0	0	0	0	0	0	0	0	0	0	0	0	0
61	61	1498	920.655	646.349	0.880	25	122	543	703	77	25	122	543	703	77	111.000	143.095	157	152	149	148	146	145	143	141	136	131	122	105.576	200.986	244	228	223	217	209	203	196	188	180	170	145	0	0	0.000	0.000	0	0	0	0	0.000	0	0	0	0.000	0	0	0	0	0	0	0	0	0	0	0	0	0	0	0	0	0
62	62	314	1198.101	636.317	0.931	41	79	109	71	9	41	79	109	71	9	110.000	116.962	121	119	118	118	117	117	116	116	116	115	114	105.000	361.013	499	471	441	414	385	357	332	311	287	263	226	0	0	0.000	0.000	0	0	0	0	0.000	0	0	0	0.000	0	0	0	0	0	0	0	0	0	0	0	0	0	0	0	0	0
63	63	2283	1242.329	655.129	0.856	335	1841	52	19	12	335	1841	52	19	12	110.418	126.119	251	129	127	126	125	124	123	122	121	119	115	105.480	955.679	1441	1334	1259	1157	1068	981	896	796	673	503	362	1	67	1256.100	642.007	0	0	0	186	188.925	0	0	921	904.239	0	0	0	0	0	0	0	0	0	0	0	0	0	0	0	0	0
64	64	1136	1561.245	665.113	0.897	23	120	559	398	10	23	120	559	398	10	110.000	121.734	135	126	125	123	122	121	120	120	119	118	114	109.371	3134.577	4587	4321	4038	3739	3476	3197	2956	2704	2311	1798	876	0	0	0.000	0.000	0	0	0	0	0.000	0	0	0	0.000	0	0	0	0	0	0	0	0	0	0	0	0	0	0	0	0	0
65	65	2413	1652.172	675.414	0.878	164	1449	722	29	9	164	1449	722	29	9	112.215	327.734	1728	389	338	324	312	301	282	252	220	190	153	112.006	4574.946	7469	6487	6012	5681	5345	4939	4486	3720	2773	1972	1177	1	97	1655.259	681.110	0	0	0	1103	1139.309	0	0	5342	5319.381	0	0	0	0	0	0	0	0	0	0	0	0	0	0	0	0	0
66	66	207	664.478	658.270	0.943	6	29	81	67	18	6	29	81	67	18	110.000	117.053	123	120	119	118	118	117	117	116	115	114	111	105.000	1652.444	2586	2445	2261	2056	1868	1662	1548	1290	1116	857	514	0	0	0.000	0.000	0	0	0	0	0.000	0	0	0	0.000	0	0	0	0	0	0	0	0	0	0	0	0	0	0	0	0	0
67	67	1621	691.521	677.954	0.888	72	430	989	92	14	72	430	989	92	14	110.000	120.240	130	125	123	122	121	120	119	118	118	117	113	105.849	2887.546	5075	4316	3889	3584	3334	3020	2617	2272	1837	1282	625	0	0	0.000	0.000	0	0	0	0	0.000	0	0	0	0.000	0	0	0	0	0	0	0	0	0	0	0	0	0	0	0	0	0
68	68	1817	765.543	681.105	0.892	836	853	57	20	18	836	853	57	20	18	110.941	211.713	313	244	238	231	223	214	203	193	183	171	153	105.554	801.338	1150	1058	1003	954	904	849	776	688	588	463	320	0	0	0.000	0.000	0	0	0	0	0.000	0	0	0	0.000	0	0	0	0	0	0	0	0	0	0	0	0	0	0	0	0	0
69	69	1195	1715.189	680.180	0.895	402	545	154	38	31	402	545	154	38	31	113.000	149.184	165	158	156	155	153	151	149	145	141	137	128	113.909	2713.010	3695	3481	3325	3190	3018	2824	2623	2424	2154	1718	919	0	0	0.000	0.000	0	0	0	0	0.000	0	0	0	0.000	0	0	0	0	0	0	0	0	0	0	0	0	0	0	0	0	0
70	70	1477	890.959	685.284	0.888	14	80	691	614	57	14	80	691	614	57	111.000	137.584	150	145	143	142	140	139	137	135	132	128	120	105.242	182.712	221	206	201	197	192	186	180	173	164	152	132	0	0	0.000	0.000	0	0	0	0	0.000	0	0	0	0.000	0	0	0	0	0	0	0	0	0	0	0	0	0	0	0	0	0
71	71	1550	1417.264	684.371	0.913	64	824	587	29	9	64	824	587	29	9	111.001	144.541	172	161	155	153	150	145	140	135	132	128	121	108.065	1930.721	3248	2927	2683	2460	2200	1976	1730	1408	1145	888	633	0	0	0.000	0.000	0	0	0	0	0.000	0	0	0	0.000	0	0	0	0	0	0	0	0	0	0	0	0	0	0	0	0	0
72	72	1742	1767.402	692.668	0.753	184	1018	399	78	24	184	1018	399	78	24	112.572	259.122	2012	537	172	156	153	150	145	141	135	130	122	113.353	2504.099	4153	3573	3227	3023	2772	2509	2267	1993	1712	1418	916	1	199	1774.823	708.664	0	0	0	967	1037.231	0	0	2737	2547.010	0	0	0	0	0	0	0	0	0	0	0	0	0	0	0	0	0
73	73	943	935.375	688.904	0.882	29	308	442	122	15	29	308	442	122	15	111.000	132.455	143	139	138	137	135	133	131	129	127	124	118	104.575	165.511	194	183	178	174	170	167	163	158	152	146	133	0	0	0.000	0.000	0	0	0	0	0.000	0	0	0	0.000	0	0	0	0	0	0	0	0	0	0	0	0	0	0	0	0	0
74	74	1362	1458.434	701.826	0.866	33	510	663	108	13	33	510	663	108	13	110.412	134.842	161	143	141	140	138	136	133	130	128	126	120	107.988	2584.754	4092	3664	3427	3191	2988	2762	2417	2086	1692	1253	539	0	0	0.000	0.000	0	0	0	0	0.000	0	0	0	0.000	0	0	0	0	0	0	0	0	0	0	0	0	0	0	0	0	0
75	75	2000	794.513	727.158	0.896	67	588	1202	88	14	67	588	1202	88	14	111.506	281.478	1959	408	240	228	221	214	206	195	182	168	139	105.670	689.427	1004	919	873	817	772	725	671	597	494	391	240	1	139	793.629	737.923	0	0	0	1025	1073.108	0	0	684	682.338	0	0	0	0	0	0	0	0	0	0	0	0	0	0	0	0	0
76	76	2373	1386.378	728.766	0.893	138	395	1063	648	79	138	395	1063	648	79	111.789	218.368	1733	347	186	173	160	148	140	133	128	124	118	107.591	3577.522	7375	5933	4882	4325	3957	3533	3138	2695	2096	1294	660	2	54	1401.465	724.464	185	1375.614	716.052	341	348.648	779	874.103	3980	3922.667	6383	6270.865	0	0	0	0	0	0	0	0	0	0	0	0	0	0	0
77	77	2158	1659.059	740.857	0.868	48	165	1144	709	45	48	165	1144	709	45	112.947	451.853	3792	862	324	290	271	257	241	225	207	191	155	111.527	4073.049	6534	5803	5355	4987	4597	4136	3710	3233	2751	2184	1050	1	230	1651.470	746.165	0	0	0	1825	1982.909	0	0	5912	5811.261	0	0	0	0	0	0	0	0	0	0	0	0	0	0	0	0	0
78	78	2347	851.870	743.756	0.884	115	1194	922	54	8	115	1194	922	54	8	111.000	139.576	159	152	150	148	145	141	137	133	128	125	119	105.837	586.494	1010	902	797	706	634	578	519	444	376	303	235	0	0	0.000	0.000	0	0	0	0	0.000	0	0	0	0.000	0	0	0	0	0	0	0	0	0	0	0	0	0	0	0	0	0
79	79	515	756.089	731.034	0.934	21	73	158	192	63	21	73	158	192	63	111.000	163.889	198	185	181	177	172	165	159	153	146	139	130	105.000	430.596	676	611	576	528	478	429	385	342	294	250	193	0	0	0.000	0.000	0	0	0	0	0.000	0	0	0	0.000	0	0	0	0	0	0	0	0	0	0	0	0	0	0	0	0	0
80	80	1550	1433.938	744.091	0.878	108	565	650	175	16	108	565	650	175	16	110.963	151.441	467	174	148	144	141	138	136	134	132	129	121	107.309	2156.907	4136	3128	2877	2681	2452	2213	2020	1748	1403	1034	420	1	97	1419.481	752.759	0	0	0	299	305.278	0	0	2716	2675.753	0	0	0	0	0	0	0	0	0	0	0	0	0	0	0	0	0
81	81	1564	1040.405	763.748	0.868	49	131	686	604	62	49	131	686	604	62	111.000	170.020	644	180	175	171	167	161	155	148	142	135	128	104.309	1318.079	2140	1838	1739	1643	1530	1405	1266	1091	865	604	366	1	52	1024.566	757.538	0	0	0	420	419.654	0	0	1611	1538.981	0	0	0	0	0	0	0	0	0	0	0	0	0	0	0	0	0
82	82	1970	1778.252	761.865	0.840	27	841	804	210	41	27	841	804	210	41	112.283	143.997	166	159	156	152	149	145	140	135	132	128	123	111.016	2583.355	4379	3834	3575	3252	2922	2668	2324	1897	1493	1220	854	0	0	0.000	0.000	0	0	0	0	0.000	0	0	0	0.000	0	0	0	0	0	0	0	0	0	0	0	0	0	0	0	0	0
83	83	2273	1704.139	772.138	0.872	915	803	283	195	32	915	803	283	195	32	113.986	609.242	2380	1055	712	604	544	503	470	427	376	321	185	111.911	2508.439	4681	3921	3393	2972	2674	2402	2146	1884	1633	1348	551	1	141	1690.013	775.904	0	0	0	1731	1766.823	0	0	4141	3832.241	0	0	0	0	0	0	0	0	0	0	0	0	0	0	0	0	0
84	84	2015	804.694	777.064	0.907	33	56	699	1012	175	33	56	699	1012	175	111.333	144.859	162	155	153	152	150	148	145	140	135	130	122	105.981	659.533	1018	901	836	787	731	667	612	551	480	400	271	0	0	0.000	0.000	0	0	0	0	0.000	0	0	0	0.000	0	0	0	0	0	0	0	0	0	0	0	0	0	0	0	0	0
85	85	1782	1010.950	805.311	0.903	19	248	1128	314	46	19	248	1128	314	46	111.747	448.971	7083	624	229	217	205	194	184	172	160	148	132	104.000	1563.570	2417	2288	2138	1992	1831	1667	1452	1216	963	691	425	1	128	1002.217	797.991	0	0	0	3124	3280.250	0	0	2234	2168.117	0	0	0	0	0	0	0	0	0	0	0	0	0	0	0	0	0
86	86	384	1647.730	797.068	0.834	114	153	83	16	7	114	153	83	16	7	112.831	187.060	230	222	213	204	195	187	178	169	163	156	144	109.747	153.896	178	171	167	162	158	154	149	145	142	139	131	0	0	0.000	0.000	0	0	0	0	0.000	0	0	0	0.000	0	0	0	0	0	0	0	0	0	0	0	0	0	0	0	0	0
87	87	1418	1744.284	803.236	0.912	10	131	563	603	85	10	131	563	603	85	112.811	154.109	178	170	165	162	158	156	153	148	142	135	126	110.631	3467.176	5385	4631	4213	3941	3787	3588	3316	3035	2617	2158	1270	0	0	0.000	0.000	0	0	0	0	0.000	0	0	0	0.000	0	0	0	0	0	0	0	0	0	0	0	0	0	0	0	0	0
88	88	1683	863.879	809.033	0.863	51	628	919	36	7	51	628	919	36	7	111.683	176.730	657	197	179	175	171	168	164	159	151	142	127	106.000	1118.591	1600	1479	1388	1308	1253	1180	1080	952	816	683	381	1	52	864.593	799.490	0	0	0	425	428.250	0	0	804	846.212	0	0	0	0	0	0	0	0	0	0	0	0	0	0	0	0	0
89	89	1793	311.074	808.580	0.863	37	242	984	475	29	37	242	984	475	29	109.553	136.448	170	147	144	142	139	136	133	131	128	125	118	102.815	133.580	155	142	140	138	136	134	132	130	128	125	110	0	0	0.000	0.000	0	0	0	0	0.000	0	0	0	0.000	0	0	0	0	0	0	0	0	0	0	0	0	0	0	0	0	0
90	90	301	827.660	814.142	0.942	30	69	82	82	36	30	69	82	82	36	111.963	126.588	140	130	129	128	127	126	125	125	124	123	122	106.000	345.694	495	466	431	393	363	337	320	295	268	237	201	0	0	0.000	0.000	0	0	0	0	0.000	0	0	0	0.000	0	0	0	0	0	0	0	0	0	0	0	0	0	0	0	0	0
91	91	568	897.300	832.866	0.903	58	70	126	218	87	58	70	126	218	87	111.685	118.442	123	121	120	119	119	118	118	118	117	116	113	105.444	208.833	287	260	247	231	217	204	195	185	175	164	144	0	0	0.000	0.000	0	0	0	0	0.000	0	0	0	0.000	0	0	0	0	0	0	0	0	0	0	0	0	0	0	0	0	0
92	92	1651	827.628	846.282	0.878	29	315	803	406	65	29	315	803	406	65	112.000	216.443	1472	293	186	179	172	165	159	153	148	141	124	105.768	842.687	1346	1240	1106	1014	945	876	786	671	541	421	273	1	117	833.943	850.639	0	0	0	732	778.085	0	0	1215	1124.419	0	0	0	0	0	0	0	0	0	0	0	0	0	0	0	0	0
93	93	597	1017.884	843.087	0.915	62	104	297	110	8	62	104	297	110	8	111.000	143.985	164	159	154	151	147	144	141	138	133	128	122	104.000	840.739	1340	1206	1127	1030	958	881	789	671	554	415	257	0	0	0.000	0.000	0	0	0	0	0.000	0	0	0	0.000	0	0	0	0	0	0	0	0	0	0	0	0	0	0	0	0	0
94	94	1165	290.845	854.125	0.924	171	522	274	162	14	171	522	274	162	14	109.000	142.869	155	151	148	147	145	143	141	139	137	135	128	102.668	126.993	143	135	132	130	129	127	126	124	122	120	109	0	0	0.000	0.000	0	0	0	0	0.000	0	0	0	0.000	0	0	0	0	0	0	0	0	0	0	0	0	0	0	0	0	0
95	95	1455	871.558	871.498	0.881	34	600	733	63	4	34	600	733	63	4	111.852	121.307	131	125	124	123	122	121	120	120	119	118	114	105.220	424.493	643	578	534	489	455	416	379	345	315	286	226	0	0	0.000	0.000	0	0	0	0	0.000	0	0	0	0.000	0	0	0	0	0	0	0	0	0	0	0	0	0	0	0	0	0
96	96	1529	331.040	873.596	0.901	19	164	745	533	38	19	164	745	533	38	109.000	137.194	238	144	141	139	137	136	134	132	129	127	118	102.612	125.363	142	134	131	128	127	125	123	122	120	118	110	1	20	316.658	868.838	0	0	0	207	207.100	0	0	119	119.500	0	0	0	0	0	0	0	0	0	0	0	0	0	0	0	0	0
97	97	1282	774.710	886.756	0.915	19	103	704	325	112	19	103	704	325	112	110.892	121.924	131	126	125	124	123	122	121	120	119	118	114	104.505	615.371	838	774	744	716	682	640	592	539	486	417	297	0	0	0.000	0.000	0	0	0	0	0.000	0	0	0	0.000	0	0	0	0	0	0	0	0	0	0	0	0	0	0	0	0	0
98	98	1676	822.777	895.912	0.911	48	94	753	713	27	48	94	753	713	27	111.267	120.138	133	124	123	122	121	120	119	118	117	116	113	105.000	523.465	884	727	649	610	574	522	470	421	376	327	245	0	0	0.000	0.000	0	0	0	0	0.000	0	0	0	0.000	0	0	0	0	0	0	0	0	0	0	0	0	0	0	0	0	0
99	99	708	1744.932	892.943	0.875	40	136	310	166	36	40	136	310	166	36	110.531	119.134	126	123	122	121	120	119	118	117	117	116	113	105.525	962.921	1497	1286	1170	1090	1037	979	896	813	733	653	485	0	0	0.000	0.000	0	0	0	0	0.000	0	0	0	0.000	0	0	0	0	0	0	0	0	0	0	0	0	0	0	0	0	0
100	100	1721	213.148	912.017	0.902	83	472	942	173	22	83	472	942	173	22	109.000	121.383	130	126	124	123	122	121	120	120	119	117	113	102.327	126.819	140	135	132	130	128	126	125	123	122	120	109	0	0	0.000	0.000	0	0	0	0	0.000	0	0	0	0.000	0	0	0	0	0	0	0	0	0	0	0	0	0	0	0	0	0
101	101	1320	1748.839	974.327	0.888	40	186	758	242	75	40	186	758	242	75	111.000	126.728	137	133	131	130	128	127	126	124	122	120	114	103.493	455.220	702	593	542	509	481	454	423	392	359	323	249	0	0	0.000	0.000	0	0	0	0	0.000	0	0	0	0.000	0	0	0	0	0	0	0	0	0	0	0	0	0	0	0	0	0
102	102	1604	158.264	978.331	0.896	1171	341	26	28	12	1171	341	26	28	12	109.185	174.549	231	195	190	185	181	178	174	168	159	145	132	102.953	131.171	144	138	136	135	133	132	130	128	126	124	115	0	0	0.000	0.000	0	0	0	0	0.000	0	0	0	0.000	0	0	0	0	0	0	0	0	0	0	0	0	0	0	0	0	0
103	103	1347	2023.092	980.007	0.909	218	561	454	66	20	218	561	454	66	20	109.542	262.630	1339	413	287	229	220	210	201	191	180	166	145	102.390	196.871	263	236	221	211	203	196	189	181	171	160	145	2	79	2008.547	977.601	20	2016.083	969.483	759	788.266	447	445.300	193	194.582	203	202.950	0	0	0	0	0	0	0	0	0	0	0	0	0	0	0
104	104	2094	784.619	1013.579	0.893	125	284	1502	148	12	125	284	1502	148	12	110.964	119.089	133	125	122	120	119	118	117	117	116	115	112	105.494	752.169	1256	1093	997	924	850	770	684	587	500	381	250	0	0	0.000	0.000	0	0	0	0	0.000	0	0	0	0.000	0	0	0	0	0	0	0	0	0	0	0	0	0	0	0	0	0
105	105	1785	840.499	1022.522	0.889	27	117	1103	484	26	27	117	1103	484	26	110.976	117.655	126	121	119	118	118	117	117	116	116	115	113	105.229	907.169	1259	1164	1127	1077	1014	945	863	791	692	576	352	0	0	0.000	0.000	0	0	0	0	0.000	0	0	0	0.000	0	0	0	0	0	0	0	0	0	0	0	0	0	0	0	0	0
106	106	1978	1770.522	1031.050	0.863	19	96	967	803	50	19	96	967	803	50	111.229	126.391	136	131	129	128	128	127	126	124	123	122	116	103.030	475.642	792	684	616	572	527	479	426	380	326	263	193	0	0	0.000	0.000	0	0	0	0	0.000	0	0	0	0.000	0	0	0	0	0	0	0	0	0	0	0	0	0	0	0	0	0
107	107	1752	193.402	1028.614	0.887	679	730	176	84	48	679	730	176	84	48	109.941	255.102	342	306	290	279	270	260	248	233	219	199	154	103.027	537.530	879	737	674	626	576	535	502	453	403	339	198	0	0	0.000	0.000	0	0	0	0	0.000	0	0	0	0.000	0	0	0	0	0	0	0	0	0	0	0	0	0	0	0	0	0
108	108	2036	896.999	1038.845	0.836	80	718	949	231	16	80	718	949	231	16	110.818	119.995	128	123	122	121	121	120	119	119	118	117	113	103.739	1106.280	1962	1673	1484	1330	1211	1091	952	838	721	593	451	0	0	0.000	0.000	0	0	0	0	0.000	0	0	0	0.000	0	0	0	0	0	0	0	0	0	0	0	0	0	0	0	0	0
109	109	1716	132.718	1055.224	0.813	33	616	888	142	8	33	616	888	142	8	108.270	262.200	982	326	310	290	267	248	232	211	192	176	155	102.365	528.515	852	786	755	703	615	533	455	370	296	258	212	1	35	116.028	1050.790	0	0	0	713	707.429	0	0	793	775.286	0	0	0	0	0	0	0	0	0	0	0	0	0	0	0	0	0
110	110	1814	801.688	1068.037	0.882	644	885	153	78	35	644	885	153	78	35	111.007	119.303	127	123	122	121	120	119	119	118	117	116	114	106.728	1206.642	1955	1674	1494	1362	1281	1203	1108	1006	892	774	485	0	0	0.000	0.000	0	0	0	0	0.000	0	0	0	0.000	0	0	0	0	0	0	0	0	0	0	0	0	0	0	0	0	0
111	111	321	1750.378	1066.385	0.883	37	58	81	95	44	37	58	81	95	44	112.000	118.489	121	120	120	119	119	119	118	118	117	117	115	103.000	211.785	284	267	253	235	221	208	197	187	177	164	146	0	0	0.000	0.000	0	0	0	0	0.000	0	0	0	0.000	0	0	0	0	0	0	0	0	0	0	0	0	0	0	0	0	0
112	112	1650	416.574	1078.947	0.887	33	226	811	489	60	33	226	811	489	60	109.939	117.562	126	122	120	118	118	117	117	116	115	115	112	101.597	517.928	752	672	626	592	558	522	483	451	411	355	248	0	0	0.000	0.000	0	0	0	0	0.000	0	0	0	0.000	0	0	0	0	0	0	0	0	0	0	0	0	0	0	0	0	0
113	113	803	861.481	1088.657	0.803	19	131	511	117	9	19	131	511	117	9	111.000	118.542	123	121	120	120	119	119	118	118	117	116	113	105.052	1099.859	1451	1347	1279	1226	1160	1099	1037	979	930	867	680	0	0	0.000	0.000	0	0	0	0	0.000	0	0	0	0.000	0	0	0	0	0	0	0	0	0	0	0	0	0	0	0	0	0
114	114	1514	293.412	1098.159	0.878	39	375	696	346	38	39	375	696	346	38	109.427	131.961	144	140	138	136	134	133	131	129	126	124	113	103.000	1883.388	3661	3033	2656	2320	1986	1764	1531	1355	1158	946	731	0	0	0.000	0.000	0	0	0	0	0.000	0	0	0	0.000	0	0	0	0	0	0	0	0	0	0	0	0	0	0	0	0	0
115	115	630	337.615	1091.872	0.881	13	82	294	200	30	13	82	294	200	30	110.000	131.094	142	137	135	134	132	131	130	129	127	125	122	102.673	2291.692	3295	2999	2784	2589	2416	2254	2112	1978	1817	1660	1243	0	0	0.000	0.000	0	0	0	0	0.000	0	0	0	0.000	0	0	0	0	0	0	0	0	0	0	0	0	0	0	0	0	0
116	116	1448	107.896	1107.227	0.870	60	945	277	106	35	60	945	277	106	35	107.311	233.061	285	274	264	255	248	238	226	213	201	188	162	102.461	460.391	665	611	575	543	512	474	433	381	338	293	222	0	0	0.000	0.000	0	0	0	0	0.000	0	0	0	0.000	0	0	0	0	0	0	0	0	0	0	0	0	0	0	0	0	0
117	117	1704	1533.425	1109.659	0.890	180	1243	228	11	5	180	1243	228	11	5	111.647	128.154	142	137	134	132	129	127	126	124	122	120	116	105.000	3005.214	5441	4592	4184	3797	3423	3047	2646	2186	1783	1352	915	0	0	0.000	0.000	0	0	0	0	0.000	0	0	0	0.000	0	0	0	0	0	0	0	0	0	0	0	0	0	0	0	0	0
118	118	1216	1585.792	1106.661	0.926	18	330	649	161	33	18	330	649	161	33	111.135	125.956	135	132	130	129	127	126	125	123	122	120	114	104.766	4141.953	5897	5557	5340	5022	4692	4321	3909	3461	2950	2431	1444	0	0	0.000	0.000	0	0	0	0	0.000	0	0	0	0.000	0	0	0	0	0	0	0	0	0	0	0	0	0	0	0	0	0
119	119	643	1391.263	1106.153	0.908	81	188	264	88	12	81	188	264	88	12	113.000	126.006	145	135	132	128	126	125	123	122	120	119	115	103.431	115.670	128	121	119	118	117	116	115	113	112	111	107	0	0	0.000	0.000	0	0	0	0	0.000	0	0	0	0.000	0	0	0	0	0	0	0	0	0	0	0	0	0	0	0	0	0
120	120	1660	793.338	1123.320	0.886	219	191	358	735	130	219	191	358	735	130	110.903	119.458	129	123	121	120	120	119	119	118	117	117	114	106.296	1331.520	2095	1858	1717	1574	1473	1354	1230	1101	950	752	463	0	0	0.000	0.000	0	0	0	0	0.000	0	0	0	0.000	0	0	0	0	0	0	0	0	0	0	0	0	0	0	0	0	0
121	121	1900	217.049	1162.177	0.891	39	92	716	864	137	39	92	716	864	137	109.000	117.634	124	120	119	119	118	118	117	117	116	115	110	103.496	2002.588	3037	2773	2581	2378	2168	1972	1816	1679	1442	1271	692	0	0	0.000	0.000	0	0	0	0	0.000	0	0	0	0.000	0	0	0	0	0	0	0	0	0	0	0	0	0	0	0	0	0
122	122	2052	1289.645	1177.534	0.878	42	87	920	913	55	42	87	920	913	55	113.000	238.240	2713	302	166	156	152	149	144	140	134	129	121	104.953	704.120	1121	1035	952	856	767	685	616	558	504	389	209	1	136	1304.588	1172.989	0	0	0	1204	1310.199	0	0	887	839.397	0	0	0	0	0	0	0	0	0	0	0	0	0	0	0	0	0
123	123	926	183.606	1191.640	0.883	67	533	186	93	29	67	533	186	93	29	108.552	118.205	125	121	120	119	119	118	118	117	116	116	113	104.000	1734.810	2469	2256	2110	1947	1784	1720	1642	1545	1401	1233	939	0	0	0.000	0.000	0	0	0	0	0.000	0	0	0	0.000	0	0	0	0	0	0	0	0	0	0	0	0	0	0	0	0	0
124	124	2635	1253.726	1225.651	0.877	103	541	1366	511	46	103	541	1366	511	46	112.660	151.175	173	166	161	158	156	153	149	145	139	135	126	105.575	906.589	1217	1139	1113	1083	1050	1009	918	803	649	515	352	0	0	0.000	0.000	0	0	0	0	0.000	0	0	0	0.000	0	0	0	0	0	0	0	0	0	0	0	0	0	0	0	0	0
125	125	1484	1372.818	1259.127	0.892	56	374	797	195	27	56	374	797	195	27	111.695	124.360	133	129	127	126	125	124	124	122	121	120	117	108.129	2362.030	3869	3491	3225	2944	2716	2471	2157	1826	1447	1090	704	0	0	0.000	0.000	0	0	0	0	0.000	0	0	0	0.000	0	0	0	0	0	0	0	0	0	0	0	0	0	0	0	0	0
126	126	688	1419.701	1265.350	0.911	47	319	268	35	6	47	319	268	35	6	112.177	128.696	139	136	133	131	130	129	127	126	125	123	118	108.026	3126.523	4239	3943	3814	3644	3455	3298	3053	2792	2457	2098	908	0	0	0.000	0.000	0	0	0	0	0.000	0	0	0	0.000	0	0	0	0	0	0	0	0	0	0	0	0	0	0	0	0	0
127	127	2075	1328.656	1281.682	0.892	65	110	1093	709	55	65	110	1093	709	55	112.082	130.513	145	139	136	135	133	131	129	126	124	122	116	107.800	3702.831	5597	5137	4845	4560	4244	3944	3604	3031	2395	1846	1253	0	0	0.000	0.000	0	0	0	0	0.000	0	0	0	0.000	0	0	0	0	0	0	0	0	0	0	0	0	0	0	0	0	0
128	128	2362	260.027	1293.680	0.881	310	1761	222	20	6	310	1761	222	20	6	109.631	2359.157	28100	7859	2190	663	308	224	210	196	178	159	137	102.780	146.426	185	163	158	154	151	148	145	140	133	125	115	1	342	264.748	1286.980	0	0	0	11547	12895.018	0	0	163	164.298	0	0	0	0	0	0	0	0	0	0	0	0	0	0	0	0	0
129	129	1550	1401.153	1303.266	0.924	651	607	141	105	23	651	607	141	105	23	113.000	129.432	145	137	135	133	132	129	127	125	123	122	118	109.000	2918.853	4636	3890	3534	3260	3051	2839	2660	2492	2297	2072	1451	0	0	0.000	0.000	0	0	0	0	0.000	0	0	0	0.000	0	0	0	0	0	0	0	0	0	0	0	0	0	0	0	0	0
130	130	753	1192.490	1306.406	0.910	35	83	389	226	11	35	83	389	226	11	112.025	159.583	198	182	178	172	167	161	154	148	141	134	126	104.000	125.013	145	137	133	129	126	125	123	120	118	114	108	0	0	0.000	0.000	0	0	0	0	0.000	0	0	0	0.000	0	0	0	0	0	0	0	0	0	0	0	0	0	0	0	0	0
131	131	1462	1357.785	1325.900	0.899	918	391	79	33	18	918	391	79	33	18	113.000	129.302	146	137	134	132	130	128	127	126	125	123	117	108.274	2438.336	3602	3285	3065	2884	2723	2535	2285	2061	1771	1446	987	0	0	0.000	0.000	0	0	0	0	0.000	0	0	0	0.000	0	0	0	0	0	0	0	0	0	0	0	0	0	0	0	0	0
132	132	1977	1748.711	1336.083	0.901	1364	453	74	49	18	1364	453	74	49	18	111.875	121.887	134	128	126	124	122	121	120	119	118	118	114	105.286	772.807	1294	1144	1051	970	865	766	658	564	493	425	334	0	0	0.000	0.000	0	0	0	0	0.000	0	0	0	0.000	0	0	0	0	0	0	0	0	0	0	0	0	0	0	0	0	0
133	133	2080	294.260	1341.279	0.920	588	1340	97	11	3	588	1340	97	11	3	109.037	206.417	376	233	226	220	216	212	207	199	181	160	129	102.812	149.481	169	161	158	156	155	153	150	147	142	131	113	0	0	0.000	0.000	0	0	0	0	0.000	0	0	0	0.000	0	0	0	0	0	0	0	0	0	0	0	0	0	0	0	0	0
134	134	1621	1554.062	1353.643	0.872	120	901	479	78	12	120	901	479	78	12	113.000	126.645	145	137	132	129	126	125	123	122	122	120	116	105.499	122.314	135	128	126	125	124	122	121	120	118	117	108	0	0	0.000	0.000	0	0	0	0	0.000	0	0	0	0.000	0	0	0	0	0	0	0	0	0	0	0	0	0	0	0	0	0
135	135	1678	1640.207	1370.477	0.893	83	229	896	394	54	83	229	896	394	54	111.179	125.202	142	134	129	127	125	124	123	122	121	119	114	105.897	2718.229	5856	3957	3651	3253	2907	2595	2332	2100	1901	1583	619	0	0	0.000	0.000	0	0	0	0	0.000	0	0	0	0.000	0	0	0	0	0	0	0	0	0	0	0	0	0	0	0	0	0
136	136	2327	1027.430	1382.474	0.890	26	640	1431	162	28	26	640	1431	162	28	113.029	221.431	2023	316	162	153	149	145	141	137	133	129	124	105.000	196.988	261	235	226	218	209	200	189	178	165	153	139	1	175	1038.716	1376.418	0	0	0	928	1015.829	0	0	233	225.937	0	0	0	0	0	0	0	0	0	0	0	0	0	0	0	0	0
137	137	2207	1088.649	1381.280	0.876	71	568	1200	317	19	71	568	1200	317	19	113.090	222.964	772	324	234	212	199	189	182	176	167	155	139	104.804	191.285	244	221	212	205	198	192	186	180	170	158	140	1	177	1092.100	1385.130	0	0	0	506	520.944	0	0	197	196.836	0	0	0	0	0	0	0	0	0	0	0	0	0	0	0	0	0
138	138	1041	974.224	1374.782	0.896	31	78	657	236	26	31	78	657	236	26	112.047	138.680	154	147	145	143	142	140	139	135	131	128	120	104.668	185.033	232	213	205	200	194	187	180	176	167	151	125	0	0	0.000	0.000	0	0	0	0	0.000	0	0	0	0.000	0	0	0	0	0	0	0	0	0	0	0	0	0	0	0	0	0
139	139	1105	1370.699	1383.148	0.908	350	425	171	107	38	350	425	171	107	38	113.000	123.984	132	128	127	125	125	124	123	122	121	120	116	107.533	1168.890	1682	1496	1404	1350	1285	1210	1139	1049	922	734	446	0	0	0.000	0.000	0	0	0	0	0.000	0	0	0	0.000	0	0	0	0	0	0	0	0	0	0	0	0	0	0	0	0	0
140	140	2199	1320.620	1411.020	0.887	395	1317	352	74	19	395	1317	352	74	19	112.954	667.874	16899	620	225	190	169	161	155	151	147	141	128	105.625	128.184	164	138	134	131	129	127	125	124	122	119	110	2	14	1311.706	1424.876	127	1334.229	1419.802	273	269.857	6702	7534.787	145	144.643	144	144.323	0	0	0	0	0	0	0	0	0	0	0	0	0	0	0
141	141	1736	1609.528	1414.409	0.831	65	383	879	332	43	65	383	879	332	43	111.497	123.380	134	128	126	125	124	123	122	121	120	119	114	105.482	2362.121	4312	3226	2977	2750	2569	2399	2233	2041	1777	1352	517	0	0	0.000	0.000	0	0	0	0	0.000	0	0	0	0.000	0	0	0	0	0	0	0	0	0	0	0	0	0	0	0	0	0
142	142	1279	1073.717	1434.238	0.905	19	192	631	364	48	19	192	631	364	48	113.532	181.084	234	207	196	191	184	179	176	172	166	156	137	105.480	191.242	236	216	208	203	198	192	185	179	173	167	141	0	0	0.000	0.000	0	0	0	0	0.000	0	0	0	0.000	0	0	0	0	0	0	0	0	0	0	0	0	0	0	0	0	0
143	143	1940	1114.783	1467.798	0.886	61	522	968	316	31	61	522	968	316	31	113.000	188.037	820	309	186	157	150	145	140	136	133	129	120	105.598	1836.753	3962	3123	2664	2320	1982	1707	1466	1236	1060	733	415	1	218	1116.269	1468.645	0	0	0	443	478.495	0	0	2244	2143.706	0	0	0	0	0	0	0	0	0	0	0	0	0	0	0	0	0
144	144	1607	1060.427	1487.017	0.897	37	270	851	392	31	37	270	851	392	31	112.866	143.058	156	152	150	149	147	145	142	139	136	131	122	105.828	2654.686	3783	3404	3258	3096	2915	2682	2466	2289	2093	1852	921	0	0	0.000	0.000	0	0	0	0	0.000	0	0	0	0.000	0	0	0	0	0	0	0	0	0	0	0	0	0	0	0	0	0
145	145	781	1939.244	1492.426	0.855	176	372	158	49	10	176	372	158	49	10	111.343	147.589	177	160	157	153	151	147	145	142	139	134	124	102.980	120.227	142	127	124	122	121	120	119	117	116	114	108	0	0	0.000	0.000	0	0	0	0	0.000	0	0	0	0.000	0	0	0	0	0	0	0	0	0	0	0	0	0	0	0	0	0
146	146	1644	1103.187	1522.451	0.851	31	620	879	76	5	31	620	879	76	5	113.000	138.036	162	152	147	143	139	136	134	131	130	128	123	105.385	1769.926	3233	2924	2550	2225	1904	1569	1391	1226	1054	920	606	0	0	0.000	0.000	0	0	0	0	0.000	0	0	0	0.000	0	0	0	0	0	0	0	0	0	0	0	0	0	0	0	0	0
147	147	1793	1814.124	1524.260	0.900	20	180	1130	393	43	20	180	1130	393	43	112.000	1319.921	14307	4780	964	274	160	140	134	131	127	123	116	102.361	137.482	181	150	145	143	142	140	137	134	127	117	105	1	279	1811.415	1525.143	0	0	0	6402	6986.401	0	0	153	154.573	0	0	0	0	0	0	0	0	0	0	0	0	0	0	0	0	0
148	148	2144	1859.457	1554.057	0.894	32	438	1184	435	10	32	438	1184	435	10	112.000	149.177	517	200	156	142	134	129	126	124	123	121	117	102.994	139.643	162	152	149	147	144	142	138	133	129	124	110	3	70	1874.350	1563.198	48	1858.206	1569.127	286	296.614	217	224.021	149	148.171	153	152.833	0	0	0	0	0	0	0	0	0	0	0	0	0	0	0
149	149	1897	302.230	1563.286	0.896	101	884	789	75	14	101	884	789	75	14	108.574	152.641	179	170	166	162	159	154	149	144	139	133	124	102.655	1081.675	1584	1495	1434	1367	1269	1139	1007	874	705	540	377	0	0	0.000	0.000	0	0	0	0	0.000	0	0	0	0.000	0	0	0	0	0	0	0	0	0	0	0	0	0	0	0	0	0
150	150	1535	1115.203	1578.707	0.880	11	81	613	724	82	11	81	613	724	82	112.965	145.275	161	155	153	152	150	147	144	141	136	132	123	105.858	2300.688	3087	2910	2808	2692	2596	2460	2286	2076	1781	1377	768	0	0	0.000	0.000	0	0	0	0	0.000	0	0	0	0.000	0	0	0	0	0	0	0	0	0	0	0	0	0	0	0	0	0
151	151	2184	256.528	1599.333	0.865	803	1273	27	10	7	803	1273	27	10	7	108.898	157.087	268	175	161	158	156	155	152	149	145	139	125	103.000	1107.182	1577	1445	1368	1293	1229	1166	1089	987	851	649	454	1	14	244.739	1608.880	0	0	0	253	249.643	0	0	1245	1206.500	0	0	0	0	0	0	0	0	0	0	0	0	0	0	0	0	0
152	152	2074	200.475	1633.849	0.873	65	366	1180	393	27	65	366	1180	393	27	108.519	274.146	2183	444	227	202	192	182	174	161	151	143	133	103.000	767.900	1351	1207	1075	971	878	786	685	549	415	321	237	1	182	189.305	1641.106	0	0	0	1053	1118.786	0	0	1248	1216.258	0	0	0	0	0	0	0	0	0	0	0	0	0	0	0	0	0
153	153	1628	1055.543	1634.699	0.876	1135	344	68	35	7	1135	344	68	35	7	113.041	122.333	130	125	124	123	123	122	122	121	120	120	116	105.996	1411.277	2099	1944	1881	1783	1629	1476	1295	1132	930	743	516	0	0	0.000	0.000	0	0	0	0	0.000	0	0	0	0.000	0	0	0	0	0	0	0	0	0	0	0	0	0	0	0	0	0
154	154	1433	1473.962	1635.829	0.900	58	103	611	568	67	58	103	611	568	67	112.830	133.943	145	140	139	138	136	134	133	131	129	127	120	104.029	1548.376	2169	1966	1874	1804	1720	1641	1556	1391	1204	946	559	0	0	0.000	0.000	0	0	0	0	0.000	0	0	0	0.000	0	0	0	0	0	0	0	0	0	0	0	0	0	0	0	0	0
155	155	1744	255.346	1653.344	0.881	34	82	761	780	48	34	82	761	780	48	109.000	198.200	228	219	217	214	212	208	201	191	177	161	133	102.931	1075.203	1362	1294	1260	1220	1182	1147	1103	1039	911	702	380	0	0	0.000	0.000	0	0	0	0	0.000	0	0	0	0.000	0	0	0	0	0	0	0	0	0	0	0	0	0	0	0	0	0
156	156	1046	1861.307	1657.692	0.869	83	628	261	46	14	83	628	261	46	14	111.207	121.852	130	126	125	124	123	122	121	120	119	118	115	102.652	124.150	147	137	131	127	124	122	120	119	117	116	110	0	0	0.000	0.000	0	0	0	0	0.000	0	0	0	0.000	0	0	0	0	0	0	0	0	0	0	0	0	0	0	0	0	0
157	157	1708	1104.023	1666.189	0.895	673	741	117	72	45	673	741	117	72	45	113.196	143.622	715	150	128	126	125	124	123	122	121	120	116	105.567	1371.059	2380	2011	1862	1683	1504	1335	1155	1003	894	795	608	1	119	1108.547	1680.518	0	0	0	356	379.471	0	0	2152	2052.462	0	0	0	0	0	0	0	0	0	0	0	0	0	0	0	0	0
158	158	1771	1437.880	1669.644	0.874	67	72	697	817	95	67	72	697	817	95	113.000	441.047	3847	1380	298	155	142	137	133	130	126	124	120	104.082	1160.248	1934	1739	1652	1532	1400	1233	1023	818	634	469	345	1	290	1420.496	1666.439	0	0	0	1688	1872.700	0	0	1566	1434.321	0	0	0	0	0	0	0	0	0	0	0	0	0	0	0	0	0
159	159	1975	1053.251	1685.393	0.853	963	877	35	42	2	963	877	35	42	2	113.219	254.847	3182	344	149	137	134	133	131	130	128	126	120	105.032	1643.501	2515	2319	2172	2053	1922	1765	1581	1349	1080	756	361	1	155	1067.454	1685.685	0	0	0	1328	1486.858	0	0	2022	1984.213	0	0	0	0	0	0	0	0	0	0	0	0	0	0	0	0	0
160	160	1590	755.602	1686.717	0.881	107	753	514	174	19	107	753	514	174	19	111.000	160.626	178	171	168	165	163	161	159	157	154	148	137	103.099	638.540	873	784	741	705	673	646	619	583	546	481	326	0	0	0.000	0.000	0	0	0	0	0.000	0	0	0	0.000	0	0	0	0	0	0	0	0	0	0	0	0	0	0	0	0	0
161	161	1907	1407.953	1702.861	0.856	62	348	1269	172	20	62	348	1269	172	20	113.000	135.190	479	135	131	130	128	127	125	124	122	121	118	104.000	1273.520	1957	1798	1683	1560	1445	1331	1142	965	838	718	474	1	86	1414.790	1689.549	0	0	0	277	286.360	0	0	1823	1788.570	0	0	0	0	0	0	0	0	0	0	0	0	0	0	0	0	0
162	162	1756	1848.028	1700.758	0.888	299	1119	274	25	12	299	1119	274	25	12	112.010	123.300	131	127	126	125	125	124	122	121	120	119	116	102.028	123.795	143	134	131	128	126	123	120	118	117	115	108	0	0	0.000	0.000	0	0	0	0	0.000	0	0	0	0.000	0	0	0	0	0	0	0	0	0	0	0	0	0	0	0	0	0
163	163	206	23.848	1690.288	0.938	16	59	58	40	31	16	59	58	40	31	105.223	116.568	122	120	118	118	117	117	116	115	114	114	111	102.000	1134.291	1561	1481	1415	1349	1253	1176	1099	979	883	707	508	0	0	0.000	0.000	0	0	0	0	0.000	0	0	0	0.000	0	0	0	0	0	0	0	0	0	0	0	0	0	0	0	0	0
164	164	1994	92.636	1713.038	0.897	69	754	1052	72	12	69	754	1052	72	12	107.847	154.076	640	214	146	133	129	127	125	123	122	119	112	102.777	679.086	1254	1001	861	770	703	653	605	560	494	400	266	1	181	85.844	1717.738	0	0	0	348	372.083	0	0	708	739.155	0	0	0	0	0	0	0	0	0	0	0	0	0	0	0	0	0
165	165	1816	798.016	1724.506	0.898	51	654	1011	54	3	51	654	1011	54	3	111.959	216.112	1718	262	180	174	169	165	160	155	148	140	128	103.562	555.122	833	754	718	678	625	574	524	477	390	293	229	1	109	799.900	1717.418	0	0	0	807	876.128	0	0	648	619.596	0	0	0	0	0	0	0	0	0	0	0	0	0	0	0	0	0
166	166	1363	24.232	1742.918	0.881	122	719	452	36	5	122	719	452	36	5	105.400	120.898	133	129	126	123	122	120	119	117	116	115	111	101.811	1562.443	2542	2289	2085	1916	1746	1626	1478	1265	970	734	549	0	0	0.000	0.000	0	0	0	0	0.000	0	0	0	0.000	0	0	0	0	0	0	0	0	0	0	0	0	0	0	0	0	0
167	167	2023	849.025	1744.734	0.871	236	1530	190	36	8	236	1530	190	36	8	111.835	250.500	1273	373	243	224	211	201	190	183	177	163	139	103.819	565.283	1203	753	706	663	625	573	511	459	414	370	197	1	143	832.448	1741.628	0	0	0	729	760.056	0	0	628	644.713	0	0	0	0	0	0	0	0	0	0	0	0	0	0	0	0	0
168	168	1549	122.195	1756.263	0.895	8	95	762	609	46	8	95	762	609	46	107.755	128.283	139	136	134	133	131	129	127	125	122	119	113	102.711	978.521	1383	1255	1201	1141	1071	1004	946	863	757	633	377	0	0	0.000	0.000	0	0	0	0	0.000	0	0	0	0.000	0	0	0	0	0	0	0	0	0	0	0	0	0	0	0	0	0
169	169	1860	81.322	1772.514	0.894	89	144	860	659	64	89	144	860	659	64	106.685	124.012	134	130	128	127	126	124	123	122	120	118	112	102.431	949.910	1579	1384	1291	1181	1072	975	869	740	605	464	298	0	0	0.000	0.000	0	0	0	0	0.000	0	0	0	0.000	0	0	0	0	0	0	0	0	0	0	0	0	0	0	0	0	0
170	170	892	1411.590	1764.414	0.872	30	236	384	187	45	30	236	384	187	45	112.971	125.673	134	130	128	127	126	126	125	124	123	122	118	103.000	1337.246	1804	1693	1618	1535	1446	1356	1259	1166	1064	958	674	0	0	0.000	0.000	0	0	0	0	0.000	0	0	0	0.000	0	0	0	0	0	0	0	0	0	0	0	0	0	0	0	0	0
171	171	1800	814.821	1794.227	0.887	45	600	991	111	9	45	600	991	111	9	112.000	201.336	520	219	214	209	204	200	195	188	183	174	139	102.912	694.420	945	861	826	789	754	716	663	612	559	505	325	0	0	0.000	0.000	0	0	0	0	0.000	0	0	0	0.000	0	0	0	0	0	0	0	0	0	0	0	0	0	0	0	0	0
172	172	1206	1807.670	1812.049	0.922	497	545	111	19	8	497	545	111	19	8	113.000	4093.633	5585	5412	5208	4975	4724	4414	3987	3479	2891	2265	1203	102.000	149.426	202	167	161	155	151	148	145	143	139	133	115	0	0	0.000	0.000	0	0	0	0	0.000	0	0	0	0.000	0	0	0	0	0	0	0	0	0	0	0	0	0	0	0	0	0
173	173	1440	563.481	1831.912	0.880	115	447	641	195	17	115	447	641	195	17	110.000	118.815	127	122	121	120	119	119	118	117	116	115	112	103.415	1745.262	2805	2373	2263	2154	2015	1859	1661	1433	1184	917	407	0	0	0.000	0.000	0	0	0	0	0.000	0	0	0	0.000	0	0	0	0	0	0	0	0	0	0	0	0	0	0	0	0	0
174	174	2644	557.917	1886.230	0.850	159	1551	800	73	8	159	1551	800	73	8	109.895	122.053	138	131	128	124	122	120	119	118	117	117	114	104.062	1785.909	3199	2538	2323	2153	1985	1812	1611	1381	1161	992	565	0	0	0.000	0.000	0	0	0	0	0.000	0	0	0	0.000	0	0	0	0	0	0	0	0	0	0	0	0	0	0	0	0	0
175	175	1798	455.837	1879.377	0.880	49	144	863	638	72	49	144	863	638	72	109.192	143.493	168	158	154	150	146	143	140	137	133	129	119	104.589	971.702	1589	1347	1248	1192	1131	1018	904	784	658	490	347	0	0	0.000	0.000	0	0	0	0	0.000	0	0	0	0.000	0	0	0	0	0	0	0	0	0	0	0	0	0	0	0	0	0
176	176	1220	504.120	1879.610	0.912	18	286	536	290	64	18	286	536	290	64	110.000	119.652	131	126	123	121	120	119	118	117	116	116	113	104.943	1447.401	2285	1899	1774	1630	1521	1432	1322	1224	1124	1032	798	0	0	0.000	0.000	0	0	0	0	0.000	0	0	0	0.000	0	0	0	0	0	0	0	0	0	0	0	0	0	0	0	0	0
177	177	1265	400.883	1887.467	0.917	43	193	685	293	33	43	193	685	293	33	108.281	148.871	170	161	158	155	153	150	147	144	140	135	123	103.585	1212.127	1505	1452	1407	1353	1298	1228	1167	1104	1048	957	547	0	0	0.000	0.000	0	0	0	0	0.000	0	0	0	0.000	0	0	0	0	0	0	0	0	0	0	0	0	0	0	0	0	0
178	178	1470	1794.953	1926.867	0.869	34	244	925	223	23	34	244	925	223	23	110.845	145.505	646	157	137	134	132	130	128	125	123	120	116	102.000	741.770	1212	1032	958	875	790	711	656	604	548	471	365	1	92	1799.928	1927.700	0	0	0	335	353.467	0	0	1085	1048.098	0	0	0	0	0	0	0	0	0	0	0	0	0	0	0	0	0
179	179	1958	507.037	1943.411	0.879	60	107	481	1162	99	60	107	481	1162	99	108.993	157.862	185	174	171	168	165	162	157	149	142	136	123	104.393	1530.533	2274	2104	1978	1840	1713	1592	1454	1326	1085	806	486	0	0	0.000	0.000	0	0	0	0	0.000	0	0	0	0.000	0	0	0	0	0	0	0	0	0	0	0	0	0	0	0	0	0
180	180	2453	404.390	1945.451	0.843	65	786	1373	166	13	65	786	1373	166	13	107.670	192.038	346	230	211	200	193	189	183	176	168	154	131	103.758	975.778	1611	1373	1244	1168	1079	985	889	807	734	539	358	0	0	0.000	0.000	0	0	0	0	0.000	0	0	0	0.000	0	0	0	0	0	0	0	0	0	0	0	0	0	0	0	0	0
181	181	879	1757.275	1953.176	0.881	15	31	353	433	33	15	31	353	433	33	110.767	126.701	138	132	131	130	128	127	125	124	122	120	116	102.000	750.504	1030	978	925	865	826	773	710	649	576	499	332	0	0	0.000	0.000	0	0	0	0	0.000	0	0	0	0.000	0	0	0	0	0	0	0	0	0	0	0	0	0	0	0	0	0
182	182	1662	504.343	1997.913	0.887	20	95	489	963	66	20	95	489	963	66	107.526	149.087	178	169	165	161	156	150	144	139	133	127	117	102.934	1273.384	2016	1874	1778	1652	1478	1303	1131	924	750	616	343	0	0	0.000	0.000	0	0	0	0	0.000	0	0	0	0.000	0	0	0	0	0	0	0	0	0	0	0	0	0	0	0	0	0
183	183	805	1431.807	2023.120	0.868	69	312	295	91	24	69	312	295	91	24	120.899	223.585	264	245	237	232	228	223	218	213	210	204	195	103.000	127.661	175	142	135	130	127	125	123	121	119	116	109	0	0	0.000	0.000	0	0	0	0	0.000	0	0	0	0.000	0	0	0	0	0	0	0	0	0	0	0	0	0	0	0	0	0
