 	cell	area	x	y	circ	BFI_lev_b1	BFI_lev_b2	BFI_lev_b3	BFI_lev_b4	BFI_lev_b5	BFO_lev_b1	BFO_lev_b2	BFO_lev_b3	BFO_lev_b4	BFO_lev_b5	RFP_int_bg	RFP_int_mean	RFP_int_b0	RFP_int_b1	RFP_int_b2	RFP_int_b3	RFP_int_b4	RFP_int_b5	RFP_int_b6	RFP_int_b7	RFP_int_b8	RFP_int_b9	RFP_int_b10	GFP_int_bg	GFP_int_mean	GFP_int_b0	GFP_int_b1	GFP_int_b2	GFP_int_b3	GFP_int_b4	GFP_int_b5	GFP_int_b6	GFP_int_b7	GFP_int_b8	GFP_int_b9	GFP_int_b10	inRFPnfoci	f1_inRFParea	f1_inRFPx	f1_inRFPy	f2_inRFParea	f2_inRFPx	f2_inRFPy	f1_inRFP_toRFPmed	f1_inRFP_toRFPmean	f2_inRFP_toRFPmed	f2_inRFP_toRFPmean	f1_inRFP_toGFPmed	f1_inRFP_toGFPmean	f2_inRFP_toGFPmed	f2_inRFP_toGFPmean	inGFPnfoci	f1_inGFParea	f1_inGFPx	f1_inGFPy	f2_inGFParea	f2_inGFPx	f2_inGFPy	f1_inGFP_toRFPmed	f1_inGFP_toRFPmean	f2_inGFP_toRFPmed	f2_inGFP_toRFPmean	f1_inGFP_toGFPmed	f1_inGFP_toGFPmean	f2_inGFP_toGFPmed	f2_inGFP_toGFPmean
1	1	1803	661.885	30.253	0.885	221	186	764	517	87	221	186	764	517	87	107.547	210.366	495	293	230	213	203	195	186	178	168	154	131	105.638	876.544	1281	1136	1089	1033	976	915	828	746	658	566	337	1	73	652.205	32.934	0	0	0	424	421.973	0	0	1018	1017.836	0	0	0	0	0.000	0.000	0	0	0	0	0.000	0	0	0	0.000	0	0
2	2	716	291.645	26.825	0.937	60	169	206	201	69	60	169	206	201	69	105.595	194.000	271	252	239	225	209	192	177	162	150	139	127	101.000	160.148	215	195	189	182	175	164	154	145	129	115	104	0	0	0.000	0.000	0	0	0	0	0.000	0	0	0	0.000	0	0	0	0	0.000	0.000	0	0	0	0	0.000	0	0	0	0.000	0	0
3	3	1585	515.745	43.435	0.909	888	490	98	75	17	888	490	98	75	17	107.473	208.344	1143	427	201	145	141	137	133	129	126	122	115	104.864	208.727	281	252	242	233	222	211	200	186	172	161	142	1	223	510.179	32.579	0	0	0	554	595.668	0	0	193	193.242	0	0	0	0	0.000	0.000	0	0	0	0	0.000	0	0	0	0.000	0	0
4	4	1802	780.758	60.418	0.901	125	976	557	87	22	125	976	557	87	22	107.637	115.481	123	118	117	116	116	115	115	114	114	113	110	102.000	129.821	153	142	139	136	134	132	129	126	122	112	103	0	0	0.000	0.000	0	0	0	0	0.000	0	0	0	0.000	0	0	0	0	0.000	0.000	0	0	0	0	0.000	0	0	0	0.000	0	0
5	5	951	474.142	55.589	0.903	52	130	449	254	51	52	130	449	254	51	106.800	122.549	135	130	128	126	124	122	120	119	117	116	112	103.430	203.682	256	236	228	220	214	206	198	190	179	166	146	0	0	0.000	0.000	0	0	0	0	0.000	0	0	0	0.000	0	0	0	0	0.000	0.000	0	0	0	0	0.000	0	0	0	0.000	0	0
6	6	1100	141.419	81.502	0.913	75	79	319	539	69	75	79	319	539	69	105.644	112.415	120	115	114	113	113	112	112	111	111	110	108	101.000	310.268	426	392	371	352	335	316	295	274	252	226	148	0	0	0.000	0.000	0	0	0	0	0.000	0	0	0	0.000	0	0	0	0	0.000	0.000	0	0	0	0	0.000	0	0	0	0.000	0	0
7	7	1368	526.677	89.831	0.906	763	372	114	72	34	763	372	114	72	34	108.209	154.528	708	196	142	136	132	129	127	125	123	120	114	104.739	226.865	296	274	266	257	248	234	217	199	183	169	144	1	110	528.168	93.917	0	0	0	373	392.500	0	0	268	258.373	0	0	0	0	0.000	0.000	0	0	0	0	0.000	0	0	0	0.000	0	0
8	8	428	810.632	89.445	0.935	39	64	118	144	58	39	64	118	144	58	108.023	113.019	117	115	114	114	113	113	113	112	112	111	110	102.000	109.680	117	115	113	112	110	109	108	107	106	106	104	0	0	0.000	0.000	0	0	0	0	0.000	0	0	0	0.000	0	0	0	0	0.000	0.000	0	0	0	0	0.000	0	0	0	0.000	0	0
9	9	1767	182.425	110.525	0.871	48	553	1050	68	8	48	553	1050	68	8	106.845	112.912	118	115	114	114	113	113	112	112	111	111	108	101.985	325.669	455	414	393	374	358	338	321	303	265	212	115	0	0	0.000	0.000	0	0	0	0	0.000	0	0	0	0.000	0	0	0	0	0.000	0.000	0	0	0	0	0.000	0	0	0	0.000	0	0
10	10	1603	703.655	121.777	0.876	231	1221	120	19	10	231	1221	120	19	10	109.000	156.539	185	176	171	167	162	158	154	148	142	134	124	104.000	469.347	684	613	575	538	504	475	448	409	362	316	233	0	0	0.000	0.000	0	0	0	0	0.000	0	0	0	0.000	0	0	0	0	0.000	0.000	0	0	0	0	0.000	0	0	0	0.000	0	0
11	11	1635	1735.387	121.991	0.831	89	430	859	197	26	89	430	859	197	26	107.000	124.401	137	131	129	127	125	124	123	122	120	118	112	102.286	174.218	225	202	192	185	180	175	170	163	155	144	126	0	0	0.000	0.000	0	0	0	0	0.000	0	0	0	0.000	0	0	0	0	0.000	0.000	0	0	0	0	0.000	0	0	0	0.000	0	0
12	12	1479	1779.697	133.462	0.858	53	203	640	453	105	53	203	640	453	105	107.000	114.840	125	118	117	116	115	115	114	114	113	112	108	102.778	119.216	134	128	125	123	121	120	118	116	113	110	104	0	0	0.000	0.000	0	0	0	0	0.000	0	0	0	0.000	0	0	0	0	0.000	0.000	0	0	0	0	0.000	0	0	0	0.000	0	0
13	13	1743	1805.975	177.328	0.897	39	429	887	319	30	39	429	887	319	30	107.437	113.558	123	116	115	114	114	113	113	112	112	111	109	103.000	140.761	170	159	153	148	144	140	136	131	128	125	117	0	0	0.000	0.000	0	0	0	0	0.000	0	0	0	0.000	0	0	0	0	0.000	0.000	0	0	0	0	0.000	0	0	0	0.000	0	0
14	14	995	1850.781	171.314	0.916	22	121	459	321	56	22	121	459	321	56	108.000	112.660	117	114	114	113	113	113	112	112	112	111	109	102.749	138.596	165	155	151	148	143	138	134	130	127	122	110	0	0	0.000	0.000	0	0	0	0	0.000	0	0	0	0.000	0	0	0	0	0.000	0.000	0	0	0	0	0.000	0	0	0	0.000	0	0
15	15	1615	165.984	194.292	0.875	50	131	636	664	110	50	131	636	664	110	106.913	149.336	177	169	165	161	156	151	145	140	133	127	117	103.576	1652.586	2270	2066	1982	1920	1853	1787	1709	1546	1258	964	531	0	0	0.000	0.000	0	0	0	0	0.000	0	0	0	0.000	0	0	0	0	0.000	0.000	0	0	0	0	0.000	0	0	0	0.000	0	0
16	16	929	1300.553	191.723	0.908	210	320	252	101	29	210	320	252	101	29	110.000	175.742	232	209	203	197	190	180	168	156	146	134	122	104.520	132.425	166	146	141	138	136	133	129	126	122	118	109	0	0	0.000	0.000	0	0	0	0	0.000	0	0	0	0.000	0	0	0	0	0.000	0.000	0	0	0	0	0.000	0	0	0	0.000	0	0
17	17	1261	1941.344	196.936	0.882	215	495	371	138	22	215	495	371	138	22	107.004	209.989	472	317	258	229	208	191	175	161	150	138	123	102.956	145.761	252	198	172	156	145	137	129	122	118	113	104	1	54	1931.849	199.029	0	0	0	413	411.204	0	0	220	219.648	0	0	1	46	1930.192	198.760	0	0	0	413	406.913	0	0	225	224.152	0	0
18	18	2795	1247.225	212.019	0.867	1684	780	144	84	26	1684	780	144	84	26	109.400	189.323	257	231	217	205	195	185	177	170	163	154	132	104.956	569.845	990	853	774	691	605	541	480	428	380	333	228	0	0	0.000	0.000	0	0	0	0	0.000	0	0	0	0.000	0	0	0	0	0.000	0.000	0	0	0	0	0.000	0	0	0	0.000	0	0
19	19	1672	824.480	233.551	0.867	67	814	677	73	10	67	814	677	73	10	109.000	186.952	466	261	203	185	177	170	163	156	147	140	124	102.996	125.461	157	137	133	130	128	125	123	120	117	114	107	1	108	825.458	230.984	0	0	0	365	364.843	0	0	137	137.454	0	0	0	0	0.000	0.000	0	0	0	0	0.000	0	0	0	0.000	0	0
20	20	2108	1550.635	238.576	0.902	250	1242	487	63	6	250	1242	487	63	6	108.423	452.529	8103	668	334	260	218	200	193	186	176	151	124	103.104	118.794	138	127	124	122	120	118	117	115	114	111	106	1	120	1563.024	232.041	0	0	0	3161	3523.408	0	0	129	129.658	0	0	0	0	0.000	0.000	0	0	0	0	0.000	0	0	0	0.000	0	0
21	21	1880	1306.304	236.510	0.900	344	787	456	142	97	344	787	456	142	97	110.149	176.806	220	199	192	187	182	177	171	166	160	155	139	104.756	519.490	829	725	656	601	559	513	465	420	375	335	264	0	0	0.000	0.000	0	0	0	0	0.000	0	0	0	0.000	0	0	0	0	0.000	0.000	0	0	0	0	0.000	0	0	0	0.000	0	0
22	22	1902	1917.627	240.508	0.871	74	244	1075	457	15	74	244	1075	457	15	108.000	130.191	144	139	137	135	133	130	128	126	124	121	113	103.225	808.659	1180	1032	958	907	864	825	781	722	656	560	382	0	0	0.000	0.000	0	0	0	0	0.000	0	0	0	0.000	0	0	0	0	0.000	0.000	0	0	0	0	0.000	0	0	0	0.000	0	0
23	23	1180	579.095	236.664	0.876	54	372	564	137	31	54	372	564	137	31	109.000	157.703	184	173	167	163	161	158	156	153	148	140	128	103.000	1199.145	2350	1782	1567	1421	1289	1167	1047	921	801	662	520	0	0	0.000	0.000	0	0	0	0	0.000	0	0	0	0.000	0	0	0	0	0.000	0.000	0	0	0	0	0.000	0	0	0	0.000	0	0
24	24	1953	187.780	246.236	0.903	616	1262	13	5	3	616	1262	13	5	3	107.840	157.146	181	171	168	165	162	159	155	150	146	141	129	105.378	1543.769	2139	1985	1875	1772	1688	1601	1496	1359	1205	1037	559	0	0	0.000	0.000	0	0	0	0	0.000	0	0	0	0.000	0	0	0	0	0.000	0.000	0	0	0	0	0.000	0	0	0	0.000	0	0
25	25	2123	1188.078	242.126	0.899	695	1241	70	55	39	695	1241	70	55	39	109.138	196.151	247	231	223	214	205	198	189	180	169	159	145	104.585	649.924	985	878	822	777	730	667	595	522	460	405	254	0	0	0.000	0.000	0	0	0	0	0.000	0	0	0	0.000	0	0	0	0	0.000	0.000	0	0	0	0	0.000	0	0	0	0.000	0	0
26	26	1419	1131.448	239.938	0.890	66	99	452	696	87	66	99	452	696	87	109.759	179.795	218	206	201	195	189	183	177	168	157	146	130	103.470	604.516	878	757	719	685	651	621	588	551	498	407	295	0	0	0.000	0.000	0	0	0	0	0.000	0	0	0	0.000	0	0	0	0	0.000	0.000	0	0	0	0	0.000	0	0	0	0.000	0	0
27	27	1379	1968.495	259.376	0.876	47	109	366	712	120	47	109	366	712	120	107.363	129.743	188	139	136	134	132	129	126	124	122	119	111	102.958	868.142	1289	1108	1040	994	952	896	835	764	681	586	356	0	0	0.000	0.000	0	0	0	0	0.000	0	0	0	0.000	0	0	0	0	0.000	0.000	0	0	0	0	0.000	0	0	0	0.000	0	0
28	28	1756	883.273	268.118	0.888	169	1109	415	31	7	169	1109	415	31	7	108.741	254.989	392	323	302	283	264	249	233	219	209	201	150	102.790	115.505	125	119	118	117	116	115	115	114	113	112	105	0	0	0.000	0.000	0	0	0	0	0.000	0	0	0	0.000	0	0	0	0	0.000	0.000	0	0	0	0	0.000	0	0	0	0.000	0	0
29	29	1889	1509.086	270.903	0.875	211	639	861	140	10	211	639	861	140	10	109.000	682.801	14356	985	583	369	263	225	198	177	164	155	141	103.762	122.436	180	138	132	127	122	118	116	114	113	111	107	2	139	1497.437	292.824	109	1517.296	260.083	662	663.820	5310	5979.505	132	131.410	125	125.688	0	0	0.000	0.000	0	0	0	0	0.000	0	0	0	0.000	0	0
30	30	1429	1330.544	279.382	0.915	374	594	343	62	35	374	594	343	62	35	109.269	184.309	232	217	205	198	193	188	181	172	161	148	127	103.775	599.445	875	811	747	687	636	595	558	529	474	399	225	0	0	0.000	0.000	0	0	0	0	0.000	0	0	0	0.000	0	0	0	0	0.000	0.000	0	0	0	0	0.000	0	0	0	0.000	0	0
31	31	2685	180.702	307.142	0.862	415	890	1212	83	22	415	890	1212	83	22	108.216	153.212	172	166	164	162	159	156	153	148	143	134	115	105.205	1146.945	1848	1667	1558	1405	1279	1154	1040	941	758	559	297	0	0	0.000	0.000	0	0	0	0	0.000	0	0	0	0.000	0	0	0	0	0.000	0.000	0	0	0	0	0.000	0	0	0	0.000	0	0
32	32	2228	1769.197	312.444	0.879	63	498	1288	296	29	63	498	1288	296	29	109.000	212.495	271	247	237	230	222	216	210	202	188	167	138	105.008	3873.340	5943	5358	4890	4564	4227	3924	3584	3236	2849	2422	1203	0	0	0.000	0.000	0	0	0	0	0.000	0	0	0	0.000	0	0	0	0	0.000	0.000	0	0	0	0	0.000	0	0	0	0.000	0	0
33	33	1700	236.429	310.056	0.878	1657	25	8	5	4	1657	25	8	5	4	108.292	149.641	187	170	165	159	154	148	143	139	134	130	120	104.953	1247.954	1833	1701	1641	1557	1436	1311	1181	1027	849	660	411	0	0	0.000	0.000	0	0	0	0	0.000	0	0	0	0.000	0	0	0	0	0.000	0.000	0	0	0	0	0.000	0	0	0	0.000	0	0
34	34	2617	1828.786	322.003	0.888	16	67	1155	1296	30	16	67	1155	1296	30	108.521	201.641	271	242	230	222	214	205	196	183	169	154	129	105.010	3483.463	5833	5198	4610	4178	3816	3470	3164	2840	2404	1740	861	0	0	0.000	0.000	0	0	0	0	0.000	0	0	0	0.000	0	0	0	0	0.000	0.000	0	0	0	0	0.000	0	0	0	0.000	0	0
35	35	848	1218.494	321.375	0.920	55	261	405	97	13	55	261	405	97	13	109.000	114.772	119	117	116	115	115	115	114	114	113	113	110	103.000	213.231	271	238	231	226	221	215	209	203	194	182	161	0	0	0.000	0.000	0	0	0	0	0.000	0	0	0	0.000	0	0	0	0	0.000	0.000	0	0	0	0	0.000	0	0	0	0.000	0	0
36	36	2675	361.365	337.105	0.853	450	1545	465	122	22	450	1545	465	122	22	108.183	178.507	279	236	223	204	184	171	158	145	137	132	127	103.000	114.514	132	121	118	116	115	114	112	111	110	109	105	0	0	0.000	0.000	0	0	0	0	0.000	0	0	0	0.000	0	0	0	0	0.000	0.000	0	0	0	0	0.000	0	0	0	0.000	0	0
37	37	1209	1553.280	338.681	0.909	31	345	552	196	67	31	345	552	196	67	109.000	166.970	192	184	178	174	170	167	164	159	155	150	140	103.041	1055.015	1442	1381	1313	1240	1162	1078	986	891	812	693	493	0	0	0.000	0.000	0	0	0	0	0.000	0	0	0	0.000	0	0	0	0	0.000	0.000	0	0	0	0	0.000	0	0	0	0.000	0	0
38	38	1837	1592.845	363.693	0.892	57	123	521	954	138	57	123	521	954	138	109.000	161.529	196	184	178	172	166	162	156	151	146	139	125	103.919	1076.943	1756	1562	1422	1292	1172	1059	973	863	759	601	376	0	0	0.000	0.000	0	0	0	0	0.000	0	0	0	0.000	0	0	0	0	0.000	0.000	0	0	0	0	0.000	0	0	0	0.000	0	0
39	39	1960	1243.156	374.813	0.853	45	366	1202	287	23	45	366	1202	287	23	109.000	117.731	127	123	121	119	118	117	116	116	115	114	110	103.217	230.610	342	293	271	255	238	224	214	201	190	179	154	0	0	0.000	0.000	0	0	0	0	0.000	0	0	0	0.000	0	0	0	0	0.000	0.000	0	0	0	0	0.000	0	0	0	0.000	0	0
40	40	842	75.505	369.773	0.849	304	416	86	13	10	304	416	86	13	10	106.000	167.962	277	226	205	188	174	159	148	137	128	122	112	102.000	124.238	157	142	136	131	127	122	118	115	112	110	105	0	0	0.000	0.000	0	0	0	0	0.000	0	0	0	0.000	0	0	0	0	0.000	0.000	0	0	0	0	0.000	0	0	0	0.000	0	0
41	41	966	118.507	376.086	0.917	36	112	382	381	32	36	112	382	381	32	106.455	112.634	119	115	114	113	113	113	112	112	111	110	108	103.000	803.982	1237	1127	1057	983	899	787	703	629	571	494	316	0	0	0.000	0.000	0	0	0	0	0.000	0	0	0	0.000	0	0	0	0	0.000	0.000	0	0	0	0	0.000	0	0	0	0.000	0	0
42	42	1777	1708.390	383.612	0.908	444	1091	175	20	12	444	1091	175	20	12	109.000	133.230	164	151	144	140	135	131	127	125	122	120	115	104.665	632.689	922	806	778	737	702	662	627	564	482	388	254	0	0	0.000	0.000	0	0	0	0	0.000	0	0	0	0.000	0	0	0	0	0.000	0.000	0	0	0	0	0.000	0	0	0	0.000	0	0
43	43	1653	1765.422	398.215	0.892	45	485	911	161	8	45	485	911	161	8	108.773	179.054	292	202	195	191	186	181	176	167	156	144	128	105.000	982.473	1490	1319	1258	1188	1097	1009	902	798	702	608	396	0	0	0.000	0.000	0	0	0	0	0.000	0	0	0	0.000	0	0	0	0	0.000	0.000	0	0	0	0	0.000	0	0	0	0.000	0	0
44	44	1630	1524.695	420.447	0.867	21	144	852	535	47	21	144	852	535	47	109.764	162.660	203	194	184	175	168	160	154	149	144	137	124	103.994	872.693	1416	1310	1214	1103	980	852	718	615	552	492	328	0	0	0.000	0.000	0	0	0	0	0.000	0	0	0	0.000	0	0	0	0	0.000	0.000	0	0	0	0	0.000	0	0	0	0.000	0	0
45	45	712	716.525	420.811	0.899	24	139	279	220	43	24	139	279	220	43	108.426	150.004	185	167	163	159	155	150	146	142	137	131	121	103.174	125.101	140	132	130	129	128	127	125	122	120	115	108	0	0	0.000	0.000	0	0	0	0	0.000	0	0	0	0.000	0	0	0	0	0.000	0.000	0	0	0	0	0.000	0	0	0	0.000	0	0
46	46	1379	1739.691	442.522	0.905	19	59	515	684	82	19	59	515	684	82	109.000	169.593	202	193	187	183	177	172	166	159	151	143	131	104.794	943.926	1343	1274	1194	1117	1022	947	857	772	706	639	410	0	0	0.000	0.000	0	0	0	0	0.000	0	0	0	0.000	0	0	0	0	0.000	0.000	0	0	0	0	0.000	0	0	0	0.000	0	0
47	47	1427	1279.210	456.531	0.899	25	309	839	202	30	25	309	839	202	30	110.000	118.412	127	122	120	120	119	118	118	117	116	115	111	102.863	1547.965	2470	2112	1920	1818	1730	1613	1441	1288	1153	934	504	0	0	0.000	0.000	0	0	0	0	0.000	0	0	0	0.000	0	0	0	0	0.000	0.000	0	0	0	0	0.000	0	0	0	0.000	0	0
48	48	639	1559.310	451.308	0.930	21	45	146	349	70	21	45	146	349	70	109.759	134.260	154	145	141	138	136	134	131	129	127	125	121	104.000	502.315	747	679	627	582	538	498	457	418	376	336	274	0	0	0.000	0.000	0	0	0	0	0.000	0	0	0	0.000	0	0	0	0	0.000	0.000	0	0	0	0	0.000	0	0	0	0.000	0	0
49	49	2030	1317.231	493.813	0.907	69	467	1169	269	14	69	467	1169	269	14	110.006	119.698	132	125	122	121	120	119	118	118	117	116	113	103.827	1864.712	3049	2589	2343	2172	2024	1897	1773	1628	1437	1083	319	0	0	0.000	0.000	0	0	0	0	0.000	0	0	0	0.000	0	0	0	0	0.000	0.000	0	0	0	0	0.000	0	0	0	0.000	0	0
50	50	1632	1073.381	493.128	0.881	243	1081	245	24	10	243	1081	245	24	10	110.000	121.387	137	131	126	124	121	120	118	117	116	115	112	103.001	114.202	125	119	117	116	115	114	113	112	111	109	105	0	0	0.000	0.000	0	0	0	0	0.000	0	0	0	0.000	0	0	0	0	0.000	0.000	0	0	0	0	0.000	0	0	0	0.000	0	0
51	51	1813	117.160	510.766	0.875	32	495	1094	150	17	32	495	1094	150	17	107.212	140.748	168	154	151	148	144	140	136	133	131	128	116	102.000	131.356	157	143	139	137	134	131	129	127	124	119	106	0	0	0.000	0.000	0	0	0	0	0.000	0	0	0	0.000	0	0	0	0	0.000	0.000	0	0	0	0	0.000	0	0	0	0.000	0	0
52	52	1934	159.406	556.565	0.873	76	622	994	178	21	76	622	994	178	21	107.909	152.324	766	163	153	148	144	141	139	135	131	127	117	101.951	132.205	149	142	139	137	135	132	130	128	126	123	112	1	66	145.065	537.715	0	0	0	404	422.788	0	0	135	134.667	0	0	0	0	0.000	0.000	0	0	0	0	0.000	0	0	0	0.000	0	0
53	53	799	1437.154	618.038	0.876	10	152	365	237	23	10	152	365	237	23	110.000	117.687	124	120	119	118	118	118	117	117	116	116	114	103.999	1941.035	2716	2498	2374	2233	2098	1977	1852	1691	1503	1334	888	0	0	0.000	0.000	0	0	0	0	0.000	0	0	0	0.000	0	0	0	0	0.000	0.000	0	0	0	0	0.000	0	0	0	0.000	0	0
54	54	1779	1215.156	627.708	0.886	59	158	1029	488	17	59	158	1029	488	17	110.848	244.772	1531	311	232	219	209	203	192	182	167	151	133	103.777	1285.741	1869	1699	1576	1507	1445	1372	1260	1150	1000	712	346	1	103	1212.418	635.171	0	0	0	838	874.175	0	0	1770	1751.592	0	0	0	0	0.000	0.000	0	0	0	0	0.000	0	0	0	0.000	0	0
55	55	1372	1274.508	637.944	0.911	80	305	872	89	4	80	305	872	89	4	110.655	179.784	222	207	201	195	190	184	176	166	156	146	131	104.000	1052.703	1569	1413	1338	1243	1165	1074	975	882	773	661	426	0	0	0.000	0.000	0	0	0	0	0.000	0	0	0	0.000	0	0	0	0	0.000	0.000	0	0	0	0	0.000	0	0	0	0.000	0	0
56	56	673	991.720	648.823	0.813	40	182	261	123	50	40	182	261	123	50	111.000	250.550	386	351	314	290	269	245	223	203	185	168	140	103.563	169.267	227	207	197	187	178	169	159	150	141	132	114	0	0	0.000	0.000	0	0	0	0	0.000	0	0	0	0.000	0	0	0	0	0.000	0.000	0	0	0	0	0.000	0	0	0	0.000	0	0
57	57	1440	1266.902	693.026	0.906	1108	216	55	25	21	1108	216	55	25	21	110.819	353.801	3920	710	159	138	136	135	134	132	131	128	124	104.000	724.846	890	827	802	783	763	742	716	685	641	592	465	1	209	1256.878	680.837	0	0	0	1656	1792.545	0	0	701	686.502	0	0	0	0	0.000	0.000	0	0	0	0	0.000	0	0	0	0.000	0	0
58	58	2579	1323.780	712.050	0.868	38	689	1482	299	25	38	689	1482	299	25	111.000	135.851	151	145	143	141	139	137	134	132	129	125	119	103.956	641.245	960	868	818	766	721	668	603	521	454	393	211	0	0	0.000	0.000	0	0	0	0	0.000	0	0	0	0.000	0	0	0	0	0.000	0.000	0	0	0	0	0.000	0	0	0	0.000	0	0
59	59	840	1371.532	719.072	0.929	43	118	366	258	45	43	118	366	258	45	110.006	130.885	145	140	138	136	134	131	129	126	124	121	116	103.463	613.655	895	772	749	718	695	663	623	553	465	352	203	0	0	0.000	0.000	0	0	0	0	0.000	0	0	0	0.000	0	0	0	0	0.000	0.000	0	0	0	0	0.000	0	0	0	0.000	0	0
60	60	1848	59.726	742.404	0.914	64	359	1038	311	51	64	359	1038	311	51	105.051	115.346	126	119	118	117	116	115	115	114	113	111	108	101.880	1878.646	3721	2611	2404	2221	2068	1936	1775	1568	1272	979	539	0	0	0.000	0.000	0	0	0	0	0.000	0	0	0	0.000	0	0	0	0	0.000	0.000	0	0	0	0	0.000	0	0	0	0.000	0	0
61	61	1919	1272.748	745.822	0.873	40	58	702	1045	41	40	58	702	1045	41	110.967	226.384	1158	442	215	171	160	153	149	146	141	135	125	104.663	166.024	209	192	185	180	172	166	161	155	147	137	122	1	249	1262.087	750.309	0	0	0	619	652.888	0	0	175	172.028	0	0	0	0	0.000	0.000	0	0	0	0	0.000	0	0	0	0.000	0	0
62	62	2418	1329.847	775.569	0.889	11	98	1281	958	28	11	98	1281	958	28	111.000	168.033	806	184	166	161	158	154	152	148	144	138	125	104.004	162.552	189	178	175	172	169	166	162	157	149	141	124	2	43	1332.106	783.548	69	1318.131	779.046	293	296.628	430	453.304	165	165.326	176	175.449	0	0	0.000	0.000	0	0	0	0	0.000	0	0	0	0.000	0	0
63	63	1233	504.425	783.171	0.923	367	651	147	33	7	367	651	147	33	7	109.040	138.589	188	152	147	142	139	136	135	132	130	127	117	102.364	122.176	149	132	128	125	123	121	119	117	116	115	108	0	0	0.000	0.000	0	0	0	0	0.000	0	0	0	0.000	0	0	0	0	0.000	0.000	0	0	0	0	0.000	0	0	0	0.000	0	0
64	64	1869	929.963	791.090	0.871	182	1343	257	47	5	182	1343	257	47	5	111.000	478.120	6577	1089	324	205	184	173	166	158	152	143	128	103.000	124.699	143	133	130	128	126	124	122	121	120	117	110	1	173	935.801	792.101	0	0	0	2509	2859.532	0	0	130	129.566	0	0	0	0	0.000	0.000	0	0	0	0	0.000	0	0	0	0.000	0	0
65	65	1345	1198.587	818.904	0.889	26	230	777	258	22	26	230	777	258	22	111.000	118.178	128	121	120	119	118	118	117	117	116	116	113	104.592	933.632	1385	1246	1175	1116	1026	947	871	788	699	579	380	0	0	0.000	0.000	0	0	0	0	0.000	0	0	0	0.000	0	0	0	0	0.000	0.000	0	0	0	0	0.000	0	0	0	0.000	0	0
66	66	1155	909.244	834.559	0.921	11	154	648	301	25	11	154	648	301	25	110.581	121.295	132	126	125	123	122	121	120	119	118	117	114	103.000	952.856	1473	1240	1135	1058	1010	950	894	828	769	689	444	0	0	0.000	0.000	0	0	0	0	0.000	0	0	0	0.000	0	0	0	0	0.000	0.000	0	0	0	0	0.000	0	0	0	0.000	0	0
67	67	1949	738.631	860.291	0.866	11	77	899	864	63	11	77	899	864	63	109.924	118.237	130	124	122	119	118	117	116	116	115	115	113	104.149	906.556	1557	1293	1146	1071	978	880	791	707	647	575	435	0	0	0.000	0.000	0	0	0	0	0.000	0	0	0	0.000	0	0	0	0	0.000	0.000	0	0	0	0	0.000	0	0	0	0.000	0	0
68	68	1362	1189.743	868.412	0.916	335	852	111	30	8	335	852	111	30	8	111.000	117.070	122	119	118	118	117	117	117	116	116	115	112	104.425	802.479	1238	1147	1081	1022	963	885	749	608	470	359	267	0	0	0.000	0.000	0	0	0	0	0.000	0	0	0	0.000	0	0	0	0	0.000	0.000	0	0	0	0	0.000	0	0	0	0.000	0	0
69	69	1116	103.180	879.756	0.931	81	199	620	179	13	81	199	620	179	13	106.309	129.944	147	142	138	135	132	130	127	124	122	119	114	103.000	672.617	989	929	863	781	719	663	615	566	499	441	292	0	0	0.000	0.000	0	0	0	0	0.000	0	0	0	0.000	0	0	0	0	0.000	0.000	0	0	0	0	0.000	0	0	0	0.000	0	0
70	70	1333	417.807	889.433	0.923	95	606	538	52	7	95	606	538	52	7	109.000	116.641	128	121	119	118	117	116	115	115	114	113	111	103.000	196.674	243	225	219	214	207	202	196	188	174	155	128	0	0	0.000	0.000	0	0	0	0	0.000	0	0	0	0.000	0	0	0	0	0.000	0.000	0	0	0	0	0.000	0	0	0	0.000	0	0
71	71	1632	1147.984	901.506	0.904	69	362	866	259	36	69	362	866	259	36	110.061	120.092	134	124	122	121	120	119	119	118	118	117	114	104.281	1482.366	2356	2138	1964	1816	1663	1513	1333	1169	1006	793	583	0	0	0.000	0.000	0	0	0	0	0.000	0	0	0	0.000	0	0	0	0	0.000	0.000	0	0	0	0	0.000	0	0	0	0.000	0	0
72	72	1348	753.588	904.361	0.874	18	19	343	865	69	18	19	343	865	69	109.594	116.898	122	119	118	118	117	117	116	116	115	115	113	104.516	985.213	1423	1305	1244	1171	1076	984	902	842	737	646	419	0	0	0.000	0.000	0	0	0	0	0.000	0	0	0	0.000	0	0	0	0	0.000	0.000	0	0	0	0	0.000	0	0	0	0.000	0	0
73	73	1707	143.885	905.055	0.869	65	427	1021	146	18	65	427	1021	146	18	106.967	135.719	152	147	143	140	138	136	134	132	128	124	116	103.000	554.006	825	743	676	636	601	561	516	471	428	372	244	0	0	0.000	0.000	0	0	0	0	0.000	0	0	0	0.000	0	0	0	0	0.000	0.000	0	0	0	0	0.000	0	0	0	0.000	0	0
74	74	1933	702.540	916.524	0.873	20	132	1332	407	7	20	132	1332	407	7	109.773	116.782	122	119	118	118	117	117	116	116	115	114	112	104.457	886.279	1410	1211	1139	1050	966	896	817	736	639	546	377	0	0	0.000	0.000	0	0	0	0	0.000	0	0	0	0.000	0	0	0	0	0.000	0.000	0	0	0	0	0.000	0	0	0	0.000	0	0
75	75	1754	1202.681	916.064	0.861	47	114	1037	473	50	47	114	1037	473	50	110.908	119.774	131	126	122	120	120	119	118	118	117	116	113	104.282	1324.857	2115	1846	1719	1595	1468	1331	1188	1071	965	774	512	0	0	0.000	0.000	0	0	0	0	0.000	0	0	0	0.000	0	0	0	0	0.000	0.000	0	0	0	0	0.000	0	0	0	0.000	0	0
76	76	1675	85.823	923.934	0.903	16	172	822	542	90	16	172	822	542	90	106.030	135.542	305	146	141	137	134	132	130	128	126	123	111	102.922	643.444	1072	916	846	775	712	637	570	507	441	372	252	1	38	85.797	914.652	0	0	0	228	228.237	0	0	416	428.368	0	0	0	0	0.000	0.000	0	0	0	0	0.000	0	0	0	0.000	0	0
77	77	935	1697.357	918.864	0.875	28	109	511	235	35	28	109	511	235	35	110.876	309.952	453	413	384	359	338	313	287	261	232	203	164	103.000	127.035	162	147	140	132	127	123	120	118	116	113	108	0	0	0.000	0.000	0	0	0	0	0.000	0	0	0	0.000	0	0	0	0	0.000	0.000	0	0	0	0	0.000	0	0	0	0.000	0	0
78	78	1561	1431.954	938.894	0.923	118	404	909	92	12	118	404	909	92	12	111.128	122.944	142	127	125	124	123	123	122	121	120	118	115	104.928	578.004	832	735	703	677	650	612	560	496	433	370	251	0	0	0.000	0.000	0	0	0	0	0.000	0	0	0	0.000	0	0	0	0	0.000	0.000	0	0	0	0	0.000	0	0	0	0.000	0	0
79	79	1296	1696.216	968.876	0.887	46	267	850	105	6	46	267	850	105	6	111.000	170.096	201	188	184	181	178	174	169	162	154	145	132	103.399	369.633	568	467	435	416	396	370	347	322	295	268	185	0	0	0.000	0.000	0	0	0	0	0.000	0	0	0	0.000	0	0	0	0	0.000	0.000	0	0	0	0	0.000	0	0	0	0.000	0	0
80	80	1988	1337.087	982.378	0.901	104	752	917	177	14	104	752	917	177	14	112.000	279.561	372	346	326	309	296	281	264	249	235	213	168	104.817	1953.609	2965	2683	2508	2328	2140	1931	1742	1598	1439	1246	782	0	0	0.000	0.000	0	0	0	0	0.000	0	0	0	0.000	0	0	0	0	0.000	0.000	0	0	0	0	0.000	0	0	0	0.000	0	0
81	81	1609	1191.672	982.501	0.859	136	886	486	61	15	136	886	486	61	15	110.955	128.091	146	139	136	133	129	126	124	123	121	120	116	103.963	120.808	133	126	125	123	122	121	120	118	117	115	108	0	0	0.000	0.000	0	0	0	0	0.000	0	0	0	0.000	0	0	0	0	0.000	0.000	0	0	0	0	0.000	0	0	0	0.000	0	0
82	82	1524	1456.705	985.957	0.891	20	151	871	420	32	20	151	871	420	32	111.993	207.344	2177	220	128	126	125	125	124	123	122	120	116	105.000	566.755	813	756	721	680	636	586	527	470	407	348	271	1	122	1449.381	1001.015	0	0	0	1010	1046.066	0	0	631	577.139	0	0	0	0	0.000	0.000	0	0	0	0	0.000	0	0	0	0.000	0	0
83	83	2361	178.414	998.804	0.891	18	156	1271	809	57	18	156	1271	809	57	107.525	116.844	125	120	119	118	118	117	116	115	114	113	110	103.990	775.132	1099	1011	962	913	864	813	772	704	586	442	252	0	0	0.000	0.000	0	0	0	0	0.000	0	0	0	0.000	0	0	0	0	0.000	0.000	0	0	0	0	0.000	0	0	0	0.000	0	0
84	84	338	1129.993	981.745	0.936	49	54	161	60	8	49	54	161	60	8	110.050	192.885	231	220	214	206	199	192	185	180	174	167	153	103.885	264.118	323	311	302	294	283	268	255	238	225	210	184	0	0	0.000	0.000	0	0	0	0	0.000	0	0	0	0.000	0	0	0	0	0.000	0.000	0	0	0	0	0.000	0	0	0	0.000	0	0
85	85	504	42.365	987.988	0.852	65	207	135	64	27	65	207	135	64	27	104.776	167.224	205	194	187	180	174	167	160	154	150	142	124	101.770	137.867	176	160	150	145	141	137	133	129	125	119	111	0	0	0.000	0.000	0	0	0	0	0.000	0	0	0	0.000	0	0	0	0	0.000	0.000	0	0	0	0	0.000	0	0	0	0.000	0	0
86	86	2515	242.087	1002.038	0.890	32	335	1384	660	44	32	335	1384	660	44	108.000	116.771	126	121	119	118	117	116	116	115	114	114	110	103.978	594.744	895	773	733	683	639	600	560	519	480	413	175	0	0	0.000	0.000	0	0	0	0	0.000	0	0	0	0.000	0	0	0	0	0.000	0.000	0	0	0	0	0.000	0	0	0	0.000	0	0
87	87	2177	87.120	1008.413	0.890	157	1053	775	141	10	157	1053	775	141	10	105.923	117.040	133	124	121	118	117	116	115	114	113	113	109	102.962	1315.184	2050	1770	1661	1551	1447	1333	1215	1089	962	839	548	0	0	0.000	0.000	0	0	0	0	0.000	0	0	0	0.000	0	0	0	0	0.000	0.000	0	0	0	0	0.000	0	0	0	0.000	0	0
88	88	2409	1139.387	1028.162	0.863	77	616	1219	442	27	77	616	1219	442	27	111.237	475.052	717	672	616	553	504	464	425	391	357	299	208	103.998	624.106	991	909	834	760	689	623	561	490	420	356	192	0	0	0.000	0.000	0	0	0	0	0.000	0	0	0	0.000	0	0	0	0	0.000	0.000	0	0	0	0	0.000	0	0	0	0.000	0	0
89	89	1620	1279.852	1018.212	0.907	74	795	596	84	36	74	795	596	84	36	112.054	265.066	359	338	325	306	285	266	248	227	206	187	161	104.063	1245.461	2027	1800	1693	1564	1420	1273	1112	956	787	617	455	0	0	0.000	0.000	0	0	0	0	0.000	0	0	0	0.000	0	0	0	0	0.000	0.000	0	0	0	0	0.000	0	0	0	0.000	0	0
90	90	2453	1339.291	1039.834	0.839	23	104	859	1328	102	23	104	859	1328	102	112.491	271.885	396	359	336	317	296	276	255	228	200	180	147	105.000	1844.179	3116	2724	2505	2310	2117	1887	1687	1448	1133	833	484	0	0	0.000	0.000	0	0	0	0	0.000	0	0	0	0.000	0	0	0	0	0.000	0.000	0	0	0	0	0.000	0	0	0	0.000	0	0
91	91	1265	1310.158	1101.087	0.797	58	68	439	617	59	58	68	439	617	59	113.708	199.481	1054	228	220	212	205	198	185	172	159	151	137	104.227	221.456	306	282	271	260	246	229	208	185	165	152	135	0	0	0.000	0.000	0	0	0	0	0.000	0	0	0	0.000	0	0	0	0	0.000	0.000	0	0	0	0	0.000	0	0	0	0.000	0	0
92	92	1904	726.662	1117.754	0.899	14	114	1050	652	50	14	114	1050	652	50	110.987	195.283	672	219	210	202	194	186	178	171	162	149	133	103.995	673.398	1065	968	892	814	742	679	610	548	465	362	263	1	57	723.601	1135.388	0	0	0	469	464.000	0	0	639	621.246	0	0	0	0	0.000	0.000	0	0	0	0	0.000	0	0	0	0.000	0	0
93	93	1430	1345.777	1129.236	0.904	530	632	167	76	8	530	632	167	76	8	113.308	1656.657	13297	5852	2094	844	411	343	315	287	264	221	173	104.716	243.873	311	292	282	271	257	248	238	226	206	185	151	1	272	1334.516	1131.207	0	0	0	6166	6496.342	0	0	282	265.614	0	0	0	0	0.000	0.000	0	0	0	0	0.000	0	0	0	0.000	0	0
94	94	224	1200.722	1120.649	0.768	37	93	52	24	13	37	93	52	24	13	112.080	133.308	149	145	139	135	133	132	131	129	128	126	124	103.000	127.018	143	139	136	133	131	126	124	121	119	116	104	0	0	0.000	0.000	0	0	0	0	0.000	0	0	0	0.000	0	0	0	0	0.000	0.000	0	0	0	0	0.000	0	0	0	0.000	0	0
95	95	1875	1528.104	1135.593	0.911	168	1105	503	60	4	168	1105	503	60	4	112.085	126.234	137	132	130	129	127	125	125	124	123	122	116	105.408	3239.628	4984	4230	3949	3666	3455	3211	2992	2784	2585	2340	1146	0	0	0.000	0.000	0	0	0	0	0.000	0	0	0	0.000	0	0	0	0	0.000	0.000	0	0	0	0	0.000	0	0	0	0.000	0	0
96	96	1731	772.016	1148.185	0.884	4	4	205	1186	304	4	4	205	1186	304	112.000	193.992	357	224	211	205	199	194	189	182	175	160	136	103.671	802.075	1217	1051	969	913	870	822	767	706	609	522	250	0	0	0.000	0.000	0	0	0	0	0.000	0	0	0	0.000	0	0	0	0	0.000	0.000	0	0	0	0	0.000	0	0	0	0.000	0	0
97	97	2102	1474.936	1154.580	0.888	54	692	1126	166	28	54	692	1126	166	28	112.978	127.005	140	135	131	129	128	126	125	124	123	121	117	106.504	3202.844	5275	4286	3980	3703	3501	3284	3031	2783	2485	2009	836	0	0	0.000	0.000	0	0	0	0	0.000	0	0	0	0.000	0	0	0	0	0.000	0.000	0	0	0	0	0.000	0	0	0	0.000	0	0
98	98	2262	1334.283	1186.615	0.912	139	1233	815	12	3	139	1233	815	12	3	113.000	334.122	424	400	384	368	355	342	328	308	284	255	179	104.236	278.130	353	327	316	306	295	284	271	257	239	220	161	0	0	0.000	0.000	0	0	0	0	0.000	0	0	0	0.000	0	0	0	0	0.000	0.000	0	0	0	0	0.000	0	0	0	0.000	0	0
99	99	1192	1175.216	1197.929	0.899	27	90	759	286	11	27	90	759	286	11	111.181	119.778	125	122	121	121	120	120	119	119	118	117	113	103.966	942.575	1591	1289	1202	1138	1081	987	875	765	656	542	304	0	0	0.000	0.000	0	0	0	0	0.000	0	0	0	0.000	0	0	0	0	0.000	0.000	0	0	0	0	0.000	0	0	0	0.000	0	0
100	100	2721	810.078	1206.300	0.872	251	1442	897	87	8	251	1442	897	87	8	111.808	126.717	147	137	134	130	128	125	122	121	120	119	113	104.000	680.946	1072	898	839	789	736	683	632	579	522	466	234	0	0	0.000	0.000	0	0	0	0	0.000	0	0	0	0.000	0	0	0	0	0.000	0.000	0	0	0	0	0.000	0	0	0	0.000	0	0
101	101	2964	1499.078	1215.574	0.818	132	1532	1164	66	6	132	1532	1164	66	6	111.501	164.233	535	174	168	165	162	159	155	152	147	140	125	106.064	2019.330	2938	2620	2511	2421	2311	2181	2012	1765	1465	1162	460	1	73	1496.393	1222.214	0	0	0	356	364.288	0	0	2330	2348.137	0	0	0	0	0.000	0.000	0	0	0	0	0.000	0	0	0	0.000	0	0
102	102	2932	1433.086	1220.810	0.855	49	162	1313	1273	68	49	162	1313	1273	68	111.964	397.106	4000	930	347	203	165	157	153	149	144	134	121	105.877	1830.475	2873	2521	2322	2159	2036	1905	1735	1560	1331	1103	332	1	346	1430.837	1223.686	0	0	0	1682	1854.714	0	0	1309	1382.324	0	0	0	0	0.000	0.000	0	0	0	0	0.000	0	0	0	0.000	0	0
103	103	1661	776.205	1247.131	0.887	116	676	650	165	30	116	676	650	165	30	111.046	121.723	134	127	125	123	123	122	121	120	118	117	112	103.929	747.843	1132	984	904	857	808	760	698	658	617	484	270	0	0	0.000	0.000	0	0	0	0	0.000	0	0	0	0.000	0	0	0	0	0.000	0.000	0	0	0	0	0.000	0	0	0	0.000	0	0
104	104	1592	1816.904	1268.317	0.882	117	885	506	36	14	117	885	506	36	14	111.000	122.315	134	128	125	124	123	122	121	120	119	118	115	102.332	122.251	140	130	127	125	124	122	121	119	117	114	108	0	0	0.000	0.000	0	0	0	0	0.000	0	0	0	0.000	0	0	0	0	0.000	0.000	0	0	0	0	0.000	0	0	0	0.000	0	0
105	105	1571	1823.902	1335.033	0.917	83	422	913	115	4	83	422	913	115	4	112.000	119.638	143	126	123	120	119	118	118	117	116	116	112	103.000	126.887	143	133	132	130	129	128	126	125	122	118	110	0	0	0.000	0.000	0	0	0	0	0.000	0	0	0	0.000	0	0	0	0	0.000	0.000	0	0	0	0	0.000	0	0	0	0.000	0	0
106	106	2150	44.950	1354.144	0.836	62	159	932	905	40	62	159	932	905	40	106.159	137.338	156	148	146	144	141	139	136	133	129	125	108	108.300	1995.900	3391	3046	2857	2608	2329	2031	1764	1542	1188	867	178	0	0	0.000	0.000	0	0	0	0	0.000	0	0	0	0.000	0	0	0	0	0.000	0.000	0	0	0	0	0.000	0	0	0	0.000	0	0
107	107	979	1208.796	1341.428	0.907	45	87	415	396	27	45	87	415	396	27	112.061	163.200	186	181	178	174	169	165	160	154	149	143	132	103.000	592.414	785	745	727	704	665	625	579	516	450	381	268	0	0	0.000	0.000	0	0	0	0	0.000	0	0	0	0.000	0	0	0	0	0.000	0.000	0	0	0	0	0.000	0	0	0	0.000	0	0
108	108	1324	905.494	1355.864	0.895	109	520	556	85	25	109	520	556	85	25	111.938	536.179	10226	929	271	205	192	178	165	154	144	137	125	103.955	129.544	181	149	140	135	132	128	124	120	118	114	107	1	92	915.748	1355.019	0	0	0	3908	4332.663	0	0	150	150.620	0	0	0	0	0.000	0.000	0	0	0	0	0.000	0	0	0	0.000	0	0
109	109	2625	1199.367	1388.149	0.904	56	117	1042	1306	60	56	117	1042	1306	60	113.131	180.128	888	194	188	183	178	173	168	161	154	146	130	103.523	605.130	896	807	760	729	692	643	576	501	424	355	198	1	54	1206.667	1398.577	0	0	0	518	525.611	0	0	787	760.463	0	0	0	0	0.000	0.000	0	0	0	0	0.000	0	0	0	0.000	0	0
110	110	1551	821.934	1389.624	0.892	9	133	788	541	50	9	133	788	541	50	112.000	119.660	129	123	121	121	120	119	119	118	118	117	114	103.723	492.801	760	653	606	573	543	512	470	423	370	303	227	0	0	0.000	0.000	0	0	0	0	0.000	0	0	0	0.000	0	0	0	0	0.000	0.000	0	0	0	0	0.000	0	0	0	0.000	0	0
111	111	251	782.902	1383.838	0.913	13	61	107	49	14	13	61	107	49	14	111.984	119.299	127	123	121	120	120	119	119	118	117	116	115	103.000	406.263	519	477	444	424	414	402	392	381	367	354	300	0	0	0.000	0.000	0	0	0	0	0.000	0	0	0	0.000	0	0	0	0	0.000	0.000	0	0	0	0	0.000	0	0	0	0.000	0	0
112	112	1480	922.299	1396.967	0.882	17	77	636	678	48	17	77	636	678	48	112.941	121.445	129	126	124	123	122	121	120	120	119	118	115	104.000	825.207	1165	1107	1061	985	912	832	762	698	630	509	295	0	0	0.000	0.000	0	0	0	0	0.000	0	0	0	0.000	0	0	0	0	0.000	0.000	0	0	0	0	0.000	0	0	0	0.000	0	0
113	113	2509	31.809	1410.953	0.878	1004	1247	126	45	15	1004	1247	126	45	15	105.462	293.635	3643	478	194	167	161	157	153	148	141	133	120	108.998	7536.231	12309	10380	9444	8787	8208	7742	7209	6577	5792	4204	1585	1	179	19.805	1408.030	0	0	0	1569	1721.620	0	0	9611	9744.408	0	0	0	0	0.000	0.000	0	0	0	0	0.000	0	0	0	0.000	0	0
114	114	1936	94.126	1408.613	0.911	659	1033	118	62	40	659	1033	118	62	40	107.054	122.958	133	127	126	125	124	124	123	121	120	117	111	108.050	726.814	1124	963	898	850	787	724	666	611	553	490	382	0	0	0.000	0.000	0	0	0	0	0.000	0	0	0	0.000	0	0	0	0	0.000	0.000	0	0	0	0	0.000	0	0	0	0.000	0	0
115	115	852	1802.649	1399.053	0.904	137	305	292	87	13	137	305	292	87	13	112.028	179.484	242	227	209	196	184	176	169	159	150	141	128	103.000	128.089	164	148	139	132	129	126	123	120	117	114	108	0	0	0.000	0.000	0	0	0	0	0.000	0	0	0	0.000	0	0	0	0	0.000	0.000	0	0	0	0	0.000	0	0	0	0.000	0	0
116	116	1509	876.221	1410.335	0.885	68	745	583	62	9	68	745	583	62	9	113.035	121.163	129	125	124	122	121	121	120	120	119	118	115	104.001	713.573	1123	1015	939	859	800	735	658	575	479	374	290	0	0	0.000	0.000	0	0	0	0	0.000	0	0	0	0.000	0	0	0	0	0.000	0.000	0	0	0	0	0.000	0	0	0	0.000	0	0
117	117	1804	158.306	1424.769	0.844	135	954	599	74	8	135	954	599	74	8	106.897	120.362	128	125	123	122	122	121	119	118	117	116	111	105.555	613.748	916	809	747	703	667	622	573	521	471	409	308	0	0	0.000	0.000	0	0	0	0	0.000	0	0	0	0.000	0	0	0	0	0.000	0.000	0	0	0	0	0.000	0	0	0	0.000	0	0
118	118	2080	1176.613	1443.774	0.872	29	112	851	928	112	29	112	851	928	112	113.231	196.629	778	303	190	169	164	161	156	151	145	137	125	104.000	443.080	661	582	553	530	507	480	434	378	311	249	173	1	214	1177.001	1439.765	0	0	0	466	483.150	0	0	344	364.593	0	0	0	0	0.000	0.000	0	0	0	0	0.000	0	0	0	0.000	0	0
119	119	2424	1263.622	1446.877	0.918	771	1437	145	14	10	771	1437	145	14	10	113.962	1156.546	8561	2570	1590	1082	836	695	613	554	493	401	217	102.998	124.813	145	130	128	127	126	125	124	123	121	118	107	1	112	1254.964	1459.095	0	0	0	4549	4791.170	0	0	133	133.929	0	0	0	0	0.000	0.000	0	0	0	0	0.000	0	0	0	0.000	0	0
120	120	1973	1810.242	1450.431	0.853	76	1171	630	39	5	76	1171	630	39	5	111.973	201.623	1262	370	165	134	131	130	129	128	127	125	120	103.964	328.235	519	446	416	390	362	327	293	264	237	212	170	1	237	1813.669	1440.197	0	0	0	600	660.958	0	0	395	380.300	0	0	0	0	0.000	0.000	0	0	0	0	0.000	0	0	0	0.000	0	0
121	121	2073	672.496	1456.009	0.859	93	586	1138	174	43	93	586	1138	174	43	110.968	120.732	133	125	123	122	121	120	120	119	118	117	114	103.000	841.016	1536	1194	1095	1000	920	843	764	690	586	456	313	0	0	0.000	0.000	0	0	0	0	0.000	0	0	0	0.000	0	0	0	0	0.000	0.000	0	0	0	0	0.000	0	0	0	0.000	0	0
122	122	1895	830.738	1455.608	0.904	177	1476	201	14	6	177	1476	201	14	6	113.014	203.215	265	243	235	227	220	209	197	184	168	150	137	104.541	120.944	253	127	125	123	121	120	118	117	115	114	109	0	0	0.000	0.000	0	0	0	0	0.000	0	0	0	0.000	0	0	0	0	0.000	0.000	0	0	0	0	0.000	0	0	0	0.000	0	0
123	123	2297	1026.941	1460.667	0.903	269	1330	585	53	11	269	1330	585	53	11	113.548	255.028	2865	256	244	236	227	218	206	191	177	167	147	106.037	1405.042	2366	2045	1896	1777	1646	1455	1290	1051	846	659	330	1	74	1039.272	1447.202	0	0	0	1283	1340.351	0	0	1843	1723.635	0	0	0	0	0.000	0.000	0	0	0	0	0.000	0	0	0	0.000	0	0
124	124	471	1220.010	1447.576	0.915	68	248	105	34	7	68	248	105	34	7	114.000	302.749	605	478	396	333	295	267	247	228	214	197	159	103.707	117.722	138	125	123	121	119	118	116	114	112	111	107	0	0	0.000	0.000	0	0	0	0	0.000	0	0	0	0.000	0	0	0	0	0.000	0.000	0	0	0	0	0.000	0	0	0	0.000	0	0
125	125	2120	71.458	1456.104	0.876	798	949	212	94	38	798	949	212	94	38	105.951	124.922	145	135	131	128	125	123	122	121	119	117	112	107.625	269.815	470	401	352	312	286	252	225	209	193	174	144	0	0	0.000	0.000	0	0	0	0	0.000	0	0	0	0.000	0	0	0	0	0.000	0.000	0	0	0	0	0.000	0	0	0	0.000	0	0
126	126	1343	723.560	1459.952	0.922	76	490	670	86	6	76	490	670	86	6	111.000	120.220	138	127	123	121	120	119	118	118	117	116	112	104.000	745.436	1132	1032	954	874	805	744	686	619	540	484	298	1	103	722.550	1457.497	0	0	0	128	128.340	0	0	743	739.553	0	0	0	0	0.000	0.000	0	0	0	0	0.000	0	0	0	0.000	0	0
127	127	683	1137.848	1459.315	0.925	45	37	107	340	143	45	37	107	340	143	112.868	160.272	187	177	172	169	166	162	158	152	148	141	130	105.070	523.373	728	682	644	613	593	564	519	451	387	315	201	0	0	0.000	0.000	0	0	0	0	0.000	0	0	0	0.000	0	0	0	0	0.000	0.000	0	0	0	0	0.000	0	0	0	0.000	0	0
128	128	1507	884.782	1461.617	0.857	37	201	841	370	29	37	201	841	370	29	114.000	1030.209	12542	2976	792	361	263	236	217	206	189	171	140	104.034	123.882	145	134	130	128	126	123	121	119	117	114	108	1	189	889.440	1470.394	0	0	0	5169	5666.328	0	0	131	130.577	0	0	0	0	0.000	0.000	0	0	0	0	0.000	0	0	0	0.000	0	0
129	129	991	1864.244	1465.475	0.756	26	443	436	48	12	26	443	436	48	12	111.713	131.440	184	137	134	132	131	130	129	127	126	124	120	104.000	404.947	530	466	451	439	426	413	396	380	357	329	267	0	0	0.000	0.000	0	0	0	0	0.000	0	0	0	0.000	0	0	0	0	0.000	0.000	0	0	0	0	0.000	0	0	0	0.000	0	0
130	130	1808	1218.893	1490.944	0.907	114	1046	565	47	6	114	1046	565	47	6	113.231	124.931	135	131	128	127	125	124	123	122	121	120	115	104.000	695.509	1300	1042	925	844	760	690	615	537	438	334	261	0	0	0.000	0.000	0	0	0	0	0.000	0	0	0	0.000	0	0	0	0	0.000	0.000	0	0	0	0	0.000	0	0	0	0.000	0	0
131	131	1084	855.722	1495.407	0.908	63	299	494	179	23	63	299	494	179	23	113.599	135.740	162	155	144	139	136	133	131	129	126	124	121	103.995	1438.193	2288	1793	1689	1616	1545	1462	1403	1339	1228	985	499	0	0	0.000	0.000	0	0	0	0	0.000	0	0	0	0.000	0	0	0	0	0.000	0.000	0	0	0	0	0.000	0	0	0	0.000	0	0
132	132	1709	995.420	1512.833	0.918	196	918	484	80	5	196	918	484	80	5	113.439	152.174	164	158	156	155	154	153	152	150	149	145	134	105.491	505.782	671	615	585	554	529	505	480	459	437	402	271	0	0	0.000	0.000	0	0	0	0	0.000	0	0	0	0.000	0	0	0	0	0.000	0.000	0	0	0	0	0.000	0	0	0	0.000	0	0
133	133	2897	1050.969	1540.820	0.870	411	591	1684	149	8	411	591	1684	149	8	114.188	204.063	1489	272	212	178	160	154	150	147	144	139	122	106.855	418.663	737	587	525	491	457	426	385	343	299	240	182	1	155	1061.444	1550.498	0	0	0	707	773.329	0	0	491	488.671	0	0	0	0	0.000	0.000	0	0	0	0	0.000	0	0	0	0.000	0	0
134	134	1869	1145.951	1542.643	0.905	196	844	710	75	10	196	844	710	75	10	113.768	236.913	295	282	271	261	251	241	229	217	203	186	151	105.399	676.490	997	915	856	795	753	698	634	567	498	415	254	0	0	0.000	0.000	0	0	0	0	0.000	0	0	0	0.000	0	0	0	0	0.000	0.000	0	0	0	0	0.000	0	0	0	0.000	0	0
135	135	1674	1804.885	1550.767	0.913	1031	376	116	90	34	1031	376	116	90	34	111.959	121.695	134	127	125	123	122	121	120	119	119	118	115	104.520	1456.061	2706	2215	1962	1780	1621	1470	1356	1183	929	611	248	0	0	0.000	0.000	0	0	0	0	0.000	0	0	0	0.000	0	0	0	0	0.000	0.000	0	0	0	0	0.000	0	0	0	0.000	0	0
136	136	2483	272.241	1569.424	0.863	206	1362	787	64	13	206	1362	787	64	13	108.009	367.478	4058	832	187	135	130	128	126	123	120	118	114	104.207	823.916	1331	1170	1101	1025	942	849	763	664	519	398	301	1	291	264.158	1562.510	0	0	0	1806	2004.237	0	0	1140	1127.299	0	0	0	0	0.000	0.000	0	0	0	0	0.000	0	0	0	0.000	0	0
137	137	1999	335.931	1574.841	0.909	76	712	1050	110	13	76	712	1050	110	13	108.281	126.673	136	132	131	130	129	127	126	124	123	120	114	104.001	969.707	1430	1294	1226	1150	1057	958	887	831	761	639	349	0	0	0.000	0.000	0	0	0	0	0.000	0	0	0	0.000	0	0	0	0	0.000	0.000	0	0	0	0	0.000	0	0	0	0.000	0	0
138	138	1760	1171.731	1589.406	0.903	18	253	1243	193	15	18	253	1243	193	15	112.973	212.476	281	246	234	223	217	211	206	200	195	184	142	105.000	544.006	870	718	654	602	557	524	495	469	447	413	235	0	0	0.000	0.000	0	0	0	0	0.000	0	0	0	0.000	0	0	0	0	0.000	0.000	0	0	0	0	0.000	0	0	0	0.000	0	0
139	139	276	1137.521	1579.708	0.880	25	50	99	55	38	25	50	99	55	38	113.663	196.855	228	220	213	209	202	197	192	187	182	174	157	105.000	452.645	633	590	555	526	486	458	419	391	359	321	194	0	0	0.000	0.000	0	0	0	0	0.000	0	0	0	0.000	0	0	0	0	0.000	0.000	0	0	0	0	0.000	0	0	0	0.000	0	0
140	140	2493	261.476	1624.312	0.843	61	695	1505	144	38	61	695	1505	144	38	108.711	148.392	642	206	139	126	124	123	121	119	118	116	111	104.900	818.516	1292	1154	1094	1042	964	863	751	638	516	395	218	1	224	253.558	1626.302	0	0	0	328	354.808	0	0	1167	1090.795	0	0	0	0	0.000	0.000	0	0	0	0	0.000	0	0	0	0.000	0	0
141	141	1736	1227.261	1621.152	0.893	32	475	969	211	18	32	475	969	211	18	113.000	202.218	1226	371	191	148	139	135	132	130	127	125	120	105.452	637.856	978	858	804	749	699	663	609	534	459	378	307	1	188	1228.193	1618.528	0	0	0	599	640.495	0	0	832	788.399	0	0	0	0	0.000	0.000	0	0	0	0	0.000	0	0	0	0.000	0	0
142	142	2232	1278.106	1645.442	0.889	88	528	1117	426	30	88	528	1117	426	30	112.841	249.164	1759	279	266	256	246	232	216	200	187	170	135	105.250	2001.692	2960	2758	2655	2548	2390	2141	1898	1599	1299	958	379	1	54	1279.875	1638.747	0	0	0	963	964.981	0	0	2611	2616.222	0	0	0	0	0.000	0.000	0	0	0	0	0.000	0	0	0	0.000	0	0
143	143	1505	1177.734	1645.062	0.910	78	780	572	29	6	78	780	572	29	6	113.000	133.341	194	143	137	134	133	131	130	129	127	124	121	105.000	622.754	918	776	737	708	678	643	600	560	509	417	301	1	28	1178.399	1634.179	0	0	0	178	177.643	0	0	625	618.250	0	0	0	0	0.000	0.000	0	0	0	0	0.000	0	0	0	0.000	0	0
144	144	1701	404.237	1664.535	0.908	332	1089	202	21	16	332	1089	202	21	16	109.000	1284.672	14798	3554	993	444	380	347	320	302	276	246	169	103.726	119.821	146	128	124	122	121	119	118	117	115	113	105	1	217	397.121	1671.873	0	0	0	6202	6793.512	0	0	130	130.005	0	0	0	0	0.000	0.000	0	0	0	0	0.000	0	0	0	0.000	0	0
145	145	1496	1532.203	1674.802	0.851	49	580	701	120	12	49	580	701	120	12	112.757	210.963	2275	206	164	159	156	153	150	147	144	139	130	104.000	697.285	1094	955	865	792	739	695	645	586	527	457	350	1	79	1515.763	1664.680	0	0	0	959	1057.152	0	0	611	626.165	0	0	0	0	0.000	0.000	0	0	0	0	0.000	0	0	0	0.000	0	0
146	146	1811	1237.399	1689.742	0.837	45	394	1019	284	34	45	394	1019	284	34	112.946	260.489	1420	304	257	248	238	226	215	203	195	186	159	105.149	1934.446	2919	2608	2328	2213	2101	1989	1852	1642	1434	1250	756	1	83	1222.870	1681.564	0	0	0	807	827.711	0	0	2040	2042.723	0	0	0	0	0.000	0.000	0	0	0	0	0.000	0	0	0	0.000	0	0
147	147	1856	1436.590	1707.981	0.871	49	601	856	301	14	49	601	856	301	14	112.932	198.121	313	228	210	206	202	198	193	186	177	167	141	103.284	127.047	143	135	133	131	129	128	126	124	122	118	107	0	0	0.000	0.000	0	0	0	0	0.000	0	0	0	0.000	0	0	0	0	0.000	0.000	0	0	0	0	0.000	0	0	0	0.000	0	0
148	148	207	1486.158	1700.248	0.849	15	56	77	49	5	15	56	77	49	5	113.000	155.377	170	165	163	161	158	156	153	151	148	145	138	103.072	115.594	124	122	120	119	117	116	114	112	111	109	106	0	0	0.000	0.000	0	0	0	0	0.000	0	0	0	0.000	0	0	0	0	0.000	0.000	0	0	0	0	0.000	0	0	0	0.000	0	0
149	149	1552	1358.621	1728.581	0.856	288	695	407	105	24	288	695	407	105	24	112.727	1170.691	2362	1637	1448	1320	1205	1139	1076	1004	895	727	350	103.973	138.288	198	166	157	149	143	136	129	123	119	115	108	0	0	0.000	0.000	0	0	0	0	0.000	0	0	0	0.000	0	0	0	0	0.000	0.000	0	0	0	0	0.000	0	0	0	0.000	0	0
150	150	1587	503.250	1729.313	0.900	110	738	616	73	20	110	738	616	73	20	109.991	189.446	728	211	192	188	184	177	170	164	156	146	130	102.926	118.978	135	126	124	121	120	118	117	116	115	113	105	1	61	516.216	1737.593	0	0	0	474	477.361	0	0	121	120.836	0	0	0	0	0.000	0.000	0	0	0	0	0.000	0	0	0	0.000	0	0
151	151	2310	1490.868	1739.505	0.888	135	1319	777	35	9	135	1319	777	35	9	112.870	714.155	10041	1786	430	224	209	202	193	182	172	160	133	103.216	126.919	151	134	132	130	129	128	126	125	122	117	104	1	224	1482.883	1732.195	0	0	0	4212	4606.214	0	0	137	137.112	0	0	0	0	0.000	0.000	0	0	0	0	0.000	0	0	0	0.000	0	0
152	152	2393	1173.918	1770.646	0.865	595	1543	162	24	17	595	1543	162	24	17	111.780	630.426	7456	1503	658	425	314	269	239	218	202	185	164	102.976	120.038	156	126	122	121	120	119	118	118	117	115	109	2	95	1159.228	1769.659	214	1179.080	1754.364	992	1032.179	2907	3076.715	118	118.095	130	130.636	0	0	0.000	0.000	0	0	0	0	0.000	0	0	0	0.000	0	0
153	153	1943	1653.639	1795.121	0.896	33	83	445	1191	154	33	83	445	1191	154	110.830	210.130	2491	212	139	136	135	133	130	128	124	122	113	103.749	1479.081	2554	2237	1962	1821	1658	1506	1335	1147	948	697	464	1	137	1665.103	1806.163	0	0	0	998	1143.285	0	0	2199	2111.460	0	0	0	0	0.000	0.000	0	0	0	0	0.000	0	0	0	0.000	0	0
154	154	2039	1518.556	1798.818	0.850	124	1684	184	17	10	124	1684	184	17	10	113.000	281.080	2329	377	225	218	209	201	194	187	177	165	141	102.628	126.094	144	132	130	129	128	126	125	124	122	119	109	1	143	1512.218	1813.274	0	0	0	1071	1201.021	0	0	130	131.469	0	0	0	0	0.000	0.000	0	0	0	0	0.000	0	0	0	0.000	0	0
155	155	1334	1570.800	1791.653	0.857	282	612	326	77	5	282	612	326	77	5	112.591	225.191	485	350	287	250	220	198	181	166	157	149	139	103.000	133.692	206	166	149	139	131	125	122	120	117	115	107	1	104	1560.757	1799.687	0	0	0	421	414.817	0	0	183	179.760	0	0	1	95	1562.533	1800.183	0	0	0	423	419.053	0	0	185	185.684	0	0
156	156	1637	1707.808	1795.933	0.864	16	138	857	569	33	16	138	857	569	33	111.000	132.400	142	138	137	136	135	134	132	130	128	124	117	103.436	2004.831	2610	2489	2428	2356	2243	2125	1973	1826	1561	1310	725	0	0	0.000	0.000	0	0	0	0	0.000	0	0	0	0.000	0	0	0	0	0.000	0.000	0	0	0	0	0.000	0	0	0	0.000	0	0
157	157	1605	310.208	1809.843	0.896	61	395	901	197	14	61	395	901	197	14	107.074	116.849	124	120	119	118	117	117	116	116	115	114	109	103.000	486.969	674	603	582	555	531	506	476	441	394	333	242	0	0	0.000	0.000	0	0	0	0	0.000	0	0	0	0.000	0	0	0	0	0.000	0.000	0	0	0	0	0.000	0	0	0	0.000	0	0
158	158	1777	262.668	1826.480	0.891	59	424	1008	237	17	59	424	1008	237	17	106.841	117.326	125	120	119	119	118	117	117	116	115	114	110	103.000	603.535	822	746	701	673	650	625	592	552	509	428	271	0	0	0.000	0.000	0	0	0	0	0.000	0	0	0	0.000	0	0	0	0	0.000	0.000	0	0	0	0	0.000	0	0	0	0.000	0	0
159	159	1952	521.304	1825.132	0.894	736	1117	23	15	11	736	1117	23	15	11	109.991	161.147	667	242	140	135	133	131	129	127	123	120	113	102.950	146.153	177	165	160	156	152	148	144	138	131	125	108	1	225	525.920	1841.694	0	0	0	355	385.938	0	0	144	142.120	0	0	0	0	0.000	0.000	0	0	0	0	0.000	0	0	0	0.000	0	0
160	160	1535	441.797	1823.132	0.883	351	876	232	30	23	351	876	232	30	23	108.407	117.014	134	121	119	118	117	116	116	115	115	114	112	103.825	527.100	745	675	641	616	590	551	513	455	398	332	258	0	0	0.000	0.000	0	0	0	0	0.000	0	0	0	0.000	0	0	0	0	0.000	0.000	0	0	0	0	0.000	0	0	0	0.000	0	0
161	161	1485	986.499	1861.211	0.903	166	779	469	15	4	166	779	469	15	4	111.124	120.442	128	123	122	122	121	120	120	119	119	118	114	103.000	264.970	368	332	311	296	282	269	257	240	215	189	163	0	0	0.000	0.000	0	0	0	0	0.000	0	0	0	0.000	0	0	0	0	0.000	0.000	0	0	0	0	0.000	0	0	0	0.000	0	0
162	162	1765	479.164	1862.547	0.857	810	747	133	49	8	810	747	133	49	8	109.806	164.567	948	237	136	126	125	123	121	120	118	117	114	104.193	148.195	174	164	160	157	153	149	145	140	136	132	113	1	171	474.217	1868.787	0	0	0	461	499.222	0	0	155	153.222	0	0	0	0	0.000	0.000	0	0	0	0	0.000	0	0	0	0.000	0	0
163	163	1728	1075.140	1863.681	0.896	255	1276	136	22	7	255	1276	136	22	7	110.998	902.487	12757	2425	595	255	194	181	173	166	157	147	130	102.839	120.730	139	127	125	123	122	121	119	118	116	114	105	1	185	1071.520	1862.735	0	0	0	5181	5685.249	0	0	128	128.438	0	0	0	0	0.000	0.000	0	0	0	0	0.000	0	0	0	0.000	0	0
164	164	338	673.494	1877.973	0.774	15	63	150	85	17	15	63	150	85	17	109.000	120.914	128	125	124	123	122	121	120	119	118	117	115	103.000	581.577	717	667	624	607	590	576	563	551	538	515	424	0	0	0.000	0.000	0	0	0	0	0.000	0	0	0	0.000	0	0	0	0	0.000	0.000	0	0	0	0	0.000	0	0	0	0.000	0	0
165	165	315	1107.248	1885.237	0.904	14	53	96	108	37	14	53	96	108	37	110.937	124.210	136	132	129	127	125	124	122	121	120	117	115	102.422	109.267	116	112	111	110	110	109	109	108	108	106	103	0	0	0.000	0.000	0	0	0	0	0.000	0	0	0	0.000	0	0	0	0	0.000	0.000	0	0	0	0	0.000	0	0	0	0.000	0	0
166	166	1101	296.778	1895.811	0.902	34	281	549	179	29	34	281	549	179	29	107.000	116.441	124	120	119	118	117	116	116	115	114	113	110	102.968	554.785	797	737	675	615	575	548	522	494	463	392	231	0	0	0.000	0.000	0	0	0	0	0.000	0	0	0	0.000	0	0	0	0	0.000	0.000	0	0	0	0	0.000	0	0	0	0.000	0	0
167	167	1924	348.666	1905.245	0.881	570	951	180	140	64	570	951	180	140	64	107.000	116.857	128	121	119	118	117	116	116	115	114	114	110	103.820	573.401	865	779	730	688	645	593	530	461	402	341	285	0	0	0.000	0.000	0	0	0	0	0.000	0	0	0	0.000	0	0	0	0	0.000	0.000	0	0	0	0	0.000	0	0	0	0.000	0	0
168	168	1579	461.950	1908.745	0.891	950	527	37	15	17	950	527	37	15	17	109.714	148.418	168	162	159	156	153	150	147	143	137	132	120	104.484	139.284	159	150	148	145	144	141	138	134	130	125	110	0	0	0.000	0.000	0	0	0	0	0.000	0	0	0	0.000	0	0	0	0	0.000	0.000	0	0	0	0	0.000	0	0	0	0.000	0	0
169	169	2343	405.703	1915.497	0.880	840	1350	78	22	11	840	1350	78	22	11	108.556	118.923	131	125	123	120	119	118	117	116	115	114	110	104.301	560.350	833	767	714	669	613	556	509	465	420	360	180	0	0	0.000	0.000	0	0	0	0	0.000	0	0	0	0.000	0	0	0	0	0.000	0.000	0	0	0	0	0.000	0	0	0	0.000	0	0
170	170	2254	709.165	1914.190	0.892	35	750	1285	134	12	35	750	1285	134	12	109.336	119.730	130	125	123	121	120	119	118	118	117	116	112	102.787	603.978	987	839	765	701	658	609	560	495	435	375	218	0	0	0.000	0.000	0	0	0	0	0.000	0	0	0	0.000	0	0	0	0	0.000	0.000	0	0	0	0	0.000	0	0	0	0.000	0	0
171	171	1107	1626.016	1908.284	0.919	90	578	394	12	5	90	578	394	12	5	112.000	123.944	140	130	127	126	125	124	122	121	120	118	115	102.752	2011.781	3274	2723	2560	2478	2375	2229	1984	1661	1279	921	432	0	0	0.000	0.000	0	0	0	0	0.000	0	0	0	0.000	0	0	0	0	0.000	0.000	0	0	0	0	0.000	0	0	0	0.000	0	0
172	172	1905	801.763	1921.112	0.881	161	663	895	132	18	161	663	895	132	18	110.000	942.089	19953	1511	427	280	237	213	194	182	172	162	140	102.303	123.475	200	133	127	124	123	121	119	118	116	113	107	2	23	818.102	1919.369	129	794.768	1917.450	475	473.652	7791	8928.760	131	130.391	157	159.558	1	54	793.797	1917.614	0	0	0	12930	12200.167	0	0	175	174.630	0	0
173	173	1639	984.906	1923.337	0.868	317	883	322	47	45	317	883	322	47	45	111.139	119.419	126	122	121	121	120	119	119	118	118	117	114	102.955	282.722	403	373	355	333	310	290	270	244	205	176	152	0	0	0.000	0.000	0	0	0	0	0.000	0	0	0	0.000	0	0	0	0	0.000	0.000	0	0	0	0	0.000	0	0	0	0.000	0	0
174	174	2021	137.544	1945.438	0.888	80	546	1111	222	25	80	546	1111	222	25	105.737	140.568	163	153	150	148	146	143	140	137	130	123	115	100.733	177.905	234	212	203	193	186	179	170	162	153	143	128	0	0	0.000	0.000	0	0	0	0	0.000	0	0	0	0.000	0	0	0	0	0.000	0.000	0	0	0	0	0.000	0	0	0	0.000	0	0
175	175	764	940.187	1932.265	0.923	23	54	326	251	91	23	54	326	251	91	110.673	121.835	130	125	124	123	123	122	121	121	120	118	114	102.338	267.550	365	324	303	288	277	267	258	249	234	211	175	0	0	0.000	0.000	0	0	0	0	0.000	0	0	0	0.000	0	0	0	0	0.000	0.000	0	0	0	0	0.000	0	0	0	0.000	0	0
176	176	1695	1978.359	1955.254	0.872	129	1022	478	37	11	129	1022	478	37	11	108.569	1619.771	26852	3528	746	495	381	325	290	257	231	199	153	101.008	137.424	243	175	153	142	135	130	126	121	117	114	105	1	155	1975.958	1940.297	0	0	0	10939	12410.071	0	0	174	172.187	0	0	2	54	1972.916	1962.031	47	1977.622	1940.707	723	719.907	18228	18210.298	206	207.259	203	201.468
177	177	430	176.487	1944.110	0.905	26	70	119	164	46	26	70	119	164	46	106.000	120.756	129	127	125	124	122	121	119	118	117	115	111	101.000	141.658	164	157	154	151	147	142	139	135	130	124	112	0	0	0.000	0.000	0	0	0	0	0.000	0	0	0	0.000	0	0	0	0	0.000	0.000	0	0	0	0	0.000	0	0	0	0.000	0	0
178	178	1960	1731.580	1965.847	0.892	91	635	1039	135	14	91	635	1039	135	14	110.231	119.708	128	124	123	121	120	120	119	118	117	116	112	102.000	746.449	1080	930	880	835	790	750	705	663	625	564	342	0	0	0.000	0.000	0	0	0	0	0.000	0	0	0	0.000	0	0	0	0	0.000	0.000	0	0	0	0	0.000	0	0	0	0.000	0	0
179	179	2494	1667.242	1988.331	0.904	379	1240	700	99	11	379	1240	700	99	11	110.282	954.854	29860	955	249	200	181	170	164	157	149	139	123	102.000	118.654	182	126	123	121	120	118	116	115	112	109	102	1	128	1677.515	1982.778	0	0	0	11106	12417.164	0	0	139	139.836	0	0	1	29	1676.743	1980.614	0	0	0	14895	15464.103	0	0	163	162.552	0	0
180	180	628	980.652	1984.034	0.846	45	158	261	127	28	45	158	261	127	28	109.154	129.207	139	135	133	132	130	129	128	127	126	124	120	102.000	120.021	150	131	125	122	120	118	117	116	115	113	106	0	0	0.000	0.000	0	0	0	0	0.000	0	0	0	0.000	0	0	0	0	0.000	0.000	0	0	0	0	0.000	0	0	0	0.000	0	0
181	181	1551	1499.752	1995.902	0.883	145	759	512	90	19	145	759	512	90	19	119.219	1276.463	18084	2538	1351	937	716	572	483	431	397	368	324	102.868	122.736	150	136	132	127	124	121	119	117	115	112	107	1	85	1496.659	2000.989	0	0	0	7622	8722.447	0	0	133	131.176	0	0	0	0	0.000	0.000	0	0	0	0	0.000	0	0	0	0.000	0	0
