 	cell	area	x	y	circ	BFI_lev_b1	BFI_lev_b2	BFI_lev_b3	BFI_lev_b4	BFI_lev_b5	BFO_lev_b1	BFO_lev_b2	BFO_lev_b3	BFO_lev_b4	BFO_lev_b5	RFP_int_bg	RFP_int_mean	RFP_int_b0	RFP_int_b1	RFP_int_b2	RFP_int_b3	RFP_int_b4	RFP_int_b5	RFP_int_b6	RFP_int_b7	RFP_int_b8	RFP_int_b9	RFP_int_b10	GFP_int_bg	GFP_int_mean	GFP_int_b0	GFP_int_b1	GFP_int_b2	GFP_int_b3	GFP_int_b4	GFP_int_b5	GFP_int_b6	GFP_int_b7	GFP_int_b8	GFP_int_b9	GFP_int_b10	inRFPnfoci	f1_inRFParea	f1_inRFPx	f1_inRFPy	f2_inRFParea	f2_inRFPx	f2_inRFPy	f1_inRFP_toRFPmed	f1_inRFP_toRFPmean	f2_inRFP_toRFPmed	f2_inRFP_toRFPmean	f1_inRFP_toGFPmed	f1_inRFP_toGFPmean	f2_inRFP_toGFPmed	f2_inRFP_toGFPmean	inGFPnfoci	f1_inGFParea	f1_inGFPx	f1_inGFPy	f2_inGFParea	f2_inGFPx	f2_inGFPy	f1_inGFP_toRFPmed	f1_inGFP_toRFPmean	f2_inGFP_toRFPmed	f2_inGFP_toRFPmean	f1_inGFP_toGFPmed	f1_inGFP_toGFPmean	f2_inGFP_toGFPmed	f2_inGFP_toGFPmean
1	1	1412	935.990	47.229	0.922	85	394	680	200	29	85	394	680	200	29	106.904	296.611	1125	541	430	333	260	214	184	168	157	143	126	101.013	120.911	161	137	128	122	119	117	116	114	113	112	105	1	160	929.880	54.114	0	0	0	678	711.837	0	0	120	121.575	0	0	0	0	0.000	0.000	0	0	0	0	0.000	0	0	0	0.000	0	0
2	2	1792	34.911	112.119	0.905	183	1268	267	25	17	183	1268	267	25	17	104.867	158.349	406	173	168	163	157	153	149	145	140	134	116	104.910	2016.401	4175	2905	2642	2446	2246	2029	1789	1560	1338	1118	529	1	39	36.997	95.511	0	0	0	312	314.154	0	0	3326	3323.410	0	0	0	0	0.000	0.000	0	0	0	0	0.000	0	0	0	0.000	0	0
3	3	256	62.112	136.570	0.931	29	65	108	48	2	29	65	108	48	2	105.984	118.371	125	122	121	120	119	118	118	117	116	115	112	105.707	779.598	1109	1054	979	915	852	783	743	669	585	486	332	0	0	0.000	0.000	0	0	0	0	0.000	0	0	0	0.000	0	0	0	0	0.000	0.000	0	0	0	0	0.000	0	0	0	0.000	0	0
4	4	2693	98.114	165.935	0.880	875	1508	132	89	55	875	1508	132	89	55	107.558	165.258	483	178	173	170	168	165	161	155	148	139	124	106.737	900.560	1315	1177	1110	1062	1015	962	894	805	664	502	352	1	34	107.664	170.799	0	0	0	360	351.441	0	0	713	722.088	0	0	0	0	0.000	0.000	0	0	0	0	0.000	0	0	0	0.000	0	0
5	5	2456	35.522	168.591	0.877	112	1328	870	73	15	112	1328	870	73	15	106.035	236.715	1305	476	237	175	156	151	148	144	138	130	122	106.619	889.677	1991	1277	1113	1018	933	871	803	724	621	455	319	1	310	43.011	161.776	0	0	0	684	728.484	0	0	1439	1432.258	0	0	0	0	0.000	0.000	0	0	0	0	0.000	0	0	0	0.000	0	0
6	6	1706	167.837	199.101	0.882	34	174	364	1000	94	34	174	364	1000	94	107.487	163.421	390	177	174	171	169	165	157	149	141	132	119	106.016	1240.614	1956	1663	1600	1543	1464	1354	1237	1050	813	588	344	1	29	178.208	187.010	0	0	0	315	312.552	0	0	1676	1659.724	0	0	0	0	0.000	0.000	0	0	0	0	0.000	0	0	0	0.000	0	0
7	7	1223	118.779	216.458	0.904	265	530	235	111	62	265	530	235	111	62	108.000	154.128	176	167	165	163	161	157	153	147	142	136	125	107.323	1150.376	1779	1574	1486	1426	1353	1255	1163	970	706	517	369	0	0	0.000	0.000	0	0	0	0	0.000	0	0	0	0.000	0	0	0	0	0.000	0.000	0	0	0	0	0.000	0	0	0	0.000	0	0
8	8	875	37.747	218.195	0.905	81	151	331	265	32	81	151	331	265	32	107.381	140.039	160	154	151	148	145	142	138	134	129	122	115	107.000	1510.046	2223	1980	1814	1737	1676	1610	1502	1405	1199	857	371	0	0	0.000	0.000	0	0	0	0	0.000	0	0	0	0.000	0	0	0	0	0.000	0.000	0	0	0	0	0.000	0	0	0	0.000	0	0
9	9	1859	1231.640	253.298	0.885	820	933	49	8	5	820	933	49	8	5	108.646	116.748	125	120	119	118	117	116	116	115	115	114	110	102.000	1056.657	1801	1470	1359	1261	1160	1079	989	883	752	585	344	0	0	0.000	0.000	0	0	0	0	0.000	0	0	0	0.000	0	0	0	0	0.000	0.000	0	0	0	0	0.000	0	0	0	0.000	0	0
10	10	1316	1957.427	264.990	0.919	70	308	676	218	17	70	308	676	218	17	107.010	272.859	2627	334	231	218	212	205	198	186	171	155	135	100.429	120.748	144	128	125	124	123	121	120	118	116	112	105	1	70	1949.391	260.200	0	0	0	1236	1276.329	0	0	129	129.029	0	0	0	0	0.000	0.000	0	0	0	0	0.000	0	0	0	0.000	0	0
11	11	1350	39.443	274.188	0.880	1161	106	33	25	15	1161	106	33	25	15	107.339	261.606	426	320	292	279	267	256	246	237	226	214	191	105.968	416.470	580	507	482	461	440	418	393	376	362	324	223	0	0	0.000	0.000	0	0	0	0	0.000	0	0	0	0.000	0	0	0	0	0.000	0.000	0	0	0	0	0.000	0	0	0	0.000	0	0
12	12	2417	1912.994	295.057	0.895	274	1289	661	120	26	274	1289	661	120	26	108.000	975.079	27088	693	339	274	253	238	221	211	201	178	140	101.127	122.733	186	129	126	125	123	122	121	119	117	113	106	1	131	1922.421	300.724	0	0	0	10365	11856.603	0	0	149	151.382	0	0	1	27	1922.123	300.261	0	0	0	21172	20757.667	0	0	176	173.815	0	0
13	13	1288	79.171	299.283	0.904	206	178	721	158	6	206	178	721	158	6	107.393	208.973	273	252	244	236	227	217	203	191	171	149	122	105.252	383.488	543	486	466	444	417	395	373	342	310	254	157	0	0	0.000	0.000	0	0	0	0	0.000	0	0	0	0.000	0	0	0	0	0.000	0.000	0	0	0	0	0.000	0	0	0	0.000	0	0
14	14	2729	410.263	319.957	0.850	2552	138	14	7	4	2552	138	14	7	4	108.000	129.243	142	135	134	132	131	130	128	127	125	122	115	102.532	127.713	147	137	133	131	128	127	125	124	123	120	110	0	0	0.000	0.000	0	0	0	0	0.000	0	0	0	0.000	0	0	0	0	0.000	0.000	0	0	0	0	0.000	0	0	0	0.000	0	0
15	15	343	366.308	318.631	0.896	27	49	109	107	44	27	49	109	107	44	108.000	114.962	119	118	117	116	115	115	114	114	113	112	111	102.000	114.466	125	119	117	116	115	114	113	112	112	110	105	0	0	0.000	0.000	0	0	0	0	0.000	0	0	0	0.000	0	0	0	0	0.000	0.000	0	0	0	0	0.000	0	0	0	0.000	0	0
16	16	2217	222.619	350.023	0.880	223	1803	149	19	4	223	1803	149	19	4	108.369	185.676	1943	184	162	155	152	149	147	144	139	133	123	103.000	125.757	139	131	129	128	127	126	125	124	122	120	110	1	86	226.727	361.650	0	0	0	843	906.721	0	0	128	127.500	0	0	0	0	0.000	0.000	0	0	0	0	0.000	0	0	0	0.000	0	0
17	17	1207	182.603	399.940	0.896	61	159	690	210	63	61	159	690	210	63	108.360	138.958	159	148	146	143	141	139	137	135	132	129	121	102.461	117.904	131	123	121	120	120	118	118	116	114	111	104	0	0	0.000	0.000	0	0	0	0	0.000	0	0	0	0.000	0	0	0	0	0.000	0.000	0	0	0	0	0.000	0	0	0	0.000	0	0
18	18	1907	233.464	412.202	0.873	623	962	203	73	28	623	962	203	73	28	109.184	147.709	242	175	155	150	146	142	139	135	131	129	124	102.590	120.889	137	128	126	124	123	121	119	117	115	114	109	1	76	228.570	397.760	0	0	0	221	220.566	0	0	126	126.289	0	0	0	0	0.000	0.000	0	0	0	0	0.000	0	0	0	0.000	0	0
19	19	2414	292.785	417.283	0.884	915	1265	108	54	24	915	1265	108	54	24	109.901	2041.505	31012	4640	642	472	403	359	337	317	301	279	191	103.000	132.121	205	143	134	132	130	129	128	126	125	122	110	1	250	303.147	425.856	0	0	0	13679	15121.828	0	0	163	165.200	0	0	0	0	0.000	0.000	0	0	0	0	0.000	0	0	0	0.000	0	0
20	20	1549	263.837	466.152	0.903	1210	206	56	38	26	1210	206	56	38	26	109.662	323.867	484	429	388	363	343	321	301	276	252	228	188	103.913	126.912	138	132	130	129	128	127	126	125	124	121	112	0	0	0.000	0.000	0	0	0	0	0.000	0	0	0	0.000	0	0	0	0	0.000	0.000	0	0	0	0	0.000	0	0	0	0.000	0	0
21	21	1206	291.474	525.585	0.827	117	585	386	75	14	117	585	386	75	14	109.367	214.417	271	254	243	235	229	223	214	198	179	161	146	105.792	2400.476	3797	3360	3184	3059	2893	2647	2337	1959	1376	972	732	0	0	0.000	0.000	0	0	0	0	0.000	0	0	0	0.000	0	0	0	0	0.000	0.000	0	0	0	0	0.000	0	0	0	0.000	0	0
22	22	1405	781.063	535.550	0.893	29	246	654	418	27	29	246	654	418	27	109.874	128.187	143	134	132	131	130	129	127	125	124	121	114	103.309	609.238	805	773	743	712	678	639	594	540	483	404	185	0	0	0.000	0.000	0	0	0	0	0.000	0	0	0	0.000	0	0	0	0	0.000	0.000	0	0	0	0	0.000	0	0	0	0.000	0	0
23	23	258	319.117	528.354	0.946	20	48	88	79	17	20	48	88	79	17	109.000	178.364	210	204	199	192	187	182	176	168	159	148	132	105.403	1323.283	2252	2091	1903	1719	1571	1436	1207	923	678	495	296	0	0	0.000	0.000	0	0	0	0	0.000	0	0	0	0.000	0	0	0	0	0.000	0.000	0	0	0	0	0.000	0	0	0	0.000	0	0
24	24	2965	214.895	574.837	0.826	226	1649	912	104	17	226	1649	912	104	17	108.760	350.052	2086	790	330	244	233	224	210	193	178	161	125	107.375	2220.818	5077	3081	2818	2608	2432	2251	2047	1825	1530	1107	377	1	376	218.868	575.695	0	0	0	1121	1180.378	0	0	3340	3345.795	0	0	0	0	0.000	0.000	0	0	0	0	0.000	0	0	0	0.000	0	0
25	25	2652	904.977	566.590	0.876	1442	811	122	145	84	1442	811	122	145	84	109.282	332.972	5358	470	180	173	170	167	163	158	151	140	121	105.697	983.447	1914	1337	1247	1166	1097	1000	910	819	698	585	279	1	157	912.215	551.541	0	0	0	2197	2472.962	0	0	1483	1483.484	0	0	0	0	0.000	0.000	0	0	0	0	0.000	0	0	0	0.000	0	0
26	26	1329	322.741	561.301	0.906	32	170	788	280	34	32	170	788	280	34	109.582	116.305	124	120	119	117	117	116	115	115	114	113	111	107.415	124.315	160	130	128	126	125	124	123	122	120	118	108	0	0	0.000	0.000	0	0	0	0	0.000	0	0	0	0.000	0	0	0	0	0.000	0.000	0	0	0	0	0.000	0	0	0	0.000	0	0
27	27	1837	816.140	573.935	0.896	78	536	986	177	20	78	536	986	177	20	110.126	141.954	698	160	138	134	131	128	126	124	121	119	115	104.658	484.690	1533	628	586	559	537	510	468	400	327	258	209	1	74	827.456	578.067	0	0	0	361	380.824	0	0	887	909.338	0	0	0	0	0.000	0.000	0	0	0	0	0.000	0	0	0	0.000	0	0
28	28	2083	370.929	582.054	0.852	136	1087	708	101	12	136	1087	708	101	12	109.577	116.668	125	120	119	118	117	116	116	115	115	114	111	106.284	120.205	133	125	123	122	121	120	119	118	117	116	109	0	0	0.000	0.000	0	0	0	0	0.000	0	0	0	0.000	0	0	0	0	0.000	0.000	0	0	0	0	0.000	0	0	0	0.000	0	0
29	29	2575	918.262	633.696	0.887	786	1498	103	82	71	786	1498	103	82	71	108.822	164.401	308	205	168	163	160	157	154	150	145	139	127	105.143	1189.850	1963	1652	1515	1404	1308	1215	1124	1028	870	632	383	0	0	0.000	0.000	0	0	0	0	0.000	0	0	0	0.000	0	0	0	0	0.000	0.000	0	0	0	0	0.000	0	0	0	0.000	0	0
30	30	437	1530.602	624.518	0.906	38	65	125	160	38	38	65	125	160	38	109.989	121.043	129	125	124	123	122	121	120	119	118	117	114	102.000	128.483	148	142	137	134	132	129	126	123	120	114	107	0	0	0.000	0.000	0	0	0	0	0.000	0	0	0	0.000	0	0	0	0	0.000	0.000	0	0	0	0	0.000	0	0	0	0.000	0	0
31	31	530	216.758	642.181	0.892	149	165	119	79	10	149	165	119	79	10	109.000	122.521	144	133	128	124	121	121	119	119	118	116	113	109.809	506.419	904	710	602	557	524	497	461	423	394	333	238	0	0	0.000	0.000	0	0	0	0	0.000	0	0	0	0.000	0	0	0	0	0.000	0.000	0	0	0	0	0.000	0	0	0	0.000	0	0
32	32	1631	1517.215	664.783	0.877	22	152	866	528	33	22	152	866	528	33	110.000	141.865	161	154	150	146	143	141	139	138	135	131	122	102.000	171.809	230	208	198	185	173	165	160	155	151	146	123	0	0	0.000	0.000	0	0	0	0	0.000	0	0	0	0.000	0	0	0	0	0.000	0.000	0	0	0	0	0.000	0	0	0	0.000	0	0
33	33	2263	941.750	689.188	0.890	57	711	1210	223	8	57	711	1210	223	8	110.000	154.667	180	170	167	164	162	158	153	147	140	135	121	103.816	1350.969	1885	1766	1718	1665	1591	1505	1367	1127	920	696	363	0	0	0.000	0.000	0	0	0	0	0.000	0	0	0	0.000	0	0	0	0	0.000	0.000	0	0	0	0	0.000	0	0	0	0.000	0	0
34	34	1047	289.893	751.867	0.731	630	215	106	50	36	630	215	106	50	36	112.642	434.119	2028	1477	578	284	202	174	159	153	147	141	136	112.058	915.004	2401	1807	1126	919	828	743	670	601	554	505	409	0	0	0.000	0.000	0	0	0	0	0.000	0	0	0	0.000	0	0	0	0	0.000	0.000	0	0	0	0	0.000	0	0	0	0.000	0	0
35	35	746	65.987	763.447	0.931	7	113	234	326	47	7	113	234	326	47	105.403	124.367	140	134	131	128	126	124	122	120	118	116	111	103.000	404.011	579	534	500	473	443	411	374	344	312	267	207	0	0	0.000	0.000	0	0	0	0	0.000	0	0	0	0.000	0	0	0	0	0.000	0.000	0	0	0	0	0.000	0	0	0	0.000	0	0
36	36	1582	644.755	771.037	0.876	26	302	948	256	20	26	302	948	256	20	108.556	138.209	535	156	130	127	125	123	121	120	118	117	113	102.406	436.014	1540	575	523	476	446	411	377	341	297	248	192	1	109	640.697	761.840	0	0	0	289	308.881	0	0	903	934.798	0	0	1	34	640.627	761.318	0	0	0	415	412.794	0	0	1243	1212.588	0	0
37	37	1331	252.598	772.592	0.889	453	427	282	120	19	453	427	282	120	19	111.687	163.612	194	183	178	171	165	162	159	155	152	148	131	111.008	142.868	213	152	149	146	144	142	140	138	135	133	126	0	0	0.000	0.000	0	0	0	0	0.000	0	0	0	0.000	0	0	0	0	0.000	0.000	0	0	0	0	0.000	0	0	0	0.000	0	0
38	38	860	603.106	774.486	0.899	59	241	299	166	75	59	241	299	166	75	108.105	120.852	128	125	124	123	122	121	120	119	118	117	112	102.892	316.848	451	423	404	377	353	323	294	260	228	201	162	0	0	0.000	0.000	0	0	0	0	0.000	0	0	0	0.000	0	0	0	0	0.000	0.000	0	0	0	0	0.000	0	0	0	0.000	0	0
39	39	2488	332.316	786.969	0.872	933	831	429	224	36	933	831	429	224	36	112.829	159.590	251	172	166	162	160	157	155	152	149	146	140	110.059	839.487	1155	1076	1032	981	932	869	802	729	654	550	403	0	0	0.000	0.000	0	0	0	0	0.000	0	0	0	0.000	0	0	0	0	0.000	0.000	0	0	0	0	0.000	0	0	0	0.000	0	0
40	40	1560	1002.576	809.731	0.895	715	742	45	18	7	715	742	45	18	7	110.566	124.274	142	134	130	127	124	123	121	120	119	118	114	101.372	841.981	1209	1075	1012	971	926	876	827	773	660	527	317	0	0	0.000	0.000	0	0	0	0	0.000	0	0	0	0.000	0	0	0	0	0.000	0.000	0	0	0	0	0.000	0	0	0	0.000	0	0
41	41	1438	1070.175	821.376	0.854	95	704	579	20	8	95	704	579	20	8	110.570	135.667	151	145	142	140	138	136	134	132	129	126	120	101.517	121.844	135	128	127	125	124	123	121	119	117	114	107	0	0	0.000	0.000	0	0	0	0	0.000	0	0	0	0.000	0	0	0	0	0.000	0.000	0	0	0	0	0.000	0	0	0	0.000	0	0
42	42	1870	139.040	834.383	0.890	111	1315	356	38	13	111	1315	356	38	13	106.660	146.284	167	157	154	152	149	147	145	142	138	134	124	104.184	570.097	867	741	698	660	615	584	548	498	444	368	237	0	0	0.000	0.000	0	0	0	0	0.000	0	0	0	0.000	0	0	0	0	0.000	0.000	0	0	0	0	0.000	0	0	0	0.000	0	0
43	43	1698	1087.586	878.576	0.874	293	1168	179	17	9	293	1168	179	17	9	110.000	132.842	151	139	137	135	133	132	131	130	128	127	121	102.647	122.183	135	128	127	125	124	123	121	120	117	115	111	0	0	0.000	0.000	0	0	0	0	0.000	0	0	0	0.000	0	0	0	0	0.000	0.000	0	0	0	0	0.000	0	0	0	0.000	0	0
44	44	1832	1433.453	883.431	0.896	103	1008	648	41	6	103	1008	648	41	6	111.537	137.148	188	173	158	143	131	127	124	123	122	120	115	103.640	123.285	152	140	135	129	122	119	117	116	115	112	105	0	0	0.000	0.000	0	0	0	0	0.000	0	0	0	0.000	0	0	0	0	0.000	0.000	0	0	0	0	0.000	0	0	0	0.000	0	0
45	45	1397	1517.785	895.535	0.881	10	86	631	593	52	10	86	631	593	52	110.998	188.249	636	197	191	186	182	179	176	172	168	161	138	103.911	307.891	474	372	350	332	318	303	292	279	266	251	181	1	39	1529.812	901.001	0	0	0	422	431.179	0	0	421	418.513	0	0	0	0	0.000	0.000	0	0	0	0	0.000	0	0	0	0.000	0	0
46	46	450	1072.602	918.830	0.823	2	73	243	119	9	2	73	243	119	9	110.000	126.856	134	130	129	128	128	127	126	125	125	123	121	102.447	117.469	127	121	120	119	118	118	117	116	115	113	107	0	0	0.000	0.000	0	0	0	0	0.000	0	0	0	0.000	0	0	0	0	0.000	0.000	0	0	0	0	0.000	0	0	0	0.000	0	0
47	47	488	1479.453	919.988	0.897	39	90	212	115	21	39	90	212	115	21	112.000	145.609	164	156	153	151	148	146	144	141	137	134	127	105.000	201.803	256	239	229	218	209	200	195	187	177	167	138	0	0	0.000	0.000	0	0	0	0	0.000	0	0	0	0.000	0	0	0	0	0.000	0.000	0	0	0	0	0.000	0	0	0	0.000	0	0
48	48	1979	1442.440	934.461	0.837	243	1172	502	20	6	243	1172	502	20	6	112.363	287.661	3137	334	199	191	187	181	176	170	163	157	131	105.345	322.604	652	392	373	359	344	325	305	281	257	228	134	1	145	1434.216	937.438	0	0	0	1355	1506.848	0	0	473	482.255	0	0	0	0	0.000	0.000	0	0	0	0	0.000	0	0	0	0.000	0	0
49	49	1715	1472.748	979.394	0.883	153	1299	178	27	17	153	1299	178	27	17	112.998	499.948	6905	832	233	210	202	195	188	178	168	156	129	106.202	795.250	2156	1096	970	898	843	787	724	631	519	421	243	1	148	1482.491	985.535	0	0	0	3067	3323.986	0	0	1447	1451.020	0	0	0	0	0.000	0.000	0	0	0	0	0.000	0	0	0	0.000	0	0
50	50	1793	1409.698	980.764	0.890	165	956	514	92	30	165	956	514	92	30	112.847	403.877	6468	554	236	215	207	200	194	188	180	166	133	105.427	124.397	157	131	129	127	125	124	123	121	120	117	110	1	111	1397.250	979.408	0	0	0	2627	2917.604	0	0	135	136.910	0	0	0	0	0.000	0.000	0	0	0	0	0.000	0	0	0	0.000	0	0
51	51	1719	1534.975	1005.059	0.911	1318	297	38	17	13	1318	297	38	17	13	112.631	219.418	1338	229	215	209	203	195	185	174	163	151	136	106.063	772.103	1323	1040	987	931	874	813	740	642	526	425	258	1	76	1550.320	1004.623	0	0	0	694	728.395	0	0	1093	1060.632	0	0	0	0	0.000	0.000	0	0	0	0	0.000	0	0	0	0.000	0	0
52	52	2513	405.798	1014.713	0.890	201	1935	324	10	5	201	1935	324	10	5	109.000	180.914	208	201	197	193	190	185	180	174	165	153	131	103.435	644.335	879	820	790	754	719	675	626	571	504	412	228	0	0	0.000	0.000	0	0	0	0	0.000	0	0	0	0.000	0	0	0	0	0.000	0.000	0	0	0	0	0.000	0	0	0	0.000	0	0
53	53	1810	104.247	1017.741	0.873	40	620	988	126	10	40	620	988	126	10	106.000	127.424	141	134	132	131	129	128	127	125	123	119	111	102.000	124.124	141	130	128	127	126	125	123	122	120	117	107	0	0	0.000	0.000	0	0	0	0	0.000	0	0	0	0.000	0	0	0	0	0.000	0.000	0	0	0	0	0.000	0	0	0	0.000	0	0
54	54	1448	1444.266	1024.144	0.905	40	109	661	558	62	40	109	661	558	62	113.419	265.053	338	314	301	292	283	276	265	247	226	200	161	107.255	479.802	655	606	566	541	519	496	474	444	399	318	214	0	0	0.000	0.000	0	0	0	0	0.000	0	0	0	0.000	0	0	0	0	0.000	0.000	0	0	0	0	0.000	0	0	0	0.000	0	0
55	55	1008	1540.540	1049.417	0.928	164	255	408	127	39	164	255	408	127	39	114.065	173.209	196	188	185	183	181	178	175	168	159	150	135	107.495	531.673	713	657	628	607	587	559	527	482	429	352	241	0	0	0.000	0.000	0	0	0	0	0.000	0	0	0	0.000	0	0	0	0	0.000	0.000	0	0	0	0	0.000	0	0	0	0.000	0	0
56	56	1501	1591.216	1056.190	0.868	21	356	836	215	42	21	356	836	215	42	113.270	199.240	1370	202	188	183	177	170	164	157	150	143	138	106.093	502.057	864	682	644	611	567	515	455	396	336	302	262	1	74	1579.128	1044.112	0	0	0	672	696.595	0	0	679	665.257	0	0	0	0	0.000	0.000	0	0	0	0	0.000	0	0	0	0.000	0	0
57	57	1219	83.440	1063.728	0.905	34	156	544	392	69	34	156	544	392	69	106.000	124.914	140	133	131	129	127	125	123	121	119	116	110	101.204	118.281	136	125	123	121	120	119	117	116	114	111	103	0	0	0.000	0.000	0	0	0	0	0.000	0	0	0	0.000	0	0	0	0	0.000	0.000	0	0	0	0	0.000	0	0	0	0.000	0	0
58	58	1829	1431.165	1076.234	0.870	665	619	304	193	20	665	619	304	193	20	114.014	248.755	657	302	289	275	262	247	234	218	199	181	163	107.619	417.404	620	561	533	497	456	417	381	346	310	262	210	0	0	0.000	0.000	0	0	0	0	0.000	0	0	0	0.000	0	0	0	0	0.000	0.000	0	0	0	0	0.000	0	0	0	0.000	0	0
59	59	1581	1351.360	1081.574	0.866	167	1002	289	62	25	167	1002	289	62	25	112.173	130.688	156	144	138	133	131	129	126	125	124	122	115	104.541	192.207	244	220	213	207	203	197	191	184	176	155	114	0	0	0.000	0.000	0	0	0	0	0.000	0	0	0	0.000	0	0	0	0	0.000	0.000	0	0	0	0	0.000	0	0	0	0.000	0	0
60	60	1713	37.434	1081.042	0.901	253	757	517	137	23	253	757	517	137	23	104.757	112.888	123	118	115	114	113	112	111	111	110	110	107	100.989	110.988	119	115	113	112	112	111	110	110	109	107	104	0	0	0.000	0.000	0	0	0	0	0.000	0	0	0	0.000	0	0	0	0	0.000	0.000	0	0	0	0	0.000	0	0	0	0.000	0	0
61	61	1845	1480.624	1088.673	0.905	858	493	285	152	28	858	493	285	152	28	114.962	477.807	592	568	556	544	531	514	490	447	390	323	215	108.414	1306.530	1695	1597	1548	1514	1488	1440	1353	1233	1049	787	387	0	0	0.000	0.000	0	0	0	0	0.000	0	0	0	0.000	0	0	0	0	0.000	0.000	0	0	0	0	0.000	0	0	0	0.000	0	0
62	62	1976	1604.643	1102.089	0.877	53	115	738	981	44	53	115	738	981	44	112.949	393.087	510	462	447	435	425	410	392	370	345	293	184	106.265	582.914	827	726	681	649	622	595	566	528	490	430	241	0	0	0.000	0.000	0	0	0	0	0.000	0	0	0	0.000	0	0	0	0	0.000	0.000	0	0	0	0	0.000	0	0	0	0.000	0	0
63	63	1420	72.604	1118.110	0.885	141	1060	178	13	9	141	1060	178	13	9	105.466	113.520	121	118	116	115	114	113	112	112	111	110	107	101.000	111.887	123	116	114	113	112	112	111	110	109	108	103	0	0	0.000	0.000	0	0	0	0	0.000	0	0	0	0.000	0	0	0	0	0.000	0.000	0	0	0	0	0.000	0	0	0	0.000	0	0
64	64	2485	492.021	1169.300	0.901	246	1302	796	72	11	246	1302	796	72	11	110.891	146.966	266	166	158	149	146	144	142	139	136	131	121	103.601	182.493	947	190	185	182	179	176	173	169	162	149	122	1	21	489.247	1164.473	0	0	0	231	230.667	0	0	658	678.190	0	0	1	47	489.212	1164.286	0	0	0	211	211.787	0	0	515	558.319	0	0
65	65	1627	398.967	1169.666	0.885	9	105	850	579	51	9	105	850	579	51	109.000	118.766	130	124	122	120	119	118	117	117	116	115	111	102.124	130.310	150	141	138	136	133	130	128	126	123	119	107	0	0	0.000	0.000	0	0	0	0	0.000	0	0	0	0.000	0	0	0	0	0.000	0.000	0	0	0	0	0.000	0	0	0	0.000	0	0
66	66	1990	244.726	1202.951	0.905	355	1293	235	63	12	355	1293	235	63	12	108.000	120.707	133	128	126	123	121	120	118	117	116	115	111	102.879	1735.982	3301	2389	2176	2005	1831	1713	1570	1437	1285	1081	797	0	0	0.000	0.000	0	0	0	0	0.000	0	0	0	0.000	0	0	0	0	0.000	0.000	0	0	0	0	0.000	0	0	0	0.000	0	0
67	67	549	365.757	1193.201	0.944	20	142	184	150	43	20	142	184	150	43	109.000	118.492	126	123	122	121	120	119	117	116	115	114	112	102.000	123.301	143	136	134	132	130	126	121	115	110	108	102	0	0	0.000	0.000	0	0	0	0	0.000	0	0	0	0.000	0	0	0	0	0.000	0.000	0	0	0	0	0.000	0	0	0	0.000	0	0
68	68	2269	1547.328	1211.522	0.890	28	194	1062	890	45	28	194	1062	890	45	112.512	370.790	509	463	436	411	390	374	353	337	316	274	180	105.002	608.936	936	848	762	686	639	594	560	520	474	402	231	0	0	0.000	0.000	0	0	0	0	0.000	0	0	0	0.000	0	0	0	0	0.000	0.000	0	0	0	0	0.000	0	0	0	0.000	0	0
69	69	1754	533.482	1210.694	0.892	716	616	221	135	40	716	616	221	135	40	110.879	219.227	1361	302	193	184	178	172	165	158	152	147	131	104.000	549.307	1129	772	724	670	610	546	485	416	362	305	212	1	131	527.197	1197.948	0	0	0	689	738.069	0	0	859	858.786	0	0	0	0	0.000	0.000	0	0	0	0	0.000	0	0	0	0.000	0	0
70	70	605	1911.981	1209.621	0.892	28	165	211	157	36	28	165	211	157	36	111.000	290.631	765	405	346	307	284	267	250	233	214	196	168	102.000	145.359	198	172	162	153	148	143	137	132	129	124	116	0	0	0.000	0.000	0	0	0	0	0.000	0	0	0	0.000	0	0	0	0	0.000	0.000	0	0	0	0	0.000	0	0	0	0.000	0	0
71	71	989	1174.132	1247.484	0.920	108	471	353	26	13	108	471	353	26	13	112.000	129.067	141	136	134	132	131	129	127	126	124	122	118	102.024	1340.208	2816	2298	1993	1718	1471	1233	1010	854	705	578	327	0	0	0.000	0.000	0	0	0	0	0.000	0	0	0	0.000	0	0	0	0	0.000	0.000	0	0	0	0	0.000	0	0	0	0.000	0	0
72	72	1707	1804.458	1256.995	0.911	163	792	661	45	16	163	792	661	45	16	110.770	120.066	131	126	124	122	120	119	118	117	117	116	113	102.000	127.313	143	135	133	131	129	128	126	124	122	118	108	0	0	0.000	0.000	0	0	0	0	0.000	0	0	0	0.000	0	0	0	0	0.000	0.000	0	0	0	0	0.000	0	0	0	0.000	0	0
73	73	1943	45.375	1301.318	0.911	241	1095	461	94	15	241	1095	461	94	15	105.694	421.338	7143	606	272	224	195	181	169	158	147	138	123	100.000	121.616	171	147	132	122	118	116	115	113	111	109	103	1	124	49.545	1281.402	0	0	0	2958	3243.895	0	0	129	128.565	0	0	0	0	0.000	0.000	0	0	0	0	0.000	0	0	0	0.000	0	0
74	74	505	1639.793	1293.203	0.873	102	200	142	41	8	102	200	142	41	8	111.000	159.325	193	179	172	167	163	159	155	151	146	140	131	102.879	128.822	147	139	136	134	132	130	127	124	121	118	111	0	0	0.000	0.000	0	0	0	0	0.000	0	0	0	0.000	0	0	0	0	0.000	0.000	0	0	0	0	0.000	0	0	0	0.000	0	0
75	75	617	1836.202	1407.757	0.892	109	346	113	29	8	109	346	113	29	8	111.000	145.827	188	171	159	151	148	144	140	135	131	127	120	102.342	120.820	145	132	128	125	123	120	118	115	113	111	104	0	0	0.000	0.000	0	0	0	0	0.000	0	0	0	0.000	0	0	0	0	0.000	0.000	0	0	0	0	0.000	0	0	0	0.000	0	0
76	76	1276	936.577	1508.549	0.891	71	639	472	56	18	71	639	472	56	18	111.154	119.459	124	122	121	120	120	119	119	119	118	117	113	103.000	128.352	143	135	133	131	130	128	127	126	125	122	108	0	0	0.000	0.000	0	0	0	0	0.000	0	0	0	0.000	0	0	0	0	0.000	0.000	0	0	0	0	0.000	0	0	0	0.000	0	0
77	77	1251	1047.704	1519.660	0.878	9	92	683	429	24	9	92	683	429	24	112.194	140.997	153	149	148	146	144	142	139	137	135	132	123	104.000	567.230	812	725	670	632	598	562	531	497	461	428	294	0	0	0.000	0.000	0	0	0	0	0.000	0	0	0	0.000	0	0	0	0	0.000	0.000	0	0	0	0	0.000	0	0	0	0.000	0	0
78	78	724	1739.845	1510.718	0.910	21	145	436	104	5	21	145	436	104	5	111.815	137.479	151	146	143	141	139	138	136	134	132	129	122	102.000	131.847	159	142	138	136	134	132	131	129	127	121	105	0	0	0.000	0.000	0	0	0	0	0.000	0	0	0	0.000	0	0	0	0	0.000	0.000	0	0	0	0	0.000	0	0	0	0.000	0	0
79	79	1954	1412.866	1524.030	0.910	408	1373	77	37	32	408	1373	77	37	32	112.000	150.535	181	168	163	158	154	151	147	142	137	133	125	103.151	202.734	285	256	242	227	214	200	187	174	165	155	125	0	0	0.000	0.000	0	0	0	0	0.000	0	0	0	0.000	0	0	0	0	0.000	0.000	0	0	0	0	0.000	0	0	0	0.000	0	0
80	80	1528	1363.609	1521.494	0.914	426	935	64	52	31	426	935	64	52	31	112.000	153.536	176	169	165	160	156	153	150	147	143	140	131	103.122	208.571	278	256	242	228	216	206	196	187	178	167	141	0	0	0.000	0.000	0	0	0	0	0.000	0	0	0	0.000	0	0	0	0	0.000	0.000	0	0	0	0	0.000	0	0	0	0.000	0	0
81	81	2210	1781.160	1525.968	0.901	76	882	1108	91	9	76	882	1108	91	9	111.890	147.024	171	158	154	152	150	148	146	143	139	133	124	102.245	142.624	176	158	152	149	146	142	140	137	134	129	106	0	0	0.000	0.000	0	0	0	0	0.000	0	0	0	0.000	0	0	0	0	0.000	0.000	0	0	0	0	0.000	0	0	0	0.000	0	0
82	82	243	656.542	1531.980	0.917	18	58	76	71	16	18	58	76	71	16	110.959	123.239	134	130	129	128	125	124	122	120	118	115	112	103.000	401.342	830	593	548	514	464	411	353	289	235	190	133	0	0	0.000	0.000	0	0	0	0	0.000	0	0	0	0.000	0	0	0	0	0.000	0.000	0	0	0	0	0.000	0	0	0	0.000	0	0
83	83	1411	1728.638	1548.564	0.889	66	1145	172	4	3	66	1145	172	4	3	112.275	153.259	175	166	163	161	158	156	153	148	141	136	129	102.000	147.892	174	163	160	156	153	150	147	143	137	130	106	0	0	0.000	0.000	0	0	0	0	0.000	0	0	0	0.000	0	0	0	0	0.000	0.000	0	0	0	0	0.000	0	0	0	0.000	0	0
84	84	1559	671.221	1561.316	0.870	3	74	909	533	19	3	74	909	533	19	111.000	160.920	672	168	163	160	156	152	148	143	139	133	124	103.234	1004.949	1893	1346	1276	1209	1129	1053	964	843	698	560	389	1	49	666.620	1573.281	0	0	0	401	400.000	0	0	1466	1472.327	0	0	0	0	0.000	0.000	0	0	0	0	0.000	0	0	0	0.000	0	0
85	85	1827	959.987	1566.751	0.890	19	180	966	584	31	19	180	966	584	31	112.000	121.857	134	127	125	124	123	122	121	120	118	117	115	104.000	130.508	143	136	134	133	132	131	130	129	127	125	113	0	0	0.000	0.000	0	0	0	0	0.000	0	0	0	0.000	0	0	0	0	0.000	0.000	0	0	0	0	0.000	0	0	0	0.000	0	0
86	86	1849	1012.382	1565.271	0.892	55	1249	458	20	18	55	1249	458	20	18	112.480	147.639	243	159	156	153	150	148	145	142	137	131	125	104.000	506.482	805	695	654	613	562	513	466	421	361	296	226	0	0	0.000	0.000	0	0	0	0	0.000	0	0	0	0.000	0	0	0	0	0.000	0.000	0	0	0	0	0.000	0	0	0	0.000	0	0
87	87	1764	1063.449	1568.529	0.888	27	168	601	781	162	27	168	601	781	162	112.896	203.224	2126	225	158	150	146	142	139	135	131	128	125	104.000	575.709	1809	903	782	706	635	547	445	369	322	274	177	1	105	1054.412	1570.355	0	0	0	906	1015.562	0	0	1200	1222.162	0	0	1	26	1053.331	1569.782	0	0	0	1549	1463.885	0	0	1600	1576.769	0	0
88	88	533	767.836	1579.793	0.929	106	230	122	62	6	106	230	122	62	6	111.000	134.704	146	143	141	139	137	135	132	131	129	127	123	104.000	497.591	737	676	639	593	545	499	450	405	364	318	259	0	0	0.000	0.000	0	0	0	0	0.000	0	0	0	0.000	0	0	0	0	0.000	0.000	0	0	0	0	0.000	0	0	0	0.000	0	0
89	89	823	649.063	1597.662	0.921	35	120	386	230	37	35	120	386	230	37	111.000	151.436	169	163	160	158	156	154	151	147	142	137	126	103.000	976.440	1334	1239	1158	1109	1069	1020	962	871	780	651	455	0	0	0.000	0.000	0	0	0	0	0.000	0	0	0	0.000	0	0	0	0	0.000	0.000	0	0	0	0	0.000	0	0	0	0.000	0	0
90	90	2263	800.761	1604.713	0.892	28	160	1269	705	51	28	160	1269	705	51	111.452	166.042	977	172	168	165	162	158	155	150	143	134	118	104.000	1100.954	2204	1536	1446	1393	1322	1204	1078	937	724	438	124	1	52	787.788	1589.464	0	0	0	512	525.731	0	0	1519	1534.712	0	0	0	0	0.000	0.000	0	0	0	0	0.000	0	0	0	0.000	0	0
91	91	1873	690.373	1615.266	0.879	51	138	672	859	119	51	138	672	859	119	110.977	168.794	871	188	161	156	152	148	144	140	136	132	123	103.747	915.635	2178	1262	1175	1100	1009	919	819	711	612	535	269	1	94	698.978	1623.898	0	0	0	461	490.457	0	0	1385	1444.660	0	0	0	0	0.000	0.000	0	0	0	0	0.000	0	0	0	0.000	0	0
92	92	245	837.752	1599.763	0.925	8	38	68	91	37	8	38	68	91	37	112.000	123.629	138	127	126	126	125	124	122	121	120	119	117	103.992	411.437	994	630	479	457	433	411	391	347	271	204	133	0	0	0.000	0.000	0	0	0	0	0.000	0	0	0	0.000	0	0	0	0	0.000	0.000	0	0	0	0	0.000	0	0	0	0.000	0	0
93	93	1770	1828.548	1672.094	0.851	49	411	933	307	35	49	411	933	307	35	110.887	119.031	129	124	121	120	119	118	118	117	116	116	113	103.000	677.627	1058	943	868	791	735	685	633	565	506	394	268	0	0	0.000	0.000	0	0	0	0	0.000	0	0	0	0.000	0	0	0	0	0.000	0.000	0	0	0	0	0.000	0	0	0	0.000	0	0
94	94	1505	1351.941	1684.257	0.897	53	569	523	289	47	53	569	523	289	47	111.218	122.302	132	128	126	125	123	122	120	119	119	118	114	104.126	814.819	1236	1051	981	919	872	819	761	709	662	597	258	0	0	0.000	0.000	0	0	0	0	0.000	0	0	0	0.000	0	0	0	0	0.000	0.000	0	0	0	0	0.000	0	0	0	0.000	0	0
95	95	650	1059.906	1705.129	0.851	559	42	20	13	14	559	42	20	13	14	110.414	119.923	129	125	123	121	120	119	118	118	117	116	114	109.442	122.595	140	133	130	127	124	121	119	117	116	114	111	0	0	0.000	0.000	0	0	0	0	0.000	0	0	0	0.000	0	0	0	0	0.000	0.000	0	0	0	0	0.000	0	0	0	0.000	0	0
96	96	1683	1331.474	1731.422	0.889	31	412	721	417	65	31	412	721	417	65	111.027	120.058	133	125	123	121	120	119	119	118	117	117	112	105.000	885.009	1324	1231	1164	1103	1023	919	811	709	590	472	236	0	0	0.000	0.000	0	0	0	0	0.000	0	0	0	0.000	0	0	0	0	0.000	0.000	0	0	0	0	0.000	0	0	0	0.000	0	0
97	97	2280	1150.588	1743.832	0.909	1054	947	147	88	18	1054	947	147	88	18	112.005	122.392	134	128	126	124	123	122	121	120	119	118	114	111.889	2120.460	3411	3005	2725	2508	2294	2112	1902	1719	1511	1297	765	0	0	0.000	0.000	0	0	0	0	0.000	0	0	0	0.000	0	0	0	0	0.000	0.000	0	0	0	0	0.000	0	0	0	0.000	0	0
98	98	2060	1859.892	1758.916	0.822	22	54	584	1152	210	22	54	584	1152	210	110.918	146.025	638	147	144	142	140	138	136	133	130	126	119	103.000	739.273	1437	950	881	840	797	753	703	646	589	497	267	1	67	1870.282	1750.947	0	0	0	357	368.836	0	0	942	986.776	0	0	0	0	0.000	0.000	0	0	0	0	0.000	0	0	0	0.000	0	0
99	99	2654	53.822	1772.122	0.896	1523	587	277	163	65	1523	587	277	163	65	104.440	112.881	120	116	115	114	113	113	112	112	111	110	106	102.800	805.098	1274	1144	1053	974	883	796	722	655	564	486	230	0	0	0.000	0.000	0	0	0	0	0.000	0	0	0	0.000	0	0	0	0	0.000	0.000	0	0	0	0	0.000	0	0	0	0.000	0	0
100	100	2302	1192.406	1777.540	0.713	808	1030	298	111	21	808	1030	298	111	21	112.000	122.047	130	126	125	124	123	122	121	120	119	118	114	112.194	2437.077	4260	3467	3166	2961	2764	2505	2186	1895	1594	1354	561	0	0	0.000	0.000	0	0	0	0	0.000	0	0	0	0.000	0	0	0	0	0.000	0.000	0	0	0	0	0.000	0	0	0	0.000	0	0
101	101	1142	957.202	1784.059	0.921	15	157	627	287	36	15	157	627	287	36	110.278	117.490	126	121	119	118	118	117	117	116	116	115	113	106.751	369.950	522	479	445	421	395	367	341	321	298	269	199	0	0	0.000	0.000	0	0	0	0	0.000	0	0	0	0.000	0	0	0	0	0.000	0.000	0	0	0	0	0.000	0	0	0	0.000	0	0
102	102	1857	1008.564	1790.757	0.898	82	826	805	84	15	82	826	805	84	15	110.119	118.800	130	125	121	119	119	118	117	117	116	115	112	110.192	388.549	628	533	492	455	426	393	353	312	276	248	202	0	0	0.000	0.000	0	0	0	0	0.000	0	0	0	0.000	0	0	0	0	0.000	0.000	0	0	0	0	0.000	0	0	0	0.000	0	0
103	103	1546	562.572	1789.558	0.873	59	421	824	201	12	59	421	824	201	12	109.687	123.589	130	127	126	125	124	124	123	122	122	120	116	103.000	464.832	756	656	607	562	513	466	411	358	325	280	226	0	0	0.000	0.000	0	0	0	0	0.000	0	0	0	0.000	0	0	0	0	0.000	0.000	0	0	0	0	0.000	0	0	0	0.000	0	0
104	104	2479	1910.774	1804.442	0.829	187	1577	618	52	9	187	1577	618	52	9	110.589	154.063	560	178	145	141	138	136	134	133	131	128	115	102.080	677.863	1308	911	787	737	692	649	611	575	539	493	271	1	173	1914.546	1802.933	0	0	0	341	358.075	0	0	1030	987.647	0	0	0	0	0.000	0.000	0	0	0	0	0.000	0	0	0	0.000	0	0
105	105	608	514.802	1789.780	0.854	28	237	244	70	15	28	237	244	70	15	110.000	119.895	127	124	122	122	121	120	119	118	117	116	113	103.000	463.599	643	576	528	497	468	450	437	424	407	381	302	0	0	0.000	0.000	0	0	0	0	0.000	0	0	0	0.000	0	0	0	0	0.000	0.000	0	0	0	0	0.000	0	0	0	0.000	0	0
106	106	1776	113.009	1799.514	0.866	439	1144	80	76	27	439	1144	80	76	27	106.000	112.934	118	116	115	114	113	113	112	112	111	111	108	104.000	951.562	1481	1290	1198	1120	1045	960	877	799	714	587	371	0	0	0.000	0.000	0	0	0	0	0.000	0	0	0	0.000	0	0	0	0	0.000	0.000	0	0	0	0	0.000	0	0	0	0.000	0	0
107	107	1011	774.491	1795.963	0.927	80	320	400	161	26	80	320	400	161	26	109.858	135.713	173	158	150	142	135	130	128	126	124	122	118	102.000	123.344	147	133	130	128	126	123	120	119	116	114	107	0	0	0.000	0.000	0	0	0	0	0.000	0	0	0	0.000	0	0	0	0	0.000	0.000	0	0	0	0	0.000	0	0	0	0.000	0	0
108	108	1333	1115.171	1802.156	0.766	827	256	80	90	58	827	256	80	90	58	111.577	122.273	133	126	124	123	123	122	121	121	120	119	116	113.881	1507.041	2562	2015	1842	1708	1577	1473	1374	1269	1178	1050	691	0	0	0.000	0.000	0	0	0	0	0.000	0	0	0	0.000	0	0	0	0	0.000	0.000	0	0	0	0	0.000	0	0	0	0.000	0	0
109	109	792	1239.780	1800.168	0.787	392	308	37	22	24	392	308	37	22	24	112.000	122.591	132	129	127	125	123	121	120	119	119	118	115	110.987	608.319	887	797	735	679	632	591	554	519	491	447	402	0	0	0.000	0.000	0	0	0	0	0.000	0	0	0	0.000	0	0	0	0	0.000	0.000	0	0	0	0	0.000	0	0	0	0.000	0	0
110	110	1451	159.788	1814.569	0.892	13	40	325	871	178	13	40	325	871	178	106.969	113.361	121	116	115	114	114	113	113	112	112	111	108	103.057	1051.690	1509	1427	1363	1293	1223	1123	1019	893	698	540	325	0	0	0.000	0.000	0	0	0	0	0.000	0	0	0	0.000	0	0	0	0	0.000	0.000	0	0	0	0	0.000	0	0	0	0.000	0	0
111	111	2378	963.554	1833.551	0.889	94	1103	1028	92	7	94	1103	1028	92	7	111.000	117.734	126	121	120	119	118	117	117	116	116	115	112	106.948	355.775	560	483	451	415	384	353	320	290	263	233	199	0	0	0.000	0.000	0	0	0	0	0.000	0	0	0	0.000	0	0	0	0	0.000	0.000	0	0	0	0	0.000	0	0	0	0.000	0	0
112	112	1468	914.854	1825.105	0.900	1188	162	76	19	14	1188	162	76	19	14	110.965	119.144	134	125	121	120	119	118	118	117	117	116	113	105.162	630.559	1037	953	853	760	677	615	545	481	411	352	260	0	0	0.000	0.000	0	0	0	0	0.000	0	0	0	0.000	0	0	0	0	0.000	0.000	0	0	0	0	0.000	0	0	0	0.000	0	0
113	113	1930	57.511	1834.155	0.824	405	1276	163	30	22	405	1276	163	30	22	104.585	111.490	118	114	113	113	112	111	111	110	110	109	107	102.900	722.977	1377	1220	1075	951	854	749	636	547	297	155	137	0	0	0.000	0.000	0	0	0	0	0.000	0	0	0	0.000	0	0	0	0	0.000	0.000	0	0	0	0	0.000	0	0	0	0.000	0	0
114	114	1862	584.729	1842.895	0.845	54	424	1157	169	15	54	424	1157	169	15	110.000	174.728	207	196	191	186	182	178	173	166	157	148	132	102.685	184.079	228	208	202	197	192	186	180	173	166	156	126	0	0	0.000	0.000	0	0	0	0	0.000	0	0	0	0.000	0	0	0	0	0.000	0.000	0	0	0	0	0.000	0	0	0	0.000	0	0
115	115	1781	495.659	1841.739	0.868	32	934	577	156	36	32	934	577	156	36	110.001	225.506	273	259	253	247	240	231	222	211	197	180	157	102.683	188.197	226	212	207	202	195	190	184	177	170	161	139	0	0	0.000	0.000	0	0	0	0	0.000	0	0	0	0.000	0	0	0	0	0.000	0.000	0	0	0	0	0.000	0	0	0	0.000	0	0
116	116	2180	1343.034	1849.767	0.861	62	325	1150	559	44	62	325	1150	559	44	112.000	298.947	861	395	361	328	303	284	261	238	213	190	154	104.965	149.096	186	170	163	158	153	148	143	139	136	132	113	1	44	1353.103	1866.092	0	0	0	734	726.568	0	0	161	160.545	0	0	0	0	0.000	0.000	0	0	0	0	0.000	0	0	0	0.000	0	0
117	117	981	1135.691	1844.654	0.900	490	281	129	55	10	490	281	129	55	10	111.292	127.279	141	134	132	130	128	127	125	124	123	121	116	113.775	1002.873	1697	1309	1210	1124	1054	975	902	848	794	730	531	0	0	0.000	0.000	0	0	0	0	0.000	0	0	0	0.000	0	0	0	0	0.000	0.000	0	0	0	0	0.000	0	0	0	0.000	0	0
118	118	1540	1498.718	1853.214	0.883	54	748	627	69	10	54	748	627	69	10	111.831	119.490	129	124	122	121	120	119	118	118	117	116	113	104.032	514.419	829	738	678	611	560	520	472	421	345	290	225	0	0	0.000	0.000	0	0	0	0	0.000	0	0	0	0.000	0	0	0	0	0.000	0.000	0	0	0	0	0.000	0	0	0	0.000	0	0
119	119	1314	1434.383	1861.532	0.874	31	436	599	196	17	31	436	599	196	17	111.604	346.220	458	417	395	381	368	353	334	313	294	269	232	104.000	169.813	201	186	182	179	176	172	167	161	155	150	137	0	0	0.000	0.000	0	0	0	0	0.000	0	0	0	0.000	0	0	0	0	0.000	0.000	0	0	0	0	0.000	0	0	0	0.000	0	0
120	120	2383	534.541	1876.403	0.836	67	257	1764	252	7	67	257	1764	252	7	109.739	177.305	216	204	198	190	184	178	172	166	157	149	131	103.000	187.739	236	223	216	207	199	190	179	169	160	152	119	0	0	0.000	0.000	0	0	0	0	0.000	0	0	0	0.000	0	0	0	0	0.000	0.000	0	0	0	0	0.000	0	0	0	0.000	0	0
121	121	1771	881.742	1879.448	0.895	83	581	918	133	29	83	581	918	133	29	110.204	147.163	177	159	156	154	152	149	146	141	136	131	123	103.984	121.970	133	127	125	124	123	122	121	120	119	117	108	0	0	0.000	0.000	0	0	0	0	0.000	0	0	0	0.000	0	0	0	0	0.000	0.000	0	0	0	0	0.000	0	0	0	0.000	0	0
122	122	837	928.496	1879.909	0.892	16	69	419	294	28	16	69	419	294	28	110.798	140.768	158	153	150	147	144	142	138	135	132	128	121	105.007	121.180	131	126	124	123	123	122	121	119	118	115	111	0	0	0.000	0.000	0	0	0	0	0.000	0	0	0	0.000	0	0	0	0	0.000	0.000	0	0	0	0	0.000	0	0	0	0.000	0	0
123	123	2312	468.225	1896.954	0.857	292	1509	390	52	11	292	1509	390	52	11	109.000	1990.171	34672	4623	584	268	249	236	225	215	196	172	148	102.276	198.299	433	245	216	207	198	190	183	176	168	150	133	1	283	453.525	1886.624	0	0	0	14654	16104.887	0	0	291	293.120	0	0	1	39	453.159	1885.831	0	0	0	30617	29890.231	0	0	398	391.051	0	0
124	124	1293	1467.070	1894.598	0.884	29	242	732	206	71	29	242	732	206	71	113.802	130.146	162	150	143	138	130	125	122	120	119	118	114	104.217	394.790	644	560	510	457	411	370	342	320	292	265	229	0	0	0.000	0.000	0	0	0	0	0.000	0	0	0	0.000	0	0	0	0	0.000	0.000	0	0	0	0	0.000	0	0	0	0.000	0	0
125	125	1612	1509.726	1903.515	0.910	20	120	367	1003	78	20	120	367	1003	78	114.791	179.929	228	213	205	198	192	184	175	166	156	137	120	104.000	570.031	827	740	686	656	628	593	553	503	445	375	216	0	0	0.000	0.000	0	0	0	0	0.000	0	0	0	0.000	0	0	0	0	0.000	0.000	0	0	0	0	0.000	0	0	0	0.000	0	0
126	126	1345	1420.304	1910.273	0.865	24	147	648	469	26	24	147	648	469	26	113.044	123.162	143	136	126	123	122	121	120	120	119	118	115	104.000	688.747	903	847	809	778	751	709	662	621	570	502	331	0	0	0.000	0.000	0	0	0	0	0.000	0	0	0	0.000	0	0	0	0	0.000	0.000	0	0	0	0	0.000	0	0	0	0.000	0	0
127	127	2143	1167.358	1948.868	0.890	2040	68	12	8	6	2040	68	12	8	6	110.203	120.028	129	124	122	121	120	120	119	119	118	117	114	108.748	1587.457	2401	2165	2034	1917	1788	1668	1528	1349	1125	848	578	0	0	0.000	0.000	0	0	0	0	0.000	0	0	0	0.000	0	0	0	0	0.000	0.000	0	0	0	0	0.000	0	0	0	0.000	0	0
128	128	430	168.601	1945.828	0.886	9	39	149	158	66	9	39	149	158	66	105.051	125.951	138	134	132	131	130	128	125	122	119	115	110	102.000	577.893	839	778	738	692	642	596	543	487	429	353	215	0	0	0.000	0.000	0	0	0	0	0.000	0	0	0	0.000	0	0	0	0	0.000	0.000	0	0	0	0	0.000	0	0	0	0.000	0	0
129	129	2011	1570.179	1963.728	0.887	49	614	1207	53	21	49	614	1207	53	21	115.204	291.243	361	333	319	308	297	287	281	273	265	254	228	103.000	125.184	145	132	130	129	127	126	124	122	120	117	109	0	0	0.000	0.000	0	0	0	0	0.000	0	0	0	0.000	0	0	0	0	0.000	0.000	0	0	0	0	0.000	0	0	0	0.000	0	0
130	130	2008	197.001	1970.860	0.889	64	213	1005	618	69	64	213	1005	618	69	104.858	138.490	506	145	142	139	137	134	132	128	124	120	108	102.029	820.189	1531	1138	1068	1003	947	882	785	664	528	403	282	1	50	199.387	1980.375	0	0	0	302	296.560	0	0	1041	1010.360	0	0	0	0	0.000	0.000	0	0	0	0	0.000	0	0	0	0.000	0	0
131	131	938	767.456	1960.810	0.852	138	391	311	61	15	138	391	311	61	15	108.974	162.914	282	227	205	185	167	151	138	128	123	118	114	101.628	128.247	186	159	149	142	131	121	115	111	108	106	102	1	53	775.271	1967.010	0	0	0	250	248.736	0	0	170	168.623	0	0	1	50	775.917	1967.468	0	0	0	251	250.620	0	0	171	171.020	0	0
132	132	2560	249.927	1991.613	0.895	8	127	1102	1206	70	8	127	1102	1206	70	104.472	139.305	213	170	148	142	139	136	132	128	123	119	111	101.179	995.386	1583	1450	1330	1219	1099	990	923	824	670	497	270	0	0	0.000	0.000	0	0	0	0	0.000	0	0	0	0.000	0	0	0	0	0.000	0.000	0	0	0	0	0.000	0	0	0	0.000	0	0
133	133	2143	1539.542	2016.987	0.887	103	215	283	1189	307	103	215	283	1189	307	118.145	325.754	371	348	341	336	332	326	320	314	309	303	283	102.758	121.167	137	128	126	124	123	122	121	119	117	113	103	0	0	0.000	0.000	0	0	0	0	0.000	0	0	0	0.000	0	0	0	0	0.000	0.000	0	0	0	0	0.000	0	0	0	0.000	0	0
134	134	1842	422.420	2020.921	0.898	437	1087	260	16	4	437	1087	260	16	4	105.504	375.337	10555	288	203	178	168	163	157	152	146	137	120	101.011	132.661	177	141	138	137	135	133	131	130	127	122	108	1	77	407.345	2016.293	0	0	0	3843	4233.091	0	0	152	153.688	0	0	0	0	0.000	0.000	0	0	0	0	0.000	0	0	0	0.000	0	0
135	135	896	279.419	2030.159	0.917	30	73	412	292	64	30	73	412	292	64	104.385	132.884	140	137	136	136	135	134	132	131	130	127	119	100.470	1012.259	1289	1236	1204	1158	1115	1065	985	896	840	729	405	0	0	0.000	0.000	0	0	0	0	0.000	0	0	0	0.000	0	0	0	0	0.000	0.000	0	0	0	0	0.000	0	0	0	0.000	0	0
