 	cell	area	x	y	circ	BFI_lev_b1	BFI_lev_b2	BFI_lev_b3	BFI_lev_b4	BFI_lev_b5	BFO_lev_b1	BFO_lev_b2	BFO_lev_b3	BFO_lev_b4	BFO_lev_b5	RFP_int_bg	RFP_int_mean	RFP_int_b0	RFP_int_b1	RFP_int_b2	RFP_int_b3	RFP_int_b4	RFP_int_b5	RFP_int_b6	RFP_int_b7	RFP_int_b8	RFP_int_b9	RFP_int_b10	GFP_int_bg	GFP_int_mean	GFP_int_b0	GFP_int_b1	GFP_int_b2	GFP_int_b3	GFP_int_b4	GFP_int_b5	GFP_int_b6	GFP_int_b7	GFP_int_b8	GFP_int_b9	GFP_int_b10	inRFPnfoci	f1_inRFParea	f1_inRFPx	f1_inRFPy	f2_inRFParea	f2_inRFPx	f2_inRFPy	f1_inRFP_toRFPmed	f1_inRFP_toRFPmean	f2_inRFP_toRFPmed	f2_inRFP_toRFPmean	f1_inRFP_toGFPmed	f1_inRFP_toGFPmean	f2_inRFP_toGFPmed	f2_inRFP_toGFPmean	inGFPnfoci	f1_inGFParea	f1_inGFPx	f1_inGFPy	f2_inGFParea	f2_inGFPx	f2_inGFPy	f1_inGFP_toRFPmed	f1_inGFP_toRFPmean	f2_inGFP_toRFPmed	f2_inGFP_toRFPmean	f1_inGFP_toGFPmed	f1_inGFP_toGFPmean	f2_inGFP_toGFPmed	f2_inGFP_toGFPmean
1	1	1650	836.376	25.519	0.890	92	729	736	50	10	92	729	736	50	10	104.194	257.139	3007	420	179	149	144	140	137	134	131	124	115	99.973	120.481	137	129	125	123	122	120	119	117	115	113	107	1	130	827.870	21.752	0	0.000	0.000	1188	1369.946	0	0.000	131	130.192	0	0.000	0	0	0	0	0	0	0	0	0	0	0	0	0	0	0
2	2	468	793.960	20.526	0.923	52	162	166	62	14	52	162	166	62	14	105.000	122.348	130	128	127	126	124	123	121	119	118	116	114	100.000	117.949	126	123	122	121	120	118	117	115	114	112	110	0	0	0.000	0.000	0	0.000	0.000	0	0.000	0	0.000	0	0.000	0	0.000	0	0	0	0	0	0	0	0	0	0	0	0	0	0	0
3	3	1612	212.638	33.121	0.900	54	868	480	171	21	54	868	480	171	21	103.153	110.332	116	112	112	111	111	110	110	110	109	108	105	106.218	1112.944	1741	1568	1473	1378	1282	1177	1051	894	723	540	358	0	0	0.000	0.000	0	0.000	0.000	0	0.000	0	0.000	0	0.000	0	0.000	0	0	0	0	0	0	0	0	0	0	0	0	0	0	0
4	4	2487	85.284	49.580	0.865	67	1130	1088	115	36	67	1130	1088	115	36	103.486	167.208	603	262	173	150	143	136	131	127	123	119	111	104.698	1769.863	3096	2619	2346	2128	1950	1780	1621	1452	1198	864	537	1	273	90.360	61.565	0	0.000	0.000	364	378.418	0	0.000	2025	2026.733	0	0.000	0	0	0	0	0	0	0	0	0	0	0	0	0	0	0
5	5	2195	150.261	45.642	0.853	56	369	1291	413	18	56	369	1291	413	18	104.000	111.487	121	116	114	113	112	111	110	110	109	108	105	106.395	1051.958	1757	1536	1412	1296	1182	1063	928	789	675	575	427	0	0	0.000	0.000	0	0.000	0.000	0	0.000	0	0.000	0	0.000	0	0.000	0	0	0	0	0	0	0	0	0	0	0	0	0	0	0
6	6	1191	1988.933	70.843	0.876	65	327	666	107	13	65	327	666	107	13	102.668	138.113	164	156	149	145	142	139	135	130	126	121	111	100.000	148.552	173	161	158	156	154	152	149	146	141	128	104	0	0	0.000	0.000	0	0.000	0.000	0	0.000	0	0.000	0	0.000	0	0.000	0	0	0	0	0	0	0	0	0	0	0	0	0	0	0
7	7	638	117.171	83.583	0.917	57	127	301	125	16	57	127	301	125	16	104.000	108.696	112	110	110	109	109	109	108	108	108	107	106	104.058	868.017	1381	1268	1168	1081	972	855	757	668	583	477	338	0	0	0.000	0.000	0	0.000	0.000	0	0.000	0	0.000	0	0.000	0	0.000	0	0	0	0	0	0	0	0	0	0	0	0	0	0	0
8	8	2436	80.993	112.152	0.879	43	1199	1087	34	11	43	1199	1087	34	11	103.497	207.030	2035	329	140	128	126	124	122	120	117	115	109	103.296	1872.681	3011	2704	2423	2208	2011	1836	1680	1504	1342	1163	539	1	206	80.215	98.383	0	0.000	0.000	885	971.039	0	0.000	2748	2716.393	0	0.000	0	0	0	0	0	0	0	0	0	0	0	0	0	0	0
9	9	1564	82.115	173.916	0.879	99	496	668	236	35	99	496	668	236	35	103.409	123.692	359	124	121	120	119	118	117	117	116	114	109	101.911	1634.692	2498	2216	2052	1950	1828	1691	1537	1358	1165	960	649	1	65	81.945	155.435	0	0.000	0.000	217	227.477	0	0.000	1659	1598.092	0	0.000	0	0	0	0	0	0	0	0	0	0	0	0	0	0	0
10	10	2411	1971.993	182.867	0.883	16	172	1215	886	71	16	172	1215	886	71	104.727	175.966	725	203	180	175	170	165	158	150	141	134	120	101.006	1902.131	2876	2589	2391	2253	2116	1996	1822	1613	1352	1098	622	2	52	1970.757	198.776	48	1982.302	183.196	377	379.962	449	457.375	2464	2455.846	2091	2117.979	0	0	0	0	0	0	0	0	0	0	0	0	0	0	0
11	11	2617	263.204	194.090	0.873	173	1785	559	41	18	173	1785	559	41	18	105.048	119.026	129	124	123	122	121	120	118	116	115	113	109	103.000	3914.204	9262	5758	5309	4826	4382	3867	3370	2922	2435	1831	1138	0	0	0.000	0.000	0	0.000	0.000	0	0.000	0	0.000	0	0.000	0	0.000	0	0	0	0	0	0	0	0	0	0	0	0	0	0	0
12	12	2013	315.028	221.557	0.864	110	830	829	176	25	110	830	829	176	25	106.000	120.378	132	125	124	122	121	120	119	118	117	116	110	103.000	4892.639	8403	6377	6029	5711	5397	5099	4774	4292	3702	2906	1971	0	0	0.000	0.000	0	0.000	0.000	0	0.000	0	0.000	0	0.000	0	0.000	0	0	0	0	0	0	0	0	0	0	0	0	0	0	0
13	13	1557	1242.929	219.936	0.903	276	795	409	33	8	276	795	409	33	8	106.829	121.725	140	131	128	124	122	120	119	117	116	115	111	102.000	1094.083	1853	1453	1337	1252	1162	1076	1015	946	863	738	459	0	0	0.000	0.000	0	0.000	0.000	0	0.000	0	0.000	0	0.000	0	0.000	0	0	0	0	0	0	0	0	0	0	0	0	0	0	0
14	14	729	23.439	211.764	0.895	30	92	232	316	48	30	92	232	316	48	101.462	108.595	113	111	110	110	109	109	108	108	107	106	104	101.000	248.820	340	313	300	286	269	248	231	214	198	185	151	0	0	0.000	0.000	0	0.000	0.000	0	0.000	0	0.000	0	0.000	0	0.000	0	0	0	0	0	0	0	0	0	0	0	0	0	0	0
15	15	1670	62.469	233.781	0.889	93	845	668	24	6	93	845	668	24	6	103.025	144.234	705	209	128	117	115	113	112	111	110	110	106	100.935	293.690	445	400	379	352	323	292	270	240	207	181	145	1	150	53.959	246.037	0	0.000	0.000	369	390.993	0	0.000	358	350.400	0	0.000	0	0	0	0	0	0	0	0	0	0	0	0	0	0	0
16	16	1898	298.928	360.788	0.890	81	665	940	168	13	81	665	940	168	13	105.936	526.357	6388	1281	358	205	183	174	168	162	150	137	117	101.712	139.851	160	150	147	145	144	142	140	138	133	125	110	1	205	304.592	367.000	0	0.000	0.000	2588	2965.854	0	0.000	147	147.005	0	0.000	0	0	0	0	0	0	0	0	0	0	0	0	0	0	0
17	17	1678	1774.177	371.251	0.879	564	1034	26	6	6	564	1034	26	6	6	106.349	123.951	160	142	129	124	122	120	119	118	116	115	110	102.000	2053.021	3383	2935	2780	2578	2357	2147	1932	1659	1290	934	481	0	0	0.000	0.000	0	0.000	0.000	0	0.000	0	0.000	0	0.000	0	0.000	0	0	0	0	0	0	0	0	0	0	0	0	0	0	0
18	18	998	345.878	370.261	0.915	40	54	440	413	31	40	54	440	413	31	106.000	157.725	187	176	172	167	162	158	153	148	144	140	131	102.000	130.037	150	141	138	135	133	131	129	126	123	117	107	0	0	0.000	0.000	0	0.000	0.000	0	0.000	0	0.000	0	0.000	0	0.000	0	0	0	0	0	0	0	0	0	0	0	0	0	0	0
19	19	1745	249.407	378.854	0.895	98	740	722	132	18	98	740	722	132	18	105.175	183.868	1598	272	138	128	126	124	121	119	117	115	109	102.000	135.880	157	146	143	141	139	137	135	133	129	124	106	1	140	259.113	378.422	0	0.000	0.000	688	755.236	0	0.000	141	141.221	0	0.000	0	0	0	0	0	0	0	0	0	0	0	0	0	0	0
20	20	1329	1879.154	402.237	0.869	16	163	803	302	17	16	163	803	302	17	106.000	118.620	126	123	121	120	119	119	118	117	116	115	111	102.000	651.059	976	815	752	714	683	654	622	579	535	484	328	0	0	0.000	0.000	0	0.000	0.000	0	0.000	0	0.000	0	0.000	0	0.000	0	0	0	0	0	0	0	0	0	0	0	0	0	0	0
21	21	1721	1930.053	412.027	0.864	80	444	723	380	59	80	444	723	380	59	105.838	119.077	126	122	121	120	120	119	119	118	117	116	110	101.823	578.257	946	830	770	721	665	611	555	460	349	269	212	0	0	0.000	0.000	0	0.000	0.000	0	0.000	0	0.000	0	0.000	0	0.000	0	0	0	0	0	0	0	0	0	0	0	0	0	0	0
22	22	2578	75.549	420.560	0.862	317	2025	167	36	6	317	2025	167	36	6	104.661	185.577	515	229	203	192	185	177	166	157	146	137	114	102.476	2527.258	4168	3832	3438	3137	2856	2557	2282	1985	1623	1166	657	1	95	83.282	430.370	0	0.000	0.000	399	404.968	0	0.000	2808	2807.905	0	0.000	0	0	0	0	0	0	0	0	0	0	0	0	0	0	0
23	23	2265	138.508	422.254	0.874	122	419	1511	163	9	122	419	1511	163	9	104.959	186.536	237	220	207	201	195	189	182	173	162	151	126	102.992	2778.921	4441	3876	3447	3244	3082	2859	2614	2342	2003	1604	764	0	0	0.000	0.000	0	0.000	0.000	0	0.000	0	0.000	0	0.000	0	0.000	0	0	0	0	0	0	0	0	0	0	0	0	0	0	0
24	24	1355	1911.051	495.448	0.919	42	135	799	318	43	42	135	799	318	43	105.987	145.880	849	158	130	126	123	122	121	119	118	116	112	103.633	508.457	988	775	659	584	534	483	433	385	342	304	232	0	0	0.000	0.000	0	0.000	0.000	0	0.000	0	0.000	0	0.000	0	0.000	0	0	0	0	0	0	0	0	0	0	0	0	0	0	0
25	25	1346	2001.932	515.967	0.921	43	99	696	425	60	43	99	696	425	60	104.963	115.017	126	118	117	116	115	115	114	113	113	112	109	104.103	1523.668	2955	2443	2062	1802	1592	1441	1297	1138	952	766	627	0	0	0.000	0.000	0	0.000	0.000	0	0.000	0	0.000	0	0.000	0	0.000	0	0	0	0	0	0	0	0	0	0	0	0	0	0	0
26	26	1766	1867.222	522.515	0.870	394	1200	123	16	14	394	1200	123	16	14	106.002	376.616	6701	432	153	144	140	137	134	129	125	121	111	103.959	627.942	1016	902	809	745	686	638	583	508	432	354	229	1	136	1878.390	527.029	0	0.000	0.000	2664	2947.390	0	0.000	826	815.596	0	0.000	0	0	0	0	0	0	0	0	0	0	0	0	0	0	0
27	27	663	1908.267	530.798	0.914	67	88	306	167	24	67	88	306	167	24	106.000	122.980	132	129	127	125	124	123	122	121	119	117	113	105.000	742.478	1013	924	887	860	825	793	747	674	581	466	316	0	0	0.000	0.000	0	0.000	0.000	0	0.000	0	0.000	0	0.000	0	0.000	0	0	0	0	0	0	0	0	0	0	0	0	0	0	0
28	28	1384	1971.067	549.966	0.893	54	108	526	626	37	54	108	526	626	37	106.000	145.281	167	161	156	153	151	148	145	141	133	125	113	105.000	626.570	950	871	767	697	654	618	579	538	487	431	258	0	0	0.000	0.000	0	0.000	0.000	0	0.000	0	0.000	0	0.000	0	0.000	0	0	0	0	0	0	0	0	0	0	0	0	0	0	0
29	29	2249	459.832	559.218	0.863	26	232	1502	434	16	26	232	1502	434	16	107.000	751.723	11523	1738	174	133	128	125	123	121	118	116	112	104.950	736.541	1181	1046	987	923	850	768	669	588	474	354	258	1	236	447.088	565.330	0	0.000	0.000	5201	5571.936	0	0.000	987	935.326	0	0.000	0	0	0	0	0	0	0	0	0	0	0	0	0	0	0
30	30	1657	2012.336	565.381	0.880	73	451	1035	60	8	73	451	1035	60	8	105.225	118.587	130	124	123	121	120	118	117	116	115	113	108	104.276	1954.508	3579	3012	2727	2514	2276	1992	1684	1369	1134	862	576	0	0	0.000	0.000	0	0.000	0.000	0	0.000	0	0.000	0	0.000	0	0.000	0	0	0	0	0	0	0	0	0	0	0	0	0	0	0
31	31	1207	1862.479	569.078	0.906	530	500	82	48	27	530	500	82	48	27	106.943	131.418	147	141	139	137	135	133	130	127	123	120	114	104.543	600.016	919	796	724	689	657	620	571	511	455	400	221	0	0	0.000	0.000	0	0.000	0.000	0	0.000	0	0.000	0	0.000	0	0.000	0	0	0	0	0	0	0	0	0	0	0	0	0	0	0
32	32	1245	623.296	582.688	0.912	370	815	32	6	7	370	815	32	6	7	107.000	116.718	128	122	119	118	117	116	115	115	114	113	110	103.000	660.103	1084	913	843	766	717	666	614	546	484	394	279	0	0	0.000	0.000	0	0.000	0.000	0	0.000	0	0.000	0	0.000	0	0.000	0	0	0	0	0	0	0	0	0	0	0	0	0	0	0
33	33	1975	1952.484	597.361	0.886	498	1219	159	42	29	498	1219	159	42	29	106.765	166.052	391	215	180	172	165	157	148	142	136	128	117	105.569	591.990	1042	897	812	736	650	576	513	447	386	302	208	1	85	1950.070	607.046	0	0.000	0.000	312	313.129	0	0.000	399	420.635	0	0.000	0	0	0	0	0	0	0	0	0	0	0	0	0	0	0
34	34	1656	760.172	600.172	0.864	12	111	777	613	96	12	111	777	613	96	107.866	612.832	763	727	708	687	660	630	594	569	529	465	292	103.935	2779.271	3587	3448	3315	3193	3055	2906	2728	2538	2276	1864	976	0	0	0.000	0.000	0	0.000	0.000	0	0.000	0	0.000	0	0.000	0	0.000	0	0	0	0	0	0	0	0	0	0	0	0	0	0	0
35	35	884	484.156	604.249	0.901	178	216	271	163	46	178	216	271	163	46	107.000	182.569	578	363	245	170	134	124	121	119	117	114	110	106.731	543.947	910	807	740	671	605	537	472	387	343	310	204	0	0	0.000	0.000	0	0.000	0.000	0	0.000	0	0.000	0	0.000	0	0.000	0	0	0	0	0	0	0	0	0	0	0	0	0	0	0
36	36	1637	1907.792	628.794	0.890	151	1193	222	32	12	151	1193	222	32	12	107.706	472.232	4428	1276	349	190	182	179	176	172	167	162	147	105.000	2182.026	3001	2650	2566	2460	2360	2245	2104	1959	1795	1612	1098	1	218	1890.109	637.543	0	0.000	0.000	1963	2114.794	0	0.000	2046	1819.899	0	0.000	0	0	0	0	0	0	0	0	0	0	0	0	0	0	0
37	37	1405	416.615	647.310	0.884	212	937	216	8	4	212	937	216	8	4	107.000	132.423	150	143	141	139	137	134	131	128	123	118	111	107.931	2270.587	3851	3233	2982	2729	2464	2232	2039	1826	1549	1303	856	0	0	0.000	0.000	0	0.000	0.000	0	0.000	0	0.000	0	0.000	0	0.000	0	0	0	0	0	0	0	0	0	0	0	0	0	0	0
38	38	2611	767.786	660.737	0.892	82	512	1457	473	51	82	512	1457	473	51	108.731	532.925	778	727	695	664	608	546	490	433	369	298	218	104.000	2332.350	3856	3484	3308	3125	2853	2490	2154	1734	1242	823	556	0	0	0.000	0.000	0	0.000	0.000	0	0.000	0	0.000	0	0.000	0	0.000	0	0	0	0	0	0	0	0	0	0	0	0	0	0	0
39	39	2969	1868.580	682.111	0.889	20	373	1431	1045	42	20	373	1431	1045	42	107.736	171.551	208	194	188	184	179	175	170	163	154	143	127	103.684	2118.707	3318	2999	2718	2577	2435	2220	2002	1779	1425	1054	633	0	0	0.000	0.000	0	0.000	0.000	0	0.000	0	0.000	0	0.000	0	0.000	0	0	0	0	0	0	0	0	0	0	0	0	0	0	0
40	40	1054	1085.883	681.128	0.888	39	319	541	118	17	39	319	541	118	17	108.000	392.136	628	539	511	474	429	389	351	318	286	238	166	103.000	143.459	183	166	158	153	147	142	138	133	130	124	106	0	0	0.000	0.000	0	0.000	0.000	0	0.000	0	0.000	0	0.000	0	0.000	0	0	0	0	0	0	0	0	0	0	0	0	0	0	0
41	41	1828	427.766	710.151	0.861	111	244	607	731	103	111	244	607	731	103	107.000	145.844	175	166	162	158	152	146	140	135	131	124	113	107.996	3174.024	5242	4941	4674	4249	3800	3334	2724	2153	1632	1285	670	0	0	0.000	0.000	0	0.000	0.000	0	0.000	0	0.000	0	0.000	0	0.000	0	0	0	0	0	0	0	0	0	0	0	0	0	0	0
42	42	2692	741.878	717.868	0.843	35	339	1606	603	55	35	339	1606	603	55	109.000	916.419	10418	1099	805	721	624	529	477	424	355	282	209	103.384	1971.066	3143	2963	2786	2597	2298	1975	1732	1494	1202	839	519	1	184	743.364	723.570	0	0.000	0.000	5166	5532.946	0	0.000	2617	2466.565	0	0.000	0	0	0	0	0	0	0	0	0	0	0	0	0	0	0
43	43	1824	362.208	726.000	0.887	38	292	989	446	32	38	292	989	446	32	106.586	257.066	2538	456	175	148	143	139	135	131	129	125	115	106.401	2740.825	5410	4304	3712	3325	2983	2625	2313	2004	1707	1390	931	1	175	367.849	725.308	0	0.000	0.000	1076	1203.726	0	0.000	3169	3163.720	0	0.000	0	0	0	0	0	0	0	0	0	0	0	0	0	0	0
44	44	1527	892.898	731.181	0.876	261	855	332	18	39	261	855	332	18	39	108.620	128.776	143	137	135	133	131	129	127	125	123	120	114	103.234	283.577	402	371	339	323	310	296	277	252	219	178	146	0	0	0.000	0.000	0	0.000	0.000	0	0.000	0	0.000	0	0.000	0	0.000	0	0	0	0	0	0	0	0	0	0	0	0	0	0	0
45	45	1864	521.129	737.644	0.908	94	678	923	126	8	94	678	923	126	8	107.000	117.974	130	125	121	119	118	117	116	115	114	114	111	105.855	2794.836	4742	4181	3813	3516	3169	2791	2423	2073	1768	1386	851	0	0	0.000	0.000	0	0.000	0.000	0	0.000	0	0.000	0	0.000	0	0.000	0	0	0	0	0	0	0	0	0	0	0	0	0	0	0
46	46	1498	331.104	768.595	0.908	16	192	671	560	35	16	192	671	560	35	107.000	143.349	160	155	153	150	148	145	143	139	134	128	116	104.588	4251.705	6112	5784	5459	5001	4594	4297	3950	3589	3204	2632	1305	0	0	0.000	0.000	0	0.000	0.000	0	0.000	0	0.000	0	0.000	0	0.000	0	0	0	0	0	0	0	0	0	0	0	0	0	0	0
47	47	2073	747.132	783.820	0.842	112	95	857	893	78	112	95	857	893	78	108.736	658.788	861	819	788	763	734	693	638	575	522	451	294	102.944	2428.618	3271	3108	3013	2895	2774	2582	2345	2107	1861	1499	683	0	0	0.000	0.000	0	0.000	0.000	0	0.000	0	0.000	0	0.000	0	0.000	0	0	0	0	0	0	0	0	0	0	0	0	0	0	0
48	48	1601	1806.746	785.979	0.911	293	924	294	53	10	293	924	294	53	10	107.030	117.542	130	125	121	119	118	117	116	115	114	113	110	102.000	695.162	1745	1085	896	783	710	647	587	522	469	383	246	0	0	0.000	0.000	0	0.000	0.000	0	0.000	0	0.000	0	0.000	0	0.000	0	0	0	0	0	0	0	0	0	0	0	0	0	0	0
49	49	1385	499.509	788.894	0.917	29	219	754	329	25	29	219	754	329	25	107.000	120.192	145	131	125	121	120	118	117	116	115	113	110	104.757	3311.911	4680	4223	3963	3796	3644	3453	3257	3006	2640	2120	1210	0	0	0.000	0.000	0	0.000	0.000	0	0.000	0	0.000	0	0.000	0	0.000	0	0	0	0	0	0	0	0	0	0	0	0	0	0	0
50	50	2141	861.619	797.513	0.913	482	1509	68	29	12	482	1509	68	29	12	108.175	191.184	725	240	200	190	182	174	164	154	145	135	123	103.743	763.086	1149	1072	1015	935	880	811	714	603	504	395	277	1	106	857.388	806.195	0	0.000	0.000	475	488.113	0	0.000	1007	978.057	0	0.000	0	0	0	0	0	0	0	0	0	0	0	0	0	0	0
51	51	1708	1007.503	817.475	0.905	66	876	680	39	10	66	876	680	39	10	108.000	134.818	150	146	143	140	137	135	132	129	127	124	117	102.143	338.845	507	464	411	376	357	337	315	291	264	231	190	0	0	0.000	0.000	0	0.000	0.000	0	0.000	0	0.000	0	0.000	0	0.000	0	0	0	0	0	0	0	0	0	0	0	0	0	0	0
52	52	1806	1568.917	858.977	0.810	82	566	874	232	22	82	566	874	232	22	109.000	150.859	181	170	164	159	154	150	147	143	138	132	126	103.827	532.329	929	831	746	648	562	509	458	403	339	275	205	0	0	0.000	0.000	0	0.000	0.000	0	0.000	0	0.000	0	0.000	0	0.000	0	0	0	0	0	0	0	0	0	0	0	0	0	0	0
53	53	298	1028.477	849.234	0.950	21	70	97	94	9	21	70	97	94	9	108.000	115.295	119	117	117	116	116	116	115	114	114	113	111	103.000	157.268	196	187	178	171	163	156	150	144	137	130	117	0	0	0.000	0.000	0	0.000	0.000	0	0.000	0	0.000	0	0.000	0	0.000	0	0	0	0	0	0	0	0	0	0	0	0	0	0	0
54	54	955	1614.234	854.812	0.910	46	130	502	254	7	46	130	502	254	7	108.535	157.887	183	176	172	168	163	159	154	150	144	138	126	103.809	697.685	972	891	848	799	750	702	664	619	559	483	327	0	0	0.000	0.000	0	0.000	0.000	0	0.000	0	0.000	0	0.000	0	0.000	0	0	0	0	0	0	0	0	0	0	0	0	0	0	0
55	55	1139	781.367	864.857	0.839	99	489	424	96	13	99	489	424	96	13	108.000	146.232	187	168	162	157	151	146	141	136	130	123	114	103.000	118.658	139	128	125	122	120	118	116	115	112	109	104	0	0	0.000	0.000	0	0.000	0.000	0	0.000	0	0.000	0	0.000	0	0.000	0	0	0	0	0	0	0	0	0	0	0	0	0	0	0
56	56	1823	342.642	875.400	0.861	30	270	821	571	91	30	270	821	571	91	106.962	126.307	236	147	129	125	121	119	117	116	115	114	111	103.000	491.953	837	728	640	574	519	479	440	397	346	279	212	1	161	342.508	882.597	0	0.000	0.000	179	182.143	0	0.000	680	665.863	0	0.000	0	0	0	0	0	0	0	0	0	0	0	0	0	0	0
57	57	1037	387.787	872.301	0.902	24	78	443	415	59	24	78	443	415	59	107.000	118.017	128	122	121	120	119	118	117	116	115	114	111	103.000	567.623	791	744	698	662	619	579	541	493	443	379	243	0	0	0.000	0.000	0	0.000	0.000	0	0.000	0	0.000	0	0.000	0	0.000	0	0	0	0	0	0	0	0	0	0	0	0	0	0	0
58	58	1664	1542.235	905.691	0.868	56	504	944	131	5	56	504	944	131	5	108.000	164.510	194	183	178	175	172	167	161	155	149	146	127	104.000	658.477	944	869	814	763	720	673	629	571	504	417	316	0	0	0.000	0.000	0	0.000	0.000	0	0.000	0	0.000	0	0.000	0	0.000	0	0	0	0	0	0	0	0	0	0	0	0	0	0	0
59	59	1785	381.435	918.116	0.873	76	678	923	64	7	76	678	923	64	7	106.202	117.194	244	118	116	116	115	114	114	113	113	112	110	103.000	748.140	1184	1052	960	887	822	766	707	620	530	405	299	1	77	383.272	908.228	0	0.000	0.000	169	170.494	0	0.000	774	790.909	0	0.000	0	0	0	0	0	0	0	0	0	0	0	0	0	0	0
60	60	1401	1650.225	971.274	0.897	95	404	660	164	40	95	404	660	164	40	108.000	123.123	140	130	127	125	124	122	121	120	119	117	113	104.000	2888.988	4908	4000	3697	3408	3139	2866	2599	2382	2150	1802	956	0	0	0.000	0.000	0	0.000	0.000	0	0.000	0	0.000	0	0.000	0	0.000	0	0	0	0	0	0	0	0	0	0	0	0	0	0	0
61	61	694	646.391	968.769	0.872	30	184	275	150	44	30	184	275	150	44	107.000	123.245	135	130	127	126	124	123	121	120	119	117	115	102.000	119.295	135	126	123	121	120	119	118	116	115	114	107	0	0	0.000	0.000	0	0.000	0.000	0	0.000	0	0.000	0	0.000	0	0.000	0	0	0	0	0	0	0	0	0	0	0	0	0	0	0
62	62	2822	1370.226	987.807	0.861	188	1440	995	120	14	188	1440	995	120	14	109.000	1944.038	18063	5101	1198	994	880	796	726	668	590	463	234	102.338	135.374	184	151	146	143	139	135	130	127	123	118	107	1	356	1357.289	987.165	0	0.000	0.000	9022	9486.447	0	0.000	146	145.635	0	0.000	0	0	0	0	0	0	0	0	0	0	0	0	0	0	0
63	63	2287	1048.068	994.304	0.860	174	1372	602	78	26	174	1372	602	78	26	107.840	570.397	7230	1279	422	270	219	197	181	174	167	160	129	101.358	126.745	158	134	131	129	128	126	125	124	122	119	108	1	146	1052.105	1006.514	0	0.000	0.000	3164	3444.144	0	0.000	138	139.945	0	0.000	0	0	0	0	0	0	0	0	0	0	0	0	0	0	0
64	64	2153	1177.353	1000.531	0.806	241	1470	356	39	10	241	1470	356	39	10	107.911	120.121	135	128	124	122	121	119	118	117	116	115	111	101.937	160.712	205	187	181	174	168	162	155	148	142	135	108	0	0	0.000	0.000	0	0.000	0.000	0	0.000	0	0.000	0	0.000	0	0.000	0	0	0	0	0	0	0	0	0	0	0	0	0	0	0
65	65	1654	175.408	1011.331	0.873	22	280	755	501	63	22	280	755	501	63	105.560	119.930	128	124	123	122	121	120	119	118	117	115	111	102.441	1520.954	2183	2030	1893	1778	1657	1552	1458	1327	1161	952	636	0	0	0.000	0.000	0	0.000	0.000	0	0.000	0	0.000	0	0.000	0	0.000	0	0	0	0	0	0	0	0	0	0	0	0	0	0	0
66	66	1849	1609.661	1039.194	0.908	503	1258	23	9	11	503	1258	23	9	11	108.745	197.880	245	230	222	215	207	200	192	184	174	161	146	105.000	1462.764	2138	1969	1837	1714	1620	1506	1384	1250	1078	877	603	0	0	0.000	0.000	0	0.000	0.000	0	0.000	0	0.000	0	0.000	0	0.000	0	0	0	0	0	0	0	0	0	0	0	0	0	0	0
67	67	1661	1560.652	1050.227	0.923	612	898	69	44	12	612	898	69	44	12	109.039	186.780	244	223	216	208	199	189	179	167	156	146	131	104.240	1343.611	2260	1973	1851	1703	1555	1412	1235	1016	807	606	378	0	0	0.000	0.000	0	0.000	0.000	0	0.000	0	0.000	0	0.000	0	0.000	0	0	0	0	0	0	0	0	0	0	0	0	0	0	0
68	68	1674	205.475	1055.879	0.831	21	299	1084	218	19	21	299	1084	218	19	106.000	116.664	127	121	119	118	118	117	116	115	114	112	109	102.124	1194.694	1968	1759	1597	1475	1377	1275	1163	974	736	491	287	0	0	0.000	0.000	0	0.000	0.000	0	0.000	0	0.000	0	0.000	0	0.000	0	0	0	0	0	0	0	0	0	0	0	0	0	0	0
69	69	623	473.440	1055.099	0.918	25	60	216	253	56	25	60	216	253	56	107.000	158.737	175	171	169	167	164	161	157	153	148	142	132	102.000	959.809	1290	1192	1149	1108	1077	1022	943	859	754	619	442	0	0	0.000	0.000	0	0.000	0.000	0	0.000	0	0.000	0	0.000	0	0.000	0	0	0	0	0	0	0	0	0	0	0	0	0	0	0
70	70	1307	1105.546	1066.472	0.883	226	953	78	16	12	226	953	78	16	12	107.451	633.601	8675	1618	416	224	183	162	154	149	144	137	125	101.000	124.165	143	132	130	128	126	125	123	121	118	115	104	1	139	1112.257	1067.084	0	0.000	0.000	3497	3821.417	0	0.000	132	132.230	0	0.000	0	0	0	0	0	0	0	0	0	0	0	0	0	0	0
71	71	1768	1947.967	1077.564	0.878	63	403	1152	91	16	63	403	1152	91	16	107.000	123.008	150	140	132	125	121	119	118	117	116	115	111	101.398	118.083	139	131	125	120	118	116	114	113	112	110	105	0	0	0.000	0.000	0	0.000	0.000	0	0.000	0	0.000	0	0.000	0	0.000	0	0	0	0	0	0	0	0	0	0	0	0	0	0	0
72	72	1595	439.516	1080.970	0.874	54	266	938	300	10	54	266	938	300	10	107.000	154.993	189	175	170	166	160	154	149	145	141	136	124	102.893	945.458	1579	1378	1263	1166	1067	958	839	722	602	491	389	0	0	0.000	0.000	0	0.000	0.000	0	0.000	0	0.000	0	0.000	0	0.000	0	0	0	0	0	0	0	0	0	0	0	0	0	0	0
73	73	1065	592.759	1098.432	0.917	10	80	274	626	48	10	80	274	626	48	107.447	114.639	124	119	117	116	115	114	114	113	112	111	109	103.000	1072.367	1477	1385	1312	1243	1163	1085	1021	943	842	725	477	0	0	0.000	0.000	0	0.000	0.000	0	0.000	0	0.000	0	0.000	0	0.000	0	0	0	0	0	0	0	0	0	0	0	0	0	0	0
74	74	2010	1721.390	1112.476	0.887	64	418	1209	258	16	64	418	1209	258	16	108.955	157.799	178	171	168	165	163	160	157	153	148	141	124	103.000	3051.665	4341	3957	3666	3462	3304	3130	2926	2705	2498	2069	952	0	0	0.000	0.000	0	0.000	0.000	0	0.000	0	0.000	0	0.000	0	0.000	0	0	0	0	0	0	0	0	0	0	0	0	0	0	0
75	75	1803	389.799	1105.826	0.869	45	645	950	113	11	45	645	950	113	11	107.678	435.705	5678	738	215	189	183	179	176	172	168	161	140	103.000	1098.416	1662	1406	1307	1233	1165	1092	1025	963	891	798	553	1	158	375.472	1099.767	0	0.000	0.000	2467	2757.044	0	0.000	1405	1383.373	0	0.000	0	0	0	0	0	0	0	0	0	0	0	0	0	0	0
76	76	1540	39.298	1122.645	0.897	121	556	749	78	6	121	556	749	78	6	104.136	111.146	118	114	113	112	111	111	110	110	109	109	107	101.000	464.788	752	661	602	556	512	462	422	380	317	260	206	0	0	0.000	0.000	0	0.000	0.000	0	0.000	0	0.000	0	0.000	0	0.000	0	0	0	0	0	0	0	0	0	0	0	0	0	0	0
77	77	1548	629.541	1126.095	0.918	30	655	752	62	10	30	655	752	62	10	108.000	118.507	135	128	124	121	118	117	116	114	114	112	109	103.700	725.222	1227	1031	945	874	801	740	659	575	502	400	279	0	0	0.000	0.000	0	0.000	0.000	0	0.000	0	0.000	0	0.000	0	0.000	0	0	0	0	0	0	0	0	0	0	0	0	0	0	0
78	78	1758	97.296	1145.167	0.889	350	1181	157	26	9	350	1181	157	26	9	105.290	381.497	3239	739	326	294	255	228	204	183	165	145	122	101.000	129.615	156	143	139	135	132	130	127	124	120	117	105	1	166	80.415	1141.346	0	0.000	0.000	1527	1646.361	0	0.000	130	130.867	0	0.000	0	0	0	0	0	0	0	0	0	0	0	0	0	0	0
79	79	1272	664.899	1143.329	0.893	67	211	721	229	23	67	211	721	229	23	108.050	115.927	130	121	118	116	115	115	114	114	113	113	110	104.000	778.292	1235	1054	974	891	838	785	718	657	597	505	269	0	0	0.000	0.000	0	0.000	0.000	0	0.000	0	0.000	0	0.000	0	0.000	0	0	0	0	0	0	0	0	0	0	0	0	0	0	0
80	80	2081	811.861	1153.937	0.876	203	1363	426	48	7	203	1363	426	48	7	108.112	118.148	133	123	121	119	118	117	117	116	115	114	110	103.404	1641.938	3362	2281	2053	1921	1799	1648	1488	1339	1170	995	483	0	0	0.000	0.000	0	0.000	0.000	0	0.000	0	0.000	0	0.000	0	0.000	0	0	0	0	0	0	0	0	0	0	0	0	0	0	0
81	81	1562	416.970	1150.274	0.899	94	627	639	164	12	94	627	639	164	12	107.000	180.746	218	205	199	195	188	181	174	167	162	156	139	102.284	1124.460	1637	1459	1367	1316	1227	1124	1026	940	862	784	530	0	0	0.000	0.000	0	0.000	0.000	0	0.000	0	0.000	0	0.000	0	0.000	0	0	0	0	0	0	0	0	0	0	0	0	0	0	0
82	82	1617	903.384	1150.349	0.886	309	1116	145	12	10	309	1116	145	12	10	108.000	299.843	4037	427	158	151	149	147	146	143	140	135	122	102.000	485.962	695	609	570	547	523	495	461	424	392	352	245	1	125	899.117	1138.749	0	0.000	0.000	1735	1862.496	0	0.000	644	627.856	0	0.000	0	0	0	0	0	0	0	0	0	0	0	0	0	0	0
83	83	2311	1294.567	1166.520	0.889	128	852	1031	216	34	128	852	1031	216	34	108.308	125.424	146	135	132	129	126	124	122	121	120	118	113	102.998	1814.025	3212	2602	2374	2201	2043	1893	1688	1477	1185	916	312	0	0	0.000	0.000	0	0.000	0.000	0	0.000	0	0.000	0	0.000	0	0.000	0	0	0	0	0	0	0	0	0	0	0	0	0	0	0
84	84	1505	979.356	1157.410	0.854	60	473	721	209	13	60	473	721	209	13	108.000	149.833	171	162	158	155	152	150	147	145	141	138	127	102.000	787.150	1100	1015	949	896	843	800	749	688	618	539	391	0	0	0.000	0.000	0	0.000	0.000	0	0.000	0	0.000	0	0.000	0	0.000	0	0	0	0	0	0	0	0	0	0	0	0	0	0	0
85	85	2543	1718.869	1178.216	0.859	157	1139	1072	114	9	157	1139	1072	114	9	109.024	212.696	1063	355	206	178	169	163	157	150	141	132	125	103.009	2648.952	4223	3757	3578	3393	3211	2924	2553	2117	1634	1007	578	1	240	1710.303	1172.442	0	0.000	0.000	585	620.371	0	0.000	2447	2513.254	0	0.000	0	0	0	0	0	0	0	0	0	0	0	0	0	0	0
86	86	1970	701.743	1173.246	0.855	763	1060	46	35	23	763	1060	46	35	23	107.983	118.930	128	123	122	121	120	119	118	117	116	115	111	103.999	1010.576	1655	1393	1282	1208	1135	1064	974	864	708	520	293	0	0	0.000	0.000	0	0.000	0.000	0	0.000	0	0.000	0	0.000	0	0.000	0	0	0	0	0	0	0	0	0	0	0	0	0	0	0
87	87	1643	626.839	1173.232	0.903	572	943	52	24	6	572	943	52	24	6	107.995	121.321	142	135	129	124	120	118	117	116	115	114	112	104.000	952.998	1514	1349	1252	1162	1080	984	893	785	639	494	308	0	0	0.000	0.000	0	0.000	0.000	0	0.000	0	0.000	0	0.000	0	0.000	0	0	0	0	0	0	0	0	0	0	0	0	0	0	0
88	88	1086	1020.960	1181.695	0.910	48	289	601	118	11	48	289	601	118	11	108.575	142.983	165	159	155	152	149	144	139	135	130	126	118	101.938	761.257	1063	999	971	918	867	803	731	639	545	455	321	0	0	0.000	0.000	0	0.000	0.000	0	0.000	0	0.000	0	0.000	0	0.000	0	0	0	0	0	0	0	0	0	0	0	0	0	0	0
89	89	1553	353.766	1223.793	0.888	110	1146	243	20	6	110	1146	243	20	6	107.000	176.656	249	195	189	186	182	178	173	170	161	151	131	102.000	138.435	160	148	145	143	141	138	136	134	132	129	116	0	0	0.000	0.000	0	0.000	0.000	0	0.000	0	0.000	0	0.000	0	0.000	0	0	0	0	0	0	0	0	0	0	0	0	0	0	0
90	90	1099	711.923	1217.846	0.921	370	200	257	193	65	370	200	257	193	65	107.890	118.437	127	123	121	120	119	118	117	116	116	114	111	104.000	890.088	1430	1252	1141	1058	976	912	847	764	632	475	251	0	0	0.000	0.000	0	0.000	0.000	0	0.000	0	0.000	0	0.000	0	0.000	0	0	0	0	0	0	0	0	0	0	0	0	0	0	0
91	91	2003	89.497	1289.206	0.855	20	592	1162	148	23	20	592	1162	148	23	104.440	115.286	126	120	118	117	116	115	114	113	112	111	108	101.000	1656.704	2689	2306	2128	1932	1804	1653	1509	1374	1204	985	741	0	0	0.000	0.000	0	0.000	0.000	0	0.000	0	0.000	0	0.000	0	0.000	0	0	0	0	0	0	0	0	0	0	0	0	0	0	0
92	92	390	130.162	1277.560	0.899	12	35	175	153	8	12	35	175	153	8	105.000	110.810	116	113	112	111	111	111	110	110	110	109	108	101.000	1094.079	1543	1348	1275	1207	1141	1078	1033	985	937	855	675	0	0	0.000	0.000	0	0.000	0.000	0	0.000	0	0.000	0	0.000	0	0.000	0	0	0	0	0	0	0	0	0	0	0	0	0	0	0
93	93	316	923.978	1280.332	0.884	6	38	185	71	9	6	38	185	71	9	109.000	240.747	292	274	263	254	248	242	238	232	219	206	175	102.253	906.902	1243	1172	1095	1022	951	893	843	796	748	689	488	0	0	0.000	0.000	0	0.000	0.000	0	0.000	0	0.000	0	0.000	0	0.000	0	0	0	0	0	0	0	0	0	0	0	0	0	0	0
94	94	408	1687.150	1284.034	0.920	35	72	125	130	38	35	72	125	130	38	109.000	115.696	121	118	117	116	116	115	115	115	114	113	110	103.000	402.248	553	509	482	460	439	416	389	353	319	280	214	0	0	0.000	0.000	0	0.000	0.000	0	0.000	0	0.000	0	0.000	0	0.000	0	0	0	0	0	0	0	0	0	0	0	0	0	0	0
95	95	1569	371.905	1298.090	0.893	318	1041	128	41	14	318	1041	128	41	14	107.000	842.533	16532	1570	224	154	148	144	140	137	134	128	117	101.518	115.915	141	122	120	118	116	115	114	113	112	110	106	1	128	358.147	1298.646	0	0.000	0.000	6682	7470.305	0	0.000	122	123.234	0	0.000	0	0	0	0	0	0	0	0	0	0	0	0	0	0	0
96	96	1735	902.782	1311.424	0.896	107	902	611	78	6	107	902	611	78	6	109.000	356.964	1067	474	426	378	343	325	309	292	265	223	157	103.000	1084.138	2054	1714	1397	1236	1151	1070	967	871	719	524	339	1	49	901.814	1313.223	0	0.000	0.000	888	884.245	0	0.000	981	1002.367	0	0.000	0	0	0	0	0	0	0	0	0	0	0	0	0	0	0
97	97	1834	1678.855	1320.506	0.888	51	128	1360	249	19	51	128	1360	249	19	108.684	125.278	313	132	126	123	121	120	118	118	117	115	112	102.999	734.913	1138	1000	944	884	822	764	701	624	514	403	293	2	47	1671.223	1338.779	59	1681.558	1330.781	177	179.830	197	204.051	893	869.468	1041	1035.763	0	0	0	0	0	0	0	0	0	0	0	0	0	0	0
98	98	1356	1213.982	1344.513	0.890	37	526	651	110	9	37	526	651	110	9	109.153	118.696	127	123	121	120	119	118	118	117	116	115	111	103.000	157.152	178	167	164	161	159	157	155	153	150	147	139	0	0	0.000	0.000	0	0.000	0.000	0	0.000	0	0.000	0	0.000	0	0.000	0	0	0	0	0	0	0	0	0	0	0	0	0	0	0
99	99	1356	1270.084	1349.200	0.908	40	363	778	144	10	40	363	778	144	10	108.968	117.263	123	120	119	118	118	117	117	116	115	115	112	103.000	143.885	171	160	157	154	151	147	142	137	129	124	109	0	0	0.000	0.000	0	0.000	0.000	0	0.000	0	0.000	0	0.000	0	0.000	0	0	0	0	0	0	0	0	0	0	0	0	0	0	0
100	100	1339	1539.899	1357.317	0.875	98	285	756	171	7	98	285	756	171	7	109.000	117.037	126	120	119	118	117	117	116	115	115	114	110	104.000	437.803	599	549	518	485	457	432	407	384	363	339	272	0	0	0.000	0.000	0	0.000	0.000	0	0.000	0	0.000	0	0.000	0	0.000	0	0	0	0	0	0	0	0	0	0	0	0	0	0	0
101	101	1691	1048.788	1363.620	0.896	90	749	718	85	22	90	749	718	85	22	108.941	141.465	208	165	154	146	142	137	134	130	127	124	115	103.000	1462.486	2590	1950	1799	1656	1549	1473	1382	1255	1117	977	470	1	17	1049.215	1351.862	0	0.000	0.000	202	200.824	0	0.000	2453	2430.294	0	0.000	0	0	0	0	0	0	0	0	0	0	0	0	0	0	0
102	102	1320	1990.634	1357.868	0.909	27	513	630	108	13	27	513	630	108	13	107.000	118.079	133	127	121	119	117	117	116	115	114	113	111	102.695	796.041	1172	1029	937	878	830	802	761	707	653	593	330	0	0	0.000	0.000	0	0.000	0.000	0	0.000	0	0.000	0	0.000	0	0.000	0	0	0	0	0	0	0	0	0	0	0	0	0	0	0
103	103	1981	1647.803	1364.648	0.892	25	232	1179	462	46	25	232	1179	462	46	109.000	218.506	1429	464	222	151	134	129	125	122	119	118	114	103.715	631.403	956	833	781	732	685	642	601	549	481	389	287	1	269	1647.311	1360.372	0	0.000	0.000	628	686.877	0	0.000	481	544.848	0	0.000	0	0	0	0	0	0	0	0	0	0	0	0	0	0	0
104	104	1512	1567.135	1398.119	0.874	78	308	790	279	18	78	308	790	279	18	109.000	117.567	126	122	120	119	118	117	116	116	115	114	112	103.995	689.560	1001	939	878	813	762	715	653	576	494	409	307	0	0	0.000	0.000	0	0.000	0.000	0	0.000	0	0.000	0	0.000	0	0.000	0	0	0	0	0	0	0	0	0	0	0	0	0	0	0
105	105	1381	1492.401	1399.872	0.925	126	298	673	234	24	126	298	673	234	24	108.621	118.599	131	124	121	119	118	118	117	117	116	115	112	103.980	1373.351	2274	1855	1711	1615	1514	1406	1266	1142	1009	852	456	0	0	0.000	0.000	0	0.000	0.000	0	0.000	0	0.000	0	0.000	0	0.000	0	0	0	0	0	0	0	0	0	0	0	0	0	0	0
106	106	746	1235.012	1400.031	0.901	6	101	285	299	40	6	101	285	299	40	109.000	120.012	132	127	124	122	120	119	118	117	116	115	111	103.592	141.601	164	153	150	147	146	144	141	138	132	127	113	0	0	0.000	0.000	0	0.000	0.000	0	0.000	0	0.000	0	0.000	0	0.000	0	0	0	0	0	0	0	0	0	0	0	0	0	0	0
107	107	215	1980.124	1397.449	0.856	10	35	89	71	8	10	35	89	71	8	107.000	113.419	117	115	115	114	114	113	113	113	112	112	110	103.000	474.512	760	694	619	558	515	466	432	398	337	276	182	0	0	0.000	0.000	0	0.000	0.000	0	0.000	0	0.000	0	0.000	0	0.000	0	0	0	0	0	0	0	0	0	0	0	0	0	0	0
108	108	1354	2010.589	1413.008	0.856	37	456	644	154	33	37	456	644	154	33	107.000	118.301	136	125	122	120	118	117	116	115	114	113	110	102.526	1169.507	1905	1740	1580	1399	1256	1152	1054	946	828	604	416	0	0	0.000	0.000	0	0.000	0.000	0	0.000	0	0.000	0	0.000	0	0.000	0	0	0	0	0	0	0	0	0	0	0	0	0	0	0
109	109	1905	1307.388	1412.900	0.894	530	1182	125	33	8	530	1182	125	33	8	109.095	319.280	1186	405	355	337	321	307	286	265	243	213	140	103.315	123.312	147	135	131	126	123	122	120	119	117	114	107	1	41	1320.205	1402.813	0	0.000	0.000	896	881.780	0	0.000	121	121.171	0	0.000	0	0	0	0	0	0	0	0	0	0	0	0	0	0	0
110	110	1553	669.380	1412.119	0.891	169	1246	103	11	6	169	1246	103	11	6	108.000	134.164	167	152	145	139	135	131	128	126	125	122	115	102.695	126.540	149	136	133	130	128	126	124	123	120	117	109	0	0	0.000	0.000	0	0.000	0.000	0	0.000	0	0.000	0	0.000	0	0.000	0	0	0	0	0	0	0	0	0	0	0	0	0	0	0
111	111	1603	1202.312	1426.132	0.853	54	445	922	149	7	54	445	922	149	7	108.679	117.991	128	122	121	120	118	118	117	116	115	114	111	103.817	138.200	159	149	146	143	141	139	136	133	130	126	121	0	0	0.000	0.000	0	0.000	0.000	0	0.000	0	0.000	0	0.000	0	0.000	0	0	0	0	0	0	0	0	0	0	0	0	0	0	0
112	112	1553	1257.487	1436.577	0.898	9	96	504	793	123	9	96	504	793	123	109.000	119.674	128	124	123	121	120	119	118	118	117	116	113	104.000	381.184	502	464	445	427	405	384	367	345	322	290	183	0	0	0.000	0.000	0	0.000	0.000	0	0.000	0	0.000	0	0.000	0	0.000	0	0	0	0	0	0	0	0	0	0	0	0	0	0	0
113	113	1902	1852.544	1462.438	0.881	93	727	785	214	44	93	727	785	214	44	108.123	161.911	189	179	175	170	166	162	158	153	149	145	132	103.000	129.292	149	139	137	134	131	129	127	124	122	120	112	0	0	0.000	0.000	0	0.000	0.000	0	0.000	0	0.000	0	0.000	0	0.000	0	0	0	0	0	0	0	0	0	0	0	0	0	0	0
114	114	411	152.411	1459.394	0.932	46	187	138	24	6	46	187	138	24	6	104.640	169.835	219	197	189	183	178	173	164	156	147	140	126	102.000	125.569	144	137	134	131	128	125	123	121	118	116	109	0	0	0.000	0.000	0	0.000	0.000	0	0.000	0	0.000	0	0.000	0	0.000	0	0	0	0	0	0	0	0	0	0	0	0	0	0	0
115	115	1842	1294.337	1473.956	0.849	50	517	1022	183	35	50	517	1022	183	35	109.000	336.552	3546	807	157	128	125	121	119	118	117	115	111	103.823	351.799	563	487	441	399	366	338	311	287	268	242	188	1	224	1281.989	1480.387	0	0.000	0.000	1589	1750.750	0	0.000	499	479.594	0	0.000	0	0	0	0	0	0	0	0	0	0	0	0	0	0	0
116	116	2065	1198.606	1495.819	0.812	13	21	720	1155	119	13	21	720	1155	119	108.844	193.396	1501	214	172	165	161	157	152	148	141	134	125	103.971	666.622	1150	948	845	779	720	668	615	563	467	374	265	1	103	1186.600	1504.898	0	0.000	0.000	712	775.233	0	0.000	712	732.447	0	0.000	0	0	0	0	0	0	0	0	0	0	0	0	0	0	0
117	117	1482	1894.841	1484.296	0.908	26	598	794	23	6	26	598	794	23	6	108.329	150.118	181	165	161	157	154	151	147	144	142	133	115	102.753	129.030	150	139	136	134	132	130	128	125	122	117	107	0	0	0.000	0.000	0	0.000	0.000	0	0.000	0	0.000	0	0.000	0	0.000	0	0	0	0	0	0	0	0	0	0	0	0	0	0	0
118	118	1454	656.052	1487.922	0.891	39	634	632	110	12	39	634	632	110	12	107.754	117.602	131	123	121	119	118	117	116	115	115	114	111	103.000	129.208	147	137	134	132	131	130	129	127	125	122	106	0	0	0.000	0.000	0	0.000	0.000	0	0.000	0	0.000	0	0.000	0	0.000	0	0	0	0	0	0	0	0	0	0	0	0	0	0	0
119	119	452	1671.412	1484.611	0.937	74	285	68	12	3	74	285	68	12	3	109.000	120.162	133	127	124	122	121	120	118	117	116	115	112	103.000	113.473	130	120	117	116	115	113	112	110	108	107	104	0	0	0.000	0.000	0	0.000	0.000	0	0.000	0	0.000	0	0.000	0	0.000	0	0	0	0	0	0	0	0	0	0	0	0	0	0	0
120	120	887	128.272	1489.505	0.863	124	328	299	101	12	124	328	299	101	12	104.000	160.437	251	203	187	177	166	155	146	139	132	123	111	101.061	120.053	149	135	128	124	120	118	116	113	111	110	105	0	0	0.000	0.000	0	0.000	0.000	0	0.000	0	0.000	0	0.000	0	0.000	0	0	0	0	0	0	0	0	0	0	0	0	0	0	0
121	121	1687	1657.142	1522.682	0.877	240	826	418	139	32	240	826	418	139	32	108.464	130.390	169	140	136	133	131	129	127	125	124	121	114	103.000	127.512	158	141	137	134	130	127	124	120	117	114	107	0	0	0.000	0.000	0	0.000	0.000	0	0.000	0	0.000	0	0.000	0	0.000	0	0	0	0	0	0	0	0	0	0	0	0	0	0	0
122	122	1081	890.917	1517.841	0.894	10	95	502	398	55	10	95	502	398	55	109.000	165.550	255	212	180	170	164	158	153	148	144	138	125	103.000	121.002	149	133	127	123	121	119	117	116	115	113	107	0	0	0.000	0.000	0	0.000	0.000	0	0.000	0	0.000	0	0.000	0	0.000	0	0	0	0	0	0	0	0	0	0	0	0	0	0	0
123	123	697	787.972	1527.276	0.771	78	283	247	53	20	78	283	247	53	20	107.986	142.168	165	154	150	146	144	141	138	136	135	133	129	103.000	141.344	166	154	149	146	143	139	137	136	134	132	126	0	0	0.000	0.000	0	0.000	0.000	0	0.000	0	0.000	0	0.000	0	0.000	0	0	0	0	0	0	0	0	0	0	0	0	0	0	0
124	124	1764	1219.283	1542.559	0.843	29	306	1114	269	17	29	306	1114	269	17	109.000	156.459	185	177	173	169	164	159	152	146	140	132	123	103.108	644.354	989	895	840	789	739	677	609	521	428	334	216	0	0	0.000	0.000	0	0.000	0.000	0	0.000	0	0.000	0	0.000	0	0.000	0	0	0	0	0	0	0	0	0	0	0	0	0	0	0
125	125	643	1378.464	1537.063	0.871	21	108	255	166	82	21	108	255	166	82	109.000	242.841	389	339	300	273	249	234	218	202	189	166	130	102.526	142.918	206	174	158	151	145	139	135	130	126	120	109	0	0	0.000	0.000	0	0.000	0.000	0	0.000	0	0.000	0	0.000	0	0.000	0	0	0	0	0	0	0	0	0	0	0	0	0	0	0
126	126	1228	1716.810	1603.422	0.892	38	293	616	226	35	38	293	616	226	35	108.652	363.901	915	515	484	456	432	375	316	260	202	166	132	102.084	157.862	211	191	184	178	172	166	157	141	123	113	105	0	0	0.000	0.000	0	0.000	0.000	0	0.000	0	0.000	0	0.000	0	0.000	0	0	0	0	0	0	0	0	0	0	0	0	0	0	0
127	127	1613	137.080	1630.170	0.839	42	889	544	88	10	42	889	544	88	10	105.521	190.704	346	296	269	248	216	178	141	119	113	111	107	100.957	128.472	171	157	151	145	138	129	115	107	105	104	102	0	0	0.000	0.000	0	0.000	0.000	0	0.000	0	0.000	0	0.000	0	0.000	0	0	0	0	0	0	0	0	0	0	0	0	0	0	0
128	128	1506	1650.727	1670.689	0.819	50	156	484	752	37	50	156	484	752	37	107.811	125.342	165	145	136	127	122	121	119	118	116	114	111	102.100	1144.364	2258	1921	1570	1380	1216	1055	922	811	694	583	296	2	51	1644.578	1679.131	57	1650.556	1663.565	153	153.059	154	153.825	986	996.196	768	782.088	0	0	0	0	0	0	0	0	0	0	0	0	0	0	0
129	129	1620	1032.946	1671.941	0.855	217	1102	245	14	7	217	1102	245	14	7	108.044	118.930	128	123	121	120	119	118	118	117	117	116	113	102.568	1515.080	2517	2080	1892	1750	1608	1484	1392	1284	1130	933	577	0	0	0.000	0.000	0	0.000	0.000	0	0.000	0	0.000	0	0.000	0	0.000	0	0	0	0	0	0	0	0	0	0	0	0	0	0	0
130	130	1731	442.051	1681.757	0.907	14	213	1090	356	28	14	213	1090	356	28	106.000	145.653	199	161	153	149	146	144	142	139	136	131	122	101.087	146.460	167	159	156	154	151	148	145	141	136	131	119	0	0	0.000	0.000	0	0.000	0.000	0	0.000	0	0.000	0	0.000	0	0.000	0	0	0	0	0	0	0	0	0	0	0	0	0	0	0
131	131	754	173.880	1671.327	0.905	51	261	323	97	11	51	261	323	97	11	106.000	155.879	253	224	202	181	161	142	126	119	115	112	108	101.000	122.586	156	147	141	136	128	118	111	107	106	105	102	0	0	0.000	0.000	0	0.000	0.000	0	0.000	0	0.000	0	0.000	0	0.000	0	0	0	0	0	0	0	0	0	0	0	0	0	0	0
132	132	1707	977.253	1693.080	0.885	65	236	1092	249	27	65	236	1092	249	27	108.786	118.617	127	122	121	120	119	119	118	117	117	116	111	103.000	1760.327	2646	2295	2192	2086	1972	1839	1713	1586	1361	1031	392	0	0	0.000	0.000	0	0.000	0.000	0	0.000	0	0.000	0	0.000	0	0.000	0	0	0	0	0	0	0	0	0	0	0	0	0	0	0
133	133	1915	90.748	1710.309	0.879	157	1162	448	90	30	157	1162	448	90	30	104.000	115.061	125	120	119	117	116	115	114	113	112	111	108	100.598	117.026	128	122	120	119	118	117	116	115	114	113	103	0	0	0.000	0.000	0	0.000	0.000	0	0.000	0	0.000	0	0.000	0	0.000	0	0	0	0	0	0	0	0	0	0	0	0	0	0	0
134	134	1615	415.185	1720.184	0.888	136	1127	241	63	23	136	1127	241	63	23	105.992	191.120	1041	288	171	160	155	151	145	141	135	130	112	101.974	142.758	178	160	156	151	147	144	140	136	130	124	102	1	135	409.981	1732.209	0	0.000	0.000	539	572.000	0	0.000	149	148.281	0	0.000	0	0	0	0	0	0	0	0	0	0	0	0	0	0	0
135	135	779	200.434	1718.147	0.901	52	91	281	291	49	52	91	281	291	49	105.828	116.904	129	123	121	119	117	116	115	114	113	112	109	102.000	855.522	1652	1296	1142	1026	922	830	746	671	565	439	257	0	0	0.000	0.000	0	0.000	0.000	0	0.000	0	0.000	0	0.000	0	0.000	0	0	0	0	0	0	0	0	0	0	0	0	0	0	0
136	136	1022	1500.670	1745.828	0.919	44	207	540	202	16	44	207	540	202	16	109.000	157.895	265	241	204	173	150	135	127	124	121	119	114	103.962	848.933	1684	1305	1090	937	834	767	710	661	621	565	379	0	0	0.000	0.000	0	0.000	0.000	0	0.000	0	0.000	0	0.000	0	0.000	0	0	0	0	0	0	0	0	0	0	0	0	0	0	0
137	137	1462	118.915	1757.591	0.917	54	411	789	162	26	54	411	789	162	26	103.295	112.055	120	116	114	113	112	112	111	111	110	109	105	101.000	117.553	136	124	122	119	118	117	116	115	114	112	107	0	0	0.000	0.000	0	0.000	0.000	0	0.000	0	0.000	0	0.000	0	0.000	0	0	0	0	0	0	0	0	0	0	0	0	0	0	0
138	138	2562	1704.267	1789.495	0.826	18	323	1812	359	15	18	323	1812	359	15	108.661	130.205	148	141	138	135	133	130	128	126	122	118	112	103.884	948.684	1340	1256	1195	1144	1093	1031	940	815	667	518	346	0	0	0.000	0.000	0	0.000	0.000	0	0.000	0	0.000	0	0.000	0	0.000	0	0	0	0	0	0	0	0	0	0	0	0	0	0	0
139	139	1655	87.185	1801.220	0.886	21	702	685	176	39	21	702	685	176	39	103.402	208.512	265	245	234	225	219	213	205	194	181	165	144	101.077	328.135	482	417	390	364	345	326	307	288	268	242	195	0	0	0.000	0.000	0	0.000	0.000	0	0.000	0	0.000	0	0.000	0	0.000	0	0	0	0	0	0	0	0	0	0	0	0	0	0	0
140	140	1384	920.155	1805.995	0.875	315	982	51	16	3	315	982	51	16	3	109.000	243.495	1313	412	221	204	194	188	174	166	157	147	133	103.000	630.049	965	888	833	784	730	668	592	509	402	303	238	1	128	924.189	1812.731	0	0.000	0.000	694	744.820	0	0.000	793	762.156	0	0.000	0	0	0	0	0	0	0	0	0	0	0	0	0	0	0
141	141	1575	968.793	1814.230	0.858	171	1267	97	16	9	171	1267	97	16	9	108.802	169.054	276	188	184	181	177	170	164	157	148	139	127	102.238	608.717	909	830	776	733	692	646	592	536	420	304	222	0	0	0.000	0.000	0	0.000	0.000	0	0.000	0	0.000	0	0.000	0	0.000	0	0	0	0	0	0	0	0	0	0	0	0	0	0	0
142	142	2151	1756.129	1819.997	0.869	271	1150	587	79	19	271	1150	587	79	19	109.000	1669.376	29143	3538	349	280	259	243	229	217	206	197	169	103.173	125.207	203	131	126	125	123	122	121	120	119	117	109	1	209	1737.364	1826.433	0	0.000	0.000	12293	13441.933	0	0.000	154	155.019	0	0.000	1	76	1737.555	1825.303	0	0	0	21457	20600.697	0	0	179	177.421	0	0
143	143	1929	1533.502	1825.801	0.899	368	970	413	77	60	368	970	413	77	60	109.006	362.781	2503	802	384	265	230	211	193	181	166	151	128	105.000	2600.481	4214	3612	3354	3160	2992	2804	2540	2191	1710	1289	526	1	224	1525.520	1825.152	0	0.000	0.000	1206	1314.161	0	0.000	3310	3362.705	0	0.000	0	0	0	0	0	0	0	0	0	0	0	0	0	0	0
144	144	2601	1679.394	1843.203	0.844	31	208	1212	1035	62	31	208	1212	1035	62	108.918	127.962	145	137	134	132	130	128	126	124	121	119	113	104.009	921.286	1338	1212	1173	1127	1066	988	901	777	641	503	260	0	0	0.000	0.000	0	0.000	0.000	0	0.000	0	0.000	0	0.000	0	0.000	0	0	0	0	0	0	0	0	0	0	0	0	0	0	0
145	145	2591	89.916	1852.631	0.847	49	110	1261	1038	81	49	110	1261	1038	81	103.372	212.846	297	267	249	237	226	213	202	188	175	156	136	100.906	355.443	525	483	449	425	399	372	339	300	252	197	152	0	0	0.000	0.000	0	0.000	0.000	0	0.000	0	0.000	0	0.000	0	0.000	0	0	0	0	0	0	0	0	0	0	0	0	0	0	0
146	146	800	1724.440	1856.910	0.872	40	262	320	155	11	40	262	320	155	11	108.998	232.428	781	364	231	213	206	199	190	180	173	167	149	104.000	123.606	139	131	128	126	125	123	122	121	119	117	112	1	61	1725.312	1847.515	0	0.000	0.000	534	545.426	0	0.000	129	129.033	0	0.000	0	0	0	0	0	0	0	0	0	0	0	0	0	0	0
147	147	1744	1703.982	1897.516	0.847	418	1168	72	39	25	418	1168	72	39	25	108.137	124.740	135	131	130	128	126	125	123	122	121	119	112	104.000	664.928	1044	924	841	772	714	659	605	551	493	436	220	0	0	0.000	0.000	0	0.000	0.000	0	0.000	0	0.000	0	0.000	0	0.000	0	0	0	0	0	0	0	0	0	0	0	0	0	0	0
148	148	1203	1530.187	1896.479	0.901	9	114	598	397	52	9	114	598	397	52	110.852	173.970	256	208	198	190	182	174	166	161	150	131	120	104.000	712.826	1020	927	878	831	793	757	698	627	524	430	321	0	0	0.000	0.000	0	0.000	0.000	0	0.000	0	0.000	0	0.000	0	0.000	0	0	0	0	0	0	0	0	0	0	0	0	0	0	0
149	149	1458	1238.705	1910.805	0.883	13	161	889	334	34	13	161	889	334	34	109.400	322.481	3291	489	270	226	209	201	195	188	174	157	136	105.449	125.430	249	135	129	126	125	123	122	121	120	118	110	1	108	1251.143	1921.117	0	0.000	0.000	1367	1534.954	0	0.000	131	131.333	0	0.000	0	0	0	0	0	0	0	0	0	0	0	0	0	0	0
150	150	1599	1561.261	1935.951	0.900	9	67	759	653	72	9	67	759	653	72	112.188	257.911	871	310	259	251	242	232	224	218	211	204	187	103.740	648.920	943	880	835	789	721	661	593	538	478	388	261	1	63	1553.149	1922.766	0	0.000	0.000	639	640.349	0	0.000	839	819.365	0	0.000	0	0	0	0	0	0	0	0	0	0	0	0	0	0	0
151	151	416	1682.601	1926.502	0.889	137	76	93	65	32	137	76	93	65	32	108.000	139.584	167	155	147	143	140	138	136	134	131	128	122	103.197	154.769	182	169	164	161	157	154	152	149	146	143	131	0	0	0.000	0.000	0	0.000	0.000	0	0.000	0	0.000	0	0.000	0	0.000	0	0	0	0	0	0	0	0	0	0	0	0	0	0	0
152	152	326	1216.881	1935.249	0.919	40	69	84	86	39	40	69	84	86	39	110.000	159.767	198	177	172	168	164	161	156	152	147	142	134	107.230	1058.457	1702	1391	1310	1241	1161	1099	1014	894	805	690	482	0	0	0.000	0.000	0	0.000	0.000	0	0.000	0	0.000	0	0.000	0	0.000	0	0	0	0	0	0	0	0	0	0	0	0	0	0	0
153	153	1664	1150.567	1950.424	0.837	874	397	206	134	30	874	397	206	134	30	109.851	276.710	1087	593	374	264	205	175	163	156	151	146	126	108.320	1161.103	1817	1603	1475	1385	1297	1211	1120	996	799	625	398	1	303	1153.016	1959.272	0	0.000	0.000	615	649.079	0	0.000	830	952.178	0	0.000	0	0	0	0	0	0	0	0	0	0	0	0	0	0	0
154	154	2799	1203.506	1973.199	0.899	873	1657	110	69	37	873	1657	110	69	37	109.528	419.837	1294	738	547	438	371	343	314	291	267	233	162	108.649	2394.917	3828	3472	3248	3027	2772	2510	2233	1912	1471	1071	630	1	185	1198.050	1975.371	0	0.000	0.000	1021	1026.800	0	0.000	2932	2680.476	0	0.000	0	0	0	0	0	0	0	0	0	0	0	0	0	0	0
155	155	1294	244.330	1982.028	0.878	55	492	649	63	8	55	492	649	63	8	103.098	111.221	122	115	113	112	111	111	110	110	109	108	106	100.038	703.114	1207	983	879	799	730	682	627	582	524	462	292	0	0	0.000	0.000	0	0.000	0.000	0	0.000	0	0.000	0	0.000	0	0.000	0	0	0	0	0	0	0	0	0	0	0	0	0	0	0
156	156	1289	1867.017	1994.464	0.893	370	751	100	36	12	370	751	100	36	12	105.554	119.133	143	132	126	122	118	116	115	114	113	112	108	101.000	115.231	132	121	119	117	116	115	114	113	112	110	103	1	26	1873.160	1993.850	0	0.000	0.000	139	139.000	0	0.000	123	123.423	0	0.000	0	0	0	0	0	0	0	0	0	0	0	0	0	0	0
157	157	2168	1102.132	2005.144	0.803	252	1345	488	45	4	252	1345	488	45	4	107.744	159.705	181	170	168	165	164	162	160	157	153	146	127	107.727	1644.776	2201	2002	1930	1859	1782	1701	1606	1507	1390	1232	600	0	0	0.000	0.000	0	0.000	0.000	0	0.000	0	0.000	0	0.000	0	0.000	0	0	0	0	0	0	0	0	0	0	0	0	0	0	0
