 	cell	area	x	y	circ	BFI_lev_b1	BFI_lev_b2	BFI_lev_b3	BFI_lev_b4	BFI_lev_b5	BFO_lev_b1	BFO_lev_b2	BFO_lev_b3	BFO_lev_b4	BFO_lev_b5	RFP_int_bg	RFP_int_mean	RFP_int_b0	RFP_int_b1	RFP_int_b2	RFP_int_b3	RFP_int_b4	RFP_int_b5	RFP_int_b6	RFP_int_b7	RFP_int_b8	RFP_int_b9	RFP_int_b10	GFP_int_bg	GFP_int_mean	GFP_int_b0	GFP_int_b1	GFP_int_b2	GFP_int_b3	GFP_int_b4	GFP_int_b5	GFP_int_b6	GFP_int_b7	GFP_int_b8	GFP_int_b9	GFP_int_b10	inRFPnfoci	f1_inRFParea	f1_inRFPx	f1_inRFPy	f2_inRFParea	f2_inRFPx	f2_inRFPy	f1_inRFP_toRFPmed	f1_inRFP_toRFPmean	f2_inRFP_toRFPmed	f2_inRFP_toRFPmean	f1_inRFP_toGFPmed	f1_inRFP_toGFPmean	f2_inRFP_toGFPmed	f2_inRFP_toGFPmean	inGFPnfoci	f1_inGFParea	f1_inGFPx	f1_inGFPy	f2_inGFParea	f2_inGFPx	f2_inGFPy	f1_inGFP_toRFPmed	f1_inGFP_toRFPmean	f2_inGFP_toRFPmed	f2_inGFP_toRFPmean	f1_inGFP_toGFPmed	f1_inGFP_toGFPmean	f2_inGFP_toGFPmed	f2_inGFP_toGFPmean
1	1	1757	1610.716	24.027	0.914	83	336	870	389	52	83	336	870	389	52	104.239	287.821	418	362	342	325	306	291	276	258	238	199	149	103.908	1860.756	3174	2747	2341	2176	2047	1895	1708	1529	1331	1029	509	0	0	0.000	0.000	0	0	0	0	0.000	0	0	0	0.000	0	0	0	0	0.000	0.000	0	0	0	0	0.000	0	0	0	0.000	0	0
2	2	1605	989.743	32.649	0.882	42	127	781	577	54	42	127	781	577	54	104.904	218.227	2220	362	137	122	121	119	116	115	113	111	107	102.000	144.456	202	173	165	159	150	142	136	131	124	117	104	1	147	997.590	24.792	0	0	0	989	1060.687	0	0	180	173.796	0	0	0	0	0.000	0.000	0	0	0	0	0.000	0	0	0	0.000	0	0
3	3	1727	884.075	45.987	0.879	11	118	319	1125	126	11	118	319	1125	126	104.510	196.021	1894	197	166	161	157	154	148	143	138	132	120	102.000	794.930	1186	1082	1001	945	877	812	740	659	577	483	361	1	86	875.685	36.563	0	0	0	848	905.523	0	0	1028	1015.721	0	0	0	0	0.000	0.000	0	0	0	0	0.000	0	0	0	0.000	0	0
4	4	1162	1036.922	46.638	0.909	66	62	471	508	43	66	62	471	508	43	105.000	115.713	128	121	119	117	116	115	114	113	112	111	108	101.066	153.198	184	172	168	165	161	157	151	144	136	128	121	0	0	0.000	0.000	0	0	0	0	0.000	0	0	0	0.000	0	0	0	0	0.000	0.000	0	0	0	0	0.000	0	0	0	0.000	0	0
5	5	1933	225.626	59.288	0.904	1207	413	219	48	20	1207	413	219	48	20	103.684	147.562	885	145	139	136	133	131	129	127	125	121	113	100.962	160.168	220	187	180	173	167	160	153	145	140	134	116	1	78	244.600	57.473	0	0	0	443	458.256	0	0	190	184.949	0	0	0	0	0.000	0.000	0	0	0	0	0.000	0	0	0	0.000	0	0
6	6	2074	1585.138	75.392	0.905	78	469	983	464	37	78	469	983	464	37	105.552	864.599	10267	2218	562	351	316	285	259	239	219	201	153	103.420	1450.465	2672	2163	1952	1756	1568	1389	1226	1092	991	810	454	1	217	1577.573	87.178	0	0	0	4603	5006.742	0	0	1900	1879.152	0	0	0	0	0.000	0.000	0	0	0	0	0.000	0	0	0	0.000	0	0
7	7	1574	1866.477	72.819	0.873	30	153	608	683	63	30	153	608	683	63	103.411	129.720	502	135	126	122	120	118	117	116	115	113	108	101.056	608.231	891	786	742	710	670	631	584	541	469	378	288	1	89	1868.615	61.677	0	0	0	261	280.056	0	0	747	740.281	0	0	0	0	0.000	0.000	0	0	0	0	0.000	0	0	0	0.000	0	0
8	8	342	870.370	80.477	0.931	29	67	119	87	36	29	67	119	87	36	105.216	143.985	156	153	150	148	147	145	143	141	138	133	123	101.278	520.251	695	657	622	584	546	526	500	469	428	384	293	0	0	0.000	0.000	0	0	0	0	0.000	0	0	0	0.000	0	0	0	0	0.000	0.000	0	0	0	0	0.000	0	0	0	0.000	0	0
9	9	1163	529.107	117.023	0.914	19	158	781	167	16	19	158	781	167	16	105.893	158.200	177	172	169	167	164	161	157	153	146	140	127	101.855	1733.277	2398	2269	2121	2008	1872	1744	1642	1509	1368	1178	753	0	0	0.000	0.000	0	0	0	0	0.000	0	0	0	0.000	0	0	0	0	0.000	0.000	0	0	0	0	0.000	0	0	0	0.000	0	0
10	10	1413	803.355	126.946	0.880	17	126	883	333	37	17	126	883	333	37	106.000	140.071	229	184	157	145	137	130	126	122	119	116	110	100.958	134.098	206	164	145	136	132	129	126	123	120	116	106	1	125	801.422	121.853	0	0	0	201	201.512	0	0	175	171.392	0	0	1	32	804.357	120.237	0	0	0	208	206.531	0	0	191	191.500	0	0
11	11	1325	1067.291	140.086	0.903	97	670	503	20	4	97	670	503	20	4	106.000	169.261	199	193	187	181	175	170	164	158	152	146	134	102.966	411.907	578	533	499	464	448	423	394	364	331	274	211	0	0	0.000	0.000	0	0	0	0	0.000	0	0	0	0.000	0	0	0	0	0.000	0.000	0	0	0	0	0.000	0	0	0	0.000	0	0
12	12	1792	1518.342	150.469	0.890	68	89	850	708	48	68	89	850	708	48	106.000	154.398	196	178	172	167	161	154	148	143	136	130	124	103.000	135.786	158	148	145	142	139	136	132	129	127	124	115	0	0	0.000	0.000	0	0	0	0	0.000	0	0	0	0.000	0	0	0	0	0.000	0.000	0	0	0	0	0.000	0	0	0	0.000	0	0
13	13	2213	1118.438	162.764	0.901	136	479	1317	180	53	136	479	1317	180	53	105.986	167.860	246	200	191	183	175	169	160	151	142	133	124	103.000	377.063	562	519	490	457	425	387	358	329	265	190	148	0	0	0.000	0.000	0	0	0	0	0.000	0	0	0	0.000	0	0	0	0	0.000	0.000	0	0	0	0	0.000	0	0	0	0.000	0	0
14	14	1420	530.589	162.285	0.912	62	106	723	471	32	62	106	723	471	32	105.739	148.477	213	177	163	154	149	144	140	136	131	127	120	102.882	1314.276	2465	2121	1808	1608	1446	1296	1174	980	796	553	342	0	0	0.000	0.000	0	0	0	0	0.000	0	0	0	0.000	0	0	0	0	0.000	0.000	0	0	0	0	0.000	0	0	0	0.000	0	0
15	15	1553	1189.744	183.848	0.891	21	175	882	420	32	21	175	882	420	32	106.848	206.191	237	230	225	221	218	214	207	197	186	171	146	103.277	2018.167	2684	2569	2439	2312	2173	2067	1916	1763	1615	1428	950	0	0	0.000	0.000	0	0	0	0	0.000	0	0	0	0.000	0	0	0	0	0.000	0.000	0	0	0	0	0.000	0	0	0	0.000	0	0
16	16	229	1491.494	176.132	0.939	41	59	88	32	4	41	59	88	32	4	106.000	119.031	125	123	121	121	120	119	118	117	117	116	114	103.000	115.148	128	121	119	117	116	115	114	113	112	111	107	0	0	0.000	0.000	0	0	0	0	0.000	0	0	0	0.000	0	0	0	0	0.000	0.000	0	0	0	0	0.000	0	0	0	0.000	0	0
17	17	2355	1913.937	196.440	0.895	35	129	860	1125	160	35	129	860	1125	160	105.000	169.011	320	199	185	177	173	167	159	151	143	135	123	102.000	1124.562	1729	1555	1476	1377	1298	1200	1079	904	740	570	396	1	20	1913.166	187.563	0	0	0	303	301.300	0	0	1182	1186.850	0	0	0	0	0.000	0.000	0	0	0	0	0.000	0	0	0	0.000	0	0
18	18	2031	1240.396	211.804	0.901	75	307	1136	438	37	75	307	1136	438	37	107.860	198.510	246	232	224	216	209	201	193	185	171	161	134	103.424	1727.898	2703	2450	2281	2145	1986	1821	1646	1432	1129	808	519	0	0	0.000	0.000	0	0	0	0	0.000	0	0	0	0.000	0	0	0	0	0.000	0.000	0	0	0	0	0.000	0	0	0	0.000	0	0
19	19	1487	1499.290	209.448	0.889	86	419	888	43	17	86	419	888	43	17	106.432	150.933	178	169	164	160	156	152	147	142	137	132	122	102.623	137.597	154	148	146	144	142	139	136	133	129	125	115	0	0	0.000	0.000	0	0	0	0	0.000	0	0	0	0.000	0	0	0	0	0.000	0.000	0	0	0	0	0.000	0	0	0	0.000	0	0
20	20	2795	1970.318	224.430	0.901	177	819	1473	265	10	177	819	1473	265	10	104.358	161.735	201	180	176	172	169	165	161	155	146	135	123	102.000	1217.907	1924	1662	1556	1478	1388	1276	1138	1007	874	640	394	0	0	0.000	0.000	0	0	0	0	0.000	0	0	0	0.000	0	0	0	0	0.000	0.000	0	0	0	0	0.000	0	0	0	0.000	0	0
21	21	1819	523.228	220.183	0.883	79	88	543	979	94	79	88	543	979	94	105.749	124.147	163	139	129	126	124	121	120	118	117	115	111	102.496	1329.209	2239	1954	1837	1709	1546	1383	1221	1011	780	550	404	1	35	519.633	212.629	0	0	0	156	155.429	0	0	2127	2052.171	0	0	0	0	0.000	0.000	0	0	0	0	0.000	0	0	0	0.000	0	0
22	22	880	1727.816	216.814	0.893	51	203	427	161	21	51	203	427	161	21	105.478	119.120	129	125	123	120	119	118	117	117	116	115	112	102.085	169.864	190	183	179	176	173	170	167	164	161	157	145	0	0	0.000	0.000	0	0	0	0	0.000	0	0	0	0.000	0	0	0	0	0.000	0.000	0	0	0	0	0.000	0	0	0	0.000	0	0
23	23	1477	1320.141	230.245	0.923	136	693	590	17	8	136	693	590	17	8	107.000	116.134	125	121	120	118	117	115	114	114	113	112	110	103.000	491.583	903	749	690	636	587	510	421	334	264	220	178	0	0	0.000	0.000	0	0	0	0	0.000	0	0	0	0.000	0	0	0	0	0.000	0.000	0	0	0	0	0.000	0	0	0	0.000	0	0
24	24	770	517.733	266.862	0.924	9	45	171	454	78	9	45	171	454	78	106.000	121.766	132	128	126	125	124	122	120	119	117	115	111	102.000	1250.140	1784	1679	1540	1428	1316	1226	1136	1073	998	886	540	0	0	0.000	0.000	0	0	0	0	0.000	0	0	0	0.000	0	0	0	0	0.000	0.000	0	0	0	0	0.000	0	0	0	0.000	0	0
25	25	1499	995.940	307.301	0.901	40	154	747	492	40	40	154	747	492	40	107.364	183.833	213	203	199	195	191	187	182	176	169	158	137	102.000	403.964	521	489	470	449	424	403	387	369	346	313	249	0	0	0.000	0.000	0	0	0	0	0.000	0	0	0	0.000	0	0	0	0	0.000	0.000	0	0	0	0	0.000	0	0	0	0.000	0	0
26	26	2412	964.413	351.091	0.891	42	274	1307	658	83	42	274	1307	658	83	107.745	1434.044	17440	4740	468	196	182	171	163	156	150	144	133	101.836	316.111	539	475	421	381	338	300	262	232	212	194	165	1	341	975.679	355.140	0	0	0	8081	8599.584	0	0	492	478.666	0	0	0	0	0.000	0.000	0	0	0	0	0.000	0	0	0	0.000	0	0
27	27	1914	201.385	371.146	0.911	204	1149	422	73	39	204	1149	422	73	39	105.000	126.210	145	139	134	131	127	124	122	120	119	117	110	101.000	137.888	178	153	148	143	139	136	133	131	129	125	116	0	0	0.000	0.000	0	0	0	0	0.000	0	0	0	0.000	0	0	0	0	0.000	0.000	0	0	0	0	0.000	0	0	0	0.000	0	0
28	28	1087	1870.754	383.999	0.899	224	487	312	33	12	224	487	312	33	12	107.000	1779.181	7657	3325	2171	1888	1636	1436	1253	1059	867	660	365	102.000	143.340	193	172	161	153	148	141	136	130	125	119	107	1	65	1871.279	379.983	0	0	0	5549	5621.431	0	0	168	167.185	0	0	0	0	0.000	0.000	0	0	0	0	0.000	0	0	0	0.000	0	0
29	29	627	161.620	395.004	0.903	19	105	269	181	41	19	105	269	181	41	104.526	198.321	265	245	233	226	221	207	190	172	157	142	123	101.000	144.183	175	163	159	155	151	146	142	137	130	119	108	0	0	0.000	0.000	0	0	0	0	0.000	0	0	0	0.000	0	0	0	0	0.000	0.000	0	0	0	0	0.000	0	0	0	0.000	0	0
30	30	1684	1517.721	436.513	0.906	54	153	912	492	41	54	153	912	492	41	107.000	155.789	879	164	150	145	142	140	138	135	133	127	117	102.820	704.138	998	910	861	819	775	722	671	603	535	467	357	1	61	1525.937	445.771	0	0	0	471	479.656	0	0	843	838.770	0	0	0	0	0.000	0.000	0	0	0	0	0.000	0	0	0	0.000	0	0
31	31	1406	1478.703	472.562	0.897	44	102	678	528	30	44	102	678	528	30	107.000	160.648	450	225	167	152	145	141	137	133	130	126	115	102.263	532.999	782	725	688	638	571	516	479	439	394	352	264	1	134	1469.021	472.187	0	0	0	300	307.933	0	0	703	679.590	0	0	0	0	0.000	0.000	0	0	0	0	0.000	0	0	0	0.000	0	0
32	32	2160	728.597	482.416	0.855	104	1025	915	68	7	104	1025	915	68	7	107.000	127.424	140	135	133	132	130	129	127	124	121	118	113	103.006	1357.722	2244	1913	1735	1628	1520	1411	1257	1134	981	728	397	0	0	0.000	0.000	0	0	0	0	0.000	0	0	0	0.000	0	0	0	0	0.000	0.000	0	0	0	0	0.000	0	0	0	0.000	0	0
33	33	1249	789.896	493.981	0.866	45	357	614	193	24	45	357	614	193	24	107.000	123.400	136	130	128	126	124	123	121	120	119	118	113	103.000	1154.865	1677	1525	1434	1328	1223	1141	1071	980	899	795	627	0	0	0.000	0.000	0	0	0	0	0.000	0	0	0	0.000	0	0	0	0	0.000	0.000	0	0	0	0	0.000	0	0	0	0.000	0	0
34	34	493	446.506	512.527	0.866	16	63	189	151	66	16	63	189	151	66	106.000	126.245	149	137	134	131	128	124	122	120	119	117	113	102.000	158.645	186	177	170	166	161	158	156	153	148	141	132	0	0	0.000	0.000	0	0	0	0	0.000	0	0	0	0.000	0	0	0	0	0.000	0.000	0	0	0	0	0.000	0	0	0	0.000	0	0
35	35	255	1480.354	505.262	0.935	44	68	73	48	19	44	68	73	48	19	107.000	123.431	134	129	128	127	126	125	123	121	118	115	112	102.000	223.471	376	316	291	267	239	212	191	172	156	144	126	0	0	0.000	0.000	0	0	0	0	0.000	0	0	0	0.000	0	0	0	0	0.000	0.000	0	0	0	0	0.000	0	0	0	0.000	0	0
36	36	1682	668.549	571.858	0.854	50	196	809	552	53	50	196	809	552	53	107.000	116.798	131	124	121	118	116	115	115	114	113	112	110	103.034	795.520	1281	1079	968	891	832	788	735	681	614	534	380	0	0	0.000	0.000	0	0	0	0	0.000	0	0	0	0.000	0	0	0	0	0.000	0.000	0	0	0	0	0.000	0	0	0	0.000	0	0
37	37	791	951.492	558.701	0.934	65	130	380	180	20	65	130	380	180	20	107.000	113.705	121	116	115	114	114	114	113	113	112	112	109	102.090	120.652	132	128	127	125	124	122	120	118	115	110	104	0	0	0.000	0.000	0	0	0	0	0.000	0	0	0	0.000	0	0	0	0	0.000	0.000	0	0	0	0	0.000	0	0	0	0.000	0	0
38	38	1493	915.146	582.214	0.883	27	127	485	763	58	27	127	485	763	58	106.865	118.869	134	127	124	121	119	118	116	115	114	113	109	102.222	122.211	136	129	127	125	124	122	121	119	117	115	108	0	0	0.000	0.000	0	0	0	0	0.000	0	0	0	0.000	0	0	0	0	0.000	0.000	0	0	0	0	0.000	0	0	0	0.000	0	0
39	39	546	2020.081	578.421	0.913	86	113	133	159	50	86	113	133	159	50	105.000	143.165	162	156	154	151	147	144	140	136	132	129	123	102.000	560.282	743	701	666	638	607	571	531	496	452	403	332	0	0	0.000	0.000	0	0	0	0	0.000	0	0	0	0.000	0	0	0	0	0.000	0.000	0	0	0	0	0.000	0	0	0	0.000	0	0
40	40	740	646.126	606.146	0.904	25	162	331	135	71	25	162	331	135	71	107.000	114.932	123	119	117	116	115	115	114	113	113	112	109	103.000	568.931	823	747	718	696	654	598	534	469	400	339	257	0	0	0.000	0.000	0	0	0	0	0.000	0	0	0	0.000	0	0	0	0	0.000	0.000	0	0	0	0	0.000	0	0	0	0.000	0	0
41	41	1974	1379.404	623.581	0.888	611	1181	96	32	11	611	1181	96	32	11	107.053	117.114	130	124	121	119	117	116	115	114	113	113	109	102.000	124.339	136	129	128	127	126	125	124	122	121	118	112	0	0	0.000	0.000	0	0	0	0	0.000	0	0	0	0.000	0	0	0	0	0.000	0.000	0	0	0	0	0.000	0	0	0	0.000	0	0
42	42	1691	171.624	630.454	0.912	33	472	951	185	25	33	472	951	185	25	104.587	111.582	123	115	113	113	112	111	111	110	110	109	105	102.047	131.206	148	140	137	135	134	132	130	128	125	121	107	0	0	0.000	0.000	0	0	0	0	0.000	0	0	0	0.000	0	0	0	0	0.000	0.000	0	0	0	0	0.000	0	0	0	0.000	0	0
43	43	1406	681.580	635.613	0.852	29	162	547	557	90	29	162	547	557	90	106.065	114.371	126	118	116	115	114	114	113	113	112	112	110	103.151	730.301	1101	934	862	816	775	741	688	634	583	527	355	0	0	0.000	0.000	0	0	0	0	0.000	0	0	0	0.000	0	0	0	0	0.000	0.000	0	0	0	0	0.000	0	0	0	0.000	0	0
44	44	472	1424.158	632.898	0.911	24	115	168	132	25	24	115	168	132	25	107.434	112.511	116	115	114	113	113	113	112	112	111	110	108	102.000	115.379	122	119	118	117	116	116	115	114	113	111	107	0	0	0.000	0.000	0	0	0	0	0.000	0	0	0	0.000	0	0	0	0	0.000	0.000	0	0	0	0	0.000	0	0	0	0.000	0	0
45	45	1344	422.731	644.480	0.893	68	205	629	367	44	68	205	629	367	44	106.000	132.374	201	169	144	133	127	124	122	120	118	116	111	103.000	1351.557	2064	1809	1693	1589	1442	1328	1228	1150	1046	907	598	0	0	0.000	0.000	0	0	0	0	0.000	0	0	0	0.000	0	0	0	0	0.000	0.000	0	0	0	0	0.000	0	0	0	0.000	0	0
46	46	2185	249.351	658.465	0.879	36	169	1109	734	90	36	169	1109	734	90	105.297	115.708	134	128	121	116	114	113	112	112	111	110	107	102.000	130.503	149	139	136	135	133	132	130	128	124	120	110	0	0	0.000	0.000	0	0	0	0	0.000	0	0	0	0.000	0	0	0	0	0.000	0.000	0	0	0	0	0.000	0	0	0	0.000	0	0
47	47	926	139.832	669.212	0.910	43	110	281	418	53	43	110	281	418	53	104.985	110.500	117	114	112	111	111	110	110	109	108	108	106	103.000	126.080	149	132	130	129	128	127	125	124	122	119	111	0	0	0.000	0.000	0	0	0	0	0.000	0	0	0	0.000	0	0	0	0	0.000	0.000	0	0	0	0	0.000	0	0	0	0.000	0	0
48	48	2569	193.861	687.781	0.871	1219	941	174	152	23	1219	941	174	152	23	105.000	116.128	125	120	119	118	117	116	115	114	113	112	108	102.712	136.330	160	146	143	140	138	136	134	132	131	128	116	0	0	0.000	0.000	0	0	0	0	0.000	0	0	0	0.000	0	0	0	0	0.000	0.000	0	0	0	0	0.000	0	0	0	0.000	0	0
49	49	1341	92.967	685.694	0.895	45	47	251	780	196	45	47	251	780	196	104.272	111.903	119	116	114	113	112	111	111	110	110	109	106	102.862	1447.520	2457	2087	1882	1707	1580	1442	1310	1159	982	827	620	0	0	0.000	0.000	0	0	0	0	0.000	0	0	0	0.000	0	0	0	0	0.000	0.000	0	0	0	0	0.000	0	0	0	0.000	0	0
50	50	2031	1560.342	699.225	0.872	46	377	1248	305	14	46	377	1248	305	14	107.673	117.656	128	122	120	119	118	117	117	116	115	114	110	102.821	177.694	219	202	194	188	184	179	174	168	162	151	132	0	0	0.000	0.000	0	0	0	0	0.000	0	0	0	0.000	0	0	0	0	0.000	0.000	0	0	0	0	0.000	0	0	0	0.000	0	0
51	51	1978	1627.484	695.343	0.893	40	246	1145	451	62	40	246	1145	451	62	108.000	120.087	171	133	122	119	117	116	116	115	114	113	110	102.397	178.784	230	209	201	195	189	183	175	165	154	141	127	1	244	1629.938	688.821	0	0	0	142	143.643	0	0	194	189.693	0	0	0	0	0.000	0.000	0	0	0	0	0.000	0	0	0	0.000	0	0
52	52	685	130.193	706.960	0.928	23	30	230	302	84	23	30	230	302	84	105.000	110.803	115	113	112	112	111	111	110	110	109	109	107	103.000	1500.831	2110	1943	1818	1713	1609	1499	1390	1296	1194	1072	745	0	0	0.000	0.000	0	0	0	0	0.000	0	0	0	0.000	0	0	0	0	0.000	0.000	0	0	0	0	0.000	0	0	0	0.000	0	0
53	53	578	1502.755	708.386	0.868	180	136	179	50	23	180	136	179	50	23	107.434	123.431	136	129	127	125	124	122	121	121	120	119	116	102.000	122.881	150	137	130	125	123	121	118	117	116	114	109	0	0	0.000	0.000	0	0	0	0	0.000	0	0	0	0.000	0	0	0	0	0.000	0.000	0	0	0	0	0.000	0	0	0	0.000	0	0
54	54	554	374.970	715.668	0.885	106	156	160	91	34	106	156	160	91	34	106.000	144.103	173	160	156	152	148	143	139	135	132	129	123	102.000	123.745	145	133	130	128	126	124	121	119	117	114	108	0	0	0.000	0.000	0	0	0	0	0.000	0	0	0	0.000	0	0	0	0	0.000	0.000	0	0	0	0	0.000	0	0	0	0.000	0	0
55	55	1797	74.986	738.715	0.879	83	166	797	663	57	83	166	797	663	57	104.017	111.718	118	114	114	113	112	112	111	111	110	109	106	102.381	1895.496	2873	2604	2446	2316	2133	1974	1799	1569	1318	1009	720	0	0	0.000	0.000	0	0	0	0	0.000	0	0	0	0.000	0	0	0	0	0.000	0.000	0	0	0	0	0.000	0	0	0	0.000	0	0
56	56	2527	1975.904	743.177	0.884	66	173	942	1214	82	66	173	942	1214	82	106.142	115.285	127	122	120	117	116	114	113	112	111	110	108	101.440	200.580	254	230	222	215	209	202	195	187	180	170	134	0	0	0.000	0.000	0	0	0	0	0.000	0	0	0	0.000	0	0	0	0	0.000	0.000	0	0	0	0	0.000	0	0	0	0.000	0	0
57	57	1862	1634.160	747.242	0.847	121	1497	203	13	9	121	1497	203	13	9	108.000	113.905	121	116	115	115	114	114	113	113	112	112	109	102.349	627.421	963	876	828	776	727	659	590	497	401	323	224	0	0	0.000	0.000	0	0	0	0	0.000	0	0	0	0.000	0	0	0	0	0.000	0.000	0	0	0	0	0.000	0	0	0	0.000	0	0
58	58	1709	121.078	771.622	0.902	47	119	510	900	105	47	119	510	900	105	104.945	113.809	134	119	116	114	114	113	112	112	111	110	107	102.936	894.768	1458	1223	1148	1076	1012	944	856	751	621	469	325	1	156	114.942	765.154	0	0	0	123	123.968	0	0	900	930.840	0	0	0	0	0.000	0.000	0	0	0	0	0.000	0	0	0	0.000	0	0
59	59	1856	1572.484	772.297	0.873	21	93	870	785	51	21	93	870	785	51	108.000	115.511	124	119	118	117	116	115	114	114	113	113	109	102.809	658.309	982	866	806	741	694	648	601	557	514	475	369	0	0	0.000	0.000	0	0	0	0	0.000	0	0	0	0.000	0	0	0	0	0.000	0.000	0	0	0	0	0.000	0	0	0	0.000	0	0
60	60	507	48.763	773.505	0.896	60	55	151	199	33	60	55	151	199	33	103.179	112.022	118	115	114	113	113	112	112	111	110	109	107	101.450	2025.913	2520	2387	2309	2250	2184	2104	1999	1868	1730	1547	1067	0	0	0.000	0.000	0	0	0	0	0.000	0	0	0	0.000	0	0	0	0	0.000	0.000	0	0	0	0	0.000	0	0	0	0.000	0	0
61	61	1702	1942.351	791.109	0.892	311	719	532	68	36	311	719	532	68	36	106.635	113.290	126	119	115	114	113	112	112	111	111	110	108	102.000	191.593	246	230	220	211	203	194	183	172	163	150	137	0	0	0.000	0.000	0	0	0	0	0.000	0	0	0	0.000	0	0	0	0	0.000	0.000	0	0	0	0	0.000	0	0	0	0.000	0	0
62	62	1143	77.199	791.917	0.910	309	518	158	101	43	309	518	158	101	43	103.710	114.247	127	120	118	117	115	114	112	111	110	109	107	102.012	716.810	1068	998	931	861	802	730	653	575	503	428	297	0	0	0.000	0.000	0	0	0	0	0.000	0	0	0	0.000	0	0	0	0	0.000	0.000	0	0	0	0	0.000	0	0	0	0.000	0	0
63	63	2425	622.737	816.837	0.879	58	833	1202	248	35	58	833	1202	248	35	108.000	479.137	6617	1034	211	173	152	144	139	136	131	125	116	102.438	128.245	163	137	134	132	129	128	125	123	121	119	110	1	230	606.943	822.380	0	0	0	2941	3197.161	0	0	144	144.370	0	0	0	0	0.000	0.000	0	0	0	0	0.000	0	0	0	0.000	0	0
64	64	1340	675.907	806.612	0.895	35	268	554	390	64	35	268	554	390	64	108.000	164.816	1435	181	139	135	132	130	127	125	123	121	117	101.999	126.324	141	134	132	130	128	126	125	123	121	118	112	1	72	679.256	794.097	0	0	0	625	652.708	0	0	132	131.917	0	0	0	0	0.000	0.000	0	0	0	0	0.000	0	0	0	0.000	0	0
65	65	509	1609.306	800.253	0.923	41	191	202	51	10	41	191	202	51	10	107.984	115.589	123	119	118	117	116	115	115	114	113	113	110	102.008	553.705	793	674	634	611	586	559	526	492	469	422	304	0	0	0.000	0.000	0	0	0	0	0.000	0	0	0	0.000	0	0	0	0	0.000	0.000	0	0	0	0	0.000	0	0	0	0.000	0	0
66	66	647	536.086	833.555	0.925	21	58	147	303	103	21	58	147	303	103	107.000	121.124	129	125	124	123	122	121	120	119	118	117	113	103.000	302.414	380	361	351	340	330	314	293	271	250	228	190	0	0	0.000	0.000	0	0	0	0	0.000	0	0	0	0.000	0	0	0	0	0.000	0.000	0	0	0	0	0.000	0	0	0	0.000	0	0
67	67	1839	1906.782	843.440	0.905	26	65	300	1213	212	26	65	300	1213	212	107.000	112.927	123	116	114	113	113	112	112	112	111	111	107	102.000	197.243	258	238	229	220	209	198	188	176	164	154	137	0	0	0.000	0.000	0	0	0	0	0.000	0	0	0	0.000	0	0	0	0	0.000	0.000	0	0	0	0	0.000	0	0	0	0.000	0	0
68	68	1469	468.131	842.465	0.899	82	217	801	310	27	82	217	801	310	27	107.000	186.106	233	209	204	199	193	187	179	173	167	162	148	102.000	119.526	132	123	122	121	120	120	119	118	117	116	108	0	0	0.000	0.000	0	0	0	0	0.000	0	0	0	0.000	0	0	0	0	0.000	0.000	0	0	0	0	0.000	0	0	0	0.000	0	0
69	69	1939	564.061	874.893	0.868	43	263	1102	487	22	43	263	1102	487	22	107.000	134.238	155	145	141	138	136	135	133	130	127	123	113	102.875	411.830	629	569	528	486	448	411	371	330	299	266	208	0	0	0.000	0.000	0	0	0	0	0.000	0	0	0	0.000	0	0	0	0	0.000	0.000	0	0	0	0	0.000	0	0	0	0.000	0	0
70	70	1064	628.922	868.124	0.904	14	127	799	112	6	14	127	799	112	6	107.758	136.956	154	147	143	141	140	138	136	134	131	126	114	102.575	128.592	142	135	133	132	130	129	128	126	124	122	111	0	0	0.000	0.000	0	0	0	0	0.000	0	0	0	0.000	0	0	0	0	0.000	0.000	0	0	0	0	0.000	0	0	0	0.000	0	0
71	71	1736	1593.810	917.823	0.853	64	362	1040	210	30	64	362	1040	210	30	108.400	159.635	294	180	174	169	162	158	154	150	142	134	123	102.000	139.466	157	150	147	146	144	142	140	136	131	123	108	0	0	0.000	0.000	0	0	0	0	0.000	0	0	0	0.000	0	0	0	0	0.000	0.000	0	0	0	0	0.000	0	0	0	0.000	0	0
72	72	1528	1936.229	934.097	0.911	25	305	844	279	42	25	305	844	279	42	106.971	155.126	178	170	166	162	159	156	153	150	145	138	126	101.928	139.301	156	150	147	145	142	140	137	135	132	129	115	0	0	0.000	0.000	0	0	0	0	0.000	0	0	0	0.000	0	0	0	0	0.000	0.000	0	0	0	0	0.000	0	0	0	0.000	0	0
73	73	482	1897.882	925.489	0.931	39	76	138	169	44	39	76	138	169	44	107.000	125.635	135	131	130	128	127	126	125	123	121	120	115	102.000	119.369	131	126	124	122	121	119	118	116	115	113	110	0	0	0.000	0.000	0	0	0	0	0.000	0	0	0	0.000	0	0	0	0	0.000	0.000	0	0	0	0	0.000	0	0	0	0.000	0	0
74	74	1938	242.422	960.110	0.916	204	801	693	178	23	204	801	693	178	23	105.002	516.817	8954	846	252	194	184	178	171	163	156	149	130	102.000	120.248	133	126	124	123	122	121	119	118	116	114	106	1	148	239.088	958.987	0	0	0	3577	3924.304	0	0	125	125.169	0	0	0	0	0.000	0.000	0	0	0	0	0.000	0	0	0	0.000	0	0
75	75	1932	752.111	965.323	0.867	44	362	1310	162	19	44	362	1310	162	19	108.690	291.778	490	374	348	325	310	293	276	258	237	202	170	104.218	656.480	996	921	847	771	712	658	607	547	487	393	282	0	0	0.000	0.000	0	0	0	0	0.000	0	0	0	0.000	0	0	0	0	0.000	0.000	0	0	0	0	0.000	0	0	0	0.000	0	0
76	76	1347	189.679	961.550	0.917	38	240	734	284	27	38	240	734	284	27	105.036	242.677	2763	238	195	182	173	167	164	160	156	151	141	101.813	119.989	141	127	124	122	120	119	118	117	116	114	109	1	74	192.563	946.962	0	0	0	1134	1251.703	0	0	131	130.459	0	0	0	0	0.000	0.000	0	0	0	0	0.000	0	0	0	0.000	0	0
77	77	639	556.567	957.395	0.919	36	143	305	129	12	36	143	305	129	12	107.998	118.122	126	123	121	119	119	118	117	116	116	114	110	104.023	432.505	586	538	510	489	462	435	410	383	353	320	258	0	0	0.000	0.000	0	0	0	0	0.000	0	0	0	0.000	0	0	0	0	0.000	0.000	0	0	0	0	0.000	0	0	0	0.000	0	0
78	78	1454	685.376	985.810	0.909	26	77	607	686	32	26	77	607	686	32	108.743	118.694	127	123	122	120	119	118	118	117	116	115	111	104.976	825.346	1138	1026	957	917	871	833	786	744	703	617	423	0	0	0.000	0.000	0	0	0	0	0.000	0	0	0	0.000	0	0	0	0	0.000	0.000	0	0	0	0	0.000	0	0	0	0.000	0	0
79	79	1462	1957.089	989.584	0.906	9	189	814	398	25	9	189	814	398	25	106.978	151.582	170	164	162	159	156	153	149	146	142	137	129	100.885	137.118	157	147	144	142	140	137	135	132	130	127	120	0	0	0.000	0.000	0	0	0	0	0.000	0	0	0	0.000	0	0	0	0	0.000	0.000	0	0	0	0	0.000	0	0	0	0.000	0	0
80	80	2505	559.041	1004.161	0.841	936	1208	234	76	12	936	1208	234	76	12	109.106	1113.426	12794	3921	493	170	138	131	128	125	122	119	114	105.592	624.727	980	897	826	764	701	636	569	498	422	335	232	1	369	547.130	1015.949	0	0	0	5807	6330.217	0	0	905	872.404	0	0	0	0	0.000	0.000	0	0	0	0	0.000	0	0	0	0.000	0	0
81	81	2525	807.888	996.697	0.843	21	236	1523	645	53	21	236	1523	645	53	108.768	442.760	5728	400	363	345	325	305	284	262	233	202	155	104.725	629.869	894	831	788	747	712	664	602	535	468	381	234	1	127	794.823	1012.686	0	0	0	2668	2888.638	0	0	826	806.811	0	0	0	0	0.000	0.000	0	0	0	0	0.000	0	0	0	0.000	0	0
82	82	1905	611.188	1026.194	0.903	659	983	157	65	19	659	983	157	65	19	109.581	131.377	147	139	137	135	133	132	130	127	125	124	117	106.241	603.710	989	844	757	693	636	584	540	498	467	410	244	0	0	0.000	0.000	0	0	0	0	0.000	0	0	0	0.000	0	0	0	0	0.000	0.000	0	0	0	0	0.000	0	0	0	0.000	0	0
83	83	2195	666.913	1037.920	0.875	553	1386	119	80	34	553	1386	119	80	34	109.469	120.322	131	125	124	122	121	120	119	118	117	116	112	105.994	686.277	1148	1018	914	829	746	666	597	532	459	388	302	0	0	0.000	0.000	0	0	0	0	0.000	0	0	0	0.000	0	0	0	0	0.000	0.000	0	0	0	0	0.000	0	0	0	0.000	0	0
84	84	2005	774.460	1047.305	0.878	62	643	1008	200	35	62	643	1008	200	35	109.993	294.561	370	348	334	319	307	294	283	271	259	244	188	105.516	616.474	889	788	733	696	656	619	575	534	489	445	332	0	0	0.000	0.000	0	0	0	0	0.000	0	0	0	0.000	0	0	0	0	0.000	0.000	0	0	0	0	0.000	0	0	0	0.000	0	0
85	85	1870	830.552	1049.759	0.890	30	237	1205	345	20	30	237	1205	345	20	108.656	197.065	407	234	221	212	201	189	178	172	167	159	140	104.663	420.926	680	592	539	493	449	414	377	336	309	275	194	1	16	836.916	1052.166	0	0	0	374	368.375	0	0	333	336.562	0	0	0	0	0.000	0.000	0	0	0	0	0.000	0	0	0	0.000	0	0
86	86	2065	520.151	1048.596	0.884	423	1018	343	206	26	423	1018	343	206	26	109.333	131.462	261	153	130	127	125	124	123	122	120	119	115	105.497	656.079	1083	940	854	778	708	645	587	529	469	379	291	1	162	504.169	1040.564	0	0	0	198	200.463	0	0	578	586.525	0	0	0	0	0.000	0.000	0	0	0	0	0.000	0	0	0	0.000	0	0
87	87	338	1195.393	1043.577	0.914	24	88	125	87	9	24	88	125	87	9	109.000	153.178	176	168	164	160	157	153	150	148	144	138	129	103.000	2034.109	2877	2731	2574	2397	2251	2071	1936	1769	1528	1241	854	0	0	0.000	0.000	0	0	0	0	0.000	0	0	0	0.000	0	0	0	0	0.000	0.000	0	0	0	0	0.000	0	0	0	0.000	0	0
88	88	2489	1162.158	1066.495	0.900	66	345	1259	714	57	66	345	1259	714	57	108.368	223.434	279	269	263	252	241	227	213	200	185	169	146	103.908	4712.426	6969	6426	6032	5647	5376	5004	4487	3914	3316	2598	1566	0	0	0.000	0.000	0	0	0	0	0.000	0	0	0	0.000	0	0	0	0	0.000	0.000	0	0	0	0	0.000	0	0	0	0.000	0	0
89	89	2165	457.618	1068.377	0.887	29	705	1077	269	44	29	705	1077	269	44	107.716	123.964	259	130	126	123	122	121	119	118	117	116	111	103.532	650.607	902	827	787	754	718	677	632	584	517	417	279	1	75	469.075	1082.351	0	0	0	190	191.813	0	0	608	595.133	0	0	0	0	0.000	0.000	0	0	0	0	0.000	0	0	0	0.000	0	0
90	90	1496	709.358	1068.807	0.896	31	85	589	674	96	31	85	589	674	96	109.337	118.816	125	122	121	120	119	119	118	117	117	116	112	105.000	482.007	701	625	598	560	518	481	448	413	372	330	254	0	0	0.000	0.000	0	0	0	0	0.000	0	0	0	0.000	0	0	0	0	0.000	0.000	0	0	0	0	0.000	0	0	0	0.000	0	0
91	91	1667	884.153	1069.629	0.899	46	373	1051	164	10	46	373	1051	164	10	107.941	189.493	509	226	206	197	188	181	175	167	159	148	130	102.675	521.142	895	743	687	641	596	542	473	401	324	274	200	1	39	883.310	1081.640	0	0	0	401	400.154	0	0	563	542.795	0	0	0	0	0.000	0.000	0	0	0	0	0.000	0	0	0	0.000	0	0
92	92	2192	981.426	1083.372	0.885	12	118	1164	777	82	12	118	1164	777	82	108.508	132.647	161	147	140	137	133	131	129	127	124	121	115	104.545	1353.262	1958	1782	1678	1616	1531	1421	1297	1154	990	791	449	0	0	0.000	0.000	0	0	0	0	0.000	0	0	0	0.000	0	0	0	0	0.000	0.000	0	0	0	0	0.000	0	0	0	0.000	0	0
93	93	1839	1105.555	1083.095	0.906	66	457	1117	154	15	66	457	1117	154	15	109.000	200.021	271	248	236	225	211	199	187	174	163	154	137	104.000	3757.322	6467	5794	5135	4822	4389	3886	3382	2754	2174	1587	1047	0	0	0.000	0.000	0	0	0	0	0.000	0	0	0	0.000	0	0	0	0	0.000	0.000	0	0	0	0	0.000	0	0	0	0.000	0	0
94	94	1028	542.217	1085.492	0.904	100	614	225	64	11	100	614	225	64	11	109.810	124.015	132	128	127	126	125	124	123	122	121	119	115	105.879	1104.313	1652	1546	1456	1357	1265	1137	997	865	740	636	425	0	0	0.000	0.000	0	0	0	0	0.000	0	0	0	0.000	0	0	0	0	0.000	0.000	0	0	0	0	0.000	0	0	0	0.000	0	0
95	95	833	925.047	1082.532	0.912	40	321	246	142	64	40	321	246	142	64	108.000	165.004	198	191	186	181	173	166	160	152	144	135	125	103.369	351.220	529	490	457	423	387	353	318	281	244	209	168	0	0	0.000	0.000	0	0	0	0	0.000	0	0	0	0.000	0	0	0	0	0.000	0.000	0	0	0	0	0.000	0	0	0	0.000	0	0
96	96	2053	1541.478	1100.965	0.902	932	954	101	24	7	932	954	101	24	7	109.882	127.713	147	138	135	132	129	127	124	122	121	119	113	102.057	895.898	1502	1192	1096	1018	953	893	841	777	699	598	365	0	0	0.000	0.000	0	0	0	0	0.000	0	0	0	0.000	0	0	0	0	0.000	0.000	0	0	0	0	0.000	0	0	0	0.000	0	0
97	97	1627	821.720	1103.155	0.894	20	152	741	606	86	20	152	741	606	86	108.610	235.708	282	266	257	252	247	241	232	222	214	200	163	103.895	650.053	857	782	745	722	700	670	633	593	546	491	360	0	0	0.000	0.000	0	0	0	0	0.000	0	0	0	0.000	0	0	0	0	0.000	0.000	0	0	0	0	0.000	0	0	0	0.000	0	0
98	98	2007	773.214	1115.493	0.865	116	953	829	68	6	116	953	829	68	6	109.083	319.055	419	380	364	352	339	327	314	299	278	238	175	104.152	669.080	931	854	802	766	735	708	669	612	529	415	250	0	0	0.000	0.000	0	0	0	0	0.000	0	0	0	0.000	0	0	0	0	0.000	0.000	0	0	0	0	0.000	0	0	0	0.000	0	0
99	99	1660	571.329	1116.965	0.913	105	143	638	668	82	105	143	638	668	82	109.168	201.273	1609	340	139	128	126	125	124	122	121	119	114	105.722	1176.225	1873	1658	1514	1397	1281	1201	1079	985	876	650	399	1	166	580.231	1105.812	0	0	0	750	801.608	0	0	1591	1558.127	0	0	0	0	0.000	0.000	0	0	0	0	0.000	0	0	0	0.000	0	0
100	100	2668	1031.093	1124.536	0.888	638	1825	113	61	10	638	1825	113	61	10	108.985	137.930	195	170	153	139	136	133	130	126	123	120	114	104.780	1482.157	2240	2038	1926	1798	1680	1566	1441	1270	1022	732	476	1	12	1036.008	1136.011	0	0	0	188	186.167	0	0	1473	1476.917	0	0	0	0	0.000	0.000	0	0	0	0	0.000	0	0	0	0.000	0	0
101	101	1327	721.526	1114.190	0.878	14	89	527	622	42	14	89	527	622	42	109.000	118.049	128	122	120	119	118	118	117	116	116	115	112	104.058	449.609	668	598	559	521	490	467	432	388	340	273	199	0	0	0.000	0.000	0	0	0	0	0.000	0	0	0	0.000	0	0	0	0	0.000	0.000	0	0	0	0	0.000	0	0	0	0.000	0	0
102	102	1512	482.288	1116.638	0.884	73	98	452	754	100	73	98	452	754	100	107.382	124.067	405	127	119	118	117	116	115	114	114	113	111	103.552	458.173	698	628	583	543	510	466	420	370	335	274	206	1	82	485.599	1124.321	0	0	0	226	236.902	0	0	655	640.073	0	0	0	0	0.000	0.000	0	0	0	0	0.000	0	0	0	0.000	0	0
103	103	2050	966.567	1134.608	0.901	270	1521	208	23	8	270	1521	208	23	8	108.377	123.363	140	131	128	126	124	122	121	120	119	118	113	104.580	1165.064	1945	1679	1499	1355	1247	1146	1053	956	841	689	407	0	0	0.000	0.000	0	0	0	0	0.000	0	0	0	0.000	0	0	0	0	0.000	0.000	0	0	0	0	0.000	0	0	0	0.000	0	0
104	104	1579	622.690	1135.819	0.879	44	147	806	514	37	44	147	806	514	37	108.934	118.820	128	123	122	120	119	118	118	117	116	115	112	105.313	962.256	1516	1350	1221	1099	992	921	871	809	737	648	499	0	0	0.000	0.000	0	0	0	0	0.000	0	0	0	0.000	0	0	0	0	0.000	0.000	0	0	0	0	0.000	0	0	0	0.000	0	0
105	105	422	443.021	1133.986	0.922	57	108	205	40	1	57	108	205	40	1	107.000	112.711	117	115	114	113	113	113	112	112	111	111	109	102.453	212.374	295	266	250	238	227	212	199	186	176	162	131	0	0	0.000	0.000	0	0	0	0	0.000	0	0	0	0.000	0	0	0	0	0.000	0.000	0	0	0	0	0.000	0	0	0	0.000	0	0
106	106	630	667.999	1139.070	0.946	26	55	217	229	90	26	55	217	229	90	109.000	116.562	122	119	118	118	117	117	116	115	115	114	112	104.456	662.186	925	871	814	760	710	651	604	560	517	472	382	0	0	0.000	0.000	0	0	0	0	0.000	0	0	0	0.000	0	0	0	0	0.000	0.000	0	0	0	0	0.000	0	0	0	0.000	0	0
107	107	1846	1992.657	1174.940	0.900	41	49	392	1175	150	41	49	392	1175	150	107.262	369.505	5088	690	157	129	125	124	122	121	120	118	114	102.590	2502.865	3820	3378	3082	2858	2663	2482	2307	2174	1985	1668	906	1	180	1977.212	1173.420	0	0	0	2179	2364.389	0	0	3036	3000.061	0	0	0	0	0.000	0.000	0	0	0	0	0.000	0	0	0	0.000	0	0
108	108	1566	29.172	1187.095	0.872	18	97	511	815	95	18	97	511	815	95	102.174	109.676	127	113	111	110	110	109	108	108	107	107	105	99.777	484.983	721	665	627	599	571	532	474	393	304	235	192	2	12	13.006	1187.668	88	39.205	1175.571	115	114.500	119	119.375	621	615.667	472	447.920	0	0	0.000	0.000	0	0	0	0	0.000	0	0	0	0.000	0	0
109	109	1629	622.746	1200.548	0.895	974	284	226	98	32	974	284	226	98	32	108.000	188.622	237	215	205	197	192	188	182	178	172	166	151	103.914	857.409	1413	1246	1113	1020	933	837	765	690	601	513	352	0	0	0.000	0.000	0	0	0	0	0.000	0	0	0	0.000	0	0	0	0	0.000	0.000	0	0	0	0	0.000	0	0	0	0.000	0	0
110	110	379	1831.868	1196.967	0.944	8	65	121	139	36	8	65	121	139	36	108.045	118.203	126	122	121	119	119	118	117	117	116	115	112	103.000	665.356	911	850	816	768	717	663	620	573	528	480	391	0	0	0.000	0.000	0	0	0	0	0.000	0	0	0	0.000	0	0	0	0	0.000	0.000	0	0	0	0	0.000	0	0	0	0.000	0	0
111	111	2013	1960.016	1218.325	0.903	68	120	795	929	72	68	120	795	929	72	108.000	123.111	144	131	127	125	123	122	121	119	118	117	113	103.000	2760.476	3953	3734	3531	3347	3170	2964	2693	2372	1987	1444	816	0	0	0.000	0.000	0	0	0	0	0.000	0	0	0	0.000	0	0	0	0	0.000	0.000	0	0	0	0	0.000	0	0	0	0.000	0	0
112	112	257	49.862	1214.599	0.935	40	39	81	75	19	40	39	81	75	19	103.019	108.603	112	110	110	109	109	109	108	108	107	107	105	100.000	379.479	543	503	477	452	429	397	356	315	276	239	190	0	0	0.000	0.000	0	0	0	0	0.000	0	0	0	0.000	0	0	0	0	0.000	0.000	0	0	0	0	0.000	0	0	0	0.000	0	0
113	113	1366	1854.848	1228.826	0.886	13	57	338	749	178	13	57	338	749	178	109.000	128.305	148	138	135	132	129	128	126	124	122	120	114	103.896	1379.870	2017	1783	1675	1579	1489	1404	1309	1199	1085	948	710	0	0	0.000	0.000	0	0	0	0	0.000	0	0	0	0.000	0	0	0	0	0.000	0.000	0	0	0	0	0.000	0	0	0	0.000	0	0
114	114	545	484.328	1228.364	0.835	35	149	230	95	30	35	149	230	95	30	106.987	112.806	117	115	114	113	113	113	112	112	112	111	109	102.000	171.207	204	191	185	180	177	172	169	162	155	149	143	0	0	0.000	0.000	0	0	0	0	0.000	0	0	0	0.000	0	0	0	0	0.000	0.000	0	0	0	0	0.000	0	0	0	0.000	0	0
115	115	874	1642.574	1248.122	0.928	20	36	228	453	120	20	36	228	453	120	109.000	127.876	137	134	132	131	129	128	126	125	124	123	116	103.000	1469.172	2039	1839	1734	1634	1546	1463	1380	1278	1195	1121	962	0	0	0.000	0.000	0	0	0	0	0.000	0	0	0	0.000	0	0	0	0	0.000	0.000	0	0	0	0	0.000	0	0	0	0.000	0	0
116	116	1691	1428.529	1270.039	0.896	87	278	1037	227	28	87	278	1037	227	28	109.000	273.478	462	346	331	318	301	283	261	234	208	184	143	103.000	1449.943	3985	2075	1877	1721	1568	1392	1225	1095	954	848	685	0	0	0.000	0.000	0	0	0	0	0.000	0	0	0	0.000	0	0	0	0	0.000	0.000	0	0	0	0	0.000	0	0	0	0.000	0	0
117	117	1730	509.655	1268.963	0.890	47	365	914	354	27	47	365	914	354	27	106.121	114.828	123	118	117	116	115	115	114	114	113	112	108	102.236	194.843	250	228	214	205	198	192	187	181	177	168	149	0	0	0.000	0.000	0	0	0	0	0.000	0	0	0	0.000	0	0	0	0	0.000	0.000	0	0	0	0	0.000	0	0	0	0.000	0	0
118	118	1335	1849.486	1273.160	0.876	20	125	680	461	30	20	125	680	461	30	108.777	123.049	138	132	129	126	124	122	120	119	118	116	111	104.000	917.261	1597	1270	1158	1087	1018	944	844	750	637	524	374	0	0	0.000	0.000	0	0	0	0	0.000	0	0	0	0.000	0	0	0	0	0.000	0.000	0	0	0	0	0.000	0	0	0	0.000	0	0
119	119	1181	1664.836	1290.184	0.896	15	69	558	457	57	15	69	558	457	57	108.860	155.034	509	221	151	137	134	132	130	128	125	122	117	102.299	1268.548	2031	1676	1576	1508	1448	1377	1287	1106	888	645	426	1	128	1659.180	1276.541	0	0	0	306	316.609	0	0	1518	1468.969	0	0	0	0	0.000	0.000	0	0	0	0	0.000	0	0	0	0.000	0	0
120	120	485	1896.423	1283.884	0.787	53	160	181	51	25	53	160	181	51	25	108.000	121.089	129	126	124	123	122	121	120	119	118	117	113	103.909	1941.526	2802	2545	2423	2273	2105	1922	1762	1627	1494	1337	1225	0	0	0.000	0.000	0	0	0	0	0.000	0	0	0	0.000	0	0	0	0	0.000	0.000	0	0	0	0	0.000	0	0	0	0.000	0	0
121	121	1235	1840.306	1316.158	0.920	33	295	788	82	14	33	295	788	82	14	107.825	128.917	145	137	134	132	131	129	127	126	123	121	116	103.031	1538.702	2054	1907	1833	1772	1706	1639	1537	1406	1232	1008	536	0	0	0.000	0.000	0	0	0	0	0.000	0	0	0	0.000	0	0	0	0	0.000	0.000	0	0	0	0	0.000	0	0	0	0.000	0	0
122	122	2397	211.763	1329.955	0.878	427	1847	59	23	18	427	1847	59	23	18	105.971	411.423	5306	848	260	180	173	168	163	157	151	141	121	103.929	1107.039	1653	1461	1364	1281	1211	1138	1052	969	857	708	324	1	212	218.197	1325.550	0	0	0	2212	2470.986	0	0	1421	1408.816	0	0	0	0	0.000	0.000	0	0	0	0	0.000	0	0	0	0.000	0	0
123	123	411	1210.958	1330.240	0.932	21	52	172	131	29	21	52	172	131	29	109.331	168.547	190	186	181	177	174	170	166	161	155	151	138	102.000	143.888	162	157	154	151	148	146	142	139	135	129	120	0	0	0.000	0.000	0	0	0	0	0.000	0	0	0	0.000	0	0	0	0	0.000	0.000	0	0	0	0	0.000	0	0	0	0.000	0	0
124	124	1293	261.178	1356.078	0.911	67	171	288	636	103	67	171	288	636	103	106.404	171.254	203	190	186	181	176	171	167	164	160	150	130	103.905	1013.889	1563	1395	1317	1234	1142	1032	933	816	694	581	501	0	0	0.000	0.000	0	0	0	0	0.000	0	0	0	0.000	0	0	0	0	0.000	0.000	0	0	0	0	0.000	0	0	0	0.000	0	0
125	125	1164	168.213	1353.441	0.920	442	469	166	51	19	442	469	166	51	19	105.938	161.812	839	261	148	130	126	123	120	117	115	113	109	103.756	1478.435	2399	1966	1829	1715	1599	1519	1419	1311	1125	893	470	1	122	162.646	1367.062	0	0	0	410	439.098	0	0	1606	1530.082	0	0	0	0	0.000	0.000	0	0	0	0	0.000	0	0	0	0.000	0	0
126	126	2012	1191.678	1364.849	0.890	36	139	848	899	57	36	139	848	899	57	109.847	567.363	4951	1367	451	306	282	261	245	228	209	190	155	102.000	173.120	223	196	191	187	182	176	169	160	152	145	129	1	244	1182.466	1364.380	0	0	0	2322	2536.422	0	0	196	194.348	0	0	0	0	0.000	0.000	0	0	0	0	0.000	0	0	0	0.000	0	0
127	127	2399	1131.161	1374.201	0.862	28	295	1394	598	29	28	295	1394	598	29	109.145	352.115	3425	498	267	255	242	230	221	208	195	183	149	102.937	179.303	223	202	195	190	184	180	176	171	164	155	132	1	171	1143.955	1365.851	0	0	0	1572	1733.368	0	0	195	193.977	0	0	0	0	0.000	0.000	0	0	0	0	0.000	0	0	0	0.000	0	0
128	128	1480	173.463	1406.164	0.889	473	614	273	76	17	473	614	273	76	17	106.000	120.106	151	126	124	122	121	120	119	117	115	113	109	103.547	1595.631	2509	2201	2044	1886	1743	1623	1482	1330	1168	967	378	0	0	0.000	0.000	0	0	0	0	0.000	0	0	0	0.000	0	0	0	0	0.000	0.000	0	0	0	0	0.000	0	0	0	0.000	0	0
129	129	1305	1838.711	1402.509	0.920	43	188	617	386	39	43	188	617	386	39	108.000	147.599	167	161	158	154	151	147	144	141	139	135	125	103.000	737.032	1077	967	921	867	810	752	685	613	545	479	376	0	0	0.000	0.000	0	0	0	0	0.000	0	0	0	0.000	0	0	0	0	0.000	0.000	0	0	0	0	0.000	0	0	0	0.000	0	0
130	130	1372	359.146	1424.129	0.872	161	378	609	192	9	161	378	609	192	9	107.000	204.494	641	341	227	192	180	172	162	152	143	135	123	101.146	129.306	156	142	137	135	132	130	127	124	121	116	106	1	149	346.430	1432.820	0	0	0	431	443.054	0	0	126	125.738	0	0	0	0	0.000	0.000	0	0	0	0	0.000	0	0	0	0.000	0	0
131	131	2008	1887.451	1428.947	0.884	53	480	1080	335	32	53	480	1080	335	32	107.859	147.935	168	159	156	153	151	149	147	144	140	134	126	103.000	714.932	1075	948	890	829	769	704	652	607	561	489	358	0	0	0.000	0.000	0	0	0	0	0.000	0	0	0	0.000	0	0	0	0	0.000	0.000	0	0	0	0	0.000	0	0	0	0.000	0	0
132	132	1766	219.421	1428.501	0.868	1059	469	106	86	16	1059	469	106	86	16	105.986	112.280	118	115	114	113	113	112	111	111	111	110	108	103.434	549.418	850	722	663	614	580	543	503	473	441	390	282	0	0	0.000	0.000	0	0	0	0	0.000	0	0	0	0.000	0	0	0	0	0.000	0.000	0	0	0	0	0.000	0	0	0	0.000	0	0
133	133	1288	713.543	1428.741	0.908	109	520	524	110	4	109	520	524	110	4	108.000	134.520	199	162	149	140	133	128	124	122	120	118	113	102.000	129.922	166	147	140	134	130	127	125	123	120	118	111	2	51	716.481	1440.624	22	713.473	1423.640	179	179.745	173	171.773	154	153.078	149	148.591	0	0	0.000	0.000	0	0	0	0	0.000	0	0	0	0.000	0	0
134	134	1656	2006.169	1445.897	0.907	30	305	935	328	30	30	305	935	328	30	107.204	138.355	157	152	149	146	142	139	135	131	127	124	118	101.769	574.189	906	835	762	695	632	584	528	460	381	301	225	0	0	0.000	0.000	0	0	0	0	0.000	0	0	0	0.000	0	0	0	0	0.000	0.000	0	0	0	0	0.000	0	0	0	0.000	0	0
135	135	1669	1308.756	1521.755	0.898	19	112	946	532	30	19	112	946	532	30	109.000	232.074	597	295	244	233	225	220	214	205	189	171	138	102.500	973.438	1330	1228	1160	1086	1043	1003	949	884	816	674	379	1	41	1297.007	1527.020	0	0	0	514	507.854	0	0	1253	1237.683	0	0	0	0	0.000	0.000	0	0	0	0	0.000	0	0	0	0.000	0	0
136	136	1699	1102.147	1522.846	0.900	45	321	1002	260	32	45	321	1002	260	32	109.170	145.572	411	192	148	135	131	129	127	125	123	120	116	103.018	131.202	148	139	137	134	132	131	129	128	126	124	119	1	159	1108.936	1522.685	0	0	0	260	272.006	0	0	127	127.472	0	0	0	0	0.000	0.000	0	0	0	0	0.000	0	0	0	0.000	0	0
137	137	1366	1327.079	1571.748	0.915	34	462	640	180	20	34	462	640	180	20	108.954	188.664	458	212	202	196	190	184	179	175	168	157	137	102.000	655.467	964	858	807	760	718	682	641	574	492	409	288	1	14	1334.783	1561.947	0	0	0	368	358.286	0	0	847	836.071	0	0	0	0	0.000	0.000	0	0	0	0	0.000	0	0	0	0.000	0	0
138	138	1410	457.994	1569.776	0.913	40	340	755	232	20	40	340	755	232	20	106.580	114.220	121	118	116	115	115	114	113	113	112	111	109	102.000	587.511	780	729	703	670	635	600	567	528	480	414	324	0	0	0.000	0.000	0	0	0	0	0.000	0	0	0	0.000	0	0	0	0	0.000	0.000	0	0	0	0	0.000	0	0	0	0.000	0	0
139	139	2240	1022.832	1583.326	0.857	134	1000	896	166	14	134	1000	896	166	14	109.000	128.237	138	134	133	131	130	129	127	126	124	122	115	103.646	1792.293	3335	2474	2224	2002	1885	1762	1628	1485	1340	1218	672	0	0	0.000	0.000	0	0	0	0	0.000	0	0	0	0.000	0	0	0	0	0.000	0.000	0	0	0	0	0.000	0	0	0	0.000	0	0
140	140	2211	512.398	1582.601	0.906	68	357	1322	403	25	68	357	1322	403	25	107.218	114.278	126	119	116	115	114	114	113	113	112	111	108	102.561	729.452	1150	1050	971	894	813	735	660	579	492	405	268	0	0	0.000	0.000	0	0	0	0	0.000	0	0	0	0.000	0	0	0	0	0.000	0.000	0	0	0	0	0.000	0	0	0	0.000	0	0
141	141	2154	1076.088	1600.809	0.889	314	1513	219	38	32	314	1513	219	38	32	109.633	120.560	129	126	124	123	122	120	119	118	117	116	112	103.924	1217.753	2247	1875	1635	1454	1318	1206	1099	932	758	607	344	0	0	0.000	0.000	0	0	0	0	0.000	0	0	0	0.000	0	0	0	0	0.000	0.000	0	0	0	0	0.000	0	0	0	0.000	0	0
142	142	1960	1603.442	1600.113	0.906	309	699	846	53	10	309	699	846	53	10	107.992	119.705	149	133	124	120	118	117	116	115	114	112	108	101.712	247.113	413	337	308	288	267	243	217	196	181	167	144	1	396	1593.856	1606.274	0	0	0	132	132.487	0	0	272	270.783	0	0	0	0	0.000	0.000	0	0	0	0	0.000	0	0	0	0.000	0	0
143	143	272	549.405	1590.083	0.901	23	32	121	77	11	23	32	121	77	11	107.228	112.603	115	114	113	113	113	113	112	112	112	111	110	102.768	390.132	563	534	505	472	441	402	358	324	283	231	166	0	0	0.000	0.000	0	0	0	0	0.000	0	0	0	0.000	0	0	0	0	0.000	0.000	0	0	0	0	0.000	0	0	0	0.000	0	0
144	144	1924	1111.387	1648.092	0.893	99	757	977	30	5	99	757	977	30	5	109.122	121.134	131	127	125	123	122	121	120	119	117	116	112	103.054	1212.436	2189	1805	1598	1449	1300	1157	1044	940	835	705	498	0	0	0.000	0.000	0	0	0	0	0.000	0	0	0	0.000	0	0	0	0	0.000	0.000	0	0	0	0	0.000	0	0	0	0.000	0	0
145	145	1757	99.439	1659.209	0.910	55	655	889	106	21	55	655	889	106	21	103.866	114.367	122	118	117	116	115	114	114	113	112	111	108	101.000	1400.456	2124	1861	1730	1605	1510	1428	1336	1221	1081	894	626	0	0	0.000	0.000	0	0	0	0	0.000	0	0	0	0.000	0	0	0	0	0.000	0.000	0	0	0	0	0.000	0	0	0	0.000	0	0
146	146	620	1891.759	1675.557	0.860	94	235	188	80	11	94	235	188	80	11	108.000	782.271	6183	2276	811	399	344	315	290	261	226	186	135	101.242	155.019	194	181	173	166	160	156	153	148	141	124	107	1	99	1884.110	1673.920	0	0	0	2859	2989.535	0	0	159	158.545	0	0	0	0	0.000	0.000	0	0	0	0	0.000	0	0	0	0.000	0	0
147	147	506	1700.340	1697.090	0.894	38	44	247	151	15	38	44	247	151	15	109.000	193.223	235	222	213	207	202	196	191	183	172	160	139	103.644	1445.834	2297	1956	1775	1662	1574	1490	1411	1277	1094	856	479	0	0	0.000	0.000	0	0	0	0	0.000	0	0	0	0.000	0	0	0	0	0.000	0.000	0	0	0	0	0.000	0	0	0	0.000	0	0
148	148	1353	1751.193	1705.736	0.847	41	253	769	246	19	41	253	769	246	19	108.795	194.186	237	221	214	207	199	192	187	183	178	168	146	104.439	1607.699	2356	2154	2005	1858	1724	1591	1466	1355	1228	1089	893	0	0	0.000	0.000	0	0	0	0	0.000	0	0	0	0.000	0	0	0	0	0.000	0.000	0	0	0	0	0.000	0	0	0	0.000	0	0
149	149	823	1207.701	1721.960	0.842	49	242	352	143	18	49	242	352	143	18	109.000	208.045	981	253	200	193	189	184	178	171	163	153	136	101.463	127.330	158	136	133	131	129	127	125	124	121	118	111	1	48	1211.022	1731.273	0	0	0	541	553.500	0	0	131	133.458	0	0	0	0	0.000	0.000	0	0	0	0	0.000	0	0	0	0.000	0	0
150	150	1278	1708.627	1730.525	0.897	14	58	402	710	75	14	58	402	710	75	108.938	211.362	265	240	234	227	219	211	202	195	189	182	164	104.746	1933.489	2884	2569	2417	2276	2129	1983	1819	1648	1429	1195	941	0	0	0.000	0.000	0	0	0	0	0.000	0	0	0	0.000	0	0	0	0	0.000	0.000	0	0	0	0	0.000	0	0	0	0.000	0	0
151	151	1853	1785.724	1738.576	0.900	569	1195	26	24	9	569	1195	26	24	9	108.586	154.148	179	170	166	164	161	156	151	146	140	134	125	104.800	1988.956	2900	2637	2511	2381	2216	2030	1862	1692	1467	1222	848	0	0	0.000	0.000	0	0	0	0	0.000	0	0	0	0.000	0	0	0	0	0.000	0.000	0	0	0	0	0.000	0	0	0	0.000	0	0
152	152	1706	264.537	1770.086	0.878	72	167	695	674	65	72	167	695	674	65	105.898	143.769	189	168	159	153	147	142	137	133	127	123	113	102.250	1038.322	1537	1379	1297	1223	1148	1085	996	895	782	630	343	0	0	0.000	0.000	0	0	0	0	0.000	0	0	0	0.000	0	0	0	0	0.000	0.000	0	0	0	0	0.000	0	0	0	0.000	0	0
153	153	577	715.676	1760.402	0.889	166	237	117	34	9	166	237	117	34	9	108.733	155.586	186	175	171	165	160	156	151	146	141	136	127	102.000	123.075	139	132	129	127	125	123	121	119	117	114	108	0	0	0.000	0.000	0	0	0	0	0.000	0	0	0	0.000	0	0	0	0	0.000	0.000	0	0	0	0	0.000	0	0	0	0.000	0	0
154	154	1350	1261.709	1775.163	0.919	44	88	415	706	55	44	88	415	706	55	109.418	142.650	162	154	151	149	147	144	141	138	133	129	121	103.000	705.299	1040	974	917	869	805	746	662	570	473	382	278	0	0	0.000	0.000	0	0	0	0	0.000	0	0	0	0.000	0	0	0	0	0.000	0.000	0	0	0	0	0.000	0	0	0	0.000	0	0
155	155	1602	1212.599	1775.841	0.900	21	257	944	322	28	21	257	944	322	28	109.401	202.717	2085	223	157	152	148	144	139	133	128	123	117	102.583	710.332	2921	978	904	815	747	682	622	540	418	339	270	1	104	1219.120	1777.448	0	0	0	889	953.567	0	0	1471	1530.250	0	0	1	29	1218.434	1777.907	0	0	0	1497	1475.966	0	0	2257	2238.276	0	0
156	156	2085	578.479	1789.303	0.886	96	486	1142	292	22	96	486	1142	292	22	107.000	117.278	126	121	119	119	118	117	116	116	115	114	111	103.812	2067.322	3225	2821	2648	2480	2305	2102	1885	1677	1472	1261	741	0	0	0.000	0.000	0	0	0	0	0.000	0	0	0	0.000	0	0	0	0	0.000	0.000	0	0	0	0	0.000	0	0	0	0.000	0	0
157	157	1936	523.211	1794.963	0.884	59	512	1010	285	36	59	512	1010	285	36	106.927	116.104	126	119	118	117	116	116	115	115	114	113	111	104.000	2210.762	3335	2952	2765	2600	2463	2300	2132	1896	1630	1288	929	0	0	0.000	0.000	0	0	0	0	0.000	0	0	0	0.000	0	0	0	0	0.000	0.000	0	0	0	0	0.000	0	0	0	0.000	0	0
158	158	2166	812.359	1811.313	0.863	86	852	1021	149	21	86	852	1021	149	21	108.464	142.807	232	172	157	149	143	138	133	129	125	121	111	103.000	124.886	159	144	136	131	126	122	119	116	114	111	105	1	52	806.079	1816.760	0	0	0	210	209.000	0	0	151	149.423	0	0	0	0	0.000	0.000	0	0	0	0	0.000	0	0	0	0.000	0	0
159	159	1727	1240.475	1819.936	0.898	13	167	1075	404	37	13	167	1075	404	37	108.867	160.299	637	214	157	145	140	136	132	128	125	121	116	103.000	835.806	1647	1182	1118	1036	929	841	767	664	525	416	306	1	144	1252.153	1825.899	0	0	0	366	381.972	0	0	1275	1242.243	0	0	0	0	0.000	0.000	0	0	0	0	0.000	0	0	0	0.000	0	0
160	160	570	1232.066	1861.756	0.918	33	41	169	262	57	33	41	169	262	57	108.000	122.170	130	126	125	125	124	123	122	121	119	116	112	102.796	619.875	851	803	761	707	662	621	585	547	506	432	295	0	0	0.000	0.000	0	0	0	0	0.000	0	0	0	0.000	0	0	0	0	0.000	0.000	0	0	0	0	0.000	0	0	0	0.000	0	0
161	161	1684	496.935	1868.511	0.895	41	88	763	705	52	41	88	763	705	52	106.071	137.922	154	149	147	144	142	139	136	132	129	126	115	103.799	164.407	203	186	179	175	171	166	160	154	147	141	128	0	0	0.000	0.000	0	0	0	0	0.000	0	0	0	0.000	0	0	0	0	0.000	0.000	0	0	0	0	0.000	0	0	0	0.000	0	0
162	162	530	1368.534	1866.985	0.894	34	170	214	88	15	34	170	214	88	15	108.353	116.447	126	121	119	117	116	116	115	115	114	113	110	103.236	1135.855	1508	1410	1327	1275	1209	1141	1079	1019	947	862	703	0	0	0.000	0.000	0	0	0	0	0.000	0	0	0	0.000	0	0	0	0	0.000	0.000	0	0	0	0	0.000	0	0	0	0.000	0	0
163	163	629	856.166	1873.362	0.765	9	159	358	89	9	9	159	358	89	9	107.941	114.873	124	118	117	116	115	115	114	113	113	112	109	102.959	569.048	714	661	639	619	601	575	552	522	494	466	401	0	0	0.000	0.000	0	0	0	0	0.000	0	0	0	0.000	0	0	0	0	0.000	0.000	0	0	0	0	0.000	0	0	0	0.000	0	0
164	164	233	459.180	1872.288	0.909	15	48	69	79	21	15	48	69	79	21	105.906	132.906	141	139	137	136	134	133	132	130	129	127	123	103.850	158.077	170	166	164	163	161	160	157	155	152	148	140	0	0	0.000	0.000	0	0	0	0	0.000	0	0	0	0.000	0	0	0	0	0.000	0.000	0	0	0	0	0.000	0	0	0	0.000	0	0
165	165	1594	1404.712	1894.616	0.897	132	496	890	51	3	132	496	890	51	3	109.000	118.048	135	124	120	119	118	117	116	116	115	114	111	104.331	1754.132	2823	2445	2277	2095	1954	1788	1590	1430	1251	983	758	1	229	1410.025	1896.647	0	0	0	125	125.729	0	0	1823	1813.389	0	0	0	0	0.000	0.000	0	0	0	0	0.000	0	0	0	0.000	0	0
166	166	1571	909.185	1900.468	0.881	37	517	776	187	25	37	517	776	187	25	107.549	114.206	119	117	116	115	115	114	114	113	113	112	109	102.127	629.613	957	843	781	748	712	668	614	537	458	358	207	0	0	0.000	0.000	0	0	0	0	0.000	0	0	0	0.000	0	0	0	0	0.000	0.000	0	0	0	0	0.000	0	0	0	0.000	0	0
167	167	1577	548.196	1903.120	0.848	42	120	806	563	16	42	120	806	563	16	106.547	136.882	153	147	146	143	140	138	135	132	128	124	117	102.750	160.957	192	183	177	172	167	163	157	151	145	137	126	0	0	0.000	0.000	0	0	0	0	0.000	0	0	0	0.000	0	0	0	0	0.000	0.000	0	0	0	0	0.000	0	0	0	0.000	0	0
168	168	2185	348.370	1933.915	0.838	100	819	981	211	32	100	819	981	211	32	105.000	114.932	125	121	119	117	116	114	113	112	111	110	108	103.290	1054.694	1880	1628	1491	1377	1238	1083	922	741	586	431	272	0	0	0.000	0.000	0	0	0	0	0.000	0	0	0	0.000	0	0	0	0	0.000	0.000	0	0	0	0	0.000	0	0	0	0.000	0	0
169	169	1374	1445.561	1932.265	0.902	336	850	142	16	10	336	850	142	16	10	111.290	167.843	222	204	195	186	174	160	155	150	143	139	124	104.614	1181.663	2061	1731	1552	1428	1296	1165	1037	921	785	662	494	0	0	0.000	0.000	0	0	0	0	0.000	0	0	0	0.000	0	0	0	0	0.000	0.000	0	0	0	0	0.000	0	0	0	0.000	0	0
170	170	2271	1496.174	1934.371	0.888	150	903	1013	137	20	150	903	1013	137	20	112.649	233.717	281	262	254	247	242	237	230	221	212	200	185	104.268	1496.231	2364	2117	1977	1816	1650	1527	1401	1253	1094	792	264	0	0	0.000	0.000	0	0	0	0	0.000	0	0	0	0.000	0	0	0	0	0.000	0.000	0	0	0	0	0.000	0	0	0	0.000	0	0
171	171	2675	409.473	1957.588	0.831	129	543	1364	551	40	129	543	1364	551	40	105.161	115.403	127	121	120	117	116	114	114	113	112	111	108	103.697	1245.410	2134	1799	1648	1504	1378	1266	1138	1006	839	634	335	0	0	0.000	0.000	0	0	0	0	0.000	0	0	0	0.000	0	0	0	0	0.000	0.000	0	0	0	0	0.000	0	0	0	0.000	0	0
172	172	1976	1455.925	1984.451	0.896	158	1202	480	86	19	158	1202	480	86	19	113.253	247.314	291	279	273	266	257	248	238	232	224	214	194	103.962	1050.576	1946	1640	1478	1346	1210	1069	916	718	570	462	333	0	0	0.000	0.000	0	0	0	0	0.000	0	0	0	0.000	0	0	0	0	0.000	0.000	0	0	0	0	0.000	0	0	0	0.000	0	0
173	173	1800	341.979	1991.720	0.913	74	304	1053	311	18	74	304	1053	311	18	104.349	113.116	121	116	115	114	114	113	113	112	111	110	107	103.317	1504.229	2330	2081	1934	1814	1681	1504	1338	1209	1076	926	578	0	0	0.000	0.000	0	0	0	0	0.000	0	0	0	0.000	0	0	0	0	0.000	0.000	0	0	0	0	0.000	0	0	0	0.000	0	0
174	174	1643	259.862	1993.546	0.870	25	143	881	494	67	25	143	881	494	67	103.774	115.614	128	122	119	118	116	115	114	113	112	111	107	101.545	1231.110	2011	1799	1645	1496	1334	1196	1070	967	826	708	543	0	0	0.000	0.000	0	0	0	0	0.000	0	0	0	0.000	0	0	0	0	0.000	0.000	0	0	0	0	0.000	0	0	0	0.000	0	0
175	175	1609	29.324	1995.309	0.859	67	82	836	555	37	67	82	836	555	37	99.174	106.178	111	109	108	107	107	106	106	105	105	104	101	99.009	422.339	586	516	492	470	450	431	410	388	354	307	205	0	0	0.000	0.000	0	0	0	0	0.000	0	0	0	0.000	0	0	0	0	0.000	0.000	0	0	0	0	0.000	0	0	0	0.000	0	0
176	176	1282	383.763	2004.690	0.855	31	529	539	153	6	31	529	539	153	6	104.335	110.062	114	112	111	111	110	110	110	109	109	108	106	103.819	532.931	822	715	678	645	606	545	483	435	384	326	213	0	0	0.000	0.000	0	0	0	0	0.000	0	0	0	0.000	0	0	0	0	0.000	0.000	0	0	0	0	0.000	0	0	0	0.000	0	0
177	177	1724	1508.891	2004.474	0.913	47	325	678	537	101	47	325	678	537	101	114.008	283.570	301	291	289	287	285	283	281	280	279	277	270	103.647	291.482	445	381	359	336	308	283	261	244	228	210	176	0	0	0.000	0.000	0	0	0	0	0.000	0	0	0	0.000	0	0	0	0	0.000	0.000	0	0	0	0	0.000	0	0	0	0.000	0	0
178	178	2153	1992.474	2014.980	0.852	205	1760	143	8	5	205	1760	143	8	5	110.523	256.438	379	329	302	285	267	253	240	226	209	188	168	226.475	2182.587	4221	3500	3047	2690	2369	2092	1823	1556	1331	1040	607	0	0	0.000	0.000	0	0	0	0	0.000	0	0	0	0.000	0	0	0	0	0.000	0.000	0	0	0	0	0.000	0	0	0	0.000	0	0
179	179	454	299.670	1996.836	0.942	63	116	184	63	14	63	116	184	63	14	103.648	109.286	112	111	111	110	110	109	109	108	108	107	105	102.531	456.229	729	607	543	510	467	443	416	390	368	338	274	0	0	0.000	0.000	0	0	0	0	0.000	0	0	0	0.000	0	0	0	0	0.000	0.000	0	0	0	0	0.000	0	0	0	0.000	0	0
180	180	632	416.281	2005.797	0.904	14	106	149	289	65	14	106	149	289	65	104.293	110.593	117	113	112	112	111	110	110	109	109	108	106	103.467	928.653	1439	1329	1265	1198	1117	996	851	706	562	423	212	0	0	0.000	0.000	0	0	0	0	0.000	0	0	0	0.000	0	0	0	0	0.000	0.000	0	0	0	0	0.000	0	0	0	0.000	0	0
