 	cell	area	x	y	circ	BFI_lev_b1	BFI_lev_b2	BFI_lev_b3	BFI_lev_b4	BFI_lev_b5	BFO_lev_b1	BFO_lev_b2	BFO_lev_b3	BFO_lev_b4	BFO_lev_b5	RFP_int_bg	RFP_int_mean	RFP_int_b0	RFP_int_b1	RFP_int_b2	RFP_int_b3	RFP_int_b4	RFP_int_b5	RFP_int_b6	RFP_int_b7	RFP_int_b8	RFP_int_b9	RFP_int_b10	GFP_int_bg	GFP_int_mean	GFP_int_b0	GFP_int_b1	GFP_int_b2	GFP_int_b3	GFP_int_b4	GFP_int_b5	GFP_int_b6	GFP_int_b7	GFP_int_b8	GFP_int_b9	GFP_int_b10	inRFPnfoci	f1_inRFParea	f1_inRFPx	f1_inRFPy	f2_inRFParea	f2_inRFPx	f2_inRFPy	f1_inRFP_toRFPmed	f1_inRFP_toRFPmean	f2_inRFP_toRFPmed	f2_inRFP_toRFPmean	f1_inRFP_toGFPmed	f1_inRFP_toGFPmean	f2_inRFP_toGFPmed	f2_inRFP_toGFPmean	inGFPnfoci	f1_inGFParea	f1_inGFPx	f1_inGFPy	f2_inGFParea	f2_inGFPx	f2_inGFPy	f1_inGFP_toRFPmed	f1_inGFP_toRFPmean	f2_inGFP_toRFPmed	f2_inGFP_toRFPmean	f1_inGFP_toGFPmed	f1_inGFP_toGFPmean	f2_inGFP_toGFPmed	f2_inGFP_toGFPmean
1	1	2186	1742.812	34.131	0.894	36	65	555	1418	74	36	65	555	1418	74	105.130	369.727	4746	613	206	183	169	157	145	137	132	125	113	100.534	133.380	192	149	144	141	137	132	127	123	120	116	104	1	184	1746.243	31.604	0	0	0	2226	2369.929	0	0	164	164.505	0	0	0	0	0	0	0	0	0	0	0	0	0	0	0	0	0
2	2	865	1931.696	31.872	0.918	45	90	263	318	123	45	90	263	318	123	102.542	167.760	823	251	160	144	138	133	128	124	120	117	110	100.000	117.020	129	124	122	120	119	117	116	114	112	110	104	1	79	1940.677	28.701	0	0	0	419	442.101	0	0	120	119.937	0	0	0	0	0	0	0	0	0	0	0	0	0	0	0	0	0
3	3	1169	166.134	42.938	0.898	102	171	527	292	49	102	171	527	292	49	103.303	108.799	113	110	110	109	109	109	108	108	108	107	105	99.918	163.998	200	184	179	173	168	164	161	156	150	142	126	0	0	0.000	0.000	0	0	0	0	0.000	0	0	0	0.000	0	0	0	0	0	0	0	0	0	0	0	0	0	0	0	0	0
4	4	837	1033.593	65.055	0.922	89	104	248	300	79	89	104	248	300	79	106.385	112.896	120	116	114	114	113	113	112	112	111	110	108	100.946	374.827	585	523	483	459	424	381	337	294	254	216	175	0	0	0.000	0.000	0	0	0	0	0.000	0	0	0	0.000	0	0	0	0	0	0	0	0	0	0	0	0	0	0	0	0	0
5	5	1394	944.908	79.337	0.900	124	255	639	307	45	124	255	639	307	45	106.005	240.921	743	314	276	256	241	225	206	189	175	161	136	101.721	114.894	135	123	120	117	115	114	113	111	110	109	103	1	43	957.276	80.246	0	0	0	589	585.628	0	0	119	119.651	0	0	0	0	0	0	0	0	0	0	0	0	0	0	0	0	0
6	6	2246	1751.236	94.430	0.908	68	113	835	1116	76	68	113	835	1116	76	106.000	172.907	201	191	186	183	180	177	173	167	159	147	126	101.923	139.833	157	149	146	144	142	141	139	137	134	129	113	0	0	0.000	0.000	0	0	0	0	0.000	0	0	0	0.000	0	0	0	0	0	0	0	0	0	0	0	0	0	0	0	0	0
7	7	1689	184.278	95.208	0.889	114	629	772	125	10	114	629	772	125	10	104.060	111.374	122	116	114	112	111	110	110	109	109	108	105	101.002	188.076	249	227	215	207	197	187	177	169	160	150	131	0	0	0.000	0.000	0	0	0	0	0.000	0	0	0	0.000	0	0	0	0	0	0	0	0	0	0	0	0	0	0	0	0	0
8	8	1452	889.826	99.566	0.911	51	375	821	155	8	51	375	821	155	8	106.269	119.206	135	127	124	122	120	119	117	116	114	113	109	102.000	118.559	154	127	123	121	120	118	116	114	113	111	105	0	0	0.000	0.000	0	0	0	0	0.000	0	0	0	0.000	0	0	0	0	0	0	0	0	0	0	0	0	0	0	0	0	0
9	9	583	851.689	106.518	0.920	55	424	84	7	5	55	424	84	7	5	106.515	121.412	136	131	127	125	123	121	119	117	116	114	111	102.000	118.398	147	129	125	123	120	117	115	113	111	109	105	0	0	0.000	0.000	0	0	0	0	0.000	0	0	0	0.000	0	0	0	0	0	0	0	0	0	0	0	0	0	0	0	0	0
10	10	1919	203.435	149.392	0.891	80	448	953	361	44	80	448	953	361	44	105.288	111.504	121	114	113	112	112	111	111	110	110	109	108	101.400	178.965	235	211	201	194	188	181	170	162	154	147	129	0	0	0.000	0.000	0	0	0	0	0.000	0	0	0	0.000	0	0	0	0	0	0	0	0	0	0	0	0	0	0	0	0	0
11	11	2340	1744.707	164.898	0.848	221	949	1035	69	11	221	949	1035	69	11	106.894	118.078	133	123	121	120	119	118	117	116	115	114	109	101.825	1537.737	2799	2160	2012	1869	1742	1603	1426	1240	1059	822	319	0	0	0.000	0.000	0	0	0	0	0.000	0	0	0	0.000	0	0	0	0	0	0	0	0	0	0	0	0	0	0	0	0	0
12	12	1818	605.351	174.160	0.859	137	1221	383	18	22	137	1221	383	18	22	107.717	134.742	153	145	143	142	139	136	133	130	126	121	114	103.000	783.555	1309	1104	993	908	841	797	756	690	558	413	310	0	0	0.000	0.000	0	0	0	0	0.000	0	0	0	0.000	0	0	0	0	0	0	0	0	0	0	0	0	0	0	0	0	0
13	13	1603	248.494	187.938	0.892	115	421	836	180	18	115	421	836	180	18	104.779	111.141	116	113	113	112	112	111	111	110	110	109	105	101.565	176.445	224	201	192	186	180	176	172	168	162	153	131	0	0	0.000	0.000	0	0	0	0	0.000	0	0	0	0.000	0	0	0	0	0	0	0	0	0	0	0	0	0	0	0	0	0
14	14	1740	629.199	217.334	0.912	75	107	685	810	31	75	107	685	810	31	107.992	178.581	1031	268	154	141	136	133	131	129	126	123	116	103.000	1098.783	1722	1608	1511	1391	1268	1126	993	836	674	543	370	1	153	628.154	221.049	0	0	0	523	553.837	0	0	1349	1260.954	0	0	0	0	0	0	0	0	0	0	0	0	0	0	0	0	0
15	15	1386	573.480	214.394	0.905	52	145	764	376	21	52	145	764	376	21	107.334	128.678	142	138	136	133	131	129	127	124	122	119	113	102.799	1078.685	1659	1489	1367	1270	1212	1139	1042	924	780	582	335	0	0	0.000	0.000	0	0	0	0	0.000	0	0	0	0.000	0	0	0	0	0	0	0	0	0	0	0	0	0	0	0	0	0
16	16	648	1679.678	273.100	0.927	292	200	104	30	15	292	200	104	30	15	107.761	166.093	225	204	187	177	168	161	157	151	145	138	126	100.948	133.123	161	148	143	138	135	133	131	128	124	118	106	0	0	0.000	0.000	0	0	0	0	0.000	0	0	0	0.000	0	0	0	0	0	0	0	0	0	0	0	0	0	0	0	0	0
17	17	1753	1371.551	297.548	0.902	108	620	841	122	21	108	620	841	122	21	108.000	148.771	356	191	152	144	140	136	133	131	128	125	116	102.000	113.165	131	117	116	114	113	113	112	111	110	109	106	1	133	1360.065	306.685	0	0	0	259	264.850	0	0	113	114.113	0	0	0	0	0	0	0	0	0	0	0	0	0	0	0	0	0
18	18	572	1329.187	302.378	0.886	36	160	232	112	22	36	160	232	112	22	108.000	130.330	145	140	136	134	132	131	130	127	124	121	115	101.110	116.007	133	123	120	119	117	116	114	112	111	110	106	0	0	0.000	0.000	0	0	0	0	0.000	0	0	0	0.000	0	0	0	0	0	0	0	0	0	0	0	0	0	0	0	0	0
19	19	1900	345.350	412.071	0.873	116	701	895	143	17	116	701	895	143	17	107.979	231.708	1457	461	224	165	149	143	140	136	132	125	115	102.000	136.818	158	148	144	142	140	138	136	134	131	123	108	1	235	349.323	407.941	0	0	0	696	754.979	0	0	138	138.681	0	0	0	0	0	0	0	0	0	0	0	0	0	0	0	0	0
20	20	2427	1222.228	422.925	0.869	333	1303	658	63	12	333	1303	658	63	12	108.345	121.129	138	130	127	124	122	120	118	117	116	114	111	102.000	117.485	130	123	122	120	119	117	116	115	114	111	103	0	0	0.000	0.000	0	0	0	0	0.000	0	0	0	0.000	0	0	0	0	0	0	0	0	0	0	0	0	0	0	0	0	0
21	21	1677	249.425	436.681	0.915	14	123	667	765	77	14	123	667	765	77	106.804	129.327	144	138	136	134	132	130	128	126	122	119	112	102.000	300.475	418	383	360	339	318	296	280	264	245	221	176	0	0	0.000	0.000	0	0	0	0	0.000	0	0	0	0.000	0	0	0	0	0	0	0	0	0	0	0	0	0	0	0	0	0
22	22	313	213.767	428.728	0.921	11	42	113	121	23	11	42	113	121	23	105.927	112.524	116	115	114	113	113	112	112	112	111	111	109	101.470	140.987	159	154	151	147	144	141	138	136	132	128	122	0	0	0.000	0.000	0	0	0	0	0.000	0	0	0	0.000	0	0	0	0	0	0	0	0	0	0	0	0	0	0	0	0	0
23	23	1562	1879.204	448.170	0.869	68	379	751	314	22	68	379	751	314	22	107.000	132.641	193	161	144	137	130	126	123	121	119	117	112	102.000	128.994	174	155	141	130	127	124	122	120	118	115	106	1	133	1865.478	453.401	0	0	0	175	172.992	0	0	161	159.586	0	0	0	0	0	0	0	0	0	0	0	0	0	0	0	0	0
24	24	1112	319.473	448.341	0.882	229	511	218	89	30	229	511	218	89	30	108.000	524.328	4135	1202	569	437	354	292	250	220	195	166	134	102.000	122.299	176	145	128	124	120	118	116	114	112	109	102	1	115	309.603	447.319	0	0	0	1975	2098.235	0	0	155	151.565	0	0	0	0	0	0	0	0	0	0	0	0	0	0	0	0	0
25	25	2085	481.625	481.328	0.895	55	486	1185	275	36	55	486	1185	275	36	107.731	435.511	5803	707	241	209	200	194	185	173	159	146	125	104.000	2875.482	4225	3866	3669	3456	3226	2998	2709	2380	2124	1770	733	1	175	488.036	478.294	0	0	0	2519	2782.463	0	0	3106	3109.109	0	0	0	0	0	0	0	0	0	0	0	0	0	0	0	0	0
26	26	1433	254.294	485.240	0.906	64	103	813	425	13	64	103	813	425	13	107.000	126.769	139	134	132	130	129	128	126	124	121	118	111	102.000	267.927	375	338	317	295	279	265	252	239	223	201	159	0	0	0.000	0.000	0	0	0	0	0.000	0	0	0	0.000	0	0	0	0	0	0	0	0	0	0	0	0	0	0	0	0	0
27	27	335	1899.470	474.193	0.944	62	75	99	76	16	62	75	99	76	16	107.000	113.463	117	116	115	114	114	113	113	113	112	112	110	102.000	109.582	121	114	113	111	110	109	108	107	107	106	103	0	0	0.000	0.000	0	0	0	0	0.000	0	0	0	0.000	0	0	0	0	0	0	0	0	0	0	0	0	0	0	0	0	0
28	28	1842	1755.586	510.960	0.880	133	921	619	112	7	133	921	619	112	7	108.355	175.395	223	208	201	194	186	178	166	157	148	140	131	102.000	282.341	401	364	350	336	319	299	271	240	206	173	149	0	0	0.000	0.000	0	0	0	0	0.000	0	0	0	0.000	0	0	0	0	0	0	0	0	0	0	0	0	0	0	0	0	0
29	29	216	1717.081	504.091	0.913	23	36	87	54	13	23	36	87	54	13	108.741	120.829	125	124	123	122	122	121	120	120	119	118	115	102.074	134.556	148	144	142	140	138	136	133	131	127	123	114	0	0	0.000	0.000	0	0	0	0	0.000	0	0	0	0.000	0	0	0	0	0	0	0	0	0	0	0	0	0	0	0	0	0
30	30	1036	435.909	525.672	0.888	53	311	513	113	25	53	311	513	113	25	108.030	114.714	120	117	116	116	115	115	114	114	113	112	110	103.420	118.373	132	124	122	120	119	118	117	116	115	113	109	0	0	0.000	0.000	0	0	0	0	0.000	0	0	0	0.000	0	0	0	0	0	0	0	0	0	0	0	0	0	0	0	0	0
31	31	555	320.760	525.085	0.923	17	56	175	254	38	17	56	175	254	38	108.000	160.541	194	185	180	174	167	160	154	148	143	136	126	103.000	737.449	1015	976	947	904	848	772	694	613	546	442	258	0	0	0.000	0.000	0	0	0	0	0.000	0	0	0	0.000	0	0	0	0	0	0	0	0	0	0	0	0	0	0	0	0	0
32	32	2398	505.832	540.904	0.831	199	1147	883	119	4	199	1147	883	119	4	108.335	206.280	242	230	226	223	218	211	204	195	188	174	138	104.000	3814.347	5255	4874	4666	4463	4262	4022	3700	3268	2884	2467	1434	0	0	0.000	0.000	0	0	0	0	0.000	0	0	0	0.000	0	0	0	0	0	0	0	0	0	0	0	0	0	0	0	0	0
33	33	1952	282.752	544.731	0.789	33	558	1024	264	29	33	558	1024	264	29	107.003	192.716	279	215	207	204	201	197	189	181	174	164	137	102.999	845.080	1194	1040	975	918	875	846	817	783	737	633	476	0	0	0.000	0.000	0	0	0	0	0.000	0	0	0	0.000	0	0	0	0	0	0	0	0	0	0	0	0	0	0	0	0	0
34	34	1052	1707.790	543.927	0.863	46	305	627	39	13	46	305	627	39	13	108.265	166.302	195	183	179	176	171	167	164	159	154	147	133	102.430	261.304	328	301	292	286	278	264	250	241	230	214	183	0	0	0.000	0.000	0	0	0	0	0.000	0	0	0	0.000	0	0	0	0	0	0	0	0	0	0	0	0	0	0	0	0	0
35	35	798	1885.620	549.606	0.762	130	297	265	61	21	130	297	265	61	21	107.000	123.239	135	130	128	126	124	123	121	120	119	118	115	102.000	1084.956	2258	1690	1495	1276	1094	959	863	786	719	666	553	0	0	0.000	0.000	0	0	0	0	0.000	0	0	0	0.000	0	0	0	0	0	0	0	0	0	0	0	0	0	0	0	0	0
36	36	1980	247.044	595.318	0.891	16	232	1196	474	33	16	232	1196	474	33	107.000	275.970	1852	523	234	197	191	184	176	166	156	145	126	102.678	690.133	1116	943	865	821	788	743	675	584	471	359	254	1	212	261.764	592.812	0	0	0	916	975.698	0	0	806	729.792	0	0	0	0	0	0	0	0	0	0	0	0	0	0	0	0	0
37	37	578	1399.664	592.830	0.919	39	142	252	118	15	39	142	252	118	15	108.675	114.569	121	118	116	115	115	114	114	113	113	112	110	102.948	415.625	606	574	527	485	449	407	370	335	310	280	215	0	0	0.000	0.000	0	0	0	0	0.000	0	0	0	0.000	0	0	0	0	0	0	0	0	0	0	0	0	0	0	0	0	0
38	38	1643	1370.907	620.839	0.893	111	1181	245	43	47	111	1181	245	43	47	108.414	116.332	127	121	119	117	116	116	115	114	114	113	111	103.000	540.308	851	742	668	615	573	536	505	453	405	350	267	0	0	0.000	0.000	0	0	0	0	0.000	0	0	0	0.000	0	0	0	0	0	0	0	0	0	0	0	0	0	0	0	0	0
39	39	1541	1429.798	624.520	0.881	25	161	869	437	21	25	161	869	437	21	109.000	116.614	127	122	119	117	116	116	115	115	114	113	110	103.000	604.199	872	813	759	701	634	574	537	510	477	439	315	0	0	0.000	0.000	0	0	0	0	0.000	0	0	0	0.000	0	0	0	0	0	0	0	0	0	0	0	0	0	0	0	0	0
40	40	670	1332.149	622.161	0.852	21	119	191	254	70	21	119	191	254	70	109.000	116.739	124	120	119	118	117	117	116	115	114	114	112	103.000	119.634	250	128	120	118	117	115	114	113	111	110	105	0	0	0.000	0.000	0	0	0	0	0.000	0	0	0	0.000	0	0	0	0	0	0	0	0	0	0	0	0	0	0	0	0	0
41	41	518	231.648	631.401	0.921	39	122	219	118	14	39	122	219	118	14	107.000	181.533	212	202	196	192	188	184	179	173	167	158	140	102.000	652.396	953	901	845	779	725	662	607	543	471	384	284	0	0	0.000	0.000	0	0	0	0	0.000	0	0	0	0.000	0	0	0	0	0	0	0	0	0	0	0	0	0	0	0	0	0
42	42	1608	1683.600	742.082	0.874	25	263	1000	263	17	25	263	1000	263	17	109.055	125.324	136	132	130	129	127	126	124	122	121	118	114	101.923	156.489	184	171	166	162	160	158	155	152	147	142	124	0	0	0.000	0.000	0	0	0	0	0.000	0	0	0	0.000	0	0	0	0	0	0	0	0	0	0	0	0	0	0	0	0	0
43	43	1789	1698.037	795.070	0.907	29	113	613	928	69	29	113	613	928	69	109.798	126.842	169	137	133	130	127	125	124	122	121	118	112	103.000	160.454	284	180	175	171	166	161	157	152	147	135	109	0	0	0.000	0.000	0	0	0	0	0.000	0	0	0	0.000	0	0	0	0	0	0	0	0	0	0	0	0	0	0	0	0	0
44	44	618	1708.888	834.742	0.879	85	335	146	28	13	85	335	146	28	13	109.000	128.107	143	139	136	133	130	127	125	124	122	119	114	103.000	154.301	182	169	166	164	161	158	155	149	141	133	115	0	0	0.000	0.000	0	0	0	0	0.000	0	0	0	0.000	0	0	0	0	0	0	0	0	0	0	0	0	0	0	0	0	0
45	45	2573	1541.987	907.432	0.844	131	788	1286	282	34	131	788	1286	282	34	110.000	191.407	223	212	207	203	199	195	189	181	175	166	143	104.000	1908.655	2650	2469	2360	2268	2156	2000	1827	1682	1425	1187	746	0	0	0.000	0.000	0	0	0	0	0.000	0	0	0	0.000	0	0	0	0	0	0	0	0	0	0	0	0	0	0	0	0	0
46	46	2275	1479.420	913.224	0.868	26	167	1330	654	53	26	167	1330	654	53	110.000	216.374	701	312	214	199	193	188	183	176	168	156	133	104.000	1726.295	2461	2354	2210	2080	1972	1834	1663	1461	1228	947	535	1	178	1472.985	915.298	0	0	0	499	507.118	0	0	2089	1936.888	0	0	0	0	0	0	0	0	0	0	0	0	0	0	0	0	0
47	47	1239	731.493	930.525	0.900	33	136	563	423	59	33	136	563	423	59	108.594	116.495	122	119	118	117	117	116	116	116	115	114	111	103.000	488.791	679	599	572	551	528	505	478	445	402	350	229	0	0	0.000	0.000	0	0	0	0	0.000	0	0	0	0.000	0	0	0	0	0	0	0	0	0	0	0	0	0	0	0	0	0
48	48	1953	267.006	956.169	0.876	174	1039	625	60	21	174	1039	625	60	21	107.000	3652.069	47141	12787	1083	239	192	179	169	161	151	140	125	102.000	121.726	193	137	124	121	119	118	116	114	112	110	105	1	281	252.333	956.662	0	0	0	21069	22779.751	0	0	150	151.082	0	0	1	154	252.433	957.176	0	0	0	32868	32414.149	0	0	170	168.805	0	0
49	49	1360	558.143	961.463	0.875	41	282	720	259	27	41	282	720	259	27	108.748	115.618	126	119	117	116	116	115	115	114	114	113	110	103.009	622.763	967	866	804	753	707	654	573	494	431	360	229	0	0	0.000	0.000	0	0	0	0	0.000	0	0	0	0.000	0	0	0	0	0	0	0	0	0	0	0	0	0	0	0	0	0
50	50	823	519.760	979.871	0.870	18	173	326	241	38	18	173	326	241	38	109.000	114.943	121	118	117	116	115	115	114	114	113	113	110	103.000	621.944	863	754	715	686	659	628	595	561	521	472	380	0	0	0.000	0.000	0	0	0	0	0.000	0	0	0	0.000	0	0	0	0	0	0	0	0	0	0	0	0	0	0	0	0	0
51	51	1656	547.936	1018.135	0.874	49	78	672	739	81	49	78	672	739	81	109.000	115.153	122	118	117	116	116	115	115	114	114	113	109	103.000	651.562	986	909	853	796	760	690	604	538	440	349	133	0	0	0.000	0.000	0	0	0	0	0.000	0	0	0	0.000	0	0	0	0	0	0	0	0	0	0	0	0	0	0	0	0	0
52	52	1062	1219.193	1027.710	0.898	84	451	418	76	16	84	451	418	76	16	110.000	241.184	296	275	267	259	251	243	236	228	217	204	165	102.000	125.881	141	131	130	128	127	126	125	124	122	120	112	0	0	0.000	0.000	0	0	0	0	0.000	0	0	0	0.000	0	0	0	0	0	0	0	0	0	0	0	0	0	0	0	0	0
53	53	1601	1568.219	1055.275	0.880	68	593	860	40	10	68	593	860	40	10	109.884	118.279	126	123	122	120	118	117	117	116	115	115	112	102.000	124.966	141	136	134	131	129	126	122	118	115	114	109	0	0	0.000	0.000	0	0	0	0	0.000	0	0	0	0.000	0	0	0	0	0	0	0	0	0	0	0	0	0	0	0	0	0
54	54	1017	1346.550	1051.452	0.893	19	67	350	478	83	19	67	350	478	83	110.923	205.390	256	244	234	225	215	208	197	186	176	166	149	103.000	122.470	133	129	127	126	125	124	122	120	118	115	107	0	0	0.000	0.000	0	0	0	0	0.000	0	0	0	0.000	0	0	0	0	0	0	0	0	0	0	0	0	0	0	0	0	0
55	55	1957	1256.002	1067.514	0.899	82	642	957	209	19	82	642	957	209	19	110.196	279.753	804	348	313	298	281	261	244	228	213	199	177	103.000	126.700	147	133	131	130	128	127	126	124	122	119	110	1	47	1251.596	1080.138	0	0	0	670	667.574	0	0	137	136.574	0	0	0	0	0	0	0	0	0	0	0	0	0	0	0	0	0
56	56	1752	1304.812	1083.283	0.876	36	492	1100	83	9	36	492	1100	83	9	111.000	233.634	334	284	272	259	248	239	228	213	194	171	144	103.000	126.720	139	133	131	130	128	127	126	125	123	120	107	0	0	0.000	0.000	0	0	0	0	0.000	0	0	0	0.000	0	0	0	0	0	0	0	0	0	0	0	0	0	0	0	0	0
57	57	1680	1328.809	1132.472	0.839	1469	169	11	4	5	1469	169	11	4	5	110.275	118.427	135	123	121	119	119	118	117	116	116	115	112	102.085	121.728	135	127	125	124	124	123	122	120	118	115	104	2	10	1338.901	1130.601	108	1319.918	1128.535	123	122.500	127	127.352	126	125.900	125	124.898	0	0	0	0	0	0	0	0	0	0	0	0	0	0	0
58	58	2604	133.835	1146.455	0.887	237	1526	686	90	14	237	1526	686	90	14	106.488	290.515	3311	301	271	256	244	230	217	205	193	179	149	102.037	590.446	997	884	779	693	623	563	516	468	407	343	261	1	95	130.362	1151.501	0	0	0	1494	1630.684	0	0	482	476.505	0	0	0	0	0	0	0	0	0	0	0	0	0	0	0	0	0
59	59	1215	404.207	1170.489	0.882	34	406	572	149	29	34	406	572	149	29	108.000	118.351	142	124	122	120	118	117	116	115	115	113	110	103.000	805.683	1217	1084	1014	942	891	837	761	682	582	479	379	1	98	392.679	1162.383	0	0	0	128	128.214	0	0	1075	1060.214	0	0	0	0	0	0	0	0	0	0	0	0	0	0	0	0	0
60	60	1366	1307.499	1179.034	0.897	34	109	649	494	45	34	109	649	494	45	110.000	118.034	127	122	121	119	118	117	117	116	116	115	111	102.107	119.392	130	125	123	122	121	120	119	118	115	113	107	0	0	0.000	0.000	0	0	0	0	0.000	0	0	0	0.000	0	0	0	0	0	0	0	0	0	0	0	0	0	0	0	0	0
61	61	1951	452.294	1197.961	0.891	66	608	999	224	27	66	608	999	224	27	108.810	116.719	128	120	119	118	117	116	116	115	115	114	111	103.000	1027.995	1507	1336	1241	1189	1134	1077	1001	896	775	654	415	0	0	0.000	0.000	0	0	0	0	0.000	0	0	0	0.000	0	0	0	0	0	0	0	0	0	0	0	0	0	0	0	0	0
62	62	1063	145.149	1202.659	0.790	37	353	552	76	22	37	353	552	76	22	106.972	265.195	325	313	306	295	280	269	256	242	228	211	174	103.110	890.987	1162	1084	1043	1002	953	906	849	789	742	678	549	0	0	0.000	0.000	0	0	0	0	0.000	0	0	0	0.000	0	0	0	0	0	0	0	0	0	0	0	0	0	0	0	0	0
63	63	2274	222.709	1242.585	0.868	1426	410	199	122	85	1426	410	199	122	85	108.000	229.948	2470	217	199	192	185	180	175	171	165	155	127	104.483	730.893	1098	1006	927	862	803	737	673	604	536	466	223	1	94	231.984	1239.894	0	0	0	1177	1214.830	0	0	854	849.202	0	0	0	0	0	0	0	0	0	0	0	0	0	0	0	0	0
64	64	1901	1250.114	1249.624	0.863	36	93	860	763	113	36	93	860	763	113	109.854	122.359	139	129	125	123	122	122	121	120	119	117	111	104.102	2736.739	4722	4329	3816	3450	3059	2697	2369	2063	1657	1196	649	0	0	0.000	0.000	0	0	0	0	0.000	0	0	0	0.000	0	0	0	0	0	0	0	0	0	0	0	0	0	0	0	0	0
65	65	531	388.726	1275.140	0.900	18	60	172	196	76	18	60	172	196	76	108.000	123.597	136	131	129	127	125	123	122	120	119	117	113	102.000	112.618	120	117	116	114	113	113	112	111	110	109	105	0	0	0.000	0.000	0	0	0	0	0.000	0	0	0	0.000	0	0	0	0	0	0	0	0	0	0	0	0	0	0	0	0	0
66	66	2063	744.306	1296.249	0.863	41	519	1226	211	18	41	519	1226	211	18	109.832	119.506	131	126	124	122	120	118	117	117	116	115	112	102.000	126.219	143	134	132	130	128	126	124	123	121	119	108	0	0	0.000	0.000	0	0	0	0	0.000	0	0	0	0.000	0	0	0	0	0	0	0	0	0	0	0	0	0	0	0	0	0
67	67	2171	220.853	1297.577	0.838	148	1119	796	59	6	148	1119	796	59	6	107.979	171.388	718	191	180	173	167	162	157	151	144	141	127	104.000	793.749	1371	1179	1068	975	878	782	692	601	512	426	353	1	56	232.909	1307.204	0	0	0	426	436.536	0	0	1179	1171.268	0	0	0	0	0	0	0	0	0	0	0	0	0	0	0	0	0
68	68	1527	1224.240	1299.588	0.886	59	198	895	340	10	59	198	895	340	10	110.009	122.279	147	128	125	124	123	122	121	120	119	118	113	104.569	3445.221	4776	4427	4255	4013	3794	3595	3384	3100	2713	2163	983	0	0	0.000	0.000	0	0	0	0	0.000	0	0	0	0.000	0	0	0	0	0	0	0	0	0	0	0	0	0	0	0	0	0
69	69	1626	1487.333	1306.734	0.837	87	553	824	113	9	87	553	824	113	9	110.838	163.989	191	181	177	174	171	168	164	157	149	140	125	102.999	150.888	180	165	161	157	155	152	150	147	142	133	112	0	0	0.000	0.000	0	0	0	0	0.000	0	0	0	0.000	0	0	0	0	0	0	0	0	0	0	0	0	0	0	0	0	0
70	70	1915	398.673	1318.017	0.885	214	1007	545	89	17	214	1007	545	89	17	108.000	221.599	4395	184	167	158	152	147	143	139	136	130	117	102.000	118.985	133	125	123	121	120	119	118	117	115	113	107	1	72	378.618	1314.817	0	0	0	1869	1955.847	0	0	127	126.028	0	0	0	0	0	0	0	0	0	0	0	0	0	0	0	0	0
71	71	2197	166.572	1327.838	0.862	119	1112	874	45	7	119	1112	874	45	7	106.312	177.672	207	197	193	190	187	183	178	172	160	148	126	103.594	1095.767	1488	1370	1310	1261	1212	1153	1093	1030	905	683	321	0	0	0.000	0.000	0	0	0	0	0.000	0	0	0	0.000	0	0	0	0	0	0	0	0	0	0	0	0	0	0	0	0	0
72	72	979	758.046	1345.333	0.907	41	114	444	321	38	41	114	444	321	38	110.000	116.543	126	120	118	118	117	116	116	115	114	113	111	102.000	126.011	140	134	132	131	130	128	126	123	119	115	107	0	0	0.000	0.000	0	0	0	0	0.000	0	0	0	0.000	0	0	0	0	0	0	0	0	0	0	0	0	0	0	0	0	0
73	73	251	726.744	1336.191	0.760	12	53	76	77	28	12	53	76	77	28	109.371	114.032	118	116	115	115	114	114	114	113	113	112	111	102.733	116.944	123	121	119	119	118	117	116	115	115	113	110	0	0	0.000	0.000	0	0	0	0	0.000	0	0	0	0.000	0	0	0	0	0	0	0	0	0	0	0	0	0	0	0	0	0
74	74	1916	1466.591	1357.220	0.843	59	847	815	131	23	59	847	815	131	23	110.999	163.968	194	182	177	174	171	167	161	154	149	144	126	103.000	149.244	174	165	162	158	155	152	147	141	135	130	116	0	0	0.000	0.000	0	0	0	0	0.000	0	0	0	0.000	0	0	0	0	0	0	0	0	0	0	0	0	0	0	0	0	0
75	75	2352	216.536	1366.340	0.867	108	678	1229	279	27	108	678	1229	279	27	106.957	143.396	239	171	156	147	142	138	135	132	127	121	113	103.154	1259.138	4017	1828	1388	1310	1274	1227	1158	1055	871	706	294	1	30	207.839	1350.148	0	0	0	218	214.833	0	0	1200	1219.433	0	0	1	18	220.772	1348.402	0	0	0	177	176.111	0	0	3706	3638.500	0	0
76	76	1737	1338.034	1362.914	0.874	9	204	702	675	109	9	204	702	675	109	111.000	130.990	144	137	136	134	133	132	131	130	126	121	113	104.390	1318.366	1867	1736	1637	1536	1422	1322	1228	1137	1044	905	443	0	0	0.000	0.000	0	0	0	0	0.000	0	0	0	0.000	0	0	0	0	0	0	0	0	0	0	0	0	0	0	0	0	0
77	77	1514	1700.734	1409.580	0.889	334	913	184	43	14	334	913	184	43	14	110.000	123.493	147	132	128	125	124	122	121	119	118	117	114	102.003	120.429	143	128	125	123	121	119	118	117	116	114	109	0	0	0.000	0.000	0	0	0	0	0.000	0	0	0	0.000	0	0	0	0	0	0	0	0	0	0	0	0	0	0	0	0	0
78	78	1742	1373.248	1417.499	0.886	129	963	519	64	17	129	963	519	64	17	110.816	130.260	146	138	135	134	132	130	129	127	125	122	115	104.049	1281.301	1914	1650	1546	1450	1361	1290	1216	1125	1021	929	525	0	0	0.000	0.000	0	0	0	0	0.000	0	0	0	0.000	0	0	0	0	0	0	0	0	0	0	0	0	0	0	0	0	0
79	79	1049	1418.886	1430.212	0.921	27	48	321	559	74	27	48	321	559	74	110.000	128.685	140	135	133	132	131	130	129	127	124	120	113	103.443	1365.879	1984	1864	1715	1587	1500	1405	1317	1219	1083	805	372	0	0	0.000	0.000	0	0	0	0	0.000	0	0	0	0.000	0	0	0	0	0	0	0	0	0	0	0	0	0	0	0	0	0
80	80	921	1197.927	1455.364	0.857	79	503	267	33	15	79	503	267	33	15	110.914	121.745	132	125	124	123	122	122	121	120	119	118	115	103.000	478.948	713	626	592	566	538	504	461	404	344	283	249	0	0	0.000	0.000	0	0	0	0	0.000	0	0	0	0.000	0	0	0	0	0	0	0	0	0	0	0	0	0	0	0	0	0
81	81	202	1227.366	1443.896	0.880	40	63	60	29	7	40	63	60	29	7	110.475	115.238	119	117	117	116	116	115	115	114	114	114	111	103.000	187.604	239	232	225	212	201	189	177	167	152	142	130	0	0	0.000	0.000	0	0	0	0	0.000	0	0	0	0.000	0	0	0	0	0	0	0	0	0	0	0	0	0	0	0	0	0
82	82	653	1715.231	1456.974	0.817	17	85	360	158	19	17	85	360	158	19	110.000	124.000	137	134	131	128	125	122	120	119	118	117	114	102.000	118.236	128	124	122	120	119	118	117	116	114	113	109	0	0	0.000	0.000	0	0	0	0	0.000	0	0	0	0.000	0	0	0	0	0	0	0	0	0	0	0	0	0	0	0	0	0
83	83	358	1253.454	1473.094	0.907	95	141	91	18	10	95	141	91	18	10	111.000	173.391	203	191	185	181	178	174	171	167	161	155	139	103.000	130.422	149	139	136	134	133	131	130	128	125	120	109	0	0	0.000	0.000	0	0	0	0	0.000	0	0	0	0.000	0	0	0	0	0	0	0	0	0	0	0	0	0	0	0	0	0
84	84	1755	94.665	1522.417	0.853	36	303	1056	292	40	36	303	1056	292	40	105.000	112.525	118	115	114	114	113	112	112	111	111	110	108	102.000	1137.367	2023	1531	1462	1403	1332	1229	1091	916	730	588	387	0	0	0.000	0.000	0	0	0	0	0.000	0	0	0	0.000	0	0	0	0	0	0	0	0	0	0	0	0	0	0	0	0	0
85	85	1462	302.967	1543.582	0.889	159	617	582	70	9	159	617	582	70	9	107.938	174.529	826	224	161	154	149	145	141	138	136	133	123	101.000	113.386	125	118	117	115	114	113	112	111	110	109	103	1	112	306.677	1526.287	0	0	0	444	467.705	0	0	113	113.696	0	0	0	0	0	0	0	0	0	0	0	0	0	0	0	0	0
86	86	2062	53.845	1565.757	0.852	78	845	967	99	32	78	845	967	99	32	104.500	111.180	117	114	113	112	112	111	111	110	109	109	107	100.697	875.038	1423	1197	1080	991	919	851	791	725	670	609	363	0	0	0.000	0.000	0	0	0	0	0.000	0	0	0	0.000	0	0	0	0	0	0	0	0	0	0	0	0	0	0	0	0	0
87	87	1025	105.195	1565.693	0.871	28	149	606	204	16	28	149	606	204	16	105.000	111.470	117	113	113	112	112	112	111	111	110	109	106	101.048	900.454	1410	1314	1218	1129	1019	907	804	710	596	479	225	0	0	0.000	0.000	0	0	0	0	0.000	0	0	0	0.000	0	0	0	0	0	0	0	0	0	0	0	0	0	0	0	0	0
88	88	2485	1765.472	1615.457	0.830	18	487	1412	482	31	18	487	1412	482	31	110.004	123.682	163	129	126	125	123	122	121	121	119	118	112	102.084	160.955	188	177	174	171	167	164	160	154	147	140	121	1	54	1765.668	1625.729	0	0	0	153	152.963	0	0	158	157.944	0	0	0	0	0	0	0	0	0	0	0	0	0	0	0	0	0
89	89	1495	1171.902	1640.612	0.884	245	937	259	19	5	245	937	259	19	5	110.999	124.470	138	131	129	127	125	124	122	121	120	119	115	103.000	661.130	1113	873	808	752	710	671	621	570	515	434	236	0	0	0.000	0.000	0	0	0	0	0.000	0	0	0	0.000	0	0	0	0	0	0	0	0	0	0	0	0	0	0	0	0	0
90	90	1954	1822.845	1644.911	0.854	85	756	932	129	16	85	756	932	129	16	110.059	245.918	1834	535	173	133	130	129	127	126	125	123	115	102.000	160.985	184	173	169	167	165	162	160	157	153	147	126	1	245	1807.282	1642.119	0	0	0	900	969.363	0	0	162	162.731	0	0	0	0	0	0	0	0	0	0	0	0	0	0	0	0	0
91	91	1384	227.315	1704.378	0.883	133	1029	174	16	8	133	1029	174	16	8	106.859	114.504	127	121	118	116	114	113	112	112	111	110	108	101.059	116.226	125	120	119	118	117	117	116	115	114	112	103	0	0	0.000	0.000	0	0	0	0	0.000	0	0	0	0.000	0	0	0	0	0	0	0	0	0	0	0	0	0	0	0	0	0
92	92	1860	263.586	1743.320	0.860	289	1387	117	31	10	289	1387	117	31	10	107.000	115.108	132	124	119	115	114	113	113	112	112	111	109	101.986	116.426	125	120	119	118	117	117	116	115	114	113	107	1	196	264.048	1748.577	0	0	0	125	124.724	0	0	117	116.592	0	0	0	0	0	0	0	0	0	0	0	0	0	0	0	0	0
93	93	2108	1498.360	1778.767	0.899	49	774	985	227	30	49	774	985	227	30	110.121	121.306	137	128	125	123	122	120	119	119	117	116	113	102.508	675.599	1091	944	836	768	709	658	615	565	519	451	301	0	0	0.000	0.000	0	0	0	0	0.000	0	0	0	0.000	0	0	0	0	0	0	0	0	0	0	0	0	0	0	0	0	0
94	94	1026	803.486	1772.505	0.881	437	431	111	25	6	437	431	111	25	6	109.993	229.093	337	293	264	251	241	229	216	201	186	171	157	102.000	137.482	181	161	150	145	141	136	132	127	122	118	112	0	0	0.000	0.000	0	0	0	0	0.000	0	0	0	0.000	0	0	0	0	0	0	0	0	0	0	0	0	0	0	0	0	0
95	95	1857	1860.956	1962.432	0.842	13	191	1138	472	9	13	191	1138	472	9	108.000	116.249	128	121	119	117	116	115	115	114	114	113	110	102.000	1203.372	1976	1767	1612	1498	1345	1214	1078	942	777	605	337	0	0	0.000	0.000	0	0	0	0	0.000	0	0	0	0.000	0	0	0	0	0	0	0	0	0	0	0	0	0	0	0	0	0
96	96	1894	31.657	1960.698	0.858	9	74	606	1051	115	9	74	606	1051	115	101.140	107.282	117	111	109	108	107	107	106	106	106	105	102	98.810	113.051	126	119	117	115	114	113	112	111	110	107	101	0	0	0.000	0.000	0	0	0	0	0.000	0	0	0	0.000	0	0	0	0	0	0	0	0	0	0	0	0	0	0	0	0	0
97	97	1630	1930.899	1976.462	0.907	40	180	1048	304	38	40	180	1048	304	38	106.757	117.104	133	124	120	118	117	116	115	114	114	113	110	101.750	1677.612	2596	2341	2198	2027	1895	1752	1567	1368	1177	877	572	0	0	0.000	0.000	0	0	0	0	0.000	0	0	0	0.000	0	0	0	0	0	0	0	0	0	0	0	0	0	0	0	0	0
98	98	1063	1324.062	1974.884	0.866	97	752	148	25	18	97	752	148	25	18	108.861	122.667	133	128	126	124	123	122	121	121	119	118	114	100.993	377.627	602	483	457	437	417	389	353	317	280	254	192	0	0	0.000	0.000	0	0	0	0	0.000	0	0	0	0.000	0	0	0	0	0	0	0	0	0	0	0	0	0	0	0	0	0
