 	cell	area	x	y	circ	BFI_lev_b1	BFI_lev_b2	BFI_lev_b3	BFI_lev_b4	BFI_lev_b5	BFO_lev_b1	BFO_lev_b2	BFO_lev_b3	BFO_lev_b4	BFO_lev_b5	RFP_int_bg	RFP_int_mean	RFP_int_b0	RFP_int_b1	RFP_int_b2	RFP_int_b3	RFP_int_b4	RFP_int_b5	RFP_int_b6	RFP_int_b7	RFP_int_b8	RFP_int_b9	RFP_int_b10	GFP_int_bg	GFP_int_mean	GFP_int_b0	GFP_int_b1	GFP_int_b2	GFP_int_b3	GFP_int_b4	GFP_int_b5	GFP_int_b6	GFP_int_b7	GFP_int_b8	GFP_int_b9	GFP_int_b10	inRFPnfoci	f1_inRFParea	f1_inRFPx	f1_inRFPy	f2_inRFParea	f2_inRFPx	f2_inRFPy	f1_inRFP_toRFPmed	f1_inRFP_toRFPmean	f2_inRFP_toRFPmed	f2_inRFP_toRFPmean	f1_inRFP_toGFPmed	f1_inRFP_toGFPmean	f2_inRFP_toGFPmed	f2_inRFP_toGFPmean	inGFPnfoci	f1_inGFParea	f1_inGFPx	f1_inGFPy	f2_inGFParea	f2_inGFPx	f2_inGFPy	f1_inGFP_toRFPmed	f1_inGFP_toRFPmean	f2_inGFP_toRFPmed	f2_inGFP_toRFPmean	f1_inGFP_toGFPmed	f1_inGFP_toGFPmean	f2_inGFP_toGFPmed	f2_inGFP_toGFPmean
1	1	2133	34.161	38.739	0.836	65	994	957	49	16	65	994	957	49	16	100.874	107.866	115	111	110	109	108	108	107	107	106	105	102	105.310	1715.897	3472	2960	2469	2097	1783	1570	1347	1160	991	819	560	0	0	0.000	0.000	0	0.000	0.000	0	0.000	0	0.000	0	0.000	0	0.000	0	0	0	0	0	0	0	0	0	0	0	0	0	0	0
2	2	1282	88.686	38.420	0.918	144	195	316	517	86	144	195	316	517	86	101.571	108.470	114	111	110	110	109	108	108	107	107	106	103	104.934	2189.905	3123	2919	2743	2550	2376	2218	2107	1971	1719	1329	651	0	0	0.000	0.000	0	0.000	0.000	0	0.000	0	0.000	0	0.000	0	0.000	0	0	0	0	0	0	0	0	0	0	0	0	0	0	0
3	3	2092	1301.283	68.475	0.902	451	1494	107	13	6	451	1494	107	13	6	104.867	113.149	125	118	115	114	113	112	112	111	111	110	107	105.055	1455.681	2394	2170	2041	1863	1670	1468	1280	1110	902	670	423	0	0	0.000	0.000	0	0.000	0.000	0	0.000	0	0.000	0	0.000	0	0.000	0	0	0	0	0	0	0	0	0	0	0	0	0	0	0
4	4	1988	672.136	73.497	0.868	294	1521	99	31	25	294	1521	99	31	25	104.130	113.365	120	117	116	115	114	113	112	112	111	110	106	102.880	470.944	835	714	636	572	518	458	403	349	298	258	203	0	0	0.000	0.000	0	0.000	0.000	0	0.000	0	0.000	0	0.000	0	0.000	0	0	0	0	0	0	0	0	0	0	0	0	0	0	0
5	5	1806	1199.878	81.654	0.853	442	507	442	323	66	442	507	442	323	66	105.991	248.600	986	463	272	207	195	187	181	173	166	155	125	105.601	541.124	886	800	726	665	614	561	497	411	331	268	192	1	220	1206.965	84.885	0	0.000	0.000	605	625.400	0	0.000	343	393.445	0	0.000	0	0	0	0	0	0	0	0	0	0	0	0	0	0	0
6	6	1013	56.878	79.424	0.911	53	425	445	63	8	53	425	445	63	8	102.000	111.063	121	115	113	112	112	111	110	109	109	108	104	103.904	1576.597	2372	2097	1955	1835	1738	1638	1520	1331	1146	970	727	0	0	0.000	0.000	0	0.000	0.000	0	0.000	0	0.000	0	0.000	0	0.000	0	0	0	0	0	0	0	0	0	0	0	0	0	0	0
7	7	1340	804.809	84.023	0.906	128	494	624	61	6	128	494	624	61	6	105.040	115.210	139	121	118	116	115	114	113	113	112	111	108	102.601	768.827	1194	1042	947	880	824	774	717	647	573	502	368	2	11	794.322	91.324	119	797.016	78.542	118	118.000	126	126.597	827	828.273	907	881.546	0	0	0	0	0	0	0	0	0	0	0	0	0	0	0
8	8	2048	723.651	99.117	0.888	53	199	1144	521	90	53	199	1144	521	90	104.983	112.941	122	116	115	114	114	113	112	112	111	110	107	103.000	566.645	870	806	755	698	634	561	504	446	381	323	236	0	0	0.000	0.000	0	0.000	0.000	0	0.000	0	0.000	0	0.000	0	0.000	0	0	0	0	0	0	0	0	0	0	0	0	0	0	0
9	9	2123	575.051	108.326	0.877	113	1404	517	40	16	113	1404	517	40	16	104.973	133.071	419	144	127	125	124	123	122	121	120	118	109	102.920	1573.769	2552	2212	2090	1965	1829	1661	1443	1226	1015	819	413	1	123	587.606	98.083	0	0.000	0.000	259	268.228	0	0.000	1862	1813.390	0	0.000	0	0	0	0	0	0	0	0	0	0	0	0	0	0	0
10	10	1573	1137.779	114.553	0.871	1288	201	53	16	11	1288	201	53	16	11	106.000	132.174	213	160	137	131	128	126	123	121	120	118	111	105.231	2136.980	3331	2963	2763	2560	2372	2219	2010	1775	1525	1164	662	0	0	0.000	0.000	0	0.000	0.000	0	0.000	0	0.000	0	0.000	0	0.000	0	0	0	0	0	0	0	0	0	0	0	0	0	0	0
11	11	850	1312.775	120.258	0.784	133	185	394	109	11	133	185	394	109	11	105.498	111.904	116	114	113	113	112	112	112	111	111	110	107	105.433	1108.636	1337	1275	1248	1215	1174	1135	1084	1033	975	900	709	0	0	0.000	0.000	0	0.000	0.000	0	0.000	0	0.000	0	0.000	0	0.000	0	0	0	0	0	0	0	0	0	0	0	0	0	0	0
12	12	2113	1210.015	134.203	0.872	548	716	571	192	48	548	716	571	192	48	107.000	172.373	1771	179	131	128	126	124	123	122	120	118	112	106.000	576.550	910	783	745	694	647	598	544	479	401	324	213	1	121	1213.143	147.142	0	0.000	0.000	747	831.107	0	0.000	695	634.405	0	0.000	0	0	0	0	0	0	0	0	0	0	0	0	0	0	0
13	13	566	1174.422	145.428	0.910	126	94	163	146	24	126	94	163	146	24	107.000	118.629	128	124	121	120	119	118	117	117	116	115	113	106.000	299.279	461	416	379	348	323	296	270	244	219	193	163	0	0	0.000	0.000	0	0.000	0.000	0	0.000	0	0.000	0	0.000	0	0.000	0	0	0	0	0	0	0	0	0	0	0	0	0	0	0
14	14	1303	554.064	159.904	0.918	271	583	215	173	41	271	583	215	173	41	105.000	126.467	276	132	128	126	125	123	122	120	119	117	112	102.548	1479.236	2263	2032	1906	1766	1621	1474	1319	1200	1064	926	652	1	39	551.067	150.853	0	0.000	0.000	201	199.359	0	0.000	1939	1931.769	0	0.000	0	0	0	0	0	0	0	0	0	0	0	0	0	0	0
15	15	1436	840.184	158.914	0.927	48	204	720	390	38	48	204	720	390	38	106.000	116.976	142	130	121	117	115	114	113	113	112	111	108	103.000	1397.047	2415	1948	1809	1677	1587	1457	1304	1131	944	738	451	1	301	838.480	163.583	0	0.000	0.000	129	128.425	0	0.000	1613	1519.113	0	0.000	0	0	0	0	0	0	0	0	0	0	0	0	0	0	0
16	16	1799	1175.245	184.106	0.916	575	934	161	98	12	575	934	161	98	12	106.277	128.862	369	135	132	128	125	123	121	120	118	116	111	104.811	704.255	1054	952	889	827	781	727	681	608	502	404	307	1	64	1161.867	183.096	0	0.000	0.000	233	238.734	0	0.000	913	873.797	0	0.000	0	0	0	0	0	0	0	0	0	0	0	0	0	0	0
17	17	1277	818.709	202.272	0.895	87	386	575	159	47	87	386	575	159	47	106.000	258.143	2128	351	222	206	195	184	173	163	157	146	128	102.691	112.046	128	115	114	113	112	112	111	110	110	109	104	1	91	812.914	193.838	0	0.000	0.000	1041	1070.780	0	0.000	117	117.604	0	0.000	0	0	0	0	0	0	0	0	0	0	0	0	0	0	0
18	18	1758	574.936	250.346	0.898	38	947	667	59	11	38	947	667	59	11	105.753	230.223	3008	214	159	155	152	148	142	136	130	123	116	101.647	598.420	916	809	769	732	687	642	583	504	405	294	214	1	102	559.215	249.153	0	0.000	0.000	1324	1417.510	0	0.000	766	731.961	0	0.000	0	0	0	0	0	0	0	0	0	0	0	0	0	0	0
19	19	1916	257.974	249.801	0.905	665	673	289	196	62	665	673	289	196	62	104.973	156.999	190	180	174	168	163	158	152	146	140	134	118	103.993	1680.801	2876	2585	2347	2142	1912	1704	1468	1228	1015	751	419	0	0	0.000	0.000	0	0.000	0.000	0	0.000	0	0.000	0	0.000	0	0.000	0	0	0	0	0	0	0	0	0	0	0	0	0	0	0
20	20	1494	1239.818	286.468	0.916	179	773	449	53	19	179	773	449	53	19	106.000	123.773	153	139	128	124	122	121	120	119	118	116	112	102.061	1249.754	1938	1670	1570	1483	1402	1321	1227	1082	891	709	375	0	0	0.000	0.000	0	0.000	0.000	0	0.000	0	0.000	0	0.000	0	0.000	0	0	0	0	0	0	0	0	0	0	0	0	0	0	0
21	21	1001	693.082	396.088	0.918	150	406	295	102	30	150	406	295	102	30	106.000	124.936	160	144	134	129	124	122	119	117	115	113	109	102.000	123.100	155	141	133	128	124	121	118	115	113	110	105	1	18	688.340	396.060	0	0.000	0.000	156	155.278	0	0.000	145	144.611	0	0.000	0	0	0	0	0	0	0	0	0	0	0	0	0	0	0
22	22	2281	1115.469	453.559	0.905	339	1606	246	32	8	339	1606	246	32	8	106.129	113.800	126	119	116	115	114	113	112	112	111	111	106	103.000	127.279	146	138	135	132	130	128	125	122	119	117	109	0	0	0.000	0.000	0	0.000	0.000	0	0.000	0	0.000	0	0.000	0	0.000	0	0	0	0	0	0	0	0	0	0	0	0	0	0	0
23	23	1814	1758.079	469.824	0.894	65	528	958	217	11	65	528	958	217	11	106.000	141.556	175	154	148	144	142	141	139	137	135	130	124	102.000	136.706	162	151	144	141	137	135	133	131	129	126	115	0	0	0.000	0.000	0	0.000	0.000	0	0.000	0	0.000	0	0.000	0	0.000	0	0	0	0	0	0	0	0	0	0	0	0	0	0	0
24	24	2784	931.743	493.966	0.834	80	782	1582	268	13	80	782	1582	268	13	107.387	139.226	160	150	148	146	144	142	139	134	129	124	116	105.218	1147.774	1679	1551	1476	1398	1302	1194	1115	999	822	586	389	0	0	0.000	0.000	0	0.000	0.000	0	0.000	0	0.000	0	0.000	0	0.000	0	0	0	0	0	0	0	0	0	0	0	0	0	0	0
25	25	1377	313.012	489.066	0.889	21	213	870	232	14	21	213	870	232	14	105.000	138.725	155	150	147	146	144	141	138	134	129	124	116	102.000	838.065	1190	1069	1014	972	923	870	809	754	676	535	339	0	0	0.000	0.000	0	0.000	0.000	0	0.000	0	0.000	0	0.000	0	0.000	0	0	0	0	0	0	0	0	0	0	0	0	0	0	0
26	26	2018	1543.094	535.066	0.885	397	1153	360	64	11	397	1153	360	64	11	105.785	146.750	188	164	154	151	148	146	144	142	138	130	113	103.838	1383.296	2248	1923	1804	1692	1579	1428	1263	1112	943	772	400	0	0	0.000	0.000	0	0.000	0.000	0	0.000	0	0.000	0	0.000	0	0.000	0	0	0	0	0	0	0	0	0	0	0	0	0	0	0
27	27	1765	1853.253	536.177	0.783	117	679	857	68	5	117	679	857	68	5	106.377	172.449	237	207	196	190	183	173	166	157	146	133	120	103.086	2589.281	5162	3951	3428	3063	2808	2612	2372	2107	1755	1172	500	0	0	0.000	0.000	0	0.000	0.000	0	0.000	0	0.000	0	0.000	0	0.000	0	0	0	0	0	0	0	0	0	0	0	0	0	0	0
28	28	1926	879.794	539.477	0.901	111	675	894	189	20	111	675	894	189	20	107.340	188.774	1562	232	153	144	139	137	134	130	126	122	113	104.655	954.390	1548	1325	1232	1155	1074	975	882	783	657	513	347	1	132	876.992	527.192	0	0.000	0.000	728	792.735	0	0.000	1223	1193.409	0	0.000	0	0	0	0	0	0	0	0	0	0	0	0	0	0	0
29	29	1674	111.885	540.002	0.890	50	150	1124	304	16	50	150	1124	304	16	103.990	130.201	143	138	136	135	134	132	129	127	124	120	112	102.080	1504.716	2069	1927	1851	1780	1674	1546	1399	1296	1155	1031	569	0	0	0.000	0.000	0	0.000	0.000	0	0.000	0	0.000	0	0.000	0	0.000	0	0	0	0	0	0	0	0	0	0	0	0	0	0	0
30	30	1626	293.793	541.189	0.878	17	245	899	397	43	17	245	899	397	43	105.000	138.932	182	150	147	145	143	141	138	134	128	123	113	101.974	970.714	1381	1213	1129	1081	1036	991	946	891	830	687	401	0	0	0.000	0.000	0	0.000	0.000	0	0.000	0	0.000	0	0.000	0	0.000	0	0	0	0	0	0	0	0	0	0	0	0	0	0	0
31	31	1838	940.384	545.057	0.895	1742	54	18	11	9	1742	54	18	11	9	107.248	181.101	1319	222	150	147	144	141	137	134	131	128	120	105.440	931.507	1494	1266	1138	1064	989	921	866	802	720	616	367	1	123	938.739	551.632	0	0.000	0.000	604	662.927	0	0.000	1021	1031.008	0	0.000	0	0	0	0	0	0	0	0	0	0	0	0	0	0	0
32	32	1695	1893.572	561.510	0.854	34	157	410	847	220	34	157	410	847	220	106.547	160.992	198	186	180	174	169	163	155	148	141	134	123	102.933	2480.143	4118	3684	3413	3182	2943	2629	2342	1886	1444	954	618	0	0	0.000	0.000	0	0.000	0.000	0	0.000	0	0.000	0	0.000	0	0.000	0	0	0	0	0	0	0	0	0	0	0	0	0	0	0
33	33	1479	37.850	577.178	0.879	52	302	711	346	40	52	302	711	346	40	103.261	131.232	149	141	138	136	134	131	129	127	124	120	112	100.972	142.550	164	155	152	149	146	144	141	139	135	128	109	0	0	0.000	0.000	0	0.000	0.000	0	0.000	0	0.000	0	0.000	0	0.000	0	0	0	0	0	0	0	0	0	0	0	0	0	0	0
34	34	1371	1414.358	578.280	0.895	39	130	483	629	69	39	130	483	629	69	106.773	136.806	152	148	145	143	141	138	135	132	128	124	115	102.997	3342.515	4729	4444	4166	3939	3695	3467	3179	2855	2533	2123	1085	0	0	0.000	0.000	0	0.000	0.000	0	0.000	0	0.000	0	0.000	0	0.000	0	0	0	0	0	0	0	0	0	0	0	0	0	0	0
35	35	1194	1521.677	576.807	0.894	233	707	131	95	5	233	707	131	95	5	107.000	132.529	161	150	143	138	134	129	126	124	123	121	118	104.000	2103.355	3941	3412	2976	2655	2255	1943	1673	1479	1289	1087	683	0	0	0.000	0.000	0	0.000	0.000	0	0.000	0	0.000	0	0.000	0	0.000	0	0	0	0	0	0	0	0	0	0	0	0	0	0	0
36	36	1451	1463.263	586.532	0.889	49	195	897	227	61	49	195	897	227	61	107.000	129.241	147	141	136	132	130	128	127	125	123	120	113	103.983	1793.489	4053	2753	2354	2110	1895	1722	1577	1406	1196	962	635	0	0	0.000	0.000	0	0.000	0.000	0	0.000	0	0.000	0	0.000	0	0.000	0	0	0	0	0	0	0	0	0	0	0	0	0	0	0
37	37	1069	185.516	594.360	0.920	424	452	137	30	3	424	452	137	30	3	105.000	187.546	1406	215	167	161	155	149	145	140	136	130	111	102.772	544.997	856	779	734	677	600	534	473	414	367	320	239	1	61	193.374	598.585	0	0.000	0.000	664	693.295	0	0.000	755	734.557	0	0.000	0	0	0	0	0	0	0	0	0	0	0	0	0	0	0
38	38	1504	1490.812	615.719	0.896	21	135	385	858	79	21	135	385	858	79	106.977	141.608	162	152	149	147	145	143	141	138	134	128	116	104.000	4393.945	5698	5405	5182	5004	4847	4655	4428	4119	3648	2938	1308	0	0	0.000	0.000	0	0.000	0.000	0	0.000	0	0.000	0	0.000	0	0.000	0	0	0	0	0	0	0	0	0	0	0	0	0	0	0
39	39	1738	1637.558	644.866	0.878	428	1149	92	14	9	428	1149	92	14	9	105.994	126.525	140	134	132	131	129	127	125	123	121	118	114	103.265	675.777	1086	991	908	825	738	657	584	521	464	391	278	0	0	0.000	0.000	0	0.000	0.000	0	0.000	0	0.000	0	0.000	0	0.000	0	0	0	0	0	0	0	0	0	0	0	0	0	0	0
40	40	2359	137.722	652.856	0.738	69	299	1361	562	18	69	299	1361	562	18	104.663	133.902	308	144	140	137	134	131	127	124	121	117	111	102.917	1091.365	1936	1804	1600	1331	1154	1002	884	786	663	530	401	1	59	141.762	643.392	0	0.000	0.000	232	234.932	0	0.000	1889	1865.356	0	0.000	0	0	0	0	0	0	0	0	0	0	0	0	0	0	0
41	41	1826	1581.697	694.801	0.865	25	103	727	830	115	25	103	727	830	115	106.834	344.502	4523	580	137	129	127	126	124	123	121	119	113	104.957	672.451	1100	952	880	816	748	682	607	525	455	381	277	1	182	1574.513	709.194	0	0.000	0.000	1981	2162.659	0	0.000	990	952.093	0	0.000	0	0	0	0	0	0	0	0	0	0	0	0	0	0	0
42	42	1932	1239.697	706.939	0.868	39	150	1108	563	43	39	150	1108	563	43	108.724	174.661	200	191	188	184	181	177	173	169	163	153	130	102.398	136.628	152	144	142	140	139	137	136	134	132	128	114	0	0	0.000	0.000	0	0.000	0.000	0	0.000	0	0.000	0	0.000	0	0.000	0	0	0	0	0	0	0	0	0	0	0	0	0	0	0
43	43	1424	130.888	707.073	0.922	32	160	709	414	78	32	160	709	414	78	104.698	135.355	144	141	140	139	137	136	135	134	131	128	119	102.000	1236.013	1687	1575	1493	1428	1370	1314	1232	1122	971	761	476	0	0	0.000	0.000	0	0.000	0.000	0	0.000	0	0.000	0	0.000	0	0.000	0	0	0	0	0	0	0	0	0	0	0	0	0	0	0
44	44	457	1647.874	708.951	0.779	17	106	172	112	38	17	106	172	112	38	107.000	131.214	142	137	134	132	131	131	130	129	129	128	125	103.814	235.639	326	286	273	260	244	229	217	209	200	192	178	0	0	0.000	0.000	0	0.000	0.000	0	0.000	0	0.000	0	0.000	0	0.000	0	0	0	0	0	0	0	0	0	0	0	0	0	0	0
45	45	2193	974.818	723.596	0.880	141	831	995	172	13	141	831	995	172	13	107.000	119.085	134	126	124	122	120	118	116	115	115	114	109	103.899	2292.641	5019	3181	2973	2805	2626	2435	2203	1955	1578	992	579	0	0	0.000	0.000	0	0.000	0.000	0	0.000	0	0.000	0	0.000	0	0.000	0	0	0	0	0	0	0	0	0	0	0	0	0	0	0
46	46	1761	1549.303	743.139	0.834	17	70	970	626	42	17	70	970	626	42	106.668	143.363	621	157	133	131	129	128	126	124	123	121	114	104.200	431.064	624	578	554	520	484	451	407	354	305	256	198	1	100	1555.189	756.048	0	0.000	0.000	339	357.670	0	0.000	568	536.760	0	0.000	0	0	0	0	0	0	0	0	0	0	0	0	0	0	0
47	47	1975	1320.334	736.282	0.889	45	335	1156	382	23	45	335	1156	382	23	107.801	128.093	141	136	134	133	131	129	127	124	122	119	111	101.995	124.837	142	133	131	129	128	126	124	121	119	115	106	0	0	0.000	0.000	0	0.000	0.000	0	0.000	0	0.000	0	0.000	0	0.000	0	0	0	0	0	0	0	0	0	0	0	0	0	0	0
48	48	2117	1199.757	747.812	0.885	884	873	224	87	15	884	873	224	87	15	110.425	256.651	2068	353	219	195	189	184	180	175	172	168	147	103.000	133.555	150	142	139	138	136	134	132	131	128	124	109	1	135	1192.517	761.864	0	0.000	0.000	978	1070.126	0	0.000	133	132.859	0	0.000	0	0	0	0	0	0	0	0	0	0	0	0	0	0	0
49	49	1561	1652.133	746.224	0.882	572	836	51	48	18	572	836	51	48	18	107.644	135.327	205	154	137	135	133	132	130	128	127	124	115	103.559	597.275	949	850	789	721	654	601	547	483	408	340	249	0	0	0.000	0.000	0	0.000	0.000	0	0.000	0	0.000	0	0.000	0	0.000	0	0	0	0	0	0	0	0	0	0	0	0	0	0	0
50	50	1661	1267.162	749.554	0.861	163	658	615	172	27	163	658	615	172	27	109.366	148.987	772	154	134	132	131	129	128	126	124	121	116	102.913	121.335	138	128	126	125	123	122	120	118	116	114	109	1	98	1272.403	761.024	0	0.000	0.000	402	424.214	0	0.000	123	122.429	0	0.000	0	0	0	0	0	0	0	0	0	0	0	0	0	0	0
51	51	1434	1864.226	771.246	0.889	10	146	619	522	109	10	146	619	522	109	106.000	204.897	252	238	228	222	214	208	201	193	180	167	137	102.771	290.900	395	354	336	322	306	290	275	262	248	231	167	0	0	0.000	0.000	0	0.000	0.000	0	0.000	0	0.000	0	0.000	0	0.000	0	0	0	0	0	0	0	0	0	0	0	0	0	0	0
52	52	412	1820.808	760.136	0.724	7	78	176	123	17	7	78	176	123	17	106.000	171.546	195	187	183	177	173	170	168	166	163	158	146	102.000	237.750	302	279	265	254	243	233	224	218	212	206	186	0	0	0.000	0.000	0	0.000	0.000	0	0.000	0	0.000	0	0.000	0	0.000	0	0	0	0	0	0	0	0	0	0	0	0	0	0	0
53	53	1675	1637.191	797.130	0.887	104	119	765	607	56	104	119	765	607	56	107.000	131.886	152	142	138	135	133	131	129	127	125	123	118	103.199	499.171	857	749	657	578	533	481	431	386	344	300	229	0	0	0.000	0.000	0	0.000	0.000	0	0.000	0	0.000	0	0.000	0	0.000	0	0	0	0	0	0	0	0	0	0	0	0	0	0	0
54	54	2509	1179.563	805.196	0.846	1391	845	182	38	18	1391	845	182	38	18	110.349	358.229	1575	439	406	382	354	324	300	277	259	236	172	102.639	147.825	176	162	158	154	151	148	145	142	139	135	114	1	77	1191.875	822.974	0	0.000	0.000	1090	1105.039	0	0.000	147	148.351	0	0.000	0	0	0	0	0	0	0	0	0	0	0	0	0	0	0
55	55	1697	1923.971	822.163	0.892	27	219	1118	283	18	27	219	1118	283	18	106.005	184.655	235	221	211	204	196	185	175	165	156	147	129	102.348	255.030	377	329	305	289	273	258	240	220	201	179	139	0	0	0.000	0.000	0	0.000	0.000	0	0.000	0	0.000	0	0.000	0	0.000	0	0	0	0	0	0	0	0	0	0	0	0	0	0	0
56	56	2182	869.154	832.142	0.817	49	107	625	1259	94	49	107	625	1259	94	106.640	271.807	441	337	324	313	301	284	265	243	213	180	142	103.574	712.209	1053	982	935	889	827	760	669	568	466	378	218	0	0	0.000	0.000	0	0.000	0.000	0	0.000	0	0.000	0	0.000	0	0.000	0	0	0	0	0	0	0	0	0	0	0	0	0	0	0
57	57	1691	439.559	833.738	0.912	48	458	865	272	18	48	458	865	272	18	105.000	116.407	128	122	119	118	117	116	115	114	113	113	110	103.000	1065.808	1672	1457	1351	1274	1187	1101	998	897	789	612	316	0	0	0.000	0.000	0	0.000	0.000	0	0.000	0	0.000	0	0.000	0	0.000	0	0	0	0	0	0	0	0	0	0	0	0	0	0	0
58	58	1746	372.435	838.043	0.880	61	622	874	142	11	61	622	874	142	11	105.000	114.957	124	119	117	116	115	115	114	113	113	112	108	103.000	1095.679	1736	1574	1453	1345	1263	1150	1020	874	709	525	370	0	0	0.000	0.000	0	0.000	0.000	0	0.000	0	0.000	0	0.000	0	0.000	0	0	0	0	0	0	0	0	0	0	0	0	0	0	0
59	59	862	1651.762	843.832	0.868	51	286	398	98	11	51	286	398	98	11	107.854	127.803	141	134	132	130	129	127	126	125	124	122	118	103.835	489.368	700	657	605	558	510	479	447	417	382	345	289	0	0	0.000	0.000	0	0.000	0.000	0	0.000	0	0.000	0	0.000	0	0.000	0	0	0	0	0	0	0	0	0	0	0	0	0	0	0
60	60	617	1701.240	844.157	0.898	13	37	258	277	26	13	37	258	277	26	107.603	115.750	126	122	119	117	115	115	114	113	113	112	109	103.031	600.935	900	795	718	673	640	611	582	540	489	396	263	0	0	0.000	0.000	0	0.000	0.000	0	0.000	0	0.000	0	0.000	0	0.000	0	0	0	0	0	0	0	0	0	0	0	0	0	0	0
61	61	2110	920.085	865.758	0.886	73	820	995	154	21	73	820	995	154	21	107.479	298.695	389	373	365	353	335	312	288	259	226	197	169	103.448	818.348	1194	1096	1057	1010	951	894	808	688	538	410	309	0	0	0.000	0.000	0	0.000	0.000	0	0.000	0	0.000	0	0.000	0	0.000	0	0	0	0	0	0	0	0	0	0	0	0	0	0	0
62	62	1322	1908.218	864.174	0.908	7	63	368	765	97	7	63	368	765	97	106.144	192.768	238	227	220	214	206	196	187	176	164	152	135	102.037	265.654	356	332	311	296	281	267	255	239	220	199	152	0	0	0.000	0.000	0	0.000	0.000	0	0.000	0	0.000	0	0.000	0	0.000	0	0	0	0	0	0	0	0	0	0	0	0	0	0	0
63	63	310	406.819	854.145	0.946	34	64	101	76	25	34	64	101	76	25	105.000	110.748	114	112	112	111	111	111	110	110	110	109	107	103.000	411.106	643	525	483	454	430	411	387	367	338	314	229	0	0	0.000	0.000	0	0.000	0.000	0	0.000	0	0.000	0	0.000	0	0.000	0	0	0	0	0	0	0	0	0	0	0	0	0	0	0
64	64	2030	1430.261	883.054	0.879	49	1272	630	45	4	49	1272	630	45	4	108.491	426.114	1345	757	494	385	360	346	332	321	306	263	191	104.916	1969.337	2751	2610	2512	2368	2224	2036	1867	1712	1529	1167	545	1	139	1427.416	894.587	0	0.000	0.000	1082	1081.331	0	0.000	2288	2244.453	0	0.000	0	0	0	0	0	0	0	0	0	0	0	0	0	0	0
65	65	1746	1707.435	886.292	0.882	26	367	1103	206	15	26	367	1103	206	15	107.170	115.101	134	119	117	116	115	114	114	113	113	112	109	103.554	695.875	1113	1006	950	878	797	719	634	532	433	345	260	2	82	1710.279	889.934	11	1692.683	883.139	124	124.390	119	119.455	757	733.756	732	733.909	0	0	0	0	0	0	0	0	0	0	0	0	0	0	0
66	66	1747	856.732	886.677	0.882	156	1230	307	16	12	156	1230	307	16	12	107.000	122.041	137	130	127	124	122	121	120	119	117	116	111	103.972	1070.163	1688	1361	1287	1230	1159	1080	1004	934	862	754	455	0	0	0.000	0.000	0	0.000	0.000	0	0.000	0	0.000	0	0.000	0	0.000	0	0	0	0	0	0	0	0	0	0	0	0	0	0	0
67	67	1891	1654.103	894.870	0.860	54	568	934	273	23	54	568	934	273	23	107.166	115.370	127	121	118	116	115	114	114	113	113	112	109	103.837	672.695	1005	908	843	806	772	715	640	567	474	369	268	0	0	0.000	0.000	0	0.000	0.000	0	0.000	0	0.000	0	0.000	0	0.000	0	0	0	0	0	0	0	0	0	0	0	0	0	0	0
68	68	977	1377.795	900.257	0.909	18	155	549	154	81	18	155	549	154	81	108.929	143.247	159	154	151	148	146	145	142	139	136	131	123	104.670	795.954	1168	1072	995	943	887	827	750	661	578	489	351	0	0	0.000	0.000	0	0.000	0.000	0	0.000	0	0.000	0	0.000	0	0.000	0	0	0	0	0	0	0	0	0	0	0	0	0	0	0
69	69	1377	805.555	906.912	0.904	38	92	547	599	74	38	92	547	599	74	106.450	116.349	127	121	119	118	117	116	115	114	113	112	109	103.335	776.662	1204	1088	1031	963	879	800	720	622	526	409	293	0	0	0.000	0.000	0	0.000	0.000	0	0.000	0	0.000	0	0.000	0	0.000	0	0	0	0	0	0	0	0	0	0	0	0	0	0	0
70	70	2417	1444.959	943.672	0.901	124	364	1536	303	47	124	364	1536	303	47	109.450	1564.393	12119	5936	1667	539	363	335	316	294	273	237	165	105.529	1721.712	2610	2340	2190	2049	1895	1759	1614	1447	1278	1052	496	1	503	1437.257	949.414	0	0.000	0.000	5641	6032.235	0	0.000	1921	1921.252	0	0.000	0	0	0	0	0	0	0	0	0	0	0	0	0	0	0
71	71	1876	1349.627	936.523	0.908	137	1427	250	19	20	137	1427	250	19	20	108.720	201.155	736	377	222	172	156	148	144	139	136	133	122	104.119	797.782	1424	1235	1092	958	848	765	676	590	500	434	374	1	285	1346.288	933.945	0	0.000	0.000	436	455.253	0	0.000	652	688.028	0	0.000	0	0	0	0	0	0	0	0	0	0	0	0	0	0	0
72	72	296	20.552	930.794	0.934	69	47	98	67	10	69	47	98	67	10	102.054	107.125	111	109	108	108	107	107	107	106	106	106	104	101.000	586.895	823	758	718	673	634	593	558	511	456	404	322	0	0	0.000	0.000	0	0.000	0.000	0	0.000	0	0.000	0	0.000	0	0.000	0	0	0	0	0	0	0	0	0	0	0	0	0	0	0
73	73	1883	49.221	955.945	0.892	92	661	858	194	34	92	661	858	194	34	103.035	113.325	123	118	116	115	114	113	113	112	110	109	106	101.771	3513.496	6103	5316	4787	4266	3837	3433	3068	2682	2310	1832	939	0	0	0.000	0.000	0	0.000	0.000	0	0.000	0	0.000	0	0.000	0	0.000	0	0	0	0	0	0	0	0	0	0	0	0	0	0	0
74	74	1531	834.972	963.508	0.875	27	404	816	232	10	27	404	816	232	10	106.982	118.613	132	124	122	120	119	118	117	116	115	114	111	103.206	705.631	1271	1046	923	839	764	694	612	539	467	398	333	0	0	0.000	0.000	0	0.000	0.000	0	0.000	0	0.000	0	0.000	0	0.000	0	0	0	0	0	0	0	0	0	0	0	0	0	0	0
75	75	1630	392.545	976.712	0.910	114	676	690	106	15	114	676	690	106	15	106.000	124.460	160	142	132	125	122	121	119	118	117	116	110	102.412	3103.906	4694	4074	3788	3556	3383	3152	2940	2680	2405	2071	1128	0	0	0.000	0.000	0	0.000	0.000	0	0.000	0	0.000	0	0.000	0	0.000	0	0	0	0	0	0	0	0	0	0	0	0	0	0	0
76	76	747	904.340	978.709	0.898	64	349	170	122	26	64	349	170	122	26	107.865	171.869	197	187	183	179	176	173	170	165	161	154	143	103.000	124.094	137	132	130	128	126	124	122	120	119	117	110	0	0	0.000	0.000	0	0.000	0.000	0	0.000	0	0.000	0	0.000	0	0.000	0	0	0	0	0	0	0	0	0	0	0	0	0	0	0
77	77	1762	939.510	994.790	0.910	20	224	1209	223	46	20	224	1209	223	46	107.136	195.005	254	234	222	212	202	193	186	179	170	159	132	102.338	140.059	167	156	152	147	144	140	136	133	129	125	113	0	0	0.000	0.000	0	0.000	0.000	0	0.000	0	0.000	0	0.000	0	0.000	0	0	0	0	0	0	0	0	0	0	0	0	0	0	0
78	78	1367	1429.868	994.478	0.932	66	307	853	120	4	66	307	853	120	4	109.113	140.366	215	164	145	139	137	135	134	132	130	126	121	104.431	1248.720	1790	1658	1564	1457	1332	1238	1153	1057	975	858	458	0	0	0.000	0.000	0	0.000	0.000	0	0.000	0	0.000	0	0.000	0	0.000	0	0	0	0	0	0	0	0	0	0	0	0	0	0	0
79	79	1699	26.937	1004.936	0.880	53	812	641	136	31	53	812	641	136	31	103.000	112.158	119	115	114	113	112	112	111	111	110	110	107	101.004	3107.420	4864	4197	3892	3536	3316	3141	2896	2631	2347	2045	1282	0	0	0.000	0.000	0	0.000	0.000	0	0.000	0	0.000	0	0.000	0	0.000	0	0	0	0	0	0	0	0	0	0	0	0	0	0	0
80	80	938	830.632	1017.423	0.917	19	63	614	190	30	19	63	614	190	30	107.916	122.931	133	130	128	126	124	123	122	120	119	116	111	103.104	772.928	1031	962	916	874	835	793	746	706	656	553	348	0	0	0.000	0.000	0	0.000	0.000	0	0.000	0	0.000	0	0.000	0	0.000	0	0	0	0	0	0	0	0	0	0	0	0	0	0	0
81	81	1221	657.622	1023.526	0.871	160	665	339	22	15	160	665	339	22	15	107.382	119.496	135	127	123	121	120	118	117	116	115	114	112	102.000	119.898	132	126	124	123	122	120	119	117	116	114	105	0	0	0.000	0.000	0	0.000	0.000	0	0.000	0	0.000	0	0.000	0	0.000	0	0	0	0	0	0	0	0	0	0	0	0	0	0	0
82	82	1531	891.025	1024.396	0.835	888	269	144	99	110	888	269	144	99	110	107.658	180.384	223	210	203	196	189	183	175	165	157	149	140	103.000	132.438	155	144	140	138	135	132	130	127	124	121	111	0	0	0.000	0.000	0	0.000	0.000	0	0.000	0	0.000	0	0.000	0	0.000	0	0	0	0	0	0	0	0	0	0	0	0	0	0	0
83	83	1768	1164.415	1036.640	0.891	63	511	880	262	19	63	511	880	262	19	108.460	181.497	243	218	203	193	186	181	174	165	159	151	132	102.650	1833.379	3564	2927	2470	2143	1935	1716	1517	1371	1215	938	534	0	0	0.000	0.000	0	0.000	0.000	0	0.000	0	0.000	0	0.000	0	0.000	0	0	0	0	0	0	0	0	0	0	0	0	0	0	0
84	84	1086	1397.296	1035.268	0.877	107	460	446	29	12	107	460	446	29	12	108.087	116.160	130	119	117	117	116	116	115	115	114	114	111	103.928	127.901	140	133	132	130	129	128	127	126	124	122	112	0	0	0.000	0.000	0	0.000	0.000	0	0.000	0	0.000	0	0.000	0	0.000	0	0	0	0	0	0	0	0	0	0	0	0	0	0	0
85	85	1718	803.191	1058.063	0.853	173	1089	404	13	4	173	1089	404	13	4	108.229	182.261	212	198	194	190	185	182	179	176	172	166	149	102.718	144.829	169	154	151	149	147	145	143	141	139	136	124	0	0	0.000	0.000	0	0.000	0.000	0	0.000	0	0.000	0	0.000	0	0.000	0	0	0	0	0	0	0	0	0	0	0	0	0	0	0
86	86	1904	1116.777	1062.935	0.909	1075	744	14	6	6	1075	744	14	6	6	108.197	184.463	223	208	203	197	191	185	181	175	168	158	130	102.951	1798.938	2990	2610	2434	2200	1973	1754	1568	1399	1229	1018	661	0	0	0.000	0.000	0	0.000	0.000	0	0.000	0	0.000	0	0.000	0	0.000	0	0	0	0	0	0	0	0	0	0	0	0	0	0	0
87	87	1172	683.481	1062.221	0.902	22	104	534	447	44	22	104	534	447	44	108.000	124.867	141	135	133	130	126	123	121	120	118	117	112	102.000	123.296	137	129	127	126	125	124	123	122	120	116	106	0	0	0.000	0.000	0	0.000	0.000	0	0.000	0	0.000	0	0.000	0	0.000	0	0	0	0	0	0	0	0	0	0	0	0	0	0	0
88	88	254	764.794	1052.950	0.943	28	65	85	60	10	28	65	85	60	10	108.000	132.917	144	140	138	137	135	133	131	130	127	126	120	102.000	117.307	126	124	121	120	118	117	116	115	113	111	107	0	0	0.000	0.000	0	0.000	0.000	0	0.000	0	0.000	0	0.000	0	0.000	0	0	0	0	0	0	0	0	0	0	0	0	0	0	0
89	89	530	533.753	1063.200	0.783	298	140	74	6	5	298	140	74	6	5	108.000	167.623	206	189	182	176	170	165	159	156	154	151	140	102.000	123.619	137	130	128	126	125	123	122	121	119	117	112	0	0	0.000	0.000	0	0.000	0.000	0	0.000	0	0.000	0	0.000	0	0.000	0	0	0	0	0	0	0	0	0	0	0	0	0	0	0
90	90	2153	862.819	1073.769	0.898	1171	655	196	77	15	1171	655	196	77	15	108.096	175.112	235	201	195	190	184	178	172	164	153	140	130	102.890	140.853	166	154	151	148	145	143	140	135	130	124	109	0	0	0.000	0.000	0	0.000	0.000	0	0.000	0	0.000	0	0.000	0	0.000	0	0	0	0	0	0	0	0	0	0	0	0	0	0	0
91	91	975	1325.056	1075.571	0.869	50	503	225	144	35	50	503	225	144	35	109.000	118.418	144	126	121	119	117	117	116	115	114	114	111	102.840	124.888	140	133	131	129	128	126	124	122	119	113	107	1	129	1331.032	1074.510	0	0.000	0.000	130	130.605	0	0.000	129	129.302	0	0.000	0	0	0	0	0	0	0	0	0	0	0	0	0	0	0
92	92	2258	804.369	1115.731	0.886	231	1552	401	39	7	231	1552	401	39	7	108.447	229.812	310	275	265	255	242	228	215	205	196	191	142	102.463	132.549	148	141	138	136	134	132	131	129	128	125	109	0	0	0.000	0.000	0	0.000	0.000	0	0.000	0	0.000	0	0.000	0	0.000	0	0	0	0	0	0	0	0	0	0	0	0	0	0	0
93	93	2322	551.767	1118.663	0.891	658	1263	265	76	16	658	1263	265	76	16	108.058	643.169	11385	813	360	328	314	302	283	261	232	195	144	103.000	128.936	155	137	134	133	131	130	128	126	123	119	108	1	141	542.233	1127.628	0	0.000	0.000	4835	5226.823	0	0.000	141	140.872	0	0.000	0	0	0	0	0	0	0	0	0	0	0	0	0	0	0
94	94	221	489.480	1099.542	0.922	34	54	45	56	27	34	54	45	56	27	107.149	128.828	174	164	151	136	127	120	116	114	113	112	110	102.000	110.199	130	123	116	111	108	107	106	106	105	105	102	0	0	0.000	0.000	0	0.000	0.000	0	0.000	0	0.000	0	0.000	0	0.000	0	0	0	0	0	0	0	0	0	0	0	0	0	0	0
95	95	1861	469.551	1171.214	0.897	80	604	833	256	50	80	604	833	256	50	106.997	481.018	7422	684	290	270	249	234	220	202	185	165	132	102.000	125.856	144	133	131	129	128	127	125	124	121	116	106	1	119	478.929	1177.124	0	0.000	0.000	3180	3438.916	0	0.000	135	134.975	0	0.000	0	0	0	0	0	0	0	0	0	0	0	0	0	0	0
96	96	1223	1595.274	1205.387	0.900	116	764	289	14	6	116	764	289	14	6	107.129	118.776	137	127	123	120	118	117	116	115	115	114	110	102.718	121.686	134	128	126	124	123	122	121	119	118	115	108	0	0	0.000	0.000	0	0.000	0.000	0	0.000	0	0.000	0	0.000	0	0.000	0	0	0	0	0	0	0	0	0	0	0	0	0	0	0
97	97	1487	407.588	1262.087	0.910	87	487	705	179	6	87	487	705	179	6	106.000	157.061	176	170	167	165	162	160	156	151	146	140	123	102.000	1264.300	1615	1506	1454	1415	1380	1325	1268	1184	1058	909	548	0	0	0.000	0.000	0	0.000	0.000	0	0.000	0	0.000	0	0.000	0	0.000	0	0	0	0	0	0	0	0	0	0	0	0	0	0	0
98	98	2867	1984.137	1275.461	0.875	201	776	1625	213	10	201	776	1625	213	10	107.142	434.572	4930	454	408	380	359	341	310	277	239	207	160	103.269	681.311	1136	984	906	843	784	712	620	528	425	335	218	1	131	1965.294	1278.524	0	0.000	0.000	2335	2489.992	0	0.000	982	919.290	0	0.000	0	0	0	0	0	0	0	0	0	0	0	0	0	0	0
99	99	1670	1297.025	1291.888	0.866	428	1070	103	31	15	428	1070	103	31	15	109.000	2312.117	20235	8965	2295	658	443	405	375	350	319	266	173	103.000	124.335	170	143	129	125	123	121	120	118	116	114	107	1	315	1303.326	1303.711	0	0.000	0.000	9017	9957.419	0	0.000	143	141.797	0	0.000	0	0	0	0	0	0	0	0	0	0	0	0	0	0	0
100	100	2116	1161.662	1300.795	0.863	227	1099	644	99	22	227	1099	644	99	22	108.359	439.926	3818	604	400	360	339	325	309	285	257	221	174	102.000	314.052	429	394	376	358	342	321	300	278	250	221	166	1	118	1152.943	1305.929	0	0.000	0.000	1995	2053.703	0	0.000	387	375.008	0	0.000	0	0	0	0	0	0	0	0	0	0	0	0	0	0	0
101	101	1861	397.514	1314.227	0.904	80	595	980	165	12	80	595	980	165	12	106.000	140.682	167	156	153	150	145	141	136	132	128	125	115	102.000	797.895	1412	1177	1064	967	866	787	706	625	520	425	260	0	0	0.000	0.000	0	0.000	0.000	0	0.000	0	0.000	0	0.000	0	0.000	0	0	0	0	0	0	0	0	0	0	0	0	0	0	0
102	102	1270	1629.228	1314.321	0.903	30	264	773	159	16	30	264	773	159	16	108.459	123.453	141	131	128	125	124	123	122	120	119	117	112	104.961	120.765	136	129	126	124	122	120	119	117	116	114	108	0	0	0.000	0.000	0	0.000	0.000	0	0.000	0	0.000	0	0.000	0	0.000	0	0	0	0	0	0	0	0	0	0	0	0	0	0	0
103	103	1305	1946.105	1313.608	0.782	7	173	675	383	39	7	173	675	383	39	108.000	372.881	479	447	429	411	396	383	366	343	315	286	206	103.812	847.195	1186	1100	1037	982	928	871	808	741	646	554	459	0	0	0.000	0.000	0	0.000	0.000	0	0.000	0	0.000	0	0.000	0	0.000	0	0	0	0	0	0	0	0	0	0	0	0	0	0	0
104	104	1668	1109.405	1314.377	0.900	119	713	734	61	7	119	713	734	61	7	108.488	337.757	457	407	394	384	372	354	337	311	273	226	163	102.437	326.369	438	396	380	369	356	342	326	306	270	226	153	0	0	0.000	0.000	0	0.000	0.000	0	0.000	0	0.000	0	0.000	0	0.000	0	0	0	0	0	0	0	0	0	0	0	0	0	0	0
105	105	1971	913.495	1335.523	0.900	259	1231	354	63	23	259	1231	354	63	23	108.484	656.901	6813	1193	513	453	411	373	337	304	271	236	167	102.000	125.838	160	136	132	130	128	126	123	121	118	115	106	1	160	900.793	1333.967	0	0.000	0.000	3152	3414.113	0	0.000	140	140.081	0	0.000	0	0	0	0	0	0	0	0	0	0	0	0	0	0	0
106	106	1778	1929.425	1341.726	0.815	47	300	815	472	96	47	300	815	472	96	108.000	417.361	527	500	482	465	448	429	406	383	364	331	172	103.679	948.899	1301	1207	1158	1106	1055	993	921	837	757	638	257	0	0	0.000	0.000	0	0.000	0.000	0	0.000	0	0.000	0	0.000	0	0.000	0	0	0	0	0	0	0	0	0	0	0	0	0	0	0
107	107	1680	1552.828	1349.955	0.897	675	923	50	6	6	675	923	50	6	6	109.210	187.108	965	334	165	138	136	133	130	128	126	123	116	106.000	1245.965	1782	1638	1577	1482	1370	1258	1137	1018	921	851	612	1	225	1556.721	1364.948	0	0.000	0.000	497	528.587	0	0.000	1392	1318.138	0	0.000	0	0	0	0	0	0	0	0	0	0	0	0	0	0	0
108	108	2249	1671.216	1398.039	0.780	155	944	1010	77	10	155	944	1010	77	10	109.000	186.109	231	208	197	192	189	185	181	177	173	168	149	104.788	1615.687	2667	2211	1946	1822	1721	1609	1494	1365	1217	1059	754	0	0	0.000	0.000	0	0.000	0.000	0	0.000	0	0.000	0	0.000	0	0.000	0	0	0	0	0	0	0	0	0	0	0	0	0	0	0
109	109	1922	1585.170	1434.698	0.880	37	828	847	138	37	37	828	847	138	37	108.977	171.981	798	211	159	153	150	147	145	142	138	133	125	105.129	1361.371	1881	1781	1694	1598	1510	1428	1326	1201	1028	820	494	1	126	1572.059	1425.002	0	0.000	0.000	451	459.040	0	0.000	1601	1526.151	0	0.000	0	0	0	0	0	0	0	0	0	0	0	0	0	0	0
110	110	213	1556.610	1452.295	0.928	20	49	57	65	18	20	49	57	65	18	108.432	122.953	144	134	127	125	123	122	121	119	117	115	113	104.000	573.958	1383	912	692	619	567	525	485	445	407	362	293	0	0	0.000	0.000	0	0.000	0.000	0	0.000	0	0.000	0	0.000	0	0.000	0	0	0	0	0	0	0	0	0	0	0	0	0	0	0
111	111	1949	1964.291	1496.846	0.840	124	936	785	55	8	124	936	785	55	8	106.700	129.427	143	136	134	133	131	130	129	127	125	121	112	102.000	930.169	1352	1225	1121	1044	974	905	853	807	747	679	498	0	0	0.000	0.000	0	0.000	0.000	0	0.000	0	0.000	0	0.000	0	0.000	0	0	0	0	0	0	0	0	0	0	0	0	0	0	0
112	112	520	1378.489	1495.922	0.877	82	205	157	47	17	82	205	157	47	17	108.000	187.471	261	233	213	196	189	183	178	172	163	153	137	104.431	150.067	191	175	164	155	151	147	144	141	138	133	121	0	0	0.000	0.000	0	0.000	0.000	0	0.000	0	0.000	0	0.000	0	0.000	0	0	0	0	0	0	0	0	0	0	0	0	0	0	0
113	113	1897	774.168	1513.579	0.851	27	317	1146	317	52	27	317	1146	317	52	107.163	256.260	2064	271	250	239	228	218	208	198	188	179	153	104.000	1426.891	2273	2007	1835	1685	1542	1418	1274	1139	1014	873	669	1	71	772.210	1499.940	0	0.000	0.000	994	1070.718	0	0.000	2021	2008.296	0	0.000	0	0	0	0	0	0	0	0	0	0	0	0	0	0	0
114	114	1203	1230.416	1513.491	0.901	71	495	541	51	11	71	495	541	51	11	110.150	242.919	294	276	266	259	251	244	236	228	220	210	178	108.633	2598.140	3797	3368	3168	3046	2918	2719	2503	2279	1989	1594	1021	0	0	0.000	0.000	0	0.000	0.000	0	0.000	0	0.000	0	0.000	0	0.000	0	0	0	0	0	0	0	0	0	0	0	0	0	0	0
115	115	1686	726.733	1525.480	0.880	9	25	404	1165	52	9	25	404	1165	52	107.368	251.421	2892	296	182	174	168	163	157	150	142	133	124	104.187	1300.357	1952	1743	1659	1582	1480	1405	1310	1138	878	625	422	1	103	716.377	1522.238	0	0.000	0.000	1286	1420.515	0	0.000	1674	1654.010	0	0.000	0	0	0	0	0	0	0	0	0	0	0	0	0	0	0
116	116	2084	1155.220	1534.426	0.875	98	744	945	233	33	98	744	945	233	33	110.615	654.167	2217	1030	704	641	609	576	536	492	449	412	294	108.035	3341.338	5575	4657	4062	3744	3464	3246	3026	2806	2626	2349	1192	1	106	1141.089	1556.908	0	0.000	0.000	1789	1780.689	0	0.000	2349	2152.934	0	0.000	0	0	0	0	0	0	0	0	0	0	0	0	0	0	0
117	117	1992	1278.232	1546.712	0.800	1097	664	98	77	26	1097	664	98	77	26	110.000	247.806	330	304	294	283	271	256	238	220	200	174	155	108.580	2335.647	3667	3356	3124	2956	2759	2515	2231	1895	1468	954	597	0	0	0.000	0.000	0	0.000	0.000	0	0.000	0	0.000	0	0.000	0	0.000	0	0	0	0	0	0	0	0	0	0	0	0	0	0	0
118	118	651	1897.102	1541.605	0.908	216	337	60	18	10	216	337	60	18	10	107.425	120.184	128	124	123	122	121	120	119	118	117	116	112	103.000	118.353	151	128	124	122	121	118	116	114	110	107	103	0	0	0.000	0.000	0	0.000	0.000	0	0.000	0	0.000	0	0.000	0	0.000	0	0	0	0	0	0	0	0	0	0	0	0	0	0	0
119	119	1333	1644.948	1548.570	0.898	18	30	415	717	120	18	30	415	717	120	108.000	159.933	643	216	149	143	138	134	131	129	127	124	115	104.847	273.359	337	318	303	293	284	276	268	259	247	226	166	1	114	1628.746	1557.143	0	0.000	0.000	357	379.789	0	0.000	257	243.640	0	0.000	0	0	0	0	0	0	0	0	0	0	0	0	0	0	0
120	120	1337	682.809	1558.512	0.907	23	225	786	263	9	23	225	786	263	9	107.251	157.251	189	176	170	165	161	158	156	151	143	136	126	104.412	1256.083	1978	1766	1612	1522	1406	1283	1151	1016	894	708	473	0	0	0.000	0.000	0	0.000	0.000	0	0.000	0	0.000	0	0.000	0	0.000	0	0	0	0	0	0	0	0	0	0	0	0	0	0	0
121	121	1195	1196.842	1573.865	0.887	114	368	520	158	16	114	368	520	158	16	111.000	454.894	678	557	518	497	478	456	428	406	382	348	260	108.571	1417.444	1974	1777	1673	1575	1464	1374	1311	1258	1204	1115	857	0	0	0.000	0.000	0	0.000	0.000	0	0.000	0	0.000	0	0.000	0	0.000	0	0	0	0	0	0	0	0	0	0	0	0	0	0	0
122	122	1585	1684.273	1575.087	0.885	60	186	1034	266	15	60	186	1034	266	15	107.194	142.011	757	145	136	129	126	125	123	122	120	118	114	105.326	258.019	360	328	303	286	273	260	244	222	205	195	162	1	79	1674.917	1578.174	0	0.000	0.000	383	398.835	0	0.000	341	337.911	0	0.000	0	0	0	0	0	0	0	0	0	0	0	0	0	0	0
123	123	1214	1611.532	1581.957	0.921	48	118	228	624	177	48	118	228	624	177	107.520	120.942	150	127	125	123	121	120	119	118	117	116	110	105.761	211.921	325	280	258	237	219	204	193	179	168	154	141	0	0	0.000	0.000	0	0.000	0.000	0	0.000	0	0.000	0	0.000	0	0.000	0	0	0	0	0	0	0	0	0	0	0	0	0	0	0
124	124	1812	1158.290	1601.566	0.902	203	858	476	175	70	203	858	476	175	70	110.487	480.245	636	602	577	554	525	492	455	417	380	345	272	107.493	3084.773	4403	4120	3945	3724	3453	3190	2877	2543	2184	1869	1392	0	0	0.000	0.000	0	0.000	0.000	0	0.000	0	0.000	0	0.000	0	0.000	0	0	0	0	0	0	0	0	0	0	0	0	0	0	0
125	125	2038	575.096	1633.542	0.905	1154	498	202	126	34	1154	498	202	126	34	106.665	216.525	1726	384	172	149	145	142	137	130	124	121	112	106.079	1267.357	2333	2003	1782	1596	1442	1264	1065	879	718	589	317	1	188	565.430	1646.414	0	0.000	0.000	788	849.495	0	0.000	1882	1817.862	0	0.000	0	0	0	0	0	0	0	0	0	0	0	0	0	0	0
126	126	1156	1638.039	1626.828	0.896	117	448	309	210	52	117	448	309	210	52	106.977	113.442	119	116	115	114	114	113	113	112	112	111	108	106.546	1001.884	1565	1425	1319	1210	1109	1020	909	801	680	570	385	0	0	0.000	0.000	0	0.000	0.000	0	0.000	0	0.000	0	0.000	0	0.000	0	0	0	0	0	0	0	0	0	0	0	0	0	0	0
127	127	2010	1646.560	1674.386	0.887	240	351	930	415	11	240	351	930	415	11	107.179	115.901	124	121	119	118	117	116	115	114	113	111	107	105.577	939.839	1928	1544	1302	1121	975	869	770	669	573	467	312	0	0	0.000	0.000	0	0.000	0.000	0	0.000	0	0.000	0	0.000	0	0.000	0	0	0	0	0	0	0	0	0	0	0	0	0	0	0
128	128	1638	1901.956	1716.803	0.905	702	774	76	26	7	702	774	76	26	7	106.195	125.716	151	138	133	129	126	124	123	121	119	116	111	101.597	124.242	140	132	129	128	126	125	123	121	119	116	107	0	0	0.000	0.000	0	0.000	0.000	0	0.000	0	0.000	0	0.000	0	0.000	0	0	0	0	0	0	0	0	0	0	0	0	0	0	0
129	129	563	1244.668	1716.682	0.836	118	191	138	84	19	118	191	138	84	19	109.000	267.430	438	350	317	296	274	259	241	226	212	199	171	104.183	137.234	171	150	145	142	139	137	135	132	129	124	115	0	0	0.000	0.000	0	0.000	0.000	0	0.000	0	0.000	0	0.000	0	0.000	0	0	0	0	0	0	0	0	0	0	0	0	0	0	0
130	130	1656	1132.737	1743.347	0.888	150	301	848	317	19	150	301	848	317	19	107.917	137.004	156	150	146	143	140	137	134	131	128	125	113	105.891	1037.454	1625	1406	1312	1245	1165	1098	1013	877	722	566	404	0	0	0.000	0.000	0	0.000	0.000	0	0.000	0	0.000	0	0.000	0	0.000	0	0	0	0	0	0	0	0	0	0	0	0	0	0	0
131	131	1465	1183.470	1743.709	0.877	84	985	315	49	10	84	985	315	49	10	108.928	144.275	167	157	154	151	149	145	142	139	134	129	121	105.000	1081.365	1700	1523	1395	1278	1157	1047	954	884	807	690	439	0	0	0.000	0.000	0	0.000	0.000	0	0.000	0	0.000	0	0.000	0	0.000	0	0	0	0	0	0	0	0	0	0	0	0	0	0	0
132	132	2066	1072.768	1740.216	0.877	450	1301	140	108	47	450	1301	140	108	47	108.000	253.805	2260	521	171	134	129	126	122	120	118	117	113	105.108	929.941	1674	1424	1259	1134	1015	914	818	712	604	465	323	1	233	1083.522	1735.211	0	0.000	0.000	1025	1139.215	0	0.000	1314	1286.172	0	0.000	0	0	0	0	0	0	0	0	0	0	0	0	0	0	0
133	133	2201	531.992	1759.113	0.908	1319	771	49	7	5	1319	771	49	7	5	105.388	118.035	137	127	123	120	118	117	115	114	113	112	109	103.323	811.405	1689	1295	1146	1001	868	750	648	553	480	435	256	0	0	0.000	0.000	0	0.000	0.000	0	0.000	0	0.000	0	0.000	0	0.000	0	0	0	0	0	0	0	0	0	0	0	0	0	0	0
134	134	1952	1327.142	1775.246	0.909	74	775	822	204	37	74	775	822	204	37	108.850	121.337	144	131	127	123	121	119	118	117	116	115	112	104.519	729.003	1317	1081	913	824	761	699	645	592	542	464	268	1	15	1336.105	1772.436	0	0.000	0.000	141	140.733	0	0.000	516	512.133	0	0.000	0	0	0	0	0	0	0	0	0	0	0	0	0	0	0
135	135	1359	1277.924	1783.618	0.888	55	257	797	209	19	55	257	797	209	19	108.888	162.169	201	186	181	175	169	164	158	151	143	135	121	104.913	121.042	138	129	126	124	122	121	119	118	116	114	108	0	0	0.000	0.000	0	0.000	0.000	0	0.000	0	0.000	0	0.000	0	0.000	0	0	0	0	0	0	0	0	0	0	0	0	0	0	0
136	136	1540	1093.360	1795.501	0.882	671	540	173	105	32	671	540	173	105	32	108.000	124.179	133	129	127	126	126	125	124	122	121	118	114	105.280	759.588	1237	1022	959	907	852	781	706	622	535	446	325	0	0	0.000	0.000	0	0.000	0.000	0	0.000	0	0.000	0	0.000	0	0.000	0	0	0	0	0	0	0	0	0	0	0	0	0	0	0
137	137	1324	1070.815	1845.335	0.892	29	111	520	559	90	29	111	520	559	90	107.909	127.884	142	136	133	132	130	128	126	125	122	119	113	103.745	1118.543	1602	1416	1335	1252	1193	1135	1081	1021	916	773	505	0	0	0.000	0.000	0	0.000	0.000	0	0.000	0	0.000	0	0.000	0	0.000	0	0	0	0	0	0	0	0	0	0	0	0	0	0	0
138	138	1723	1376.512	1935.027	0.874	194	1033	365	92	8	194	1033	365	92	8	108.759	120.099	131	125	123	122	121	120	119	118	117	116	112	111.020	2102.237	3643	3230	2930	2618	2392	2119	1818	1532	1287	1008	634	0	0	0.000	0.000	0	0.000	0.000	0	0.000	0	0.000	0	0.000	0	0.000	0	0	0	0	0	0	0	0	0	0	0	0	0	0	0
139	139	1508	1432.712	1942.679	0.892	183	992	258	36	7	183	992	258	36	7	114.304	168.296	218	199	193	183	173	162	157	153	148	142	130	109.135	2752.926	3623	3301	3199	3104	2989	2870	2734	2592	2380	1940	933	0	0	0.000	0.000	0	0.000	0.000	0	0.000	0	0.000	0	0.000	0	0.000	0	0	0	0	0	0	0	0	0	0	0	0	0	0	0
140	140	982	1239.651	1940.498	0.884	263	356	217	104	19	263	356	217	104	19	107.865	126.142	137	133	130	129	127	126	125	123	121	120	116	109.672	1722.906	2671	2398	2158	1984	1878	1750	1627	1482	1294	1017	647	0	0	0.000	0.000	0	0.000	0.000	0	0.000	0	0.000	0	0.000	0	0.000	0	0	0	0	0	0	0	0	0	0	0	0	0	0	0
141	141	1976	1338.100	1963.686	0.889	923	451	372	164	36	923	451	372	164	36	108.320	119.110	131	123	122	121	120	119	118	117	116	115	111	112.513	1319.633	2696	2096	1836	1681	1527	1308	1082	875	702	591	422	0	0	0.000	0.000	0	0.000	0.000	0	0.000	0	0.000	0	0.000	0	0.000	0	0	0	0	0	0	0	0	0	0	0	0	0	0	0
142	142	2238	1206.998	1979.525	0.866	20	781	1299	84	8	20	781	1299	84	8	106.959	188.871	2139	154	139	136	135	133	131	129	126	122	115	108.706	2591.948	3985	3646	3371	3148	2954	2732	2489	2193	1757	1241	779	1	137	1226.273	1984.409	0	0.000	0.000	992	1038.000	0	0.000	2919	2847.818	0	0.000	0	0	0	0	0	0	0	0	0	0	0	0	0	0	0
143	143	1904	1267.404	1984.706	0.884	140	382	1127	200	25	140	382	1127	200	25	107.931	2318.838	20957	9239	2855	619	193	164	160	158	155	150	137	111.395	2125.696	2996	2685	2540	2419	2296	2187	2058	1922	1708	1435	980	1	391	1268.191	2003.153	0	0.000	0.000	8782	9885.514	0	0.000	2276	2184.506	0	0.000	0	0	0	0	0	0	0	0	0	0	0	0	0	0	0
144	144	1570	1432.558	1990.129	0.900	80	143	403	838	65	80	143	403	838	65	117.645	210.101	249	237	228	219	214	211	209	202	192	184	168	110.727	715.206	1062	952	890	841	792	728	663	598	536	462	255	0	0	0.000	0.000	0	0.000	0.000	0	0.000	0	0.000	0	0.000	0	0.000	0	0	0	0	0	0	0	0	0	0	0	0	0	0	0
145	145	1192	1385.400	1986.958	0.899	115	192	652	187	26	115	192	652	187	26	113.617	121.747	141	127	125	123	122	121	121	120	118	116	113	112.673	1477.671	2338	2093	1914	1719	1565	1471	1354	1213	1066	896	567	0	0	0.000	0.000	0	0.000	0.000	0	0.000	0	0.000	0	0.000	0	0.000	0	0	0	0	0	0	0	0	0	0	0	0	0	0	0
146	146	2077	1158.028	2019.837	0.871	161	1208	623	47	4	161	1208	623	47	4	105.896	125.128	308	130	128	126	124	123	122	120	118	115	111	107.078	2516.494	3980	3455	3160	2939	2782	2600	2419	2163	1873	1421	898	1	48	1138.245	2020.941	0	0.000	0.000	211	208.354	0	0.000	3238	3213.250	0	0.000	0	0	0	0	0	0	0	0	0	0	0	0	0	0	0
147	147	1476	1338.500	2017.939	0.879	677	522	176	50	32	677	522	176	50	32	111.575	498.109	2104	1302	825	531	361	276	209	166	148	139	127	113.017	645.602	1007	906	858	797	721	646	572	497	436	382	301	0	0	0.000	0.000	0	0.000	0.000	0	0.000	0	0.000	0	0.000	0	0.000	0	0	0	0	0	0	0	0	0	0	0	0	0	0	0
