 	cell	area	x	y	circ	BFI_lev_b1	BFI_lev_b2	BFI_lev_b3	BFI_lev_b4	BFI_lev_b5	BFO_lev_b1	BFO_lev_b2	BFO_lev_b3	BFO_lev_b4	BFO_lev_b5	RFP_int_bg	RFP_int_mean	RFP_int_b0	RFP_int_b1	RFP_int_b2	RFP_int_b3	RFP_int_b4	RFP_int_b5	RFP_int_b6	RFP_int_b7	RFP_int_b8	RFP_int_b9	RFP_int_b10	GFP_int_bg	GFP_int_mean	GFP_int_b0	GFP_int_b1	GFP_int_b2	GFP_int_b3	GFP_int_b4	GFP_int_b5	GFP_int_b6	GFP_int_b7	GFP_int_b8	GFP_int_b9	GFP_int_b10	inRFPnfoci	f1_inRFParea	f1_inRFPx	f1_inRFPy	f2_inRFParea	f2_inRFPx	f2_inRFPy	f1_inRFP_toRFPmed	f1_inRFP_toRFPmean	f2_inRFP_toRFPmed	f2_inRFP_toRFPmean	f1_inRFP_toGFPmed	f1_inRFP_toGFPmean	f2_inRFP_toGFPmed	f2_inRFP_toGFPmean	inGFPnfoci	f1_inGFParea	f1_inGFPx	f1_inGFPy	f2_inGFParea	f2_inGFPx	f2_inGFPy	f1_inGFP_toRFPmed	f1_inGFP_toRFPmean	f2_inGFP_toRFPmed	f2_inGFP_toRFPmean	f1_inGFP_toGFPmed	f1_inGFP_toGFPmean	f2_inGFP_toGFPmed	f2_inGFP_toGFPmean
1	1	1384	85.951	40.624	0.901	58	110	704	422	63	58	110	704	422	63	104.697	191.893	243	230	218	212	206	198	186	173	161	148	128	100.923	1029.376	1413	1307	1246	1181	1124	1057	987	921	829	695	419	0	0	0.000	0.000	0	0	0	0	0.000	0	0	0	0.000	0	0	0	0	0.000	0.000	0	0	0	0	0.000	0	0	0	0.000	0	0
2	2	1039	370.246	119.481	0.917	18	189	598	205	16	18	189	598	205	16	108.510	187.960	218	210	208	205	201	195	187	176	165	153	133	103.868	2224.671	2858	2728	2619	2556	2505	2436	2301	2104	1783	1410	637	0	0	0.000	0.000	0	0	0	0	0.000	0	0	0	0.000	0	0	0	0	0.000	0.000	0	0	0	0	0.000	0	0	0	0.000	0	0
3	3	1908	191.318	131.806	0.880	26	492	1090	247	19	26	492	1090	247	19	107.023	254.315	2233	257	223	214	206	201	195	188	179	169	141	102.000	141.588	186	151	147	145	144	142	140	137	134	130	118	1	92	180.172	126.867	0	0	0	1076	1118.663	0	0	160	161.848	0	0	0	0	0.000	0.000	0	0	0	0	0.000	0	0	0	0.000	0	0
4	4	1429	1649.029	127.328	0.879	38	381	791	161	20	38	381	791	161	20	107.703	116.502	131	121	119	117	117	116	115	114	114	113	109	103.159	2086.507	3607	3243	2998	2775	2556	2269	1842	1408	1024	735	535	0	0	0.000	0.000	0	0	0	0	0.000	0	0	0	0.000	0	0	0	0	0.000	0.000	0	0	0	0	0.000	0	0	0	0.000	0	0
5	5	2252	404.794	156.314	0.888	24	123	907	1101	50	24	123	907	1101	50	108.275	204.500	247	237	232	224	216	208	198	188	180	168	138	104.577	2348.738	3562	3232	3094	2920	2719	2492	2185	1837	1539	1252	847	0	0	0.000	0.000	0	0	0	0	0.000	0	0	0	0.000	0	0	0	0	0.000	0.000	0	0	0	0	0.000	0	0	0	0.000	0	0
6	6	1620	1624.263	169.051	0.897	27	196	853	470	43	27	196	853	470	43	108.886	118.775	131	123	121	120	120	119	118	117	116	115	111	104.000	3081.238	4181	3932	3802	3683	3488	3294	3054	2806	2363	1785	840	0	0	0.000	0.000	0	0	0	0	0.000	0	0	0	0.000	0	0	0	0	0.000	0.000	0	0	0	0	0.000	0	0	0	0.000	0	0
7	7	1871	59.709	183.794	0.875	283	1233	257	50	11	283	1233	257	50	11	105.433	112.537	121	116	115	114	113	112	112	111	110	110	106	100.556	919.782	1490	1266	1178	1100	1019	938	839	743	651	571	379	0	0	0.000	0.000	0	0	0	0	0.000	0	0	0	0.000	0	0	0	0	0.000	0.000	0	0	0	0	0.000	0	0	0	0.000	0	0
8	8	1563	160.074	184.649	0.875	138	921	421	35	12	138	921	421	35	12	107.390	183.417	222	209	200	196	191	188	184	176	165	151	127	102.000	136.639	153	145	143	141	140	138	137	135	132	124	106	0	0	0.000	0.000	0	0	0	0	0.000	0	0	0	0.000	0	0	0	0	0.000	0.000	0	0	0	0	0.000	0	0	0	0.000	0	0
9	9	2316	450.736	196.574	0.841	92	294	1185	662	39	92	294	1185	662	39	108.016	237.159	281	261	257	254	250	245	237	228	215	202	146	104.012	3030.615	4118	3828	3688	3567	3451	3319	3061	2708	2314	1743	1010	0	0	0.000	0.000	0	0	0	0	0.000	0	0	0	0.000	0	0	0	0	0.000	0.000	0	0	0	0	0.000	0	0	0	0.000	0	0
10	10	1191	1577.207	194.179	0.903	57	705	205	170	32	57	705	205	170	32	109.000	156.511	172	167	165	163	161	159	157	153	148	142	127	103.845	1029.657	1370	1311	1267	1208	1146	1068	1005	907	794	674	408	0	0	0.000	0.000	0	0	0	0	0.000	0	0	0	0.000	0	0	0	0	0.000	0.000	0	0	0	0	0.000	0	0	0	0.000	0	0
11	11	1785	351.773	227.321	0.873	47	196	964	506	35	47	196	964	506	35	109.000	179.565	220	206	200	194	188	182	173	165	158	153	133	104.068	1520.416	2437	2182	2057	1876	1692	1501	1380	1201	990	788	511	0	0	0.000	0.000	0	0	0	0	0.000	0	0	0	0.000	0	0	0	0	0.000	0.000	0	0	0	0	0.000	0	0	0	0.000	0	0
12	12	444	483.177	220.536	0.935	55	71	182	111	17	55	71	182	111	17	108.000	163.928	198	189	182	175	168	164	159	154	148	140	129	103.000	1962.423	2826	2708	2555	2448	2274	2095	1880	1684	1387	1021	411	0	0	0.000	0.000	0	0	0	0	0.000	0	0	0	0.000	0	0	0	0	0.000	0.000	0	0	0	0	0.000	0	0	0	0.000	0	0
13	13	1790	1602.737	237.801	0.852	50	479	889	287	39	50	479	889	287	39	109.000	143.123	164	156	154	151	149	146	142	137	131	126	118	103.998	783.688	1275	1111	1043	970	880	788	707	630	530	414	286	0	0	0.000	0.000	0	0	0	0	0.000	0	0	0	0.000	0	0	0	0	0.000	0.000	0	0	0	0	0.000	0	0	0	0.000	0	0
14	14	459	318.769	250.356	0.881	28	138	199	72	11	28	138	199	72	11	108.943	168.808	197	188	185	181	177	172	166	160	153	144	129	103.000	1498.845	1982	1879	1820	1765	1678	1576	1481	1327	1184	996	533	0	0	0.000	0.000	0	0	0	0	0.000	0	0	0	0.000	0	0	0	0	0.000	0.000	0	0	0	0	0.000	0	0	0	0.000	0	0
15	15	1883	1625.050	280.829	0.890	16	378	1068	357	38	16	378	1068	357	38	109.760	159.567	184	175	171	169	166	164	160	154	146	137	124	103.185	1003.843	1381	1252	1196	1134	1079	1033	984	924	840	695	430	0	0	0.000	0.000	0	0	0	0	0.000	0	0	0	0.000	0	0	0	0	0.000	0.000	0	0	0	0	0.000	0	0	0	0.000	0	0
16	16	403	1595.985	303.194	0.950	42	50	117	142	44	42	50	117	142	44	109.975	121.883	127	125	125	124	123	122	121	120	119	118	115	103.000	335.055	485	447	410	382	353	328	310	285	258	230	193	0	0	0.000	0.000	0	0	0	0	0.000	0	0	0	0.000	0	0	0	0	0.000	0.000	0	0	0	0	0.000	0	0	0	0.000	0	0
17	17	313	307.525	303.270	0.921	54	63	102	74	13	54	63	102	74	13	108.000	130.875	150	138	136	135	133	131	129	127	125	123	120	102.709	635.252	948	873	807	738	683	634	587	535	481	418	301	0	0	0.000	0.000	0	0	0	0	0.000	0	0	0	0.000	0	0	0	0	0.000	0.000	0	0	0	0	0.000	0	0	0	0.000	0	0
18	18	1902	312.122	340.558	0.883	66	352	1092	317	34	66	352	1092	317	34	107.857	205.166	263	243	235	227	217	206	195	187	177	168	133	102.736	1590.979	2350	2215	2111	1995	1856	1679	1503	1288	1043	777	421	0	0	0.000	0.000	0	0	0	0	0.000	0	0	0	0.000	0	0	0	0	0.000	0.000	0	0	0	0	0.000	0	0	0	0.000	0	0
19	19	1919	2016.698	368.833	0.916	38	131	693	885	135	38	131	693	885	135	106.966	344.298	2470	710	305	255	228	210	196	179	166	152	138	101.552	1223.484	3423	2084	1705	1490	1308	1131	961	792	627	460	325	1	212	2018.809	357.795	0	0	0	1237	1299.175	0	0	2478	2472.198	0	0	1	16	2018.689	357.871	0	0	0	2259	2251.750	0	0	3265	3248.938	0	0
20	20	1422	1613.294	379.158	0.904	70	484	629	172	39	70	484	629	172	39	108.961	117.640	128	121	120	119	118	117	117	116	115	114	111	102.613	692.526	1296	1011	903	809	750	692	620	543	466	385	221	0	0	0.000	0.000	0	0	0	0	0.000	0	0	0	0.000	0	0	0	0	0.000	0.000	0	0	0	0	0.000	0	0	0	0.000	0	0
21	21	1795	286.763	387.889	0.891	57	496	858	298	56	57	496	858	298	56	108.000	197.339	250	233	227	219	209	199	189	179	168	156	139	103.000	1422.594	2243	2037	1873	1710	1541	1438	1323	1170	982	780	501	0	0	0.000	0.000	0	0	0	0	0.000	0	0	0	0.000	0	0	0	0	0.000	0.000	0	0	0	0	0.000	0	0	0	0.000	0	0
22	22	1564	556.186	417.120	0.880	59	182	800	478	23	59	182	800	478	23	109.461	146.630	168	161	157	153	151	149	145	140	135	130	120	103.034	2183.210	3256	2947	2673	2530	2374	2219	2057	1888	1700	1390	733	0	0	0.000	0.000	0	0	0	0	0.000	0	0	0	0.000	0	0	0	0	0.000	0.000	0	0	0	0	0.000	0	0	0	0.000	0	0
23	23	401	273.051	423.174	0.924	13	88	92	151	50	13	88	92	151	50	108.000	131.611	145	139	137	136	134	133	130	128	125	122	118	103.000	549.060	834	760	708	656	606	561	517	466	401	320	224	0	0	0.000	0.000	0	0	0	0	0.000	0	0	0	0.000	0	0	0	0	0.000	0.000	0	0	0	0	0.000	0	0	0	0.000	0	0
24	24	1765	506.915	437.820	0.852	29	309	931	409	49	29	309	931	409	49	110.000	141.801	165	155	152	149	145	141	137	134	132	130	121	103.018	1686.947	3142	2667	2458	2228	1933	1618	1316	1103	948	778	509	0	0	0.000	0.000	0	0	0	0	0.000	0	0	0	0.000	0	0	0	0	0.000	0.000	0	0	0	0	0.000	0	0	0	0.000	0	0
25	25	1549	1323.922	480.955	0.898	63	626	738	83	22	63	626	738	83	22	109.688	117.081	126	120	119	118	117	117	116	116	115	115	111	102.000	132.250	152	141	138	136	134	133	131	129	127	123	112	0	0	0.000	0.000	0	0	0	0	0.000	0	0	0	0.000	0	0	0	0	0.000	0.000	0	0	0	0	0.000	0	0	0	0.000	0	0
26	26	1445	403.960	515.535	0.896	12	244	827	319	15	12	244	827	319	15	109.283	117.392	131	123	120	118	117	116	116	115	114	113	111	103.000	743.014	1064	970	911	864	821	777	719	645	563	466	349	0	0	0.000	0.000	0	0	0	0	0.000	0	0	0	0.000	0	0	0	0	0.000	0.000	0	0	0	0	0.000	0	0	0	0.000	0	0
27	27	1311	197.417	533.848	0.900	22	225	728	279	23	22	225	728	279	23	107.884	125.804	135	131	130	129	128	126	125	123	122	119	112	103.000	3070.584	4097	3635	3487	3357	3246	3140	2992	2837	2658	2400	1828	0	0	0.000	0.000	0	0	0	0	0.000	0	0	0	0.000	0	0	0	0	0.000	0.000	0	0	0	0	0.000	0	0	0	0.000	0	0
28	28	2013	711.406	554.094	0.816	71	414	1212	259	18	71	414	1212	259	18	110.000	508.708	742	666	619	594	565	532	496	446	381	306	219	103.000	595.662	909	808	746	701	659	618	571	518	439	334	221	0	0	0.000	0.000	0	0	0	0	0.000	0	0	0	0.000	0	0	0	0	0.000	0.000	0	0	0	0	0.000	0	0	0	0.000	0	0
29	29	1704	397.691	563.805	0.808	15	294	982	330	57	15	294	982	330	57	110.000	116.267	124	119	118	117	117	116	116	115	115	114	112	103.792	626.828	943	826	780	747	712	662	613	539	451	351	253	0	0	0.000	0.000	0	0	0	0	0.000	0	0	0	0.000	0	0	0	0	0.000	0.000	0	0	0	0	0.000	0	0	0	0.000	0	0
30	30	1455	323.694	563.663	0.884	541	770	54	38	30	541	770	54	38	30	109.160	182.541	229	212	203	198	191	184	176	169	163	151	129	102.896	127.863	144	137	135	133	131	129	126	124	121	118	107	0	0	0.000	0.000	0	0	0	0	0.000	0	0	0	0.000	0	0	0	0	0.000	0.000	0	0	0	0	0.000	0	0	0	0.000	0	0
31	31	2059	457.640	571.723	0.875	40	383	1275	295	26	40	383	1275	295	26	110.000	400.539	4223	904	252	174	167	163	158	153	144	137	126	103.843	673.759	3007	1093	758	684	623	561	502	448	396	344	280	1	235	450.370	567.987	0	0	0	1846	2044.404	0	0	1539	1617.060	0	0	1	112	450.815	565.980	0	0	0	2659	2535.518	0	0	2122	2112.670	0	0
32	32	2297	654.246	574.980	0.868	266	1596	365	27	4	266	1596	365	27	4	109.974	541.130	791	685	643	623	600	569	531	485	413	347	213	103.000	637.992	1007	856	771	738	706	670	626	569	480	358	227	0	0	0.000	0.000	0	0	0	0	0.000	0	0	0	0.000	0	0	0	0	0.000	0.000	0	0	0	0	0.000	0	0	0	0.000	0	0
33	33	1806	202.036	587.717	0.845	201	1140	398	24	4	201	1140	398	24	4	108.000	122.500	133	128	126	125	124	123	122	120	118	117	113	103.000	2281.910	4120	3492	3137	2843	2604	2323	1993	1678	1368	1037	682	0	0	0.000	0.000	0	0	0	0	0.000	0	0	0	0.000	0	0	0	0	0.000	0.000	0	0	0	0	0.000	0	0	0	0.000	0	0
34	34	1622	283.741	597.681	0.883	185	1039	339	13	12	185	1039	339	13	12	109.005	168.012	206	194	186	182	176	170	163	156	151	138	128	103.000	124.975	143	133	131	129	127	125	123	121	119	117	106	0	0	0.000	0.000	0	0	0	0	0.000	0	0	0	0.000	0	0	0	0	0.000	0.000	0	0	0	0	0.000	0	0	0	0.000	0	0
35	35	1652	344.206	615.305	0.812	25	518	900	163	9	25	518	900	163	9	110.000	189.513	231	215	207	202	195	190	185	179	172	163	137	103.000	129.213	147	137	135	133	131	130	128	126	123	121	108	0	0	0.000	0.000	0	0	0	0	0.000	0	0	0	0.000	0	0	0	0	0.000	0.000	0	0	0	0	0.000	0	0	0	0.000	0	0
36	36	1484	241.598	620.419	0.909	44	77	386	828	114	44	77	386	828	114	108.838	182.004	214	206	201	195	191	186	181	174	162	150	130	103.000	129.834	149	137	135	133	132	130	129	127	125	122	113	0	0	0.000	0.000	0	0	0	0	0.000	0	0	0	0.000	0	0	0	0	0.000	0.000	0	0	0	0	0.000	0	0	0	0.000	0	0
37	37	939	1698.397	628.501	0.908	225	441	175	61	15	225	441	175	61	15	110.000	143.117	165	156	152	148	145	143	140	138	135	131	122	102.459	125.280	162	133	130	128	126	125	123	122	120	117	108	0	0	0.000	0.000	0	0	0	0	0.000	0	0	0	0.000	0	0	0	0	0.000	0.000	0	0	0	0	0.000	0	0	0	0.000	0	0
38	38	1839	1721.745	709.565	0.884	54	688	885	157	17	54	688	885	157	17	109.096	120.216	129	124	123	122	121	120	119	118	117	116	113	103.000	515.530	741	656	622	591	550	518	486	451	409	358	268	0	0	0.000	0.000	0	0	0	0	0.000	0	0	0	0.000	0	0	0	0	0.000	0.000	0	0	0	0	0.000	0	0	0	0.000	0	0
39	39	2356	596.052	713.592	0.835	147	752	1153	249	15	147	752	1153	249	15	110.000	154.917	208	173	167	163	159	155	151	147	141	133	122	103.106	569.157	804	736	711	678	649	610	566	510	428	310	212	0	0	0.000	0.000	0	0	0	0	0.000	0	0	0	0.000	0	0	0	0	0.000	0.000	0	0	0	0	0.000	0	0	0	0.000	0	0
40	40	1792	373.902	737.467	0.870	503	1230	19	9	7	503	1230	19	9	7	109.708	208.171	271	246	239	232	224	216	205	191	175	154	133	103.349	438.474	622	572	544	523	500	477	449	401	319	222	153	0	0	0.000	0.000	0	0	0	0	0.000	0	0	0	0.000	0	0	0	0	0.000	0.000	0	0	0	0	0.000	0	0	0	0.000	0	0
41	41	2182	564.583	765.403	0.875	37	458	1344	291	16	37	458	1344	291	16	109.756	203.215	964	277	183	177	174	171	166	161	154	142	122	103.080	614.067	1656	771	710	668	638	604	568	518	455	395	206	1	152	561.067	753.321	0	0	0	573	591.467	0	0	1134	1155.684	0	0	0	0	0.000	0.000	0	0	0	0	0.000	0	0	0	0.000	0	0
42	42	321	1711.617	747.071	0.905	17	70	90	103	37	17	70	90	103	37	109.981	115.464	118	118	117	116	116	115	115	115	114	114	113	103.000	283.134	376	354	340	321	305	287	268	253	233	205	163	0	0	0.000	0.000	0	0	0	0	0.000	0	0	0	0.000	0	0	0	0	0.000	0.000	0	0	0	0	0.000	0	0	0	0.000	0	0
43	43	1605	1655.384	760.083	0.850	94	790	611	72	6	94	790	611	72	6	110.255	120.190	127	124	123	122	121	120	119	118	118	117	113	103.000	590.310	880	792	728	679	641	601	555	504	449	379	297	0	0	0.000	0.000	0	0	0	0	0.000	0	0	0	0.000	0	0	0	0	0.000	0.000	0	0	0	0	0.000	0	0	0	0.000	0	0
44	44	1248	337.752	769.844	0.918	462	465	121	110	69	462	465	121	110	69	109.845	201.979	260	231	225	219	212	204	195	188	178	168	143	103.877	439.232	583	540	518	497	476	450	425	393	357	319	224	0	0	0.000	0.000	0	0	0	0	0.000	0	0	0	0.000	0	0	0	0	0.000	0.000	0	0	0	0	0.000	0	0	0	0.000	0	0
45	45	1595	1046.538	883.705	0.864	120	693	643	98	4	120	693	643	98	4	109.748	160.092	185	178	175	172	168	163	157	150	144	138	126	103.000	570.754	849	756	719	688	656	610	543	470	392	334	227	0	0	0.000	0.000	0	0	0	0	0.000	0	0	0	0.000	0	0	0	0	0.000	0.000	0	0	0	0	0.000	0	0	0	0.000	0	0
46	46	1694	871.878	907.300	0.885	149	752	597	155	7	149	752	597	155	7	109.898	125.510	144	133	130	128	126	125	123	122	121	120	114	103.000	539.352	757	692	654	617	582	552	519	482	433	350	278	0	0	0.000	0.000	0	0	0	0	0.000	0	0	0	0.000	0	0	0	0	0.000	0.000	0	0	0	0	0.000	0	0	0	0.000	0	0
47	47	1260	1012.186	917.606	0.918	22	68	232	695	223	22	68	232	695	223	110.000	163.597	189	181	178	175	170	165	161	157	149	142	130	103.000	658.803	919	840	800	755	707	665	617	581	548	452	290	0	0	0.000	0.000	0	0	0	0	0.000	0	0	0	0.000	0	0	0	0	0.000	0.000	0	0	0	0	0.000	0	0	0	0.000	0	0
48	48	477	908.743	919.644	0.927	46	87	156	159	24	46	87	156	159	24	109.484	118.872	127	124	121	120	119	118	118	117	116	116	113	103.000	280.709	497	412	384	371	344	317	255	183	139	120	110	0	0	0.000	0.000	0	0	0	0	0.000	0	0	0	0.000	0	0	0	0	0.000	0.000	0	0	0	0	0.000	0	0	0	0.000	0	0
49	49	1139	1250.934	946.965	0.924	38	278	468	293	42	38	278	468	293	42	110.980	186.928	226	211	205	200	194	189	182	174	167	161	149	102.000	136.070	151	145	141	139	138	136	135	132	130	128	119	0	0	0.000	0.000	0	0	0	0	0.000	0	0	0	0.000	0	0	0	0	0.000	0.000	0	0	0	0	0.000	0	0	0	0.000	0	0
50	50	1497	901.232	955.121	0.865	29	155	910	359	16	29	155	910	359	16	109.498	123.341	140	129	127	125	124	123	122	121	120	118	113	102.994	470.424	690	600	564	542	521	498	466	419	355	285	235	0	0	0.000	0.000	0	0	0	0	0.000	0	0	0	0.000	0	0	0	0	0.000	0.000	0	0	0	0	0.000	0	0	0	0.000	0	0
51	51	1720	642.030	967.002	0.895	66	113	734	710	49	66	113	734	710	49	109.617	130.358	146	140	138	135	132	130	127	125	123	121	116	103.412	705.236	1237	1060	926	841	787	730	649	532	440	356	248	0	0	0.000	0.000	0	0	0	0	0.000	0	0	0	0.000	0	0	0	0	0.000	0.000	0	0	0	0	0.000	0	0	0	0.000	0	0
52	52	1830	1274.546	989.503	0.866	104	735	691	257	18	104	735	691	257	18	111.998	185.132	247	219	207	198	190	183	176	169	163	156	136	102.505	133.593	158	148	144	139	136	133	130	127	124	121	114	0	0	0.000	0.000	0	0	0	0	0.000	0	0	0	0.000	0	0	0	0	0.000	0.000	0	0	0	0	0.000	0	0	0	0.000	0	0
53	53	497	985.414	977.065	0.771	87	205	142	44	11	87	205	142	44	11	110.390	181.119	288	202	193	189	184	177	173	168	163	157	141	103.000	125.225	147	135	132	129	126	124	122	121	119	117	110	0	0	0.000	0.000	0	0	0	0	0.000	0	0	0	0.000	0	0	0	0	0.000	0.000	0	0	0	0	0.000	0	0	0	0.000	0	0
54	54	1857	1507.241	1019.931	0.884	189	1399	220	12	6	189	1399	220	12	6	112.000	789.796	16517	1093	444	388	352	327	307	288	275	247	163	102.985	124.514	170	132	129	127	126	124	123	121	119	116	109	1	99	1494.237	1021.093	0	0	0	6340	7112.545	0	0	140	140.545	0	0	0	0	0.000	0.000	0	0	0	0	0.000	0	0	0	0.000	0	0
55	55	1769	1887.365	1026.615	0.863	15	285	762	603	62	15	285	762	603	62	110.509	161.365	197	183	178	174	169	162	156	149	143	137	123	104.218	2098.159	3184	2967	2858	2700	2507	2232	1928	1630	1282	968	421	0	0	0.000	0.000	0	0	0	0	0.000	0	0	0	0.000	0	0	0	0	0.000	0.000	0	0	0	0	0.000	0	0	0	0.000	0	0
56	56	1681	939.893	1029.927	0.859	20	311	854	421	35	20	311	854	421	35	111.000	175.190	204	196	193	189	185	179	173	165	156	147	132	102.871	527.010	700	657	627	602	579	555	525	488	421	341	248	0	0	0.000	0.000	0	0	0	0	0.000	0	0	0	0.000	0	0	0	0	0.000	0.000	0	0	0	0	0.000	0	0	0	0.000	0	0
57	57	1498	682.638	1045.901	0.908	52	740	623	44	9	52	740	623	44	9	110.000	168.711	206	190	186	179	174	168	164	159	152	146	136	103.000	132.274	153	144	141	138	135	133	131	127	123	119	111	0	0	0.000	0.000	0	0	0	0	0.000	0	0	0	0.000	0	0	0	0	0.000	0.000	0	0	0	0	0.000	0	0	0	0.000	0	0
58	58	2019	1264.570	1059.558	0.853	332	1419	224	7	2	332	1419	224	7	2	111.975	217.497	272	254	244	236	229	221	211	202	191	175	154	102.965	148.268	171	162	158	155	152	149	145	141	138	135	122	0	0	0.000	0.000	0	0	0	0	0.000	0	0	0	0.000	0	0	0	0	0.000	0.000	0	0	0	0	0.000	0	0	0	0.000	0	0
59	59	1576	898.892	1065.963	0.866	141	816	550	28	11	141	816	550	28	11	110.244	463.095	3983	1267	364	211	186	181	176	169	161	149	133	103.000	729.072	3404	1342	705	634	606	574	533	487	444	355	236	1	216	900.367	1062.132	0	0	0	1814	2019.713	0	0	1793	1905.856	0	0	1	132	900.332	1062.438	0	0	0	2556	2602.674	0	0	2341	2340.356	0	0
60	60	2248	1869.605	1079.542	0.882	92	702	1160	232	22	92	702	1160	232	22	111.103	162.605	193	180	175	171	166	163	159	156	151	146	127	105.000	2141.394	3546	3080	2860	2638	2401	2149	1903	1696	1501	1158	576	0	0	0.000	0.000	0	0	0	0	0.000	0	0	0	0.000	0	0	0	0	0.000	0.000	0	0	0	0	0.000	0	0	0	0.000	0	0
61	61	1809	1322.959	1093.936	0.875	30	417	1050	251	25	30	417	1050	251	25	112.000	190.939	910	311	176	154	150	146	143	140	136	133	123	103.000	173.968	238	205	197	184	176	170	165	161	155	148	129	1	189	1324.085	1098.100	0	0	0	480	515.730	0	0	190	191.153	0	0	0	0	0.000	0.000	0	0	0	0	0.000	0	0	0	0.000	0	0
62	62	2107	1991.416	1099.988	0.879	58	511	1089	368	34	58	511	1089	368	34	109.321	146.358	164	159	156	153	151	149	145	141	136	130	120	102.979	128.899	141	135	133	132	131	130	128	127	124	121	111	0	0	0.000	0.000	0	0	0	0	0.000	0	0	0	0.000	0	0	0	0	0.000	0.000	0	0	0	0	0.000	0	0	0	0.000	0	0
63	63	331	1260.682	1099.955	0.933	19	52	96	113	48	19	52	96	113	48	111.033	151.595	177	169	164	158	155	151	148	144	140	136	128	102.927	125.378	142	135	132	129	127	125	124	122	119	116	109	0	0	0.000	0.000	0	0	0	0	0.000	0	0	0	0.000	0	0	0	0	0.000	0.000	0	0	0	0	0.000	0	0	0	0.000	0	0
64	64	2013	1942.050	1127.327	0.852	9	260	1184	493	25	9	260	1184	493	25	110.178	289.802	3525	431	165	154	152	148	142	134	127	124	117	103.875	132.018	255	141	134	132	130	128	126	124	121	118	107	1	162	1930.944	1119.134	0	0	0	1629	1731.938	0	0	184	188.426	0	0	1	84	1929.985	1118.199	0	0	0	2198	2083.476	0	0	212	211.071	0	0
65	65	314	1348.377	1118.785	0.958	29	86	97	64	26	29	86	97	64	26	111.258	122.713	127	126	125	125	124	123	122	121	120	119	116	103.000	121.057	136	133	130	127	124	122	118	115	112	109	107	0	0	0.000	0.000	0	0	0	0	0.000	0	0	0	0.000	0	0	0	0	0.000	0.000	0	0	0	0	0.000	0	0	0	0.000	0	0
66	66	1290	1291.975	1135.426	0.908	41	203	655	311	52	41	203	655	311	52	111.886	143.926	157	152	151	149	147	145	143	141	137	132	124	103.000	184.076	218	205	199	194	190	186	181	176	171	160	132	0	0	0.000	0.000	0	0	0	0	0.000	0	0	0	0.000	0	0	0	0	0.000	0.000	0	0	0	0	0.000	0	0	0	0.000	0	0
67	67	1396	1339.490	1164.565	0.817	101	77	358	682	161	101	77	358	682	161	111.976	163.322	358	181	173	169	166	161	155	149	142	134	127	103.009	190.064	237	227	219	211	202	193	185	173	159	147	134	1	29	1334.613	1178.098	0	0	0	299	297.276	0	0	215	212.414	0	0	0	0	0.000	0.000	0	0	0	0	0.000	0	0	0	0.000	0	0
68	68	1934	1851.845	1211.134	0.891	85	1252	494	48	6	85	1252	494	48	6	111.590	154.710	184	174	168	164	160	155	150	145	140	136	128	104.745	1740.535	3004	2677	2372	2175	1968	1730	1489	1275	1071	835	588	0	0	0.000	0.000	0	0	0	0	0.000	0	0	0	0.000	0	0	0	0	0.000	0.000	0	0	0	0	0.000	0	0	0	0.000	0	0
69	69	546	1805.130	1207.901	0.739	3	36	239	202	50	3	36	239	202	50	112.000	160.738	174	170	168	166	163	161	158	157	155	151	143	104.249	2112.886	2474	2347	2297	2249	2207	2151	2094	2031	1944	1785	1583	0	0	0.000	0.000	0	0	0	0	0.000	0	0	0	0.000	0	0	0	0	0.000	0.000	0	0	0	0	0.000	0	0	0	0.000	0	0
70	70	1977	1720.079	1262.795	0.869	208	1042	625	51	9	208	1042	625	51	9	112.000	348.601	2154	843	414	262	195	180	174	168	160	152	135	103.569	161.687	202	179	172	168	165	162	159	155	150	143	123	1	299	1710.464	1259.604	0	0	0	1022	1102.478	0	0	181	179.769	0	0	0	0	0.000	0.000	0	0	0	0	0.000	0	0	0	0.000	0	0
71	71	1368	1678.173	1282.598	0.893	43	710	565	16	9	43	710	565	16	9	112.000	142.398	156	151	149	147	145	143	141	139	137	132	123	103.000	232.317	371	295	275	261	247	232	213	197	182	171	151	0	0	0.000	0.000	0	0	0	0	0.000	0	0	0	0.000	0	0	0	0	0.000	0.000	0	0	0	0	0.000	0	0	0	0.000	0	0
72	72	1466	221.326	1299.242	0.867	43	239	729	375	41	43	239	729	375	41	108.000	115.926	123	118	118	117	116	116	115	115	114	113	111	102.000	211.929	291	269	252	238	226	212	196	183	169	159	141	0	0	0.000	0.000	0	0	0	0	0.000	0	0	0	0.000	0	0	0	0	0.000	0.000	0	0	0	0	0.000	0	0	0	0.000	0	0
73	73	1396	1839.013	1305.237	0.927	280	1021	46	18	10	280	1021	46	18	10	111.340	163.932	194	182	177	173	170	166	163	158	150	140	126	104.000	2023.456	3145	2675	2493	2319	2196	2070	1922	1788	1615	1252	572	0	0	0.000	0.000	0	0	0	0	0.000	0	0	0	0.000	0	0	0	0	0.000	0.000	0	0	0	0	0.000	0	0	0	0.000	0	0
74	74	332	188.505	1336.535	0.867	14	48	123	110	28	14	48	123	110	28	108.000	113.904	117	116	115	115	115	114	114	113	112	112	111	102.000	159.087	182	176	172	169	165	162	157	151	145	140	128	0	0	0.000	0.000	0	0	0	0	0.000	0	0	0	0.000	0	0	0	0	0.000	0.000	0	0	0	0	0.000	0	0	0	0.000	0	0
75	75	1679	220.988	1353.957	0.884	57	429	805	331	32	57	429	805	331	32	108.188	116.889	124	120	119	118	117	117	116	116	115	114	110	101.993	216.221	282	255	240	230	222	217	211	203	193	178	136	0	0	0.000	0.000	0	0	0	0	0.000	0	0	0	0.000	0	0	0	0	0.000	0.000	0	0	0	0	0.000	0	0	0	0.000	0	0
76	76	1683	109.710	1363.348	0.879	15	254	765	545	73	15	254	765	545	73	106.972	161.641	183	176	171	166	163	161	159	157	153	149	130	101.444	521.365	753	683	629	586	552	522	488	452	414	369	302	0	0	0.000	0.000	0	0	0	0	0.000	0	0	0	0.000	0	0	0	0	0.000	0.000	0	0	0	0	0.000	0	0	0	0.000	0	0
77	77	1817	162.679	1392.146	0.862	30	370	1029	343	14	30	370	1029	343	14	107.361	153.860	183	174	169	165	160	154	149	144	138	133	123	101.844	449.360	684	638	598	552	496	451	400	348	304	259	206	0	0	0.000	0.000	0	0	0	0	0.000	0	0	0	0.000	0	0	0	0	0.000	0.000	0	0	0	0	0.000	0	0	0	0.000	0	0
78	78	1392	902.348	1422.392	0.874	65	653	550	82	16	65	653	550	82	16	112.028	157.514	198	183	177	169	161	154	148	144	140	137	130	103.843	1173.078	2652	2231	1980	1556	1184	924	750	637	553	473	348	0	0	0.000	0.000	0	0	0	0	0.000	0	0	0	0.000	0	0	0	0	0.000	0.000	0	0	0	0	0.000	0	0	0	0.000	0	0
79	79	909	571.940	1428.361	0.863	74	291	376	131	21	74	291	376	131	21	111.000	176.982	268	231	208	196	186	175	163	151	140	131	122	103.000	128.551	165	152	141	135	131	128	124	118	113	109	104	0	0	0.000	0.000	0	0	0	0	0.000	0	0	0	0.000	0	0	0	0	0.000	0.000	0	0	0	0	0.000	0	0	0	0.000	0	0
80	80	1483	1443.840	1492.555	0.895	50	494	722	165	28	50	494	722	165	28	112.000	139.452	148	145	143	143	142	141	140	138	136	131	123	103.829	1079.646	1788	1631	1551	1422	1280	1150	963	748	559	438	365	0	0	0.000	0.000	0	0	0	0	0.000	0	0	0	0.000	0	0	0	0	0.000	0.000	0	0	0	0	0.000	0	0	0	0.000	0	0
81	81	1748	1952.807	1497.200	0.886	108	882	658	60	6	108	882	658	60	6	110.915	137.530	370	144	140	138	136	134	131	129	126	124	118	102.830	155.048	234	170	167	164	162	158	153	146	139	132	121	1	46	1956.522	1486.171	0	0	0	251	253.000	0	0	198	197.304	0	0	0	0	0.000	0.000	0	0	0	0	0.000	0	0	0	0.000	0	0
82	82	2264	1132.663	1516.770	0.845	568	1312	291	45	7	568	1312	291	45	7	112.591	122.525	134	127	126	124	123	122	121	120	120	119	113	103.976	1112.506	2691	1581	1431	1310	1195	1082	969	869	751	621	313	0	0	0.000	0.000	0	0	0	0	0.000	0	0	0	0.000	0	0	0	0	0.000	0.000	0	0	0	0	0.000	0	0	0	0.000	0	0
83	83	456	622.996	1520.155	0.886	39	236	129	30	14	39	236	129	30	14	110.991	147.114	188	171	165	158	150	145	140	135	130	126	121	104.000	120.404	143	131	127	125	123	120	117	115	113	111	107	0	0	0.000	0.000	0	0	0	0	0.000	0	0	0	0.000	0	0	0	0	0.000	0.000	0	0	0	0	0.000	0	0	0	0.000	0	0
84	84	1628	1217.782	1530.888	0.909	25	412	742	385	34	25	412	742	385	34	112.000	174.444	208	200	195	190	184	177	169	162	153	142	133	104.414	869.968	1455	1256	1172	1098	1019	914	800	646	523	415	301	0	0	0.000	0.000	0	0	0	0	0.000	0	0	0	0.000	0	0	0	0	0.000	0.000	0	0	0	0	0.000	0	0	0	0.000	0	0
85	85	1520	1224.249	1583.659	0.916	59	363	707	327	39	59	363	707	327	39	112.000	194.739	229	217	212	207	202	197	192	187	178	167	146	103.925	1167.701	1511	1384	1312	1273	1237	1201	1159	1111	1033	893	540	0	0	0.000	0.000	0	0	0	0	0.000	0	0	0	0.000	0	0	0	0	0.000	0.000	0	0	0	0	0.000	0	0	0	0.000	0	0
86	86	1602	1288.182	1646.894	0.900	166	622	423	277	83	166	622	423	277	83	113.000	284.763	4163	377	162	152	149	146	142	137	134	129	123	103.000	170.375	648	190	172	167	162	157	152	146	140	133	125	1	112	1279.026	1647.157	0	0	0	1665	1830.634	0	0	342	358.375	0	0	1	71	1278.168	1647.157	0	0	0	2090	2128.028	0	0	418	422.845	0	0
87	87	1441	1070.506	1651.045	0.896	171	794	418	31	6	171	794	418	31	6	112.000	123.938	133	130	128	126	124	123	122	121	121	119	116	103.000	931.512	1676	1377	1225	1110	1024	920	803	699	601	533	422	0	0	0.000	0.000	0	0	0	0	0.000	0	0	0	0.000	0	0	0	0	0.000	0.000	0	0	0	0	0.000	0	0	0	0.000	0	0
88	88	1640	626.239	1660.052	0.885	394	1074	121	14	11	394	1074	121	14	11	110.000	154.582	173	165	163	160	158	156	154	150	146	142	132	105.465	2152.995	3182	2814	2691	2571	2431	2277	2043	1795	1588	1284	969	0	0	0.000	0.000	0	0	0	0	0.000	0	0	0	0.000	0	0	0	0	0.000	0.000	0	0	0	0	0.000	0	0	0	0.000	0	0
89	89	1813	1588.273	1714.883	0.863	33	218	887	564	73	33	218	887	564	73	111.601	249.037	309	294	284	273	264	257	249	234	213	190	161	102.949	582.954	800	758	730	692	652	611	566	525	459	335	226	0	0	0.000	0.000	0	0	0	0	0.000	0	0	0	0.000	0	0	0	0	0.000	0.000	0	0	0	0	0.000	0	0	0	0.000	0	0
90	90	2095	596.543	1729.477	0.819	14	134	1281	583	36	14	134	1281	583	36	110.549	153.748	183	173	167	163	160	155	151	146	138	131	122	105.857	1319.151	2249	2060	1850	1691	1539	1364	1189	998	734	493	324	0	0	0.000	0.000	0	0	0	0	0.000	0	0	0	0.000	0	0	0	0	0.000	0.000	0	0	0	0	0.000	0	0	0	0.000	0	0
91	91	714	1879.708	1713.969	0.906	80	186	280	128	18	80	186	280	128	18	111.000	231.275	457	309	277	256	239	221	207	193	177	162	138	101.994	131.591	152	145	142	139	136	132	129	126	122	117	107	0	0	0.000	0.000	0	0	0	0	0.000	0	0	0	0.000	0	0	0	0	0.000	0.000	0	0	0	0	0.000	0	0	0	0.000	0	0
92	92	1432	647.570	1722.208	0.858	60	537	712	83	10	60	537	712	83	10	110.561	180.564	234	212	205	198	193	186	175	165	154	141	127	105.151	1309.526	2170	1909	1766	1629	1509	1388	1257	1058	822	537	310	0	0	0.000	0.000	0	0	0	0	0.000	0	0	0	0.000	0	0	0	0	0.000	0.000	0	0	0	0	0.000	0	0	0	0.000	0	0
93	93	1966	541.322	1731.786	0.843	482	1161	174	88	37	482	1161	174	88	37	110.806	155.185	177	169	166	164	161	157	154	149	143	137	128	105.181	1264.425	1979	1765	1657	1574	1470	1325	1158	1014	852	633	458	0	0	0.000	0.000	0	0	0	0	0.000	0	0	0	0.000	0	0	0	0	0.000	0.000	0	0	0	0	0.000	0	0	0	0.000	0	0
94	94	1293	25.218	1738.031	0.875	134	377	549	171	32	134	377	549	171	32	105.099	536.896	5353	1598	289	158	148	143	140	136	133	130	123	102.223	681.766	3977	1538	677	529	458	415	380	352	324	290	245	0	0	0.000	0.000	0	0	0	0	0.000	0	0	0	0.000	0	0	1	192	26.174	1728.532	0	0	0	2700	2758.161	0	0	2228	2322.151	0	0
95	95	1584	1476.582	1766.049	0.894	30	48	796	608	68	30	48	796	608	68	113.000	242.678	310	290	280	271	264	251	239	224	201	175	156	103.000	594.653	872	792	756	716	672	633	586	517	420	316	224	0	0	0.000	0.000	0	0	0	0	0.000	0	0	0	0.000	0	0	0	0	0.000	0.000	0	0	0	0	0.000	0	0	0	0.000	0	0
96	96	2025	1572.050	1770.070	0.870	73	481	1359	54	8	73	481	1359	54	8	112.483	231.352	302	277	268	258	246	236	225	213	195	172	151	103.000	536.689	811	719	682	648	606	560	508	445	383	308	223	0	0	0.000	0.000	0	0	0	0	0.000	0	0	0	0.000	0	0	0	0	0.000	0.000	0	0	0	0	0.000	0	0	0	0.000	0	0
97	97	540	509.256	1766.426	0.898	24	125	239	134	9	24	125	239	134	9	109.856	132.211	145	142	138	136	134	132	130	128	126	124	120	104.115	917.280	1307	1232	1144	1066	992	925	846	772	696	612	431	0	0	0.000	0.000	0	0	0	0	0.000	0	0	0	0.000	0	0	0	0	0.000	0.000	0	0	0	0	0.000	0	0	0	0.000	0	0
98	98	807	1800.577	1774.433	0.899	26	114	308	276	66	26	114	308	276	66	111.872	120.361	129	125	123	122	121	120	119	119	118	117	114	102.000	1126.724	1664	1427	1345	1294	1243	1179	1112	1041	917	685	310	0	0	0.000	0.000	0	0	0	0	0.000	0	0	0	0.000	0	0	0	0	0.000	0.000	0	0	0	0	0.000	0	0	0	0.000	0	0
99	99	1436	728.438	1775.866	0.916	417	860	105	13	5	417	860	105	13	5	110.201	126.941	151	140	133	129	126	124	123	122	121	119	114	103.000	1190.513	2236	1679	1518	1414	1301	1197	1070	929	827	735	338	0	0	0.000	0.000	0	0	0	0	0.000	0	0	0	0.000	0	0	0	0	0.000	0.000	0	0	0	0	0.000	0	0	0	0.000	0	0
100	100	1417	599.809	1777.465	0.879	43	219	893	181	52	43	219	893	181	52	110.694	145.737	160	156	152	150	148	146	144	141	139	136	126	104.986	1736.217	2678	2304	2109	1981	1858	1718	1637	1516	1348	1140	740	0	0	0.000	0.000	0	0	0	0	0.000	0	0	0	0.000	0	0	0	0	0.000	0.000	0	0	0	0	0.000	0	0	0	0.000	0	0
101	101	1375	1528.791	1790.673	0.895	52	362	783	106	45	52	362	783	106	45	113.000	242.899	292	277	269	262	252	244	237	228	216	206	184	103.000	548.468	757	698	659	626	596	563	528	479	428	380	292	0	0	0.000	0.000	0	0	0	0	0.000	0	0	0	0.000	0	0	0	0	0.000	0.000	0	0	0	0	0.000	0	0	0	0.000	0	0
102	102	1162	597.228	1832.396	0.894	29	162	694	240	17	29	162	694	240	17	110.743	137.620	153	149	146	144	142	138	135	132	128	125	118	103.636	400.537	570	515	484	458	425	397	375	349	327	284	210	0	0	0.000	0.000	0	0	0	0	0.000	0	0	0	0.000	0	0	0	0	0.000	0.000	0	0	0	0	0.000	0	0	0	0.000	0	0
103	103	1520	579.459	1878.380	0.865	43	560	741	128	13	43	560	741	128	13	109.838	141.276	159	154	151	149	145	142	139	135	132	127	122	103.000	462.059	653	604	574	540	511	479	446	412	354	278	208	0	0	0.000	0.000	0	0	0	0	0.000	0	0	0	0.000	0	0	0	0	0.000	0.000	0	0	0	0	0.000	0	0	0	0.000	0	0
104	104	329	973.683	1912.183	0.898	52	172	80	13	4	52	172	80	13	4	111.000	138.152	150	147	144	143	141	139	137	134	132	128	121	103.000	1568.547	2151	2068	2014	1907	1799	1662	1527	1331	1163	895	600	0	0	0.000	0.000	0	0	0	0	0.000	0	0	0	0.000	0	0	0	0	0.000	0.000	0	0	0	0	0.000	0	0	0	0.000	0	0
105	105	1662	558.562	1933.185	0.917	83	493	815	219	20	83	493	815	219	20	108.594	143.315	189	161	155	149	146	143	139	134	130	126	120	103.000	385.617	687	600	530	464	415	368	320	281	246	217	182	0	0	0.000	0.000	0	0	0	0	0.000	0	0	0	0.000	0	0	0	0	0.000	0.000	0	0	0	0	0.000	0	0	0	0.000	0	0
106	106	1519	1178.884	1933.742	0.898	85	67	445	824	71	85	67	445	824	71	110.749	139.681	155	148	146	145	143	141	139	136	132	129	122	102.000	481.113	662	619	587	558	528	496	456	414	372	325	253	0	0	0.000	0.000	0	0	0	0	0.000	0	0	0	0.000	0	0	0	0	0.000	0.000	0	0	0	0	0.000	0	0	0	0.000	0	0
107	107	344	1879.811	1928.842	0.892	44	56	105	110	21	44	56	105	110	21	109.000	115.805	121	118	117	117	116	116	115	115	114	114	111	102.000	108.645	115	111	110	110	109	108	108	108	107	106	104	0	0	0.000	0.000	0	0	0	0	0.000	0	0	0	0.000	0	0	0	0	0.000	0.000	0	0	0	0	0.000	0	0	0	0.000	0	0
108	108	1783	985.089	1949.114	0.861	17	257	1006	415	44	17	257	1006	415	44	110.590	148.381	169	160	156	153	150	148	146	144	141	138	121	103.000	1948.324	3641	3057	2619	2340	2108	1892	1636	1432	1220	1002	705	0	0	0.000	0.000	0	0	0	0	0.000	0	0	0	0.000	0	0	0	0	0.000	0.000	0	0	0	0	0.000	0	0	0	0.000	0	0
109	109	1499	604.443	1948.756	0.876	26	230	687	452	69	26	230	687	452	69	108.520	153.019	170	165	162	160	158	156	153	149	144	137	123	102.485	529.677	704	652	620	599	572	532	499	471	441	407	249	0	0	0.000	0.000	0	0	0	0	0.000	0	0	0	0.000	0	0	0	0	0.000	0.000	0	0	0	0	0.000	0	0	0	0.000	0	0
110	110	1938	1886.985	1970.160	0.844	485	1190	193	25	9	485	1190	193	25	9	108.860	121.675	129	125	124	123	123	122	121	120	119	118	111	101.506	121.648	133	127	126	124	123	122	121	119	118	116	107	0	0	0.000	0.000	0	0	0	0	0.000	0	0	0	0.000	0	0	0	0	0.000	0.000	0	0	0	0	0.000	0	0	0	0.000	0	0
111	111	1635	1190.424	1987.121	0.896	287	1207	87	10	9	287	1207	87	10	9	109.887	143.670	157	150	148	146	145	144	143	141	139	137	125	101.883	522.245	757	689	649	609	568	532	484	441	390	340	272	0	0	0.000	0.000	0	0	0	0	0.000	0	0	0	0.000	0	0	0	0	0.000	0.000	0	0	0	0	0.000	0	0	0	0.000	0	0
112	112	2092	1030.727	1991.189	0.801	52	585	1147	255	16	52	585	1147	255	16	109.213	143.985	163	155	151	148	146	144	142	140	138	134	118	102.033	1968.864	3535	3030	2680	2456	2221	1936	1639	1430	1235	1012	694	0	0	0.000	0.000	0	0	0	0	0.000	0	0	0	0.000	0	0	0	0	0.000	0.000	0	0	0	0	0.000	0	0	0	0.000	0	0
113	113	1716	1947.141	2014.108	0.871	83	606	778	176	45	83	606	778	176	45	107.757	275.617	2445	402	270	222	212	204	196	189	182	173	144	101.024	127.731	157	139	134	131	129	127	125	124	121	118	108	2	82	1941.827	2028.430	43	1947.647	1999.421	1118	1192.146	469	464.791	132	131.683	126	125.744	0	0	0.000	0.000	0	0	0	0	0.000	0	0	0	0.000	0	0
114	114	1826	1574.294	2013.937	0.882	119	496	1027	130	21	119	496	1027	130	21	116.160	298.522	362	332	327	320	311	301	291	282	270	257	217	102.055	506.018	771	682	619	582	547	513	475	431	379	324	163	0	0	0.000	0.000	0	0	0	0	0.000	0	0	0	0.000	0	0	0	0	0.000	0.000	0	0	0	0	0.000	0	0	0	0.000	0	0
115	115	976	1070.501	2026.919	0.904	6	143	549	237	21	6	143	549	237	21	107.404	145.610	161	155	153	151	150	147	145	142	138	133	122	101.320	2597.553	3648	3444	3205	2982	2761	2583	2385	2213	2049	1870	1230	0	0	0.000	0.000	0	0	0	0	0.000	0	0	0	0.000	0	0	0	0	0.000	0.000	0	0	0	0	0.000	0	0	0	0.000	0	0
116	116	371	1537.405	2026.824	0.937	32	101	113	97	20	32	101	113	97	20	117.000	292.714	309	302	300	298	295	292	289	288	286	284	274	102.000	213.278	265	251	244	237	231	222	209	195	179	165	143	0	0	0.000	0.000	0	0	0	0	0.000	0	0	0	0.000	0	0	0	0	0.000	0.000	0	0	0	0	0.000	0	0	0	0.000	0	0
