 	cell	area	x	y	circ	BFI_lev_b1	BFI_lev_b2	BFI_lev_b3	BFI_lev_b4	BFI_lev_b5	BFO_lev_b1	BFO_lev_b2	BFO_lev_b3	BFO_lev_b4	BFO_lev_b5	RFP_int_bg	RFP_int_mean	RFP_int_b0	RFP_int_b1	RFP_int_b2	RFP_int_b3	RFP_int_b4	RFP_int_b5	RFP_int_b6	RFP_int_b7	RFP_int_b8	RFP_int_b9	RFP_int_b10	GFP_int_bg	GFP_int_mean	GFP_int_b0	GFP_int_b1	GFP_int_b2	GFP_int_b3	GFP_int_b4	GFP_int_b5	GFP_int_b6	GFP_int_b7	GFP_int_b8	GFP_int_b9	GFP_int_b10	inRFPnfoci	f1_inRFParea	f1_inRFPx	f1_inRFPy	f2_inRFParea	f2_inRFPx	f2_inRFPy	f1_inRFP_toRFPmed	f1_inRFP_toRFPmean	f2_inRFP_toRFPmed	f2_inRFP_toRFPmean	f1_inRFP_toGFPmed	f1_inRFP_toGFPmean	f2_inRFP_toGFPmed	f2_inRFP_toGFPmean	inGFPnfoci	f1_inGFParea	f1_inGFPx	f1_inGFPy	f2_inGFParea	f2_inGFPx	f2_inGFPy	f1_inGFP_toRFPmed	f1_inGFP_toRFPmean	f2_inGFP_toRFPmed	f2_inGFP_toRFPmean	f1_inGFP_toGFPmed	f1_inGFP_toGFPmean	f2_inGFP_toGFPmed	f2_inGFP_toGFPmean
1	1	846	905.932	31.483	0.912	11	138	481	147	57	11	138	481	147	57	105.043	111.155	116	113	112	112	111	111	111	110	110	109	106	101.066	186.764	244	224	214	202	193	184	176	168	162	156	139	0	0	0.000	0.000	0	0	0	0	0.000	0	0	0	0.000	0	0	0	0	0.000	0.000	0	0	0	0	0.000	0	0	0	0.000	0	0
2	2	1466	1675.748	34.038	0.912	77	189	747	398	20	77	189	747	398	20	104.488	111.350	117	114	113	112	112	111	111	110	110	109	107	100.183	489.156	926	639	604	562	521	483	456	428	368	302	169	0	0	0.000	0.000	0	0	0	0	0.000	0	0	0	0.000	0	0	0	0	0.000	0.000	0	0	0	0	0.000	0	0	0	0.000	0	0
3	3	1850	286.088	45.768	0.877	68	819	899	19	4	68	819	899	19	4	105.237	139.286	655	142	137	134	131	129	126	123	121	118	113	100.949	678.989	1852	907	849	798	735	678	615	556	494	422	320	1	73	288.896	46.031	0	0	0	336	358.055	0	0	980	1037.301	0	0	0	0	0.000	0.000	0	0	0	0	0.000	0	0	0	0.000	0	0
4	4	1920	930.148	62.327	0.867	54	87	845	859	29	54	87	845	859	29	106.013	111.414	119	114	113	112	112	111	111	110	110	109	107	101.734	192.430	261	226	216	207	200	192	184	177	170	160	134	0	0	0.000	0.000	0	0	0	0	0.000	0	0	0	0.000	0	0	0	0	0.000	0.000	0	0	0	0	0.000	0	0	0	0.000	0	0
5	5	1963	75.569	73.261	0.854	87	258	1031	498	38	87	258	1031	498	38	103.937	168.373	202	189	183	179	175	171	166	160	154	144	126	102.904	215.074	285	253	241	232	224	217	208	199	188	175	146	0	0	0.000	0.000	0	0	0	0	0.000	0	0	0	0.000	0	0	0	0	0.000	0.000	0	0	0	0	0.000	0	0	0	0.000	0	0
6	6	1616	1941.971	142.569	0.851	49	277	909	344	10	49	277	909	344	10	105.525	111.818	118	115	114	113	112	112	111	111	110	109	106	101.459	565.144	927	772	708	653	596	548	514	482	435	373	218	0	0	0.000	0.000	0	0	0	0	0.000	0	0	0	0.000	0	0	0	0	0.000	0.000	0	0	0	0	0.000	0	0	0	0.000	0	0
7	7	708	1224.389	146.024	0.808	110	365	153	59	12	110	365	153	59	12	108.992	529.575	1561	1147	848	649	509	389	293	255	209	186	164	102.000	131.910	172	158	151	142	135	128	122	118	115	113	110	1	92	1218.210	143.557	0	0	0	1258	1245.511	0	0	156	155.533	0	0	0	0	0.000	0.000	0	0	0	0	0.000	0	0	0	0.000	0	0
8	8	1699	1957.799	191.356	0.893	82	341	1034	200	13	82	341	1034	200	13	105.969	112.678	119	115	114	114	113	113	112	112	111	110	108	101.681	575.331	939	785	735	677	630	590	544	498	423	329	163	0	0	0.000	0.000	0	0	0	0	0.000	0	0	0	0.000	0	0	0	0	0.000	0.000	0	0	0	0	0.000	0	0	0	0.000	0	0
9	9	2124	56.011	202.194	0.886	702	767	552	51	14	702	767	552	51	14	104.900	190.885	256	217	211	205	199	193	187	181	170	159	137	103.491	1422.411	2154	1903	1791	1697	1578	1475	1369	1239	1036	785	540	0	0	0.000	0.000	0	0	0	0	0.000	0	0	0	0.000	0	0	0	0	0.000	0.000	0	0	0	0	0.000	0	0	0	0.000	0	0
10	10	2174	590.807	213.340	0.861	59	823	1066	178	15	59	823	1066	178	15	107.665	152.405	321	198	157	146	142	140	138	135	133	130	120	102.679	607.816	891	800	754	713	668	620	571	523	478	383	256	1	166	591.794	213.548	0	0	0	253	257.000	0	0	522	517.645	0	0	0	0	0.000	0.000	0	0	0	0	0.000	0	0	0	0.000	0	0
11	11	1133	1652.541	204.671	0.890	25	140	469	365	111	25	140	469	365	111	107.256	277.199	420	352	330	310	293	275	260	245	224	198	152	102.000	121.628	146	132	128	125	123	121	119	117	116	113	107	0	0	0.000	0.000	0	0	0	0	0.000	0	0	0	0.000	0	0	0	0	0.000	0.000	0	0	0	0	0.000	0	0	0	0.000	0	0
12	12	1586	876.765	208.696	0.898	40	46	456	840	173	40	46	456	840	173	107.987	118.120	128	123	121	120	119	118	117	116	115	114	110	102.072	506.649	762	680	616	579	546	516	480	437	386	323	249	0	0	0.000	0.000	0	0	0	0	0.000	0	0	0	0.000	0	0	0	0	0.000	0.000	0	0	0	0	0.000	0	0	0	0.000	0	0
13	13	748	831.101	210.223	0.879	32	309	359	27	1	32	309	359	27	1	107.832	115.377	120	118	117	116	116	115	115	115	114	113	111	102.000	386.040	529	483	461	441	423	403	373	340	304	267	200	0	0	0.000	0.000	0	0	0	0	0.000	0	0	0	0.000	0	0	0	0	0.000	0.000	0	0	0	0	0.000	0	0	0	0.000	0	0
14	14	361	1990.033	222.902	0.784	127	142	65	16	8	127	142	65	16	8	105.000	155.676	172	167	164	162	158	155	152	150	148	146	141	101.000	121.983	132	128	125	124	123	122	121	120	119	117	111	0	0	0.000	0.000	0	0	0	0	0.000	0	0	0	0.000	0	0	0	0	0.000	0.000	0	0	0	0	0.000	0	0	0	0.000	0	0
15	15	1784	904.736	252.039	0.886	50	255	1031	391	30	50	255	1031	391	30	108.000	118.373	130	125	122	120	119	117	116	116	115	114	109	102.000	502.355	777	697	645	588	534	488	445	409	374	337	207	0	0	0.000	0.000	0	0	0	0	0.000	0	0	0	0.000	0	0	0	0	0.000	0.000	0	0	0	0	0.000	0	0	0	0.000	0	0
16	16	1272	849.382	255.406	0.893	24	111	456	563	97	24	111	456	563	97	108.859	116.266	123	119	118	117	117	116	116	115	114	114	110	102.197	557.522	787	712	664	632	605	573	546	511	448	367	253	0	0	0.000	0.000	0	0	0	0	0.000	0	0	0	0.000	0	0	0	0	0.000	0.000	0	0	0	0	0.000	0	0	0	0.000	0	0
17	17	584	384.379	254.296	0.899	24	101	158	199	92	24	101	158	199	92	107.687	117.723	126	123	121	120	119	118	117	116	114	113	110	101.812	116.659	133	124	122	120	119	117	116	114	111	108	104	0	0	0.000	0.000	0	0	0	0	0.000	0	0	0	0.000	0	0	0	0	0.000	0.000	0	0	0	0	0.000	0	0	0	0.000	0	0
18	18	294	579.652	256.476	0.890	20	49	130	73	16	20	49	130	73	16	108.000	124.282	135	131	129	128	126	124	123	121	119	117	112	104.000	314.820	542	441	407	376	350	325	293	257	213	181	138	0	0	0.000	0.000	0	0	0	0	0.000	0	0	0	0.000	0	0	0	0	0.000	0.000	0	0	0	0	0.000	0	0	0	0.000	0	0
19	19	2542	611.635	281.956	0.858	70	576	1552	264	24	70	576	1552	264	24	106.966	158.554	722	160	149	147	145	143	141	139	137	132	118	103.255	780.957	1793	975	903	851	799	761	724	685	643	582	271	1	118	601.948	296.720	0	0	0	427	434.822	0	0	1275	1306.678	0	0	0	0	0.000	0.000	0	0	0	0	0.000	0	0	0	0.000	0	0
20	20	1735	494.479	272.857	0.874	36	540	978	125	21	36	540	978	125	21	108.000	255.326	3243	252	183	177	173	166	158	152	146	137	128	102.416	776.697	2258	1085	1005	946	875	795	712	610	474	351	247	1	108	492.433	289.277	0	0	0	1332	1471.148	0	0	1341	1404.676	0	0	0	0	0.000	0.000	0	0	0	0	0.000	0	0	0	0.000	0	0
21	21	1884	549.400	275.918	0.899	149	1219	456	19	8	149	1219	456	19	8	107.304	187.337	847	200	194	188	184	179	175	169	162	151	130	103.325	814.425	1433	1056	996	942	878	823	753	687	626	563	358	1	46	557.317	261.929	0	0	0	507	513.065	0	0	1162	1147.000	0	0	0	0	0.000	0.000	0	0	0	0	0.000	0	0	0	0.000	0	0
22	22	1712	367.232	292.570	0.913	46	586	946	93	11	46	586	946	93	11	107.328	162.800	1454	168	127	124	123	121	119	117	116	115	111	102.000	125.704	184	133	130	128	126	124	123	121	119	117	108	1	106	368.729	304.009	0	0	0	657	700.236	0	0	150	152.651	0	0	1	16	368.789	304.383	0	0	0	1213	1198.188	0	0	175	174.562	0	0
23	23	472	517.816	302.886	0.930	20	39	127	197	81	20	39	127	197	81	108.000	120.570	128	125	124	123	122	121	119	118	117	116	113	103.000	314.854	464	429	394	360	334	312	296	271	245	204	157	0	0	0.000	0.000	0	0	0	0	0.000	0	0	0	0.000	0	0	0	0	0.000	0.000	0	0	0	0	0.000	0	0	0	0.000	0	0
24	24	1697	1930.833	326.190	0.916	570	773	146	142	46	570	773	146	142	46	107.398	141.966	167	157	152	148	145	142	139	135	131	127	120	102.744	469.797	838	677	598	553	505	458	413	368	325	286	232	0	0	0.000	0.000	0	0	0	0	0.000	0	0	0	0.000	0	0	0	0	0.000	0.000	0	0	0	0	0.000	0	0	0	0.000	0	0
25	25	1244	1237.059	325.192	0.915	53	515	531	97	26	53	515	531	97	26	108.341	120.591	134	127	125	123	121	120	119	118	117	115	111	102.118	1152.609	1718	1474	1405	1344	1263	1180	1111	1019	882	733	434	0	0	0.000	0.000	0	0	0	0	0.000	0	0	0	0.000	0	0	0	0	0.000	0.000	0	0	0	0	0.000	0	0	0	0.000	0	0
26	26	1068	111.616	345.742	0.891	20	97	443	462	23	20	97	443	462	23	105.772	112.023	118	115	113	113	112	112	112	111	110	110	107	102.625	1108.353	1567	1453	1367	1281	1192	1129	1048	955	868	739	442	0	0	0.000	0.000	0	0	0	0	0.000	0	0	0	0.000	0	0	0	0	0.000	0.000	0	0	0	0	0.000	0	0	0	0.000	0	0
27	27	1355	1891.031	357.840	0.900	514	212	267	252	90	514	212	267	252	90	108.000	143.441	162	155	150	147	146	144	142	139	136	132	120	104.154	679.556	1021	943	849	779	732	682	635	561	490	431	302	0	0	0.000	0.000	0	0	0	0	0.000	0	0	0	0.000	0	0	0	0	0.000	0.000	0	0	0	0	0.000	0	0	0	0.000	0	0
28	28	854	1499.624	375.606	0.910	36	259	415	117	10	36	259	415	117	10	107.155	144.967	162	156	153	151	148	146	143	141	137	132	125	101.838	620.191	901	776	732	692	651	618	584	551	513	461	336	0	0	0.000	0.000	0	0	0	0	0.000	0	0	0	0.000	0	0	0	0	0.000	0.000	0	0	0	0	0.000	0	0	0	0.000	0	0
29	29	1944	96.592	391.698	0.879	338	1279	274	19	9	338	1279	274	19	9	105.692	113.482	124	119	116	114	113	113	112	111	111	110	108	103.213	893.273	1531	1407	1252	1122	993	879	755	643	537	436	299	0	0	0.000	0.000	0	0	0	0	0.000	0	0	0	0.000	0	0	0	0	0.000	0.000	0	0	0	0	0.000	0	0	0	0.000	0	0
30	30	2153	222.942	413.313	0.853	50	406	1078	522	45	50	406	1078	522	45	105.956	114.163	119	117	116	115	115	114	114	113	113	112	108	103.807	1804.630	2701	2360	2211	2106	2001	1896	1784	1636	1390	1057	708	0	0	0.000	0.000	0	0	0	0	0.000	0	0	0	0.000	0	0	0	0	0.000	0.000	0	0	0	0	0.000	0	0	0	0.000	0	0
31	31	1791	1787.830	417.558	0.899	44	155	1094	409	55	44	155	1094	409	55	108.000	156.982	199	182	175	169	163	157	151	144	138	132	121	103.173	547.195	890	794	738	686	615	545	487	425	352	288	211	0	0	0.000	0.000	0	0	0	0	0.000	0	0	0	0.000	0	0	0	0	0.000	0.000	0	0	0	0	0.000	0	0	0	0.000	0	0
32	32	1893	1733.453	422.461	0.868	24	139	908	703	81	24	139	908	703	81	108.000	161.343	198	187	181	174	167	161	156	148	142	136	126	101.831	560.750	898	816	731	670	620	566	507	455	397	298	205	0	0	0.000	0.000	0	0	0	0	0.000	0	0	0	0.000	0	0	0	0	0.000	0.000	0	0	0	0	0.000	0	0	0	0.000	0	0
33	33	1644	1495.549	422.750	0.874	35	457	826	248	47	35	457	826	248	47	107.908	145.725	167	160	156	151	148	144	142	140	138	134	122	101.302	624.345	928	823	758	696	652	619	581	543	491	442	361	0	0	0.000	0.000	0	0	0	0	0.000	0	0	0	0.000	0	0	0	0	0.000	0.000	0	0	0	0	0.000	0	0	0	0.000	0	0
34	34	1061	1866.593	417.659	0.919	308	322	237	119	57	308	322	237	119	57	107.932	140.123	151	148	147	146	145	142	139	136	133	128	121	105.000	518.503	672	620	594	571	549	528	510	490	453	395	271	0	0	0.000	0.000	0	0	0	0	0.000	0	0	0	0.000	0	0	0	0	0.000	0.000	0	0	0	0	0.000	0	0	0	0.000	0	0
35	35	2338	63.746	445.714	0.872	326	513	1250	200	13	326	513	1250	200	13	105.219	113.582	123	118	117	115	114	113	112	112	111	110	107	103.337	915.584	1629	1369	1235	1100	978	884	791	699	612	519	295	0	0	0.000	0.000	0	0	0	0	0.000	0	0	0	0.000	0	0	0	0	0.000	0.000	0	0	0	0	0.000	0	0	0	0.000	0	0
36	36	947	109.279	431.927	0.922	702	108	66	51	13	702	108	66	51	13	106.133	111.870	117	114	113	113	112	112	111	111	110	110	107	104.325	945.712	1391	1302	1230	1150	1092	1018	920	806	663	484	199	0	0	0.000	0.000	0	0	0	0	0.000	0	0	0	0.000	0	0	0	0	0.000	0.000	0	0	0	0	0.000	0	0	0	0.000	0	0
37	37	2906	174.498	457.920	0.870	99	946	1540	219	45	99	946	1540	219	45	106.799	116.675	138	122	120	118	117	116	115	114	113	112	108	104.794	1437.782	2503	2130	1971	1852	1724	1562	1368	1083	781	533	335	1	357	162.334	460.266	0	0	0	123	123.947	0	0	502	563.387	0	0	0	0	0.000	0.000	0	0	0	0	0.000	0	0	0	0.000	0	0
38	38	2101	1075.384	458.397	0.899	31	426	1344	254	8	31	426	1344	254	8	108.671	116.896	130	122	119	118	117	116	116	115	114	113	110	103.476	1661.531	2722	2520	2354	2149	1933	1678	1451	1228	953	738	526	0	0	0.000	0.000	0	0	0	0	0.000	0	0	0	0.000	0	0	0	0	0.000	0.000	0	0	0	0	0.000	0	0	0	0.000	0	0
39	39	208	1764.709	442.267	0.898	34	55	52	37	28	34	55	52	37	28	108.000	150.562	164	160	158	155	153	151	149	147	145	140	132	102.120	367.058	501	462	435	422	406	385	366	334	295	240	166	0	0	0.000	0.000	0	0	0	0	0.000	0	0	0	0.000	0	0	0	0	0.000	0.000	0	0	0	0	0.000	0	0	0	0.000	0	0
40	40	2297	1885.022	461.334	0.881	1209	876	133	29	14	1209	876	133	29	14	108.468	151.694	175	166	163	160	157	154	149	144	140	135	122	105.573	1575.806	2477	2295	2188	2049	1871	1687	1507	1219	900	641	298	0	0	0.000	0.000	0	0	0	0	0.000	0	0	0	0.000	0	0	0	0	0.000	0.000	0	0	0	0	0.000	0	0	0	0.000	0	0
41	41	1342	1166.015	456.440	0.921	89	427	612	172	28	89	427	612	172	28	107.991	117.283	125	121	120	119	118	117	117	116	115	114	111	103.000	895.852	1383	1164	1076	1005	962	922	862	787	729	600	285	0	0	0.000	0.000	0	0	0	0	0.000	0	0	0	0.000	0	0	0	0	0.000	0.000	0	0	0	0	0.000	0	0	0	0.000	0	0
42	42	1913	1119.860	472.900	0.838	29	311	1327	194	19	29	311	1327	194	19	108.883	115.665	122	118	117	117	116	116	115	115	114	113	111	103.705	1245.059	1999	1808	1710	1579	1428	1266	1105	956	785	612	360	0	0	0.000	0.000	0	0	0	0	0.000	0	0	0	0.000	0	0	0	0	0.000	0.000	0	0	0	0	0.000	0	0	0	0.000	0	0
43	43	1910	1933.716	475.182	0.872	558	952	229	130	19	558	952	229	130	19	107.913	141.575	162	156	152	147	144	141	139	136	134	129	115	104.797	235.588	373	337	308	274	235	210	195	187	181	172	137	0	0	0.000	0.000	0	0	0	0	0.000	0	0	0	0.000	0	0	0	0	0.000	0.000	0	0	0	0	0.000	0	0	0	0.000	0	0
44	44	1677	285.563	481.749	0.886	21	105	798	661	48	21	105	798	661	48	107.078	132.487	271	168	138	128	123	121	120	118	117	116	112	102.561	145.357	186	167	158	150	146	143	139	136	133	129	115	1	185	276.582	484.991	0	0	0	197	202.049	0	0	165	161.968	0	0	0	0	0.000	0.000	0	0	0	0	0.000	0	0	0	0.000	0	0
45	45	1501	1283.749	492.336	0.888	426	977	35	21	9	426	977	35	21	9	108.000	116.948	128	122	119	118	117	116	116	115	114	113	109	103.000	1047.494	1837	1441	1335	1254	1180	1099	1003	882	722	571	349	0	0	0.000	0.000	0	0	0	0	0.000	0	0	0	0.000	0	0	0	0	0.000	0.000	0	0	0	0	0.000	0	0	0	0.000	0	0
46	46	1071	100.041	496.869	0.897	153	279	491	110	18	153	279	491	110	18	106.811	230.211	313	265	255	246	239	231	222	213	202	191	175	104.537	606.861	831	758	705	676	651	617	580	537	496	450	354	0	0	0.000	0.000	0	0	0	0	0.000	0	0	0	0.000	0	0	0	0	0.000	0.000	0	0	0	0	0.000	0	0	0	0.000	0	0
47	47	893	208.093	500.570	0.914	13	92	334	405	27	13	92	334	405	27	107.000	136.303	154	148	146	144	141	137	134	130	126	123	113	104.156	460.697	657	597	573	545	506	468	427	389	362	305	204	0	0	0.000	0.000	0	0	0	0	0.000	0	0	0	0.000	0	0	0	0	0.000	0.000	0	0	0	0	0.000	0	0	0	0.000	0	0
48	48	1930	146.271	513.632	0.849	48	645	960	212	30	48	645	960	212	30	107.000	343.715	428	404	395	386	377	369	351	321	280	240	198	104.947	1467.755	2012	1875	1791	1739	1676	1611	1537	1393	1103	754	407	0	0	0.000	0.000	0	0	0	0	0.000	0	0	0	0.000	0	0	0	0	0.000	0.000	0	0	0	0	0.000	0	0	0	0.000	0	0
49	49	1209	1871.953	509.377	0.909	251	866	68	6	4	251	866	68	6	4	108.838	150.697	179	166	161	158	153	149	146	143	140	137	130	104.748	465.363	762	658	593	538	499	458	414	373	337	309	228	0	0	0.000	0.000	0	0	0	0	0.000	0	0	0	0.000	0	0	0	0	0.000	0.000	0	0	0	0	0.000	0	0	0	0.000	0	0
50	50	926	1968.546	505.814	0.888	69	394	370	64	6	69	394	370	64	6	107.164	135.314	149	143	141	139	138	137	136	134	131	123	114	102.975	164.730	206	186	178	173	168	165	162	157	152	144	123	0	0	0.000	0.000	0	0	0	0	0.000	0	0	0	0.000	0	0	0	0	0.000	0.000	0	0	0	0	0.000	0	0	0	0.000	0	0
51	51	1388	322.873	513.996	0.882	17	101	762	442	29	17	101	762	442	29	107.731	120.273	129	124	123	122	122	121	120	118	117	116	111	102.000	146.045	176	163	158	154	150	147	143	138	133	129	115	0	0	0.000	0.000	0	0	0	0	0.000	0	0	0	0.000	0	0	0	0	0.000	0.000	0	0	0	0	0.000	0	0	0	0.000	0	0
52	52	1422	1080.463	513.530	0.873	15	391	761	208	17	15	391	761	208	17	109.000	117.169	127	120	119	118	117	117	116	116	115	115	112	103.986	1422.998	2344	2067	1897	1739	1557	1378	1216	1097	965	830	580	0	0	0.000	0.000	0	0	0	0	0.000	0	0	0	0.000	0	0	0	0	0.000	0.000	0	0	0	0	0.000	0	0	0	0.000	0	0
53	53	1406	1123.478	519.389	0.912	57	289	861	158	19	57	289	861	158	19	109.000	116.168	123	120	118	117	116	116	115	115	114	113	110	103.925	1295.606	2141	1931	1766	1608	1484	1339	1171	1002	801	632	237	0	0	0.000	0.000	0	0	0	0	0.000	0	0	0	0.000	0	0	0	0	0.000	0.000	0	0	0	0	0.000	0	0	0	0.000	0	0
54	54	1825	253.508	525.345	0.868	40	258	1235	247	8	40	258	1235	247	8	107.151	175.684	852	187	172	166	162	158	154	150	144	136	121	102.905	537.045	830	749	688	637	590	540	490	434	383	330	218	1	78	250.399	538.881	0	0	0	491	510.321	0	0	757	732.346	0	0	0	0	0.000	0.000	0	0	0	0	0.000	0	0	0	0.000	0	0
55	55	1613	805.119	527.136	0.870	32	362	1069	112	13	32	362	1069	112	13	108.826	141.241	206	161	146	142	139	137	136	133	131	129	121	102.000	123.526	138	130	128	126	125	123	122	120	119	117	113	1	21	798.596	534.948	0	0	0	198	197.524	0	0	130	130.143	0	0	0	0	0.000	0.000	0	0	0	0	0.000	0	0	0	0.000	0	0
56	56	2122	1810.275	535.314	0.883	62	676	1139	191	10	62	676	1139	191	10	109.629	141.639	159	153	150	149	147	145	142	137	131	125	115	103.521	1531.330	2291	2094	1966	1837	1724	1613	1474	1295	1077	820	533	0	0	0.000	0.000	0	0	0	0	0.000	0	0	0	0.000	0	0	0	0	0.000	0.000	0	0	0	0	0.000	0	0	0	0.000	0	0
57	57	1741	1937.067	536.460	0.868	52	888	674	82	8	52	888	674	82	8	108.000	140.952	164	153	149	146	144	141	138	136	132	129	121	103.060	178.644	240	211	199	192	184	176	168	163	157	151	128	0	0	0.000	0.000	0	0	0	0	0.000	0	0	0	0.000	0	0	0	0	0.000	0.000	0	0	0	0	0.000	0	0	0	0.000	0	0
58	58	1621	1313.400	535.082	0.908	289	1067	225	9	4	289	1067	225	9	4	108.000	117.036	136	122	118	117	117	116	115	115	114	113	111	102.997	1394.316	2605	1978	1776	1640	1506	1389	1275	1148	1019	832	347	1	168	1305.329	528.544	0	0	0	126	126.256	0	0	1240	1250.238	0	0	0	0	0.000	0.000	0	0	0	0	0.000	0	0	0	0.000	0	0
59	59	2217	96.038	547.772	0.862	16	90	772	1246	42	16	90	772	1246	42	105.908	322.381	893	410	384	367	348	324	301	267	231	199	158	103.544	1267.907	1937	1814	1677	1559	1458	1313	1177	1007	839	656	377	0	0	0.000	0.000	0	0	0	0	0.000	0	0	0	0.000	0	0	0	0	0.000	0.000	0	0	0	0	0.000	0	0	0	0.000	0	0
60	60	1267	1267.041	541.079	0.912	40	261	546	345	42	40	261	546	345	42	108.000	116.433	127	122	118	117	116	116	115	114	114	113	110	102.983	1063.295	1422	1350	1298	1232	1159	1088	1030	941	847	717	464	0	0	0.000	0.000	0	0	0	0	0.000	0	0	0	0.000	0	0	0	0	0.000	0.000	0	0	0	0	0.000	0	0	0	0.000	0	0
61	61	267	292.458	534.988	0.909	6	17	113	84	43	6	17	113	84	43	108.000	154.300	163	160	159	158	157	155	154	152	150	147	139	102.000	438.007	552	539	517	498	477	445	421	399	368	321	230	0	0	0.000	0.000	0	0	0	0	0.000	0	0	0	0.000	0	0	0	0	0.000	0.000	0	0	0	0	0.000	0	0	0	0.000	0	0
62	62	1824	203.789	550.778	0.853	119	983	608	60	16	119	983	608	60	16	107.000	244.093	2343	298	175	168	162	156	150	146	143	140	126	103.708	586.646	1580	778	739	689	635	570	503	441	394	344	280	1	137	195.064	548.388	0	0	0	1098	1179.752	0	0	1039	1061.620	0	0	0	0	0.000	0.000	0	0	0	0	0.000	0	0	0	0.000	0	0
63	63	847	851.928	543.008	0.819	12	68	310	394	53	12	68	310	394	53	108.000	135.081	148	142	140	138	137	136	134	132	130	127	120	102.039	122.780	137	129	127	126	124	123	122	121	119	116	106	0	0	0.000	0.000	0	0	0	0	0.000	0	0	0	0.000	0	0	0	0	0.000	0.000	0	0	0	0	0.000	0	0	0	0.000	0	0
64	64	969	1480.191	554.722	0.863	162	470	222	82	25	162	470	222	82	25	108.584	118.101	130	123	120	119	118	117	117	116	115	114	111	102.000	115.454	125	121	119	118	117	116	114	113	112	111	106	0	0	0.000	0.000	0	0	0	0	0.000	0	0	0	0.000	0	0	0	0	0.000	0.000	0	0	0	0	0.000	0	0	0	0.000	0	0
65	65	2132	1852.361	577.961	0.898	66	366	983	622	46	66	366	983	622	46	109.308	135.023	153	146	143	141	139	136	133	130	126	122	117	103.208	1117.608	1867	1660	1550	1436	1277	1106	959	819	698	586	400	0	0	0.000	0.000	0	0	0	0	0.000	0	0	0	0.000	0	0	0	0	0.000	0.000	0	0	0	0	0.000	0	0	0	0.000	0	0
66	66	1613	324.838	587.012	0.858	60	512	815	178	21	60	512	815	178	21	107.206	113.427	122	117	115	114	114	113	112	112	111	111	108	102.000	152.522	179	169	166	163	159	154	148	143	138	134	127	0	0	0.000	0.000	0	0	0	0	0.000	0	0	0	0.000	0	0	0	0	0.000	0.000	0	0	0	0	0.000	0	0	0	0.000	0	0
67	67	2746	1497.341	605.612	0.853	485	2003	183	24	9	485	2003	183	24	9	108.882	120.638	148	130	125	122	120	119	118	117	116	115	111	102.286	123.855	143	130	128	127	126	125	123	122	120	115	106	1	25	1497.271	596.718	0	0	0	141	141.360	0	0	134	133.360	0	0	0	0	0.000	0.000	0	0	0	0	0.000	0	0	0	0.000	0	0
68	68	720	2013.830	595.881	0.916	27	203	315	147	12	27	203	315	147	12	106.092	113.625	120	117	115	114	114	113	113	112	112	111	108	101.771	561.465	793	704	659	620	588	569	542	500	459	419	319	0	0	0.000	0.000	0	0	0	0	0.000	0	0	0	0.000	0	0	0	0	0.000	0.000	0	0	0	0	0.000	0	0	0	0.000	0	0
69	69	1165	269.057	601.753	0.903	28	299	610	194	11	28	299	610	194	11	107.000	113.769	128	121	116	114	113	113	112	111	111	110	108	102.000	151.415	173	165	162	159	156	152	148	145	141	137	125	0	0	0.000	0.000	0	0	0	0	0.000	0	0	0	0.000	0	0	0	0	0.000	0.000	0	0	0	0	0.000	0	0	0	0.000	0	0
70	70	924	643.718	602.885	0.916	107	641	139	15	5	107	641	139	15	5	109.000	214.187	919	279	235	211	196	186	178	170	161	153	135	102.988	118.692	130	124	122	121	120	119	118	117	116	113	107	1	46	639.504	607.279	0	0	0	542	539.565	0	0	121	121.435	0	0	0	0	0.000	0.000	0	0	0	0	0.000	0	0	0	0.000	0	0
71	71	727	464.461	606.444	0.903	56	276	279	93	10	56	276	279	93	10	108.000	116.455	128	123	121	119	117	115	114	113	112	111	110	102.000	144.100	172	160	156	153	150	147	143	138	132	121	110	0	0	0.000	0.000	0	0	0	0	0.000	0	0	0	0.000	0	0	0	0	0.000	0.000	0	0	0	0	0.000	0	0	0	0.000	0	0
72	72	1947	1762.707	620.266	0.891	102	814	862	126	9	102	814	862	126	9	110.000	433.430	2367	1021	577	389	294	238	210	194	176	162	138	102.495	121.678	144	130	126	124	123	121	120	118	117	115	109	2	39	1781.272	625.664	291	1763.064	614.249	649	654.231	1228	1317.474	125	126.359	124	124.698	0	0	0.000	0.000	0	0	0	0	0.000	0	0	0	0.000	0	0
73	73	1738	427.608	626.694	0.890	22	207	829	587	50	22	207	829	587	50	108.000	112.724	121	115	114	113	113	112	112	112	111	111	108	101.961	149.922	181	169	165	161	156	151	146	139	133	128	121	1	11	437.771	611.683	0	0	0	120	119.545	0	0	158	157.182	0	0	0	0	0.000	0.000	0	0	0	0	0.000	0	0	0	0.000	0	0
74	74	1813	644.447	653.997	0.872	144	540	874	201	21	144	540	874	201	21	109.000	269.353	2027	325	261	244	230	220	210	198	186	171	139	103.000	125.484	140	132	130	129	128	127	125	124	122	116	105	1	88	656.814	654.782	0	0	0	989	1060.432	0	0	132	131.591	0	0	0	0	0.000	0.000	0	0	0	0	0.000	0	0	0	0.000	0	0
75	75	1766	336.935	667.674	0.889	27	630	965	103	12	27	630	965	103	12	107.737	172.896	1141	257	131	123	121	119	118	116	115	114	111	102.641	154.532	286	181	170	165	161	155	144	136	130	125	113	1	173	323.261	664.196	0	0	0	575	604.121	0	0	205	210.087	0	0	0	0	0.000	0.000	0	0	0	0	0.000	0	0	0	0.000	0	0
76	76	1747	561.805	670.816	0.879	56	675	796	162	24	56	675	796	162	24	108.888	114.770	119	117	116	116	115	115	114	114	113	113	110	103.834	1254.821	1943	1770	1688	1585	1474	1340	1188	1032	839	558	290	0	0	0.000	0.000	0	0	0	0	0.000	0	0	0	0.000	0	0	0	0	0.000	0.000	0	0	0	0	0.000	0	0	0	0.000	0	0
77	77	1810	390.028	674.738	0.876	153	625	922	81	3	153	625	922	81	3	107.990	118.852	129	122	121	121	120	119	118	117	116	115	111	102.180	147.284	173	162	158	154	150	146	143	141	138	135	117	0	0	0.000	0.000	0	0	0	0	0.000	0	0	0	0.000	0	0	0	0	0.000	0.000	0	0	0	0	0.000	0	0	0	0.000	0	0
78	78	1525	140.626	681.327	0.882	91	665	578	148	17	91	665	578	148	17	106.000	113.718	124	119	117	115	114	113	112	112	111	110	107	102.000	422.997	668	589	536	496	456	426	397	355	303	242	193	0	0	0.000	0.000	0	0	0	0	0.000	0	0	0	0.000	0	0	0	0	0.000	0.000	0	0	0	0	0.000	0	0	0	0.000	0	0
79	79	1247	1833.195	711.464	0.860	157	536	342	157	32	157	536	342	157	32	108.754	153.447	177	166	161	159	156	154	152	149	146	140	126	102.010	125.753	142	134	132	129	127	125	124	122	120	118	109	0	0	0.000	0.000	0	0	0	0	0.000	0	0	0	0.000	0	0	0	0	0.000	0.000	0	0	0	0	0.000	0	0	0	0.000	0	0
80	80	269	579.431	699.433	0.772	44	78	71	53	18	44	78	71	53	18	108.963	111.996	116	114	113	112	112	112	111	111	111	111	109	104.000	337.781	800	693	600	483	379	268	179	127	116	111	108	0	0	0.000	0.000	0	0	0	0	0.000	0	0	0	0.000	0	0	0	0	0.000	0.000	0	0	0	0	0.000	0	0	0	0.000	0	0
81	81	1645	1480.215	716.255	0.881	45	258	911	352	44	45	258	911	352	44	109.025	115.529	123	118	117	117	116	115	115	114	114	113	111	103.843	752.985	1362	1082	982	902	829	748	679	603	503	421	289	0	0	0.000	0.000	0	0	0	0	0.000	0	0	0	0.000	0	0	0	0	0.000	0.000	0	0	0	0	0.000	0	0	0	0.000	0	0
82	82	2550	539.765	720.425	0.887	28	433	1508	495	23	28	433	1508	495	23	108.875	116.140	128	121	119	117	116	115	115	114	113	112	110	103.991	539.617	869	780	721	668	618	572	512	429	324	246	204	0	0	0.000	0.000	0	0	0	0	0.000	0	0	0	0.000	0	0	0	0	0.000	0.000	0	0	0	0	0.000	0	0	0	0.000	0	0
83	83	2442	1427.636	727.895	0.854	21	92	980	1214	71	21	92	980	1214	71	109.129	116.135	123	119	118	117	117	116	115	115	114	113	110	103.897	745.828	1543	1143	1001	879	801	717	638	578	506	400	188	0	0	0.000	0.000	0	0	0	0	0.000	0	0	0	0.000	0	0	0	0	0.000	0.000	0	0	0	0	0.000	0	0	0	0.000	0	0
84	84	2315	479.742	739.219	0.873	31	429	1707	111	4	31	429	1707	111	4	108.000	187.203	2407	153	137	135	133	131	130	128	126	124	117	103.000	470.468	1825	667	604	556	504	458	403	347	288	233	166	1	109	492.955	727.517	0	0	0	1072	1135.936	0	0	1044	1083.000	0	0	1	38	492.641	727.614	0	0	0	1738	1714.711	0	0	1447	1448.868	0	0
85	85	2692	607.409	746.940	0.848	155	1920	542	22	3	155	1920	542	22	3	108.603	115.972	126	119	118	117	116	116	115	115	114	113	110	103.900	636.130	865	775	751	729	704	672	634	585	532	438	227	0	0	0.000	0.000	0	0	0	0	0.000	0	0	0	0.000	0	0	0	0	0.000	0.000	0	0	0	0	0.000	0	0	0	0.000	0	0
86	86	3261	1358.130	749.889	0.803	684	2234	227	42	7	684	2234	227	42	7	109.506	118.164	127	122	120	119	119	118	117	117	116	115	111	103.795	759.783	2028	1180	1014	886	793	714	647	583	500	416	205	0	0	0.000	0.000	0	0	0	0	0.000	0	0	0	0.000	0	0	0	0	0.000	0.000	0	0	0	0	0.000	0	0	0	0.000	0	0
87	87	1287	355.639	742.856	0.896	52	340	608	244	13	52	340	608	244	13	107.173	131.392	218	140	135	134	131	129	127	124	122	119	113	103.000	431.198	729	553	527	496	462	425	397	368	341	306	226	1	41	354.136	729.212	0	0	0	190	189.951	0	0	544	546.927	0	0	0	0	0.000	0.000	0	0	0	0	0.000	0	0	0	0.000	0	0
88	88	1483	846.911	753.893	0.891	39	572	789	51	4	39	572	789	51	4	109.923	286.285	590	385	333	311	295	276	257	238	218	201	170	103.000	123.859	139	131	129	128	126	124	122	120	118	116	108	0	0	0.000	0.000	0	0	0	0	0.000	0	0	0	0.000	0	0	0	0	0.000	0.000	0	0	0	0	0.000	0	0	0	0.000	0	0
89	89	1655	407.511	757.407	0.846	22	99	719	693	84	22	99	719	693	84	108.127	127.408	139	134	132	130	128	127	126	124	123	121	117	103.000	417.654	620	569	529	494	464	430	397	349	294	246	198	0	0	0.000	0.000	0	0	0	0	0.000	0	0	0	0.000	0	0	0	0	0.000	0.000	0	0	0	0	0.000	0	0	0	0.000	0	0
90	90	1345	1191.299	767.092	0.869	49	130	593	517	32	49	130	593	517	32	109.000	116.851	126	120	119	118	117	117	116	115	115	114	110	103.321	1093.062	1611	1414	1320	1240	1171	1110	1044	977	873	734	467	0	0	0.000	0.000	0	0	0	0	0.000	0	0	0	0.000	0	0	0	0	0.000	0.000	0	0	0	0	0.000	0	0	0	0.000	0	0
91	91	1344	458.422	790.151	0.919	39	287	773	189	29	39	287	773	189	29	108.511	128.764	145	139	136	133	131	129	126	124	122	119	112	102.830	478.327	737	655	620	572	529	487	438	384	342	292	233	0	0	0.000	0.000	0	0	0	0	0.000	0	0	0	0.000	0	0	0	0	0.000	0.000	0	0	0	0	0.000	0	0	0	0.000	0	0
92	92	2409	832.905	805.638	0.869	123	1278	845	99	10	123	1278	845	99	10	110.000	980.732	22455	1014	458	354	325	298	274	246	217	195	169	102.992	125.295	176	135	131	128	126	124	122	120	118	116	110	2	13	848.304	820.652	144	826.300	791.907	732	729.308	9196	10051.257	132	131.538	148	149.500	0	0	0.000	0.000	0	0	0	0	0.000	0	0	0	0.000	0	0
93	93	1893	1228.642	810.774	0.868	26	178	837	738	90	26	178	837	738	90	109.300	116.264	125	119	118	117	117	116	116	115	114	114	111	103.897	908.865	1501	1310	1163	1044	975	902	816	728	641	553	353	0	0	0.000	0.000	0	0	0	0	0.000	0	0	0	0.000	0	0	0	0	0.000	0.000	0	0	0	0	0.000	0	0	0	0.000	0	0
94	94	2144	1399.503	857.899	0.872	168	1105	711	88	30	168	1105	711	88	30	109.067	116.530	123	119	118	117	117	116	116	115	115	114	111	103.792	271.095	395	344	317	301	282	266	253	238	223	207	171	0	0	0.000	0.000	0	0	0	0	0.000	0	0	0	0.000	0	0	0	0	0.000	0.000	0	0	0	0	0.000	0	0	0	0.000	0	0
95	95	1917	861.139	859.295	0.883	94	406	1098	267	20	94	406	1098	267	20	109.936	259.065	484	325	297	281	270	257	245	229	209	188	150	102.260	121.662	134	127	125	124	123	122	121	120	119	116	108	0	0	0.000	0.000	0	0	0	0	0.000	0	0	0	0.000	0	0	0	0	0.000	0.000	0	0	0	0	0.000	0	0	0	0.000	0	0
96	96	2244	71.612	867.232	0.861	1138	797	117	94	27	1138	797	117	94	27	105.984	174.374	261	203	195	188	182	176	169	160	150	142	122	102.779	444.234	686	625	585	544	496	448	398	350	308	255	179	0	0	0.000	0.000	0	0	0	0	0.000	0	0	0	0.000	0	0	0	0	0.000	0.000	0	0	0	0	0.000	0	0	0	0.000	0	0
97	97	1731	299.455	874.151	0.857	28	350	920	363	37	28	350	920	363	37	107.477	115.557	127	121	118	117	116	115	114	113	113	112	109	102.000	133.064	146	139	137	136	135	134	132	131	129	126	113	0	0	0.000	0.000	0	0	0	0	0.000	0	0	0	0.000	0	0	0	0	0.000	0.000	0	0	0	0	0.000	0	0	0	0.000	0	0
98	98	1766	1444.651	879.149	0.861	99	391	1204	36	10	99	391	1204	36	10	109.921	178.536	403	205	196	190	183	176	169	163	155	147	129	104.000	973.408	1749	1410	1238	1117	1041	945	846	767	691	612	347	0	0	0.000	0.000	0	0	0	0	0.000	0	0	0	0.000	0	0	0	0	0.000	0.000	0	0	0	0	0.000	0	0	0	0.000	0	0
99	99	1989	238.402	887.964	0.869	101	798	752	236	63	101	798	752	236	63	106.551	114.203	124	118	116	115	114	114	113	113	112	111	109	102.000	132.977	154	141	138	137	135	133	132	130	128	125	110	0	0	0.000	0.000	0	0	0	0	0.000	0	0	0	0.000	0	0	0	0	0.000	0.000	0	0	0	0	0.000	0	0	0	0.000	0	0
100	100	1770	1495.765	900.390	0.860	364	1268	68	32	10	364	1268	68	32	10	110.000	189.215	238	224	217	210	202	193	183	171	160	148	136	103.947	1262.150	2024	1823	1707	1595	1483	1325	1158	995	806	566	389	0	0	0.000	0.000	0	0	0	0	0.000	0	0	0	0.000	0	0	0	0	0.000	0.000	0	0	0	0	0.000	0	0	0	0.000	0	0
101	101	337	75.887	906.619	0.950	227	48	29	18	14	227	48	29	18	14	106.000	141.682	162	157	154	151	148	144	140	134	128	123	115	102.484	315.039	441	400	383	371	358	341	319	279	234	185	133	0	0	0.000	0.000	0	0	0	0	0.000	0	0	0	0.000	0	0	0	0	0.000	0.000	0	0	0	0	0.000	0	0	0	0.000	0	0
102	102	798	273.969	916.634	0.889	36	38	351	339	19	36	38	351	339	19	107.000	112.695	119	115	114	113	113	113	112	112	111	111	110	102.000	125.536	145	135	133	130	128	126	124	121	119	116	107	0	0	0.000	0.000	0	0	0	0	0.000	0	0	0	0.000	0	0	0	0	0.000	0.000	0	0	0	0	0.000	0	0	0	0.000	0	0
103	103	975	1441.556	928.149	0.920	13	49	244	546	103	13	49	244	546	103	109.941	180.350	222	208	201	193	186	181	175	168	160	152	139	104.000	1134.323	1680	1525	1440	1329	1227	1121	1020	948	872	744	504	0	0	0.000	0.000	0	0	0	0	0.000	0	0	0	0.000	0	0	0	0	0.000	0.000	0	0	0	0	0.000	0	0	0	0.000	0	0
104	104	1561	1851.235	964.849	0.881	116	814	559	38	7	116	814	559	38	7	108.936	114.882	120	117	116	116	115	115	114	114	113	113	110	102.001	297.138	491	405	364	332	312	289	269	250	226	205	176	0	0	0.000	0.000	0	0	0	0	0.000	0	0	0	0.000	0	0	0	0	0.000	0.000	0	0	0	0	0.000	0	0	0	0.000	0	0
105	105	2518	957.038	982.523	0.891	481	1764	184	39	15	481	1764	184	39	15	108.806	117.538	126	122	120	119	118	117	116	116	115	114	110	103.581	1420.133	2260	2036	1888	1747	1614	1436	1246	1080	954	820	480	0	0	0.000	0.000	0	0	0	0	0.000	0	0	0	0.000	0	0	0	0	0.000	0.000	0	0	0	0	0.000	0	0	0	0.000	0	0
106	106	494	1846.221	1003.450	0.883	30	123	171	115	46	30	123	171	115	46	109.342	115.190	120	117	117	116	116	115	115	114	114	113	111	102.000	209.640	339	260	249	239	227	214	203	184	164	148	125	0	0	0.000	0.000	0	0	0	0	0.000	0	0	0	0.000	0	0	0	0	0.000	0.000	0	0	0	0	0.000	0	0	0	0.000	0	0
107	107	2087	1885.872	1019.348	0.896	33	231	1327	439	15	33	231	1327	439	15	109.052	115.021	121	118	117	116	115	115	114	114	113	113	110	102.000	309.445	483	445	396	355	331	305	279	250	223	193	163	0	0	0.000	0.000	0	0	0	0	0.000	0	0	0	0.000	0	0	0	0	0.000	0.000	0	0	0	0	0.000	0	0	0	0.000	0	0
108	108	1545	1659.985	1065.273	0.867	49	193	883	376	15	49	193	883	376	15	110.000	171.977	212	194	189	184	179	173	166	161	155	149	132	103.522	1482.733	2399	2030	1897	1789	1665	1516	1373	1223	1035	827	601	0	0	0.000	0.000	0	0	0	0	0.000	0	0	0	0.000	0	0	0	0	0.000	0.000	0	0	0	0	0.000	0	0	0	0.000	0	0
109	109	980	479.236	1075.397	0.912	72	167	474	225	21	72	167	474	225	21	108.000	118.807	127	123	122	121	119	119	117	117	116	115	112	103.000	113.067	129	118	115	114	113	113	112	111	110	109	105	0	0	0.000	0.000	0	0	0	0	0.000	0	0	0	0.000	0	0	0	0	0.000	0.000	0	0	0	0	0.000	0	0	0	0.000	0	0
110	110	760	1612.002	1091.791	0.865	26	34	238	380	68	26	34	238	380	68	110.000	153.903	176	171	166	163	159	155	150	146	141	136	128	103.000	1330.016	1812	1706	1617	1558	1490	1396	1276	1144	1013	865	647	0	0	0.000	0.000	0	0	0	0	0.000	0	0	0	0.000	0	0	0	0	0.000	0.000	0	0	0	0	0.000	0	0	0	0.000	0	0
111	111	1516	423.335	1104.872	0.883	74	1232	173	14	4	74	1232	173	14	4	108.195	142.026	166	156	153	149	145	142	139	135	132	127	121	102.658	711.661	1149	1010	949	867	785	707	633	571	499	397	283	0	0	0.000	0.000	0	0	0	0	0.000	0	0	0	0.000	0	0	0	0	0.000	0.000	0	0	0	0	0.000	0	0	0	0.000	0	0
112	112	1475	1652.002	1111.640	0.876	13	126	741	515	54	13	126	741	515	54	110.000	175.438	410	202	193	185	176	170	165	162	154	145	131	103.930	1661.225	2677	2417	2091	1864	1731	1626	1511	1374	1248	1110	614	1	18	1653.575	1099.321	0	0	0	325	324.833	0	0	1842	1833.278	0	0	0	0	0.000	0.000	0	0	0	0	0.000	0	0	0	0.000	0	0
113	113	1903	470.080	1132.294	0.893	18	161	1494	186	10	18	161	1494	186	10	108.462	143.781	160	153	150	147	146	144	142	140	138	135	124	102.952	703.618	1077	963	899	834	767	694	630	573	513	453	355	0	0	0.000	0.000	0	0	0	0	0.000	0	0	0	0.000	0	0	0	0	0.000	0.000	0	0	0	0	0.000	0	0	0	0.000	0	0
114	114	1577	900.995	1137.332	0.897	84	350	953	139	28	84	350	953	139	28	109.000	117.479	126	121	120	119	118	117	116	116	115	115	111	101.907	633.214	1592	905	760	701	652	606	562	519	450	367	206	0	0	0.000	0.000	0	0	0	0	0.000	0	0	0	0.000	0	0	0	0	0.000	0.000	0	0	0	0	0.000	0	0	0	0.000	0	0
115	115	793	980.511	1139.534	0.897	167	391	165	35	18	167	391	165	35	18	109.000	137.939	166	158	150	145	141	137	132	128	125	122	115	102.000	116.366	130	123	121	119	117	116	115	113	112	110	105	0	0	0.000	0.000	0	0	0	0	0.000	0	0	0	0.000	0	0	0	0	0.000	0.000	0	0	0	0	0.000	0	0	0	0.000	0	0
116	116	2324	1884.257	1154.366	0.882	37	321	1316	534	66	37	321	1316	534	66	109.370	116.694	126	121	119	118	117	116	116	115	114	114	111	103.384	896.756	1604	1431	1175	1059	958	872	776	681	579	472	319	0	0	0.000	0.000	0	0	0	0	0.000	0	0	0	0.000	0	0	0	0	0.000	0.000	0	0	0	0	0.000	0	0	0	0.000	0	0
117	117	1364	1824.394	1170.479	0.864	27	196	939	151	13	27	196	939	151	13	109.093	116.322	121	119	118	117	117	116	116	115	115	114	111	103.000	954.660	1436	1236	1165	1126	1076	1005	893	792	710	632	353	0	0	0.000	0.000	0	0	0	0	0.000	0	0	0	0.000	0	0	0	0	0.000	0.000	0	0	0	0	0.000	0	0	0	0.000	0	0
118	118	932	1118.738	1187.313	0.920	20	88	397	385	24	20	88	397	385	24	110.000	160.774	360	199	169	162	156	151	147	142	138	132	120	102.000	114.915	135	123	119	116	115	114	113	112	110	109	105	1	46	1125.691	1183.803	0	0	0	281	282.326	0	0	122	121.239	0	0	0	0	0.000	0.000	0	0	0	0	0.000	0	0	0	0.000	0	0
119	119	1467	514.187	1189.382	0.848	27	255	732	369	55	27	255	732	369	55	109.000	124.660	150	141	133	127	124	121	120	118	117	116	113	102.450	118.338	138	129	125	121	118	116	115	114	113	111	107	0	0	0.000	0.000	0	0	0	0	0.000	0	0	0	0.000	0	0	0	0	0.000	0.000	0	0	0	0	0.000	0	0	0	0.000	0	0
120	120	1928	1886.291	1209.094	0.883	189	1090	536	41	25	189	1090	536	41	25	109.618	116.732	124	120	119	118	117	116	116	115	115	114	111	103.071	740.414	1347	1078	992	905	820	737	655	576	490	398	288	0	0	0.000	0.000	0	0	0	0	0.000	0	0	0	0.000	0	0	0	0	0.000	0.000	0	0	0	0	0.000	0	0	0	0.000	0	0
121	121	1476	1122.280	1229.524	0.890	470	848	104	12	7	470	848	104	12	7	110.000	116.733	127	121	119	117	117	116	116	115	115	114	112	102.000	121.203	136	128	125	124	122	121	120	119	117	115	105	0	0	0.000	0.000	0	0	0	0	0.000	0	0	0	0.000	0	0	0	0	0.000	0.000	0	0	0	0	0.000	0	0	0	0.000	0	0
122	122	1676	1175.959	1245.754	0.911	41	185	758	606	54	41	185	758	606	54	110.000	116.990	124	122	119	118	117	116	116	115	115	114	110	102.000	120.002	131	126	124	123	121	120	119	117	116	114	109	0	0	0.000	0.000	0	0	0	0	0.000	0	0	0	0.000	0	0	0	0	0.000	0.000	0	0	0	0	0.000	0	0	0	0.000	0	0
123	123	1756	581.468	1258.710	0.868	69	1040	557	40	14	69	1040	557	40	14	109.149	114.935	120	117	116	116	115	115	115	114	114	113	111	102.875	218.292	292	260	249	238	229	220	211	198	184	174	148	0	0	0.000	0.000	0	0	0	0	0.000	0	0	0	0.000	0	0	0	0	0.000	0.000	0	0	0	0	0.000	0	0	0	0.000	0	0
124	124	1555	807.195	1271.412	0.882	123	888	433	51	26	123	888	433	51	26	109.696	390.493	9336	371	193	173	164	157	151	145	139	131	116	102.006	118.988	149	129	125	122	120	118	116	115	113	111	104	1	87	816.621	1279.908	0	0	0	3161	3597.184	0	0	126	125.874	0	0	0	0	0.000	0.000	0	0	0	0	0.000	0	0	0	0.000	0	0
125	125	745	1132.854	1268.637	0.906	10	99	444	158	17	10	99	444	158	17	110.000	116.021	121	118	117	117	116	116	116	115	115	114	110	102.000	117.850	127	123	121	120	119	118	117	116	114	113	109	0	0	0.000	0.000	0	0	0	0	0.000	0	0	0	0.000	0	0	0	0	0.000	0.000	0	0	0	0	0.000	0	0	0	0.000	0	0
126	126	219	1480.618	1265.931	0.906	56	57	62	26	12	56	57	62	26	12	111.000	145.799	158	156	153	150	148	145	144	141	140	137	132	103.000	109.648	115	114	111	111	110	109	109	108	108	107	105	0	0	0.000	0.000	0	0	0	0	0.000	0	0	0	0.000	0	0	0	0	0.000	0.000	0	0	0	0	0.000	0	0	0	0.000	0	0
127	127	2385	286.707	1286.882	0.901	56	255	1281	717	31	56	255	1281	717	31	106.875	121.426	147	128	125	124	122	121	119	118	117	115	111	101.993	1425.596	2019	1853	1796	1741	1673	1565	1426	1239	1006	743	462	0	0	0.000	0.000	0	0	0	0	0.000	0	0	0	0.000	0	0	0	0	0.000	0.000	0	0	0	0	0.000	0	0	0	0.000	0	0
128	128	570	1515.706	1280.851	0.807	117	218	162	53	11	117	218	162	53	11	111.000	506.019	681	604	558	541	525	507	487	467	442	410	355	102.596	125.154	148	139	134	131	128	125	122	119	116	112	106	0	0	0.000	0.000	0	0	0	0	0.000	0	0	0	0.000	0	0	0	0	0.000	0.000	0	0	0	0	0.000	0	0	0	0.000	0	0
129	129	1132	558.990	1302.402	0.886	56	48	636	345	21	56	48	636	345	21	108.904	115.831	122	119	118	117	116	116	115	115	114	114	111	102.222	214.550	303	271	255	236	220	208	197	187	178	171	148	0	0	0.000	0.000	0	0	0	0	0.000	0	0	0	0.000	0	0	0	0	0.000	0.000	0	0	0	0	0.000	0	0	0	0.000	0	0
130	130	1920	606.766	1312.577	0.885	9	36	745	1019	76	9	36	745	1019	76	109.164	115.528	125	119	117	116	116	115	115	114	114	113	110	102.103	217.202	320	274	258	246	232	216	201	186	173	164	138	0	0	0.000	0.000	0	0	0	0	0.000	0	0	0	0.000	0	0	0	0	0.000	0.000	0	0	0	0	0.000	0	0	0	0.000	0	0
131	131	1775	318.994	1330.918	0.879	10	73	816	799	40	10	73	816	799	40	106.606	120.259	154	128	122	121	120	119	118	117	116	115	111	101.937	1149.163	1777	1591	1490	1369	1254	1139	1045	949	839	702	350	0	0	0.000	0.000	0	0	0	0	0.000	0	0	0	0.000	0	0	0	0	0.000	0.000	0	0	0	0	0.000	0	0	0	0.000	0	0
132	132	1299	1704.073	1345.143	0.844	228	524	396	119	16	228	524	396	119	16	110.423	313.982	1693	569	371	282	253	233	217	203	191	167	133	102.000	127.707	161	141	135	131	128	126	124	122	120	117	105	1	112	1690.644	1341.866	0	0	0	872	913.732	0	0	138	138.652	0	0	0	0	0.000	0.000	0	0	0	0	0.000	0	0	0	0.000	0	0
133	133	876	1099.647	1385.198	0.883	72	102	427	235	28	72	102	427	235	28	110.151	119.694	128	125	123	121	120	119	118	117	117	116	113	102.000	438.089	638	545	515	489	464	443	422	398	369	315	215	0	0	0.000	0.000	0	0	0	0	0.000	0	0	0	0.000	0	0	0	0	0.000	0.000	0	0	0	0	0.000	0	0	0	0.000	0	0
134	134	333	1419.547	1397.782	0.824	17	58	122	98	32	17	58	122	98	32	110.018	183.480	244	216	204	197	192	185	177	169	160	147	134	101.871	121.715	150	135	128	124	122	120	118	116	115	112	107	0	0	0.000	0.000	0	0	0	0	0.000	0	0	0	0.000	0	0	0	0	0.000	0.000	0	0	0	0	0.000	0	0	0	0.000	0	0
135	135	2214	1125.247	1424.443	0.891	135	1133	810	81	13	135	1133	810	81	13	110.768	121.098	136	127	125	124	122	120	119	118	117	116	113	102.092	447.468	739	609	546	498	464	440	413	385	356	304	186	0	0	0.000	0.000	0	0	0	0	0.000	0	0	0	0.000	0	0	0	0	0.000	0.000	0	0	0	0	0.000	0	0	0	0.000	0	0
136	136	826	1262.121	1429.735	0.910	88	300	343	67	11	88	300	343	67	11	111.000	164.982	222	210	198	188	178	164	150	140	131	123	116	102.383	124.605	150	140	136	134	130	126	120	115	111	108	105	0	0	0.000	0.000	0	0	0	0	0.000	0	0	0	0.000	0	0	0	0	0.000	0.000	0	0	0	0	0.000	0	0	0	0.000	0	0
137	137	1393	958.327	1452.429	0.911	19	45	502	714	82	19	45	502	714	82	111.207	180.928	213	201	198	194	189	185	179	172	164	154	134	102.478	124.833	139	131	129	128	127	126	124	123	121	117	109	0	0	0.000	0.000	0	0	0	0	0.000	0	0	0	0.000	0	0	0	0	0.000	0.000	0	0	0	0	0.000	0	0	0	0.000	0	0
138	138	1565	910.234	1453.506	0.881	404	1081	37	14	3	404	1081	37	14	3	111.108	165.284	247	185	180	176	172	166	160	153	147	141	132	102.785	125.289	138	131	129	128	127	126	124	123	121	120	109	0	0	0.000	0.000	0	0	0	0	0.000	0	0	0	0.000	0	0	0	0	0.000	0.000	0	0	0	0	0.000	0	0	0	0.000	0	0
139	139	1599	936.162	1498.320	0.847	141	910	491	31	8	141	910	491	31	8	111.002	188.778	686	222	198	191	184	175	165	155	148	142	131	102.000	123.639	139	130	128	127	125	124	123	121	119	117	108	1	72	942.212	1501.200	0	0	0	443	450.639	0	0	128	128.000	0	0	0	0	0.000	0.000	0	0	0	0	0.000	0	0	0	0.000	0	0
140	140	1483	42.032	1539.641	0.898	13	47	583	681	124	13	47	583	681	124	104.670	147.034	163	157	155	152	150	147	145	143	140	137	122	101.404	378.796	527	473	450	426	401	380	361	338	310	276	234	0	0	0.000	0.000	0	0	0	0	0.000	0	0	0	0.000	0	0	0	0	0.000	0.000	0	0	0	0	0.000	0	0	0	0.000	0	0
141	141	1983	997.740	1561.279	0.848	195	320	1333	93	4	195	320	1333	93	4	110.550	146.034	169	158	153	149	147	145	144	142	140	136	122	102.000	121.746	134	128	126	124	123	122	121	119	118	116	107	0	0	0.000	0.000	0	0	0	0	0.000	0	0	0	0.000	0	0	0	0	0.000	0.000	0	0	0	0	0.000	0	0	0	0.000	0	0
142	142	1638	1646.481	1574.745	0.905	161	795	542	90	21	161	795	542	90	21	110.783	194.037	1565	233	205	186	177	168	160	154	146	137	123	101.256	129.107	152	140	137	134	132	130	127	125	121	116	106	1	51	1641.507	1556.141	0	0	0	718	756.647	0	0	134	131.882	0	0	0	0	0.000	0.000	0	0	0	0	0.000	0	0	0	0.000	0	0
143	143	1199	1560.289	1594.069	0.898	77	599	423	75	9	77	599	423	75	9	110.155	139.016	210	146	142	141	140	138	136	133	131	128	122	100.965	119.239	139	127	126	124	123	121	119	116	111	107	103	0	0	0.000	0.000	0	0	0	0	0.000	0	0	0	0.000	0	0	0	0	0.000	0.000	0	0	0	0	0.000	0	0	0	0.000	0	0
144	144	600	36.088	1594.472	0.917	273	209	54	25	27	273	209	54	25	27	106.045	279.320	341	323	311	303	296	289	276	263	245	223	179	104.338	473.335	606	571	551	540	525	507	474	433	384	326	229	0	0	0.000	0.000	0	0	0	0	0.000	0	0	0	0.000	0	0	0	0	0.000	0.000	0	0	0	0	0.000	0	0	0	0.000	0	0
145	145	220	1002.802	1597.463	0.910	13	47	63	57	37	13	47	63	57	37	110.000	129.905	144	141	139	137	135	132	127	123	120	117	114	102.000	108.518	120	115	112	110	109	108	107	106	105	104	102	0	0	0.000	0.000	0	0	0	0	0.000	0	0	0	0.000	0	0	0	0	0.000	0.000	0	0	0	0	0.000	0	0	0	0.000	0	0
146	146	1406	1597.279	1619.242	0.918	84	343	837	100	8	84	343	837	100	8	110.199	162.824	1214	173	140	137	135	133	131	129	126	122	113	101.000	126.347	151	136	134	132	130	128	126	122	117	114	105	1	78	1603.749	1617.427	0	0	0	556	589.205	0	0	132	131.872	0	0	0	0	0.000	0.000	0	0	0	0	0.000	0	0	0	0.000	0	0
147	147	2383	1660.637	1628.334	0.899	203	1387	676	64	11	203	1387	676	64	11	109.978	248.232	1733	316	240	221	211	200	190	178	168	152	127	101.748	140.191	172	156	151	148	145	142	139	135	129	121	107	1	132	1672.173	1618.785	0	0	0	884	940.220	0	0	149	148.356	0	0	0	0	0.000	0.000	0	0	0	0	0.000	0	0	0	0.000	0	0
148	148	1207	806.884	1639.343	0.888	44	347	606	176	14	44	347	606	176	14	109.000	116.901	122	120	118	118	117	117	116	116	115	115	112	102.542	571.301	807	727	689	647	611	572	535	502	460	405	332	0	0	0.000	0.000	0	0	0	0	0.000	0	0	0	0.000	0	0	0	0	0.000	0.000	0	0	0	0	0.000	0	0	0	0.000	0	0
149	149	2957	168.630	1668.791	0.913	229	2233	408	22	14	229	2233	408	22	14	106.829	116.361	124	121	119	118	117	116	115	114	114	113	110	103.604	889.422	1613	1308	1170	1049	958	874	792	712	626	505	251	0	0	0.000	0.000	0	0	0	0	0.000	0	0	0	0.000	0	0	0	0	0.000	0.000	0	0	0	0	0.000	0	0	0	0.000	0	0
150	150	2086	404.516	1663.328	0.855	420	1535	48	25	10	420	1535	48	25	10	108.111	119.444	131	124	123	122	120	119	118	117	116	115	112	101.999	194.291	323	269	242	223	199	179	166	160	149	141	127	0	0	0.000	0.000	0	0	0	0	0.000	0	0	0	0.000	0	0	0	0	0.000	0.000	0	0	0	0	0.000	0	0	0	0.000	0	0
151	151	1846	655.316	1672.571	0.894	468	1062	242	25	15	468	1062	242	25	15	110.519	193.424	735	320	200	165	158	154	150	145	139	131	124	104.573	1140.574	2104	1642	1478	1386	1270	1154	1036	903	726	575	420	1	206	658.539	1685.124	0	0	0	443	461.189	0	0	1736	1645.102	0	0	0	0	0.000	0.000	0	0	0	0	0.000	0	0	0	0.000	0	0
152	152	1173	532.974	1672.066	0.910	495	483	84	59	33	495	483	84	59	33	108.806	148.010	168	156	154	151	150	149	147	145	143	138	124	104.574	728.915	1036	901	847	808	775	732	694	647	608	555	387	0	0	0.000	0.000	0	0	0	0	0.000	0	0	0	0.000	0	0	0	0	0.000	0.000	0	0	0	0	0.000	0	0	0	0.000	0	0
153	153	1678	731.438	1682.807	0.874	26	449	884	238	46	26	449	884	238	46	109.189	163.212	200	184	177	171	167	163	159	154	149	142	131	104.007	1289.551	2171	1879	1704	1530	1408	1308	1186	1027	853	683	518	0	0	0.000	0.000	0	0	0	0	0.000	0	0	0	0.000	0	0	0	0	0.000	0.000	0	0	0	0	0.000	0	0	0	0.000	0	0
154	154	1712	1892.765	1692.334	0.872	8	186	782	632	63	8	186	782	632	63	109.000	195.147	235	224	218	212	204	198	192	183	173	159	136	100.579	138.097	155	147	145	143	141	139	137	135	132	127	113	0	0	0.000	0.000	0	0	0	0	0.000	0	0	0	0.000	0	0	0	0	0.000	0.000	0	0	0	0	0.000	0	0	0	0.000	0	0
155	155	2075	577.166	1699.964	0.897	1536	314	128	51	27	1536	314	128	51	27	109.943	150.241	178	162	156	154	152	149	147	145	143	141	136	105.609	670.214	965	833	769	729	698	671	642	606	569	521	384	0	0	0.000	0.000	0	0	0	0	0.000	0	0	0	0.000	0	0	0	0	0.000	0.000	0	0	0	0	0.000	0	0	0	0.000	0	0
156	156	1595	828.610	1696.611	0.836	33	81	652	714	89	33	81	652	714	89	110.130	117.922	129	123	119	118	118	117	117	116	116	115	112	103.250	609.491	873	779	728	692	652	615	576	537	492	435	295	0	0	0.000	0.000	0	0	0	0	0.000	0	0	0	0.000	0	0	0	0	0.000	0.000	0	0	0	0	0.000	0	0	0	0.000	0	0
157	157	2204	221.889	1696.509	0.881	47	868	1139	107	7	47	868	1139	107	7	107.000	114.431	124	118	116	115	115	114	113	113	112	112	107	103.000	612.316	1608	855	767	700	640	585	533	478	402	338	227	0	0	0.000	0.000	0	0	0	0	0.000	0	0	0	0.000	0	0	0	0	0.000	0.000	0	0	0	0	0.000	0	0	0	0.000	0	0
158	158	640	39.959	1684.093	0.902	328	129	77	66	33	328	129	77	66	33	108.000	186.806	253	231	217	205	195	187	177	166	156	145	125	105.292	329.573	681	469	433	396	360	327	299	265	223	174	136	0	0	0.000	0.000	0	0	0	0	0.000	0	0	0	0.000	0	0	0	0	0.000	0.000	0	0	0	0	0.000	0	0	0	0.000	0	0
159	159	1902	1153.191	1706.120	0.865	208	1210	391	50	11	208	1210	391	50	11	111.293	1911.415	41317	3239	395	193	173	166	162	158	154	148	128	101.997	125.533	215	134	129	127	125	123	121	119	117	114	106	1	157	1155.749	1692.677	0	0	0	16606	18508.943	0	0	158	159.968	0	0	1	53	1156.458	1692.211	0	0	0	29795	29108.208	0	0	186	185.642	0	0
160	160	1615	1573.613	1707.799	0.874	11	86	816	636	31	11	86	816	636	31	109.926	129.941	142	137	135	134	132	130	128	126	125	123	117	102.115	128.712	148	139	136	134	132	129	127	124	121	118	108	0	0	0.000	0.000	0	0	0	0	0.000	0	0	0	0.000	0	0	0	0	0.000	0.000	0	0	0	0	0.000	0	0	0	0.000	0	0
161	161	1105	1619.719	1706.025	0.884	211	265	217	278	110	211	265	217	278	110	109.001	121.168	131	126	124	123	122	121	120	119	118	117	113	101.977	117.649	136	127	123	120	118	117	116	114	113	110	103	0	0	0.000	0.000	0	0	0	0	0.000	0	0	0	0.000	0	0	0	0	0.000	0.000	0	0	0	0	0.000	0	0	0	0.000	0	0
162	162	456	648.212	1712.109	0.759	351	64	30	6	4	351	64	30	6	4	111.000	1200.763	11915	4581	1214	409	232	182	166	163	158	153	143	105.000	230.086	509	289	247	230	223	218	209	199	187	177	160	0	0	0.000	0.000	0	0	0	0	0.000	0	0	0	0.000	0	0	0	0	0.000	0.000	0	0	0	0	0.000	0	0	0	0.000	0	0
163	163	443	629.301	1710.720	0.749	60	63	107	148	56	60	63	107	148	56	111.000	2600.668	12985	9285	5633	2546	1119	529	323	238	188	174	161	105.104	299.634	593	502	390	295	264	254	246	236	226	210	188	0	0	0.000	0.000	0	0	0	0	0.000	0	0	0	0.000	0	0	1	11	635.180	1711.704	0	0	0	10971	10848.273	0	0	565	562.000	0	0
164	164	2120	1937.098	1729.699	0.887	110	1470	455	27	10	110	1470	455	27	10	109.000	532.810	6120	1220	428	263	221	204	190	174	157	144	127	100.985	135.681	179	151	145	141	139	136	133	128	124	121	111	2	215	1935.062	1730.788	46	1937.358	1710.101	2652	2885.088	518	509.478	152	150.819	144	143.761	0	0	0.000	0.000	0	0	0	0	0.000	0	0	0	0.000	0	0
165	165	1820	767.394	1726.510	0.828	7	62	562	1010	141	7	62	562	1010	141	110.080	161.089	192	179	174	170	167	164	160	155	147	138	127	104.000	1235.103	1940	1712	1595	1492	1393	1286	1186	1063	863	629	314	0	0	0.000	0.000	0	0	0	0	0.000	0	0	0	0.000	0	0	0	0	0.000	0.000	0	0	0	0	0.000	0	0	0	0.000	0	0
166	166	1819	242.154	1750.979	0.915	244	975	486	70	12	244	975	486	70	12	107.033	114.948	124	119	117	116	115	114	114	113	113	112	109	102.283	749.332	1041	952	916	876	827	778	726	667	592	501	272	0	0	0.000	0.000	0	0	0	0	0.000	0	0	0	0.000	0	0	0	0	0.000	0.000	0	0	0	0	0.000	0	0	0	0.000	0	0
167	167	3112	561.130	1762.481	0.823	112	1017	1499	373	66	112	1017	1499	373	66	109.301	147.068	192	158	155	152	150	148	146	143	139	132	121	104.627	625.800	984	865	804	752	702	648	584	516	427	345	265	0	0	0.000	0.000	0	0	0	0	0.000	0	0	0	0.000	0	0	0	0	0.000	0.000	0	0	0	0	0.000	0	0	0	0.000	0	0
168	168	1566	1592.249	1752.757	0.864	13	77	705	690	48	13	77	705	690	48	110.181	136.273	148	143	142	140	139	138	136	133	130	127	122	103.000	136.624	155	148	146	143	141	138	135	132	128	121	109	0	0	0.000	0.000	0	0	0	0	0.000	0	0	0	0.000	0	0	0	0	0.000	0.000	0	0	0	0	0.000	0	0	0	0.000	0	0
169	169	1862	839.944	1758.277	0.889	171	1507	146	17	8	171	1507	146	17	8	111.000	174.918	233	195	190	184	179	175	170	166	161	152	132	103.666	1647.876	2443	2230	2068	1948	1805	1673	1535	1372	1194	1054	529	0	0	0.000	0.000	0	0	0	0	0.000	0	0	0	0.000	0	0	0	0	0.000	0.000	0	0	0	0	0.000	0	0	0	0.000	0	0
170	170	340	1151.050	1750.252	0.861	55	97	103	69	11	55	97	103	69	11	111.000	116.471	123	119	118	117	117	116	116	115	115	114	112	102.000	279.856	373	354	332	311	297	279	268	250	230	209	177	0	0	0.000	0.000	0	0	0	0	0.000	0	0	0	0.000	0	0	0	0	0.000	0.000	0	0	0	0	0.000	0	0	0	0.000	0	0
171	171	1887	1670.827	1763.464	0.888	212	469	817	344	12	212	469	817	344	12	110.716	423.761	4294	750	310	258	244	221	200	185	176	164	145	103.000	531.815	1153	745	682	643	595	528	459	405	346	292	235	1	180	1661.248	1763.114	0	0	0	1948	2141.811	0	0	854	868.706	0	0	0	0	0.000	0.000	0	0	0	0	0.000	0	0	0	0.000	0	0
172	172	1847	788.797	1776.218	0.864	110	1551	134	17	11	110	1551	134	17	11	110.319	170.238	200	190	185	181	177	174	169	163	153	143	130	103.854	1469.185	2339	2120	1934	1768	1595	1453	1334	1225	1066	783	540	0	0	0.000	0.000	0	0	0	0	0.000	0	0	0	0.000	0	0	0	0	0.000	0.000	0	0	0	0	0.000	0	0	0	0.000	0	0
173	173	1804	1123.897	1777.221	0.874	31	92	753	816	72	31	92	753	816	72	110.803	120.870	136	127	124	122	121	120	119	118	117	117	113	102.659	670.529	896	824	779	748	720	687	656	618	566	498	249	0	0	0.000	0.000	0	0	0	0	0.000	0	0	0	0.000	0	0	0	0	0.000	0.000	0	0	0	0	0.000	0	0	0	0.000	0	0
174	174	262	1577.730	1788.094	0.916	48	46	68	76	21	48	46	68	76	21	111.000	118.844	124	122	121	120	119	119	118	118	117	116	113	102.897	109.332	116	112	112	111	110	110	109	109	107	105	102	0	0	0.000	0.000	0	0	0	0	0.000	0	0	0	0.000	0	0	0	0	0.000	0.000	0	0	0	0	0.000	0	0	0	0.000	0	0
175	175	372	591.884	1797.438	0.933	25	78	69	118	75	25	78	69	118	75	109.000	120.565	138	125	124	123	122	120	119	118	117	115	113	103.766	281.048	554	377	352	326	301	280	259	237	212	182	149	0	0	0.000	0.000	0	0	0	0	0.000	0	0	0	0.000	0	0	0	0	0.000	0.000	0	0	0	0	0.000	0	0	0	0.000	0	0
176	176	2013	1652.787	1815.890	0.868	37	164	772	901	90	37	164	772	901	90	111.000	248.547	375	297	282	272	261	250	238	224	210	195	161	102.876	776.631	1143	1049	987	919	859	801	737	658	563	459	367	0	0	0.000	0.000	0	0	0	0	0.000	0	0	0	0.000	0	0	0	0	0.000	0.000	0	0	0	0	0.000	0	0	0	0.000	0	0
177	177	853	1658.670	1862.488	0.882	81	59	172	410	116	81	59	172	410	116	110.006	251.574	305	290	279	270	264	259	251	238	222	202	163	102.000	793.400	1069	1005	951	912	887	859	820	757	631	442	226	0	0	0.000	0.000	0	0	0	0	0.000	0	0	0	0.000	0	0	0	0	0.000	0.000	0	0	0	0	0.000	0	0	0	0.000	0	0
178	178	443	1199.949	1869.578	0.925	52	121	108	133	17	52	121	108	133	17	110.000	152.720	179	173	168	163	158	152	147	142	139	134	126	102.000	117.223	131	126	123	120	118	116	115	113	112	111	107	0	0	0.000	0.000	0	0	0	0	0.000	0	0	0	0.000	0	0	0	0	0.000	0.000	0	0	0	0	0.000	0	0	0	0.000	0	0
179	179	1824	1481.174	1883.859	0.883	251	1095	422	23	9	251	1095	422	23	9	112.159	126.321	169	148	134	126	122	121	120	119	118	117	114	103.007	1264.837	2082	1760	1597	1442	1325	1244	1145	1039	938	819	511	0	0	0.000	0.000	0	0	0	0	0.000	0	0	0	0.000	0	0	0	0	0.000	0.000	0	0	0	0	0.000	0	0	0	0.000	0	0
180	180	1823	1324.150	1886.489	0.889	38	118	753	745	142	38	118	753	745	142	109.972	117.110	127	121	120	118	117	116	116	115	115	114	110	101.992	122.789	141	132	130	126	124	122	120	118	117	115	109	0	0	0.000	0.000	0	0	0	0	0.000	0	0	0	0.000	0	0	0	0	0.000	0.000	0	0	0	0	0.000	0	0	0	0.000	0	0
181	181	740	1225.565	1888.914	0.888	106	334	212	65	9	106	334	212	65	9	109.692	162.412	296	194	175	169	163	159	155	146	139	132	122	102.000	117.405	137	125	123	120	119	118	116	114	111	110	105	0	0	0.000	0.000	0	0	0	0	0.000	0	0	0	0.000	0	0	0	0	0.000	0.000	0	0	0	0	0.000	0	0	0	0.000	0	0
182	182	1503	201.475	1916.934	0.914	38	126	947	349	7	38	126	947	349	7	105.023	113.888	120	116	115	115	114	114	113	113	112	112	109	102.000	1023.135	1702	1453	1351	1248	1153	1045	929	822	695	574	299	0	0	0.000	0.000	0	0	0	0	0.000	0	0	0	0.000	0	0	0	0	0.000	0.000	0	0	0	0	0.000	0	0	0	0.000	0	0
183	183	1755	1742.411	1920.631	0.910	63	245	1161	242	8	63	245	1161	242	8	109.000	149.797	178	167	162	159	155	152	147	142	136	130	120	101.831	1043.416	1440	1376	1327	1251	1174	1101	1012	902	758	609	364	0	0	0.000	0.000	0	0	0	0	0.000	0	0	0	0.000	0	0	0	0	0.000	0.000	0	0	0	0	0.000	0	0	0	0.000	0	0
184	184	1623	1513.462	1922.475	0.896	70	359	983	168	7	70	359	983	168	7	114.705	215.901	255	242	235	230	225	219	210	202	195	187	173	103.000	1504.506	2246	2072	1943	1827	1710	1602	1481	1322	1103	757	198	0	0	0.000	0.000	0	0	0	0	0.000	0	0	0	0.000	0	0	0	0	0.000	0.000	0	0	0	0	0.000	0	0	0	0.000	0	0
185	185	927	1296.246	1920.972	0.906	232	376	173	112	14	232	376	173	112	14	110.000	114.869	121	117	116	116	115	115	114	114	114	113	111	103.000	119.515	133	125	123	122	121	120	118	117	115	113	108	0	0	0.000	0.000	0	0	0	0	0.000	0	0	0	0.000	0	0	0	0	0.000	0.000	0	0	0	0	0.000	0	0	0	0.000	0	0
186	186	630	972.984	1925.242	0.815	58	174	204	150	34	58	174	204	150	34	110.000	134.229	148	142	139	137	135	134	133	131	130	127	121	102.895	443.076	566	542	521	500	477	452	424	394	367	331	271	0	0	0.000	0.000	0	0	0	0	0.000	0	0	0	0.000	0	0	0	0	0.000	0.000	0	0	0	0	0.000	0	0	0	0.000	0	0
187	187	757	550.230	1940.388	0.900	74	211	257	128	59	74	211	257	128	59	107.172	126.194	137	132	130	129	128	127	126	124	122	119	114	101.856	116.268	129	123	121	119	118	117	115	114	111	109	104	0	0	0.000	0.000	0	0	0	0	0.000	0	0	0	0.000	0	0	0	0	0.000	0.000	0	0	0	0	0.000	0	0	0	0.000	0	0
188	188	1600	614.809	1947.777	0.823	68	468	815	186	27	68	468	815	186	27	107.026	143.659	726	154	131	129	128	126	125	124	122	119	114	101.305	125.804	138	132	129	128	127	126	124	123	122	121	117	1	84	608.892	1944.744	0	0	0	368	393.024	0	0	130	129.798	0	0	0	0	0.000	0.000	0	0	0	0	0.000	0	0	0	0.000	0	0
189	189	1455	239.382	1950.997	0.905	59	878	431	52	13	59	878	431	52	13	105.000	113.138	120	116	115	114	114	113	113	112	111	111	108	101.976	1097.963	1787	1593	1462	1314	1180	1071	970	864	765	635	426	0	0	0.000	0.000	0	0	0	0	0.000	0	0	0	0.000	0	0	0	0	0.000	0.000	0	0	0	0	0.000	0	0	0	0.000	0	0
190	190	1725	994.566	1964.217	0.878	22	89	637	828	122	22	89	637	828	122	109.787	155.454	430	185	156	151	147	143	139	135	131	128	122	102.747	522.508	809	760	712	657	594	527	465	394	333	279	218	1	112	996.788	1964.435	0	0	0	301	307.429	0	0	574	556.464	0	0	0	0	0.000	0.000	0	0	0	0	0.000	0	0	0	0.000	0	0
191	191	315	1248.051	1948.900	0.961	21	53	125	99	13	21	53	125	99	13	109.000	118.670	124	122	121	120	119	119	118	118	117	116	113	102.000	131.159	151	144	140	137	135	133	130	126	122	115	110	0	0	0.000	0.000	0	0	0	0	0.000	0	0	0	0.000	0	0	0	0	0.000	0.000	0	0	0	0	0.000	0	0	0	0.000	0	0
192	192	1173	199.560	1961.905	0.898	89	94	215	671	82	89	94	215	671	82	104.470	111.241	116	114	113	112	112	111	111	110	110	109	106	101.554	1047.746	1653	1461	1384	1294	1190	1094	972	834	693	552	413	0	0	0.000	0.000	0	0	0	0	0.000	0	0	0	0.000	0	0	0	0	0.000	0.000	0	0	0	0	0.000	0	0	0	0.000	0	0
193	193	1908	1716.748	1968.113	0.854	54	442	1137	219	16	54	442	1137	219	16	109.000	236.079	3605	237	151	148	145	142	138	134	130	126	120	102.791	828.332	3741	1115	997	934	871	790	705	613	488	391	303	1	102	1708.115	1957.224	0	0	0	1490	1633.471	0	0	2139	2175.451	0	0	1	45	1708.794	1957.333	0	0	0	2373	2280.244	0	0	2742	2800.911	0	0
194	194	1708	1212.112	1963.165	0.842	44	88	727	722	90	44	88	727	722	90	108.273	294.529	3371	450	151	140	136	134	132	130	128	125	117	102.000	190.492	459	238	205	192	186	180	173	164	156	147	134	1	160	1204.924	1975.075	0	0	0	1552	1666.925	0	0	315	318.106	0	0	1	54	1204.779	1973.184	0	0	0	2197	2138.667	0	0	392	388.463	0	0
195	195	2057	567.379	1980.120	0.898	78	444	929	475	90	78	444	929	475	90	106.682	258.367	3544	297	142	135	133	131	129	127	126	123	117	101.475	125.640	211	133	128	126	125	123	121	120	119	117	111	1	145	575.612	1969.324	0	0	0	1556	1707.545	0	0	158	159.959	0	0	1	40	575.378	1969.610	0	0	0	2826	2782.600	0	0	183	183.950	0	0
196	196	1469	1276.972	1975.097	0.893	22	334	767	283	29	22	334	767	283	29	108.954	135.470	167	142	140	138	136	135	134	132	130	127	120	101.765	173.719	213	198	191	186	179	173	168	163	156	150	136	0	0	0.000	0.000	0	0	0	0	0.000	0	0	0	0.000	0	0	0	0	0.000	0.000	0	0	0	0	0.000	0	0	0	0.000	0	0
197	197	684	267.850	1976.344	0.895	8	69	136	365	95	8	69	136	365	95	104.560	111.531	116	114	113	113	112	111	111	110	110	109	107	101.038	783.724	1221	1089	980	904	869	831	771	694	581	418	226	0	0	0.000	0.000	0	0	0	0	0.000	0	0	0	0.000	0	0	0	0	0.000	0.000	0	0	0	0	0.000	0	0	0	0.000	0	0
198	198	2236	1052.325	1998.601	0.879	228	1464	448	42	9	228	1464	448	42	9	108.451	1018.659	9792	2040	1242	853	647	518	448	397	348	280	172	101.424	136.892	231	167	146	139	134	131	128	125	122	118	107	1	193	1061.629	1992.639	0	0	0	4078	4611.295	0	0	185	187.544	0	0	1	73	1062.851	1991.393	0	0	0	6711	6461.795	0	0	206	206.822	0	0
199	199	1934	1674.582	2003.918	0.885	25	568	1117	161	12	25	568	1117	161	12	107.980	181.976	1014	262	155	146	141	137	135	131	128	124	117	101.846	434.567	809	558	522	496	472	449	416	374	327	282	179	1	181	1682.297	2007.252	0	0	0	528	561.978	0	0	547	553.530	0	0	0	0	0.000	0.000	0	0	0	0	0.000	0	0	0	0.000	0	0
200	200	1927	932.952	2011.780	0.856	247	1260	341	37	5	247	1260	341	37	5	107.575	117.345	126	122	120	119	118	117	116	115	115	114	111	101.607	1362.424	2362	1923	1724	1623	1513	1410	1280	1147	990	665	413	0	0	0.000	0.000	0	0	0	0	0.000	0	0	0	0.000	0	0	0	0	0.000	0.000	0	0	0	0	0.000	0	0	0	0.000	0	0
201	201	1405	983.504	2010.404	0.918	82	517	723	48	9	82	517	723	48	9	108.346	118.216	130	124	122	120	118	117	117	116	115	114	111	101.720	1288.349	2131	1819	1638	1516	1411	1302	1185	1047	915	788	338	0	0	0.000	0.000	0	0	0	0	0.000	0	0	0	0.000	0	0	0	0	0.000	0.000	0	0	0	0	0.000	0	0	0	0.000	0	0
202	202	628	554.418	2028.996	0.887	58	198	197	148	15	58	198	197	148	15	105.990	130.371	153	145	140	136	133	129	126	123	121	118	112	101.000	113.941	127	121	119	117	115	113	112	111	109	108	104	0	0	0.000	0.000	0	0	0	0	0.000	0	0	0	0.000	0	0	0	0	0.000	0.000	0	0	0	0	0.000	0	0	0	0.000	0	0
