 	cell	area	x	y	circ	BFI_lev_b1	BFI_lev_b2	BFI_lev_b3	BFI_lev_b4	BFI_lev_b5	BFO_lev_b1	BFO_lev_b2	BFO_lev_b3	BFO_lev_b4	BFO_lev_b5	RFP_int_bg	RFP_int_mean	RFP_int_b0	RFP_int_b1	RFP_int_b2	RFP_int_b3	RFP_int_b4	RFP_int_b5	RFP_int_b6	RFP_int_b7	RFP_int_b8	RFP_int_b9	RFP_int_b10	GFP_int_bg	GFP_int_mean	GFP_int_b0	GFP_int_b1	GFP_int_b2	GFP_int_b3	GFP_int_b4	GFP_int_b5	GFP_int_b6	GFP_int_b7	GFP_int_b8	GFP_int_b9	GFP_int_b10	inRFPnfoci	f1_inRFParea	f1_inRFPx	f1_inRFPy	f2_inRFParea	f2_inRFPx	f2_inRFPy	f1_inRFP_toRFPmed	f1_inRFP_toRFPmean	f2_inRFP_toRFPmed	f2_inRFP_toRFPmean	f1_inRFP_toGFPmed	f1_inRFP_toGFPmean	f2_inRFP_toGFPmed	f2_inRFP_toGFPmean	inGFPnfoci	f1_inGFParea	f1_inGFPx	f1_inGFPy	f2_inGFParea	f2_inGFPx	f2_inGFPy	f1_inGFP_toRFPmed	f1_inGFP_toRFPmean	f2_inGFP_toRFPmed	f2_inGFP_toRFPmean	f1_inGFP_toGFPmed	f1_inGFP_toGFPmean	f2_inGFP_toGFPmed	f2_inGFP_toGFPmean
1	1	1906	1071.631	26.478	0.866	37	248	1080	438	53	37	248	1080	438	53	104.195	155.306	175	170	167	165	163	160	157	151	142	131	114	105.077	1477.556	2079	1894	1812	1710	1619	1539	1442	1323	1186	948	454	0	0	0.000	0.000	0	0	0	0	0.000	0	0	0	0.000	0	0	0	0	0	0	0	0	0	0	0	0	0	0	0	0	0
2	2	2194	955.483	35.099	0.883	77	706	1216	127	13	77	706	1216	127	13	104.291	730.373	8651	2129	590	238	180	168	159	152	145	136	124	104.301	912.488	1478	1298	1200	1117	1016	929	820	715	609	509	408	1	274	966.594	29.901	0	0	0	3614	4017.047	0	0	1217	1199.558	0	0	0	0	0	0	0	0	0	0	0	0	0	0	0	0	0
3	3	2409	1120.592	56.485	0.896	26	458	1186	636	39	26	458	1186	636	39	104.235	132.846	158	148	143	139	136	133	129	125	121	119	112	103.903	1501.662	2109	2007	1965	1910	1820	1680	1487	1244	957	676	457	0	0	0.000	0.000	0	0	0	0	0.000	0	0	0	0.000	0	0	0	0	0	0	0	0	0	0	0	0	0	0	0	0	0
4	4	358	383.989	49.907	0.935	55	62	68	111	56	55	62	68	111	56	102.640	109.570	112	111	111	110	110	110	109	109	109	108	107	100.349	427.089	631	578	536	494	457	429	395	358	316	280	228	0	0	0.000	0.000	0	0	0	0	0.000	0	0	0	0.000	0	0	0	0	0	0	0	0	0	0	0	0	0	0	0	0	0
5	5	2413	1176.649	80.754	0.894	47	386	1349	548	45	47	386	1349	548	45	105.000	267.324	2216	585	202	149	141	137	133	128	124	120	112	103.961	1335.503	2104	1886	1765	1669	1568	1447	1269	1032	808	632	441	1	279	1175.305	92.399	0	0	0	1053	1135.022	0	0	1790	1642.896	0	0	0	0	0	0	0	0	0	0	0	0	0	0	0	0	0
6	6	1292	1048.282	96.889	0.914	18	366	613	188	81	18	366	613	188	81	105.000	115.174	124	119	117	117	115	115	114	114	113	112	109	104.928	2470.406	3766	3384	3115	2979	2803	2616	2364	2038	1709	1396	844	0	0	0.000	0.000	0	0	0	0	0.000	0	0	0	0.000	0	0	0	0	0	0	0	0	0	0	0	0	0	0	0	0	0
7	7	1753	1007.856	137.653	0.846	47	479	958	213	20	47	479	958	213	20	105.000	113.533	121	117	116	115	114	113	113	112	111	110	108	104.891	1990.006	3577	3040	2783	2494	2221	1995	1713	1472	1213	965	610	0	0	0.000	0.000	0	0	0	0	0.000	0	0	0	0.000	0	0	0	0	0	0	0	0	0	0	0	0	0	0	0	0	0
8	8	1900	1058.674	144.756	0.867	97	385	1156	220	7	97	385	1156	220	7	105.000	113.989	123	118	117	115	114	114	113	112	112	111	107	104.333	2391.009	3932	3553	3124	2723	2509	2313	2093	1917	1722	1493	698	0	0	0.000	0.000	0	0	0	0	0.000	0	0	0	0.000	0	0	0	0	0	0	0	0	0	0	0	0	0	0	0	0	0
9	9	1198	408.295	172.075	0.897	70	406	510	173	10	70	406	510	173	10	105.000	123.163	132	129	128	126	125	124	122	121	119	116	111	102.251	698.491	935	876	845	800	752	709	679	631	576	484	275	0	0	0.000	0.000	0	0	0	0	0.000	0	0	0	0.000	0	0	0	0	0	0	0	0	0	0	0	0	0	0	0	0	0
10	10	2224	357.107	176.294	0.886	66	200	950	951	13	66	200	950	951	13	104.994	118.234	131	124	122	120	119	118	117	115	114	113	108	102.979	581.952	895	829	774	704	644	597	538	465	386	317	252	0	0	0.000	0.000	0	0	0	0	0.000	0	0	0	0.000	0	0	0	0	0	0	0	0	0	0	0	0	0	0	0	0	0
11	11	703	317.847	195.262	0.920	232	261	129	51	20	232	261	129	51	20	105.000	120.933	136	132	129	126	123	120	118	115	114	112	108	103.000	719.760	1010	930	881	848	799	746	686	618	547	470	331	0	0	0.000	0.000	0	0	0	0	0.000	0	0	0	0.000	0	0	0	0	0	0	0	0	0	0	0	0	0	0	0	0	0
12	12	1850	1406.967	206.640	0.915	49	123	913	673	55	49	123	913	673	55	106.134	457.110	4972	978	262	205	196	188	176	166	157	147	126	102.955	1276.509	1870	1700	1641	1573	1487	1360	1198	1035	875	717	439	1	204	1395.458	212.153	0	0	0	2191	2414.402	0	0	1605	1537.127	0	0	0	0	0	0	0	0	0	0	0	0	0	0	0	0	0
13	13	1191	1292.556	210.237	0.924	27	74	450	595	28	27	74	450	595	28	106.989	117.880	127	123	122	120	119	118	117	116	114	112	109	104.070	2272.918	3254	3059	2944	2802	2601	2357	2088	1900	1603	1297	762	0	0	0.000	0.000	0	0	0	0	0.000	0	0	0	0.000	0	0	0	0	0	0	0	0	0	0	0	0	0	0	0	0	0
14	14	387	1610.364	213.986	0.912	54	157	96	47	22	54	157	96	47	22	105.000	141.297	161	153	149	147	144	141	139	136	133	130	123	102.000	126.406	143	135	132	130	129	128	126	124	121	115	108	0	0	0.000	0.000	0	0	0	0	0.000	0	0	0	0.000	0	0	0	0	0	0	0	0	0	0	0	0	0	0	0	0	0
15	15	2379	1457.459	233.604	0.888	85	714	1354	172	5	85	714	1354	172	5	106.000	185.267	235	222	213	206	201	191	178	165	153	142	124	103.000	1416.088	2064	1883	1836	1785	1705	1583	1396	1166	912	661	411	0	0	0.000	0.000	0	0	0	0	0.000	0	0	0	0.000	0	0	0	0	0	0	0	0	0	0	0	0	0	0	0	0	0
16	16	1764	1236.513	232.905	0.876	144	756	769	59	8	144	756	769	59	8	106.995	118.108	127	123	121	120	119	118	117	116	115	113	109	104.017	1475.087	2387	2206	2075	1931	1722	1486	1269	1087	887	688	482	0	0	0.000	0.000	0	0	0	0	0.000	0	0	0	0.000	0	0	0	0	0	0	0	0	0	0	0	0	0	0	0	0	0
17	17	1636	169.334	243.453	0.867	21	106	625	773	72	21	106	625	773	72	104.000	134.865	157	148	145	143	139	135	132	129	124	120	110	102.000	933.572	1316	1172	1094	1042	997	951	900	850	785	680	308	0	0	0.000	0.000	0	0	0	0	0.000	0	0	0	0.000	0	0	0	0	0	0	0	0	0	0	0	0	0	0	0	0	0
18	18	946	249.363	250.670	0.911	26	85	341	392	79	26	85	341	392	79	105.000	128.459	146	139	137	135	132	128	125	122	120	118	113	102.776	1093.532	1479	1424	1394	1324	1240	1154	1042	927	795	664	487	0	0	0.000	0.000	0	0	0	0	0.000	0	0	0	0.000	0	0	0	0	0	0	0	0	0	0	0	0	0	0	0	0	0
19	19	1431	1283.636	255.083	0.908	23	193	712	428	38	23	193	712	428	38	107.933	147.934	550	219	138	126	123	121	119	118	116	115	111	105.000	1593.316	2638	2260	2080	1914	1718	1558	1401	1263	1129	994	609	1	185	1268.309	255.291	0	0	0	295	319.141	0	0	1675	1608.589	0	0	0	0	0	0	0	0	0	0	0	0	0	0	0	0	0
20	20	2341	692.480	268.933	0.882	663	1574	20	14	6	663	1574	20	14	6	105.906	145.635	168	158	154	152	150	148	146	142	137	128	114	103.051	708.090	1055	968	896	828	774	719	666	616	539	431	215	0	0	0.000	0.000	0	0	0	0	0.000	0	0	0	0.000	0	0	0	0	0	0	0	0	0	0	0	0	0	0	0	0	0
21	21	1852	295.545	270.213	0.875	19	168	919	650	37	19	168	919	650	37	104.967	133.288	161	150	145	140	136	132	128	124	121	119	112	103.000	1060.335	1749	1593	1460	1366	1247	1102	940	794	618	460	292	0	0	0.000	0.000	0	0	0	0	0.000	0	0	0	0.000	0	0	0	0	0	0	0	0	0	0	0	0	0	0	0	0	0
22	22	675	1197.214	253.871	0.903	37	80	245	257	46	37	80	245	257	46	107.000	114.604	120	118	116	116	115	115	114	113	113	112	109	104.000	969.695	1419	1318	1237	1155	1069	980	891	816	722	601	368	0	0	0.000	0.000	0	0	0	0	0.000	0	0	0	0.000	0	0	0	0	0	0	0	0	0	0	0	0	0	0	0	0	0
23	23	1870	1286.221	311.051	0.887	32	263	1195	335	15	32	263	1195	335	15	108.000	220.204	300	270	257	247	235	221	206	191	181	172	135	105.000	993.883	1741	1463	1350	1230	1090	977	871	783	645	490	395	0	0	0.000	0.000	0	0	0	0	0.000	0	0	0	0.000	0	0	0	0	0	0	0	0	0	0	0	0	0	0	0	0	0
24	24	1657	1343.602	312.281	0.904	308	788	448	71	14	308	788	448	71	14	107.142	312.847	504	438	397	366	333	301	279	263	237	193	145	104.596	121.479	134	127	125	124	123	122	121	119	118	115	108	0	0	0.000	0.000	0	0	0	0	0.000	0	0	0	0.000	0	0	0	0	0	0	0	0	0	0	0	0	0	0	0	0	0
25	25	1459	632.460	322.120	0.874	725	584	73	33	5	725	584	73	33	5	106.106	129.541	145	137	135	133	132	130	128	126	124	122	114	103.996	391.014	663	508	470	441	416	391	363	334	302	270	195	0	0	0.000	0.000	0	0	0	0	0.000	0	0	0	0.000	0	0	0	0	0	0	0	0	0	0	0	0	0	0	0	0	0
26	26	2443	1227.019	328.049	0.832	29	410	1754	183	13	29	410	1754	183	13	107.203	269.927	555	334	315	299	285	271	257	236	211	185	133	105.010	1200.982	1917	1755	1624	1508	1399	1258	1099	967	741	541	236	0	0	0.000	0.000	0	0	0	0	0.000	0	0	0	0.000	0	0	0	0	0	0	0	0	0	0	0	0	0	0	0	0	0
27	27	2397	1163.999	335.285	0.704	60	570	1450	256	19	60	570	1450	256	19	107.000	290.292	1742	331	318	309	296	286	275	255	226	189	141	104.142	1348.214	1959	1744	1640	1544	1456	1393	1329	1247	1128	838	374	1	43	1169.222	316.198	0	0	0	964	1027.860	0	0	1388	1373.698	0	0	0	0	0	0	0	0	0	0	0	0	0	0	0	0	0
28	28	2512	687.001	350.228	0.855	1371	989	23	19	9	1371	989	23	19	9	106.992	135.249	157	148	144	140	137	135	132	129	127	124	118	103.940	540.443	940	816	730	652	584	526	471	414	361	291	213	0	0	0.000	0.000	0	0	0	0	0.000	0	0	0	0.000	0	0	0	0	0	0	0	0	0	0	0	0	0	0	0	0	0
29	29	1890	828.758	342.958	0.857	202	880	694	70	10	202	880	694	70	10	107.440	261.269	929	484	319	252	215	197	187	176	163	150	129	103.000	114.923	125	119	117	116	116	115	114	114	113	111	107	1	233	822.252	347.399	0	0	0	593	617.446	0	0	117	117.670	0	0	0	0	0	0	0	0	0	0	0	0	0	0	0	0	0
30	30	1679	880.760	338.524	0.899	345	883	362	48	10	345	883	362	48	10	107.390	249.716	5180	195	161	152	149	146	143	140	134	127	112	103.000	121.707	147	129	126	125	123	122	121	120	118	113	103	1	94	876.761	317.492	0	0	0	2094	2226.191	0	0	129	129.000	0	0	0	0	0	0	0	0	0	0	0	0	0	0	0	0	0
31	31	1630	1266.261	362.458	0.893	67	811	649	64	14	67	811	649	64	14	107.041	250.201	336	306	287	276	266	254	241	228	212	185	161	104.975	1153.833	1878	1653	1493	1379	1297	1185	1057	926	795	630	395	0	0	0.000	0.000	0	0	0	0	0.000	0	0	0	0.000	0	0	0	0	0	0	0	0	0	0	0	0	0	0	0	0	0
32	32	647	704.929	392.490	0.909	95	251	264	20	4	95	251	264	20	4	107.000	128.104	142	138	136	133	130	128	125	123	121	120	115	102.915	554.884	803	747	710	671	617	553	498	460	415	349	263	0	0	0.000	0.000	0	0	0	0	0.000	0	0	0	0.000	0	0	0	0	0	0	0	0	0	0	0	0	0	0	0	0	0
33	33	1762	662.822	402.617	0.881	56	661	915	83	6	56	661	915	83	6	106.713	138.329	163	152	148	145	142	139	137	132	127	122	116	103.000	580.183	912	822	772	704	632	569	521	475	410	332	228	0	0	0.000	0.000	0	0	0	0	0.000	0	0	0	0.000	0	0	0	0	0	0	0	0	0	0	0	0	0	0	0	0	0
34	34	230	631.125	418.890	0.897	25	49	50	67	36	25	49	50	67	36	106.000	113.891	118	116	116	115	114	114	113	113	112	111	110	102.696	235.383	370	290	273	262	249	237	221	207	191	177	157	0	0	0.000	0.000	0	0	0	0	0.000	0	0	0	0.000	0	0	0	0	0	0	0	0	0	0	0	0	0	0	0	0	0
35	35	2308	1180.167	503.669	0.880	1927	246	48	39	29	1927	246	48	39	29	107.146	440.204	6307	807	161	135	130	126	123	121	119	117	112	108.978	1322.162	2244	1958	1739	1605	1483	1368	1250	1081	841	604	405	1	235	1170.279	494.493	0	0	0	2642	2949.813	0	0	2032	1988.464	0	0	0	0	0	0	0	0	0	0	0	0	0	0	0	0	0
36	36	2282	1074.201	504.228	0.897	78	308	1494	340	19	78	308	1494	340	19	106.000	135.858	154	145	143	141	140	138	135	132	128	123	110	105.534	794.532	1088	999	960	926	890	851	797	719	631	481	255	0	0	0.000	0.000	0	0	0	0	0.000	0	0	0	0.000	0	0	0	0	0	0	0	0	0	0	0	0	0	0	0	0	0
37	37	2172	1941.120	512.678	0.862	124	531	1178	273	24	124	531	1178	273	24	104.172	121.615	152	132	128	124	122	120	118	117	115	113	109	102.949	2133.695	6084	2767	2578	2445	2306	2161	1946	1714	1478	1138	773	0	0	0.000	0.000	0	0	0	0	0.000	0	0	0	0.000	0	0	0	0	0	0	0	0	0	0	0	0	0	0	0	0	0
38	38	1982	1129.713	521.592	0.878	542	1353	32	9	8	542	1353	32	9	8	106.882	134.456	157	146	142	140	137	134	132	130	126	123	114	108.158	588.563	956	804	748	699	649	596	547	490	415	351	191	0	0	0.000	0.000	0	0	0	0	0.000	0	0	0	0.000	0	0	0	0	0	0	0	0	0	0	0	0	0	0	0	0	0
39	39	1935	1231.321	529.099	0.883	667	764	324	99	47	667	764	324	99	47	107.915	165.500	203	190	185	180	176	169	161	154	145	136	116	109.000	1803.360	2830	2568	2451	2290	2131	1932	1673	1403	1112	841	419	0	0	0.000	0.000	0	0	0	0	0.000	0	0	0	0.000	0	0	0	0	0	0	0	0	0	0	0	0	0	0	0	0	0
40	40	1730	1413.246	539.354	0.909	397	1179	110	8	7	397	1179	110	8	7	106.000	115.338	123	119	117	117	116	115	114	114	113	112	110	103.320	1064.913	1896	1593	1391	1257	1132	1014	910	810	712	643	446	0	0	0.000	0.000	0	0	0	0	0.000	0	0	0	0.000	0	0	0	0	0	0	0	0	0	0	0	0	0	0	0	0	0
41	41	752	1186.457	552.373	0.903	330	194	118	88	16	330	194	118	88	16	107.842	129.223	141	136	134	133	131	130	128	126	125	122	113	109.000	1367.178	1887	1735	1641	1546	1463	1395	1319	1241	1119	957	592	0	0	0.000	0.000	0	0	0	0	0.000	0	0	0	0.000	0	0	0	0	0	0	0	0	0	0	0	0	0	0	0	0	0
42	42	1497	169.734	562.162	0.903	41	252	881	268	30	41	252	881	268	30	105.221	291.263	2620	347	278	254	234	216	201	188	173	158	137	102.000	137.173	157	148	146	142	140	137	135	133	130	125	113	1	89	171.616	569.504	0	0	0	1195	1294.281	0	0	140	139.809	0	0	0	0	0	0	0	0	0	0	0	0	0	0	0	0	0
43	43	2322	438.804	568.801	0.887	715	1431	89	20	10	715	1431	89	20	10	106.000	117.356	141	129	121	118	116	115	114	114	113	112	108	102.971	163.734	210	186	180	174	169	164	160	155	148	138	116	0	0	0.000	0.000	0	0	0	0	0.000	0	0	0	0.000	0	0	0	0	0	0	0	0	0	0	0	0	0	0	0	0	0
44	44	1633	1261.622	573.358	0.895	779	744	56	23	10	779	744	56	23	10	107.734	160.231	197	185	177	172	168	165	157	148	140	131	122	108.506	1812.405	3159	2679	2369	2199	2025	1859	1705	1484	1166	829	520	0	0	0.000	0.000	0	0	0	0	0.000	0	0	0	0.000	0	0	0	0	0	0	0	0	0	0	0	0	0	0	0	0	0
45	45	1565	1856.271	592.104	0.890	340	1140	40	11	6	340	1140	40	11	6	105.695	118.146	139	130	124	119	117	116	115	114	113	112	108	102.289	123.611	137	130	128	127	125	124	123	121	119	116	107	0	0	0.000	0.000	0	0	0	0	0.000	0	0	0	0.000	0	0	0	0	0	0	0	0	0	0	0	0	0	0	0	0	0
46	46	998	154.072	605.753	0.919	53	231	524	143	22	53	231	524	143	22	106.000	181.087	239	227	216	202	189	177	168	158	150	141	129	101.927	130.850	149	141	139	137	135	132	130	126	123	118	108	0	0	0.000	0.000	0	0	0	0	0.000	0	0	0	0.000	0	0	0	0	0	0	0	0	0	0	0	0	0	0	0	0	0
47	47	1561	200.825	610.165	0.916	90	382	762	263	36	90	382	762	263	36	105.971	152.106	189	176	167	162	159	155	149	142	134	126	115	101.673	117.263	130	124	122	120	119	117	116	114	113	110	106	0	0	0.000	0.000	0	0	0	0	0.000	0	0	0	0.000	0	0	0	0	0	0	0	0	0	0	0	0	0	0	0	0	0
48	48	484	1275.346	611.913	0.860	37	68	203	154	17	37	68	203	154	17	107.000	126.860	138	134	132	130	128	127	125	124	122	120	115	107.124	916.432	1237	1112	1082	1051	1005	951	884	819	742	660	491	0	0	0.000	0.000	0	0	0	0	0.000	0	0	0	0.000	0	0	0	0	0	0	0	0	0	0	0	0	0	0	0	0	0
49	49	1777	95.222	629.841	0.910	220	1189	309	18	12	220	1189	309	18	12	105.204	324.282	1035	414	365	345	326	309	290	270	241	205	159	101.672	148.164	176	161	158	155	152	150	147	143	138	133	115	1	37	89.307	616.761	0	0	0	869	849.027	0	0	170	168.946	0	0	0	0	0	0	0	0	0	0	0	0	0	0	0	0	0
50	50	1588	145.520	652.675	0.911	738	350	382	90	4	738	350	382	90	4	106.000	364.514	3808	443	349	318	291	269	245	217	189	166	135	101.211	139.259	169	153	149	147	144	142	139	135	128	120	108	1	89	151.518	650.892	0	0	0	1628	1828.865	0	0	154	152.899	0	0	0	0	0	0	0	0	0	0	0	0	0	0	0	0	0
51	51	1851	526.219	692.564	0.878	85	349	917	409	60	85	349	917	409	60	106.719	117.195	127	123	120	119	118	117	116	115	114	112	108	103.000	2969.086	4698	4196	3842	3561	3317	3077	2796	2458	2031	1587	885	0	0	0.000	0.000	0	0	0	0	0.000	0	0	0	0.000	0	0	0	0	0	0	0	0	0	0	0	0	0	0	0	0	0
52	52	1130	1596.681	743.308	0.905	27	112	328	510	130	27	112	328	510	130	107.000	347.308	1282	524	404	374	338	309	280	250	216	188	151	102.297	118.823	137	128	125	123	121	118	117	114	113	111	102	1	52	1601.612	732.388	0	0	0	937	950.481	0	0	121	120.538	0	0	0	0	0	0	0	0	0	0	0	0	0	0	0	0	0
53	53	1085	503.090	755.362	0.879	212	506	265	63	18	212	506	265	63	18	106.000	134.294	156	151	147	143	138	134	130	127	123	118	111	103.000	127.904	152	138	135	133	132	130	127	124	120	114	107	0	0	0.000	0.000	0	0	0	0	0.000	0	0	0	0.000	0	0	0	0	0	0	0	0	0	0	0	0	0	0	0	0	0
54	54	426	1337.847	747.070	0.873	70	78	128	100	45	70	78	128	100	45	107.000	120.620	126	124	123	123	122	121	121	119	118	116	112	103.016	650.986	861	824	783	758	714	674	637	582	514	442	289	0	0	0.000	0.000	0	0	0	0	0.000	0	0	0	0.000	0	0	0	0	0	0	0	0	0	0	0	0	0	0	0	0	0
55	55	1475	1362.055	770.593	0.914	34	211	835	334	37	34	211	835	334	37	107.000	138.900	487	174	128	125	123	121	120	118	117	116	112	103.995	873.896	1571	1398	1238	1117	979	855	747	632	501	383	286	1	134	1366.844	785.243	0	0	0	278	292.261	0	0	1080	1020.888	0	0	0	0	0	0	0	0	0	0	0	0	0	0	0	0	0
56	56	1602	1313.202	791.634	0.897	51	345	997	166	6	51	345	997	166	6	107.000	121.278	142	128	126	125	123	121	119	118	116	114	109	103.000	907.124	1598	1409	1225	1085	978	899	808	700	571	453	336	0	0	0.000	0.000	0	0	0	0	0.000	0	0	0	0.000	0	0	0	0	0	0	0	0	0	0	0	0	0	0	0	0	0
57	57	1945	2011.742	797.968	0.880	137	885	758	99	19	137	885	758	99	19	105.549	118.187	131	125	123	121	119	117	116	115	114	113	107	104.485	3647.464	5931	4708	4376	4153	3941	3699	3434	3179	2900	2402	1263	0	0	0.000	0.000	0	0	0	0	0.000	0	0	0	0.000	0	0	0	0	0	0	0	0	0	0	0	0	0	0	0	0	0
58	58	814	245.218	813.608	0.911	198	335	185	66	14	198	335	185	66	14	104.903	150.731	204	181	170	164	157	150	143	136	130	123	112	101.759	133.964	171	153	146	141	137	134	130	126	121	116	106	0	0	0.000	0.000	0	0	0	0	0.000	0	0	0	0.000	0	0	0	0	0	0	0	0	0	0	0	0	0	0	0	0	0
59	59	1374	1390.976	814.518	0.894	87	152	593	460	52	87	152	593	460	52	107.000	114.408	121	117	116	116	115	114	114	113	113	112	108	103.182	205.009	282	244	232	224	214	204	194	185	177	169	142	0	0	0.000	0.000	0	0	0	0	0.000	0	0	0	0.000	0	0	0	0	0	0	0	0	0	0	0	0	0	0	0	0	0
60	60	517	68.678	892.133	0.919	28	61	167	201	52	28	61	167	201	52	103.064	107.451	111	109	109	108	108	108	107	107	106	106	103	101.000	246.145	351	312	289	269	254	242	231	216	204	189	161	0	0	0.000	0.000	0	0	0	0	0.000	0	0	0	0.000	0	0	0	0	0	0	0	0	0	0	0	0	0	0	0	0	0
61	61	1470	73.513	934.297	0.908	46	102	774	495	28	46	102	774	495	28	103.223	108.801	114	111	110	110	109	109	108	108	107	107	105	100.676	583.867	878	819	762	702	636	575	514	461	417	383	260	0	0	0.000	0.000	0	0	0	0	0.000	0	0	0	0.000	0	0	0	0	0	0	0	0	0	0	0	0	0	0	0	0	0
62	62	522	1690.727	955.267	0.815	33	331	128	14	6	33	331	128	14	6	107.000	151.341	176	162	157	155	153	151	150	148	145	141	131	102.000	730.057	1151	969	850	788	741	707	673	642	606	536	445	0	0	0.000	0.000	0	0	0	0	0.000	0	0	0	0.000	0	0	0	0	0	0	0	0	0	0	0	0	0	0	0	0	0
63	63	2127	1979.100	985.915	0.856	277	864	845	83	9	277	864	845	83	9	105.552	118.654	131	126	123	121	119	118	117	116	114	113	106	104.796	2354.457	4524	3255	3014	2830	2577	2368	2136	1896	1694	1440	540	0	0	0.000	0.000	0	0	0	0	0.000	0	0	0	0.000	0	0	0	0	0	0	0	0	0	0	0	0	0	0	0	0	0
64	64	2025	1963.438	1035.924	0.886	74	304	1292	278	30	74	304	1292	278	30	106.000	118.323	132	123	121	120	119	118	117	116	115	114	110	103.766	2886.772	4862	3882	3631	3384	3166	2924	2650	2460	2184	1834	814	0	0	0.000	0.000	0	0	0	0	0.000	0	0	0	0.000	0	0	0	0	0	0	0	0	0	0	0	0	0	0	0	0	0
65	65	1204	1997.149	1092.762	0.905	33	174	680	277	22	33	174	680	277	22	106.000	203.963	266	244	236	229	218	206	195	184	171	156	137	102.091	124.804	152	135	131	128	126	124	122	120	118	115	108	0	0	0.000	0.000	0	0	0	0	0.000	0	0	0	0.000	0	0	0	0	0	0	0	0	0	0	0	0	0	0	0	0	0
66	66	1647	784.287	1141.577	0.838	95	585	806	117	9	95	585	806	117	9	107.000	115.667	126	120	118	117	116	115	114	114	113	112	109	102.000	123.719	138	131	128	126	125	124	122	121	119	117	107	0	0	0.000	0.000	0	0	0	0	0.000	0	0	0	0.000	0	0	0	0	0	0	0	0	0	0	0	0	0	0	0	0	0
67	67	1620	1597.608	1141.454	0.872	16	65	861	584	58	16	65	861	584	58	107.957	116.148	135	123	119	116	115	115	114	114	113	112	110	102.140	129.863	149	140	138	135	133	132	130	127	123	115	106	1	172	1584.006	1135.038	0	0	0	126	125.930	0	0	126	125.535	0	0	0	0	0	0	0	0	0	0	0	0	0	0	0	0	0
68	68	2452	144.142	1156.626	0.863	47	999	1166	181	18	47	999	1166	181	18	104.956	112.639	122	116	114	114	113	112	112	111	111	110	107	102.000	310.140	432	385	364	347	327	311	294	278	260	237	152	0	0	0.000	0.000	0	0	0	0	0.000	0	0	0	0.000	0	0	0	0	0	0	0	0	0	0	0	0	0	0	0	0	0
69	69	1732	1728.644	1156.154	0.911	92	1168	360	54	13	92	1168	360	54	13	108.000	483.782	6181	1250	363	179	146	136	132	128	125	121	115	102.000	128.206	151	139	136	133	131	129	127	125	122	115	105	1	193	1734.162	1152.341	0	0	0	2440	2735.896	0	0	138	137.710	0	0	0	0	0	0	0	0	0	0	0	0	0	0	0	0	0
70	70	1252	1563.059	1178.236	0.746	183	438	478	99	9	183	438	478	99	9	107.683	115.094	122	119	117	116	115	115	114	114	113	112	110	102.536	124.368	139	133	131	129	127	125	123	121	118	114	106	0	0	0.000	0.000	0	0	0	0	0.000	0	0	0	0.000	0	0	0	0	0	0	0	0	0	0	0	0	0	0	0	0	0
71	71	1423	1682.435	1178.354	0.887	127	714	499	49	9	127	714	499	49	9	107.476	207.981	2600	210	161	152	146	142	139	136	132	126	115	102.000	145.988	172	157	154	151	149	147	144	140	138	134	120	1	74	1692.462	1184.470	0	0	0	1113	1165.608	0	0	158	157.811	0	0	0	0	0	0	0	0	0	0	0	0	0	0	0	0	0
72	72	1370	94.125	1182.992	0.884	754	280	188	101	35	754	280	188	101	35	104.553	111.468	121	114	113	112	112	111	111	110	110	109	106	102.000	241.480	343	299	284	266	250	239	230	221	204	178	136	0	0	0.000	0.000	0	0	0	0	0.000	0	0	0	0.000	0	0	0	0	0	0	0	0	0	0	0	0	0	0	0	0	0
73	73	1641	1607.379	1188.161	0.885	124	570	804	95	9	124	570	804	95	9	108.000	114.861	121	118	117	116	115	115	114	114	113	112	109	103.000	125.004	145	135	132	130	128	126	123	121	117	113	104	0	0	0.000	0.000	0	0	0	0	0.000	0	0	0	0.000	0	0	0	0	0	0	0	0	0	0	0	0	0	0	0	0	0
74	74	1295	301.636	1190.330	0.913	69	60	744	333	71	69	60	744	333	71	106.000	114.751	146	127	117	114	113	112	111	111	110	109	107	102.000	697.710	948	879	848	803	758	713	665	611	562	488	337	1	217	291.384	1191.094	0	0	0	128	128.604	0	0	686	684.290	0	0	0	0	0	0	0	0	0	0	0	0	0	0	0	0	0
75	75	1013	171.664	1193.203	0.903	19	61	341	495	77	19	61	341	495	77	105.000	141.782	175	157	152	146	142	140	137	134	132	129	122	102.000	175.972	238	204	193	186	181	176	169	163	155	149	132	0	0	0.000	0.000	0	0	0	0	0.000	0	0	0	0.000	0	0	0	0	0	0	0	0	0	0	0	0	0	0	0	0	0
76	76	2015	1729.030	1209.375	0.919	63	390	951	499	57	63	390	951	499	57	108.000	137.393	154	146	144	142	141	139	137	134	130	125	116	101.876	135.005	151	144	142	140	138	137	135	133	130	123	107	0	0	0.000	0.000	0	0	0	0	0.000	0	0	0	0.000	0	0	0	0	0	0	0	0	0	0	0	0	0	0	0	0	0
77	77	2018	27.740	1211.487	0.889	94	434	1103	301	40	94	434	1103	301	40	102.503	120.369	132	126	124	123	122	121	120	118	115	113	109	100.498	652.931	996	867	819	775	733	681	610	538	473	402	256	0	0	0.000	0.000	0	0	0	0	0.000	0	0	0	0.000	0	0	0	0	0	0	0	0	0	0	0	0	0	0	0	0	0
78	78	2179	127.711	1219.819	0.888	951	927	160	62	28	951	927	160	62	28	105.000	203.885	452	306	230	201	190	183	175	168	161	153	137	102.000	205.607	272	239	231	222	216	209	202	193	181	163	135	0	0	0.000	0.000	0	0	0	0	0.000	0	0	0	0.000	0	0	0	0	0	0	0	0	0	0	0	0	0	0	0	0	0
79	79	2115	345.212	1218.476	0.897	11	45	753	1177	92	11	45	753	1177	92	106.000	112.970	125	117	115	114	113	112	112	111	111	110	107	102.000	652.467	1006	893	834	791	746	690	610	524	436	369	206	2	69	350.291	1232.749	69	325.785	1217.271	120	120.391	119	118.826	753	757.478	844	829.551	0	0	0	0	0	0	0	0	0	0	0	0	0	0	0
80	80	1076	1648.820	1214.566	0.902	21	256	681	81	8	21	256	681	81	8	108.000	113.273	119	115	115	114	114	113	113	112	112	111	109	102.422	126.559	146	137	134	132	130	128	125	122	119	113	103	0	0	0.000	0.000	0	0	0	0	0.000	0	0	0	0.000	0	0	0	0	0	0	0	0	0	0	0	0	0	0	0	0	0
81	81	1612	408.020	1233.360	0.900	69	930	541	27	12	69	930	541	27	12	106.766	127.623	143	137	135	133	131	128	125	123	120	118	112	101.878	170.486	227	198	191	185	178	172	165	156	147	140	128	0	0	0.000	0.000	0	0	0	0	0.000	0	0	0	0.000	0	0	0	0	0	0	0	0	0	0	0	0	0	0	0	0	0
82	82	1708	1923.391	1235.337	0.895	31	268	1085	260	22	31	268	1085	260	22	107.000	132.638	147	142	141	139	137	134	131	127	124	120	113	102.400	1264.915	1884	1735	1629	1560	1458	1322	1192	1051	875	668	414	0	0	0.000	0.000	0	0	0	0	0.000	0	0	0	0.000	0	0	0	0	0	0	0	0	0	0	0	0	0	0	0	0	0
83	83	1535	1583.475	1246.336	0.908	181	1166	146	21	6	181	1166	146	21	6	108.000	157.259	184	174	170	166	163	160	156	151	144	135	121	103.000	1146.227	2117	1643	1489	1376	1250	1126	1021	922	785	648	446	0	0	0.000	0.000	0	0	0	0	0.000	0	0	0	0.000	0	0	0	0	0	0	0	0	0	0	0	0	0	0	0	0	0
84	84	1586	372.388	1261.532	0.920	170	321	927	139	16	170	321	927	139	16	106.129	114.055	132	120	117	115	113	113	112	111	111	110	108	102.000	600.131	893	803	755	712	665	621	565	490	433	375	265	1	142	374.846	1257.130	0	0	0	123	123.894	0	0	704	698.951	0	0	0	0	0	0	0	0	0	0	0	0	0	0	0	0	0
85	85	1558	112.484	1275.246	0.898	1450	65	22	11	7	1450	65	22	11	7	104.300	146.629	178	168	163	158	153	147	141	135	130	126	114	101.332	190.517	250	232	223	212	203	194	182	170	157	145	123	0	0	0.000	0.000	0	0	0	0	0.000	0	0	0	0.000	0	0	0	0	0	0	0	0	0	0	0	0	0	0	0	0	0
86	86	1588	1907.728	1286.203	0.870	32	423	953	150	6	32	423	953	150	6	107.000	132.067	144	140	138	137	136	134	132	128	124	121	114	103.271	1049.914	1667	1423	1336	1260	1190	1091	956	833	720	645	473	0	0	0.000	0.000	0	0	0	0	0.000	0	0	0	0.000	0	0	0	0	0	0	0	0	0	0	0	0	0	0	0	0	0
87	87	2117	1862.078	1315.226	0.896	54	1266	665	68	9	54	1266	665	68	9	107.374	699.959	8955	2042	424	159	134	130	128	125	123	119	112	103.179	1369.929	2255	1919	1773	1658	1555	1439	1309	1154	932	654	427	1	260	1865.626	1326.269	0	0	0	3728	4168.319	0	0	1557	1401.592	0	0	0	0	0	0	0	0	0	0	0	0	0	0	0	0	0
88	88	328	1824.557	1307.835	0.918	24	36	124	119	19	24	36	124	119	19	107.695	119.698	125	123	122	122	120	120	119	118	118	116	112	103.000	1037.780	1569	1476	1384	1291	1179	1049	932	834	726	574	358	0	0	0.000	0.000	0	0	0	0	0.000	0	0	0	0.000	0	0	0	0	0	0	0	0	0	0	0	0	0	0	0	0	0
89	89	345	102.685	1316.993	0.895	9	75	143	83	26	9	75	143	83	26	104.000	141.954	159	155	151	148	145	141	138	136	133	130	124	100.432	191.780	216	210	206	203	199	194	188	183	177	170	158	0	0	0.000	0.000	0	0	0	0	0.000	0	0	0	0.000	0	0	0	0	0	0	0	0	0	0	0	0	0	0	0	0	0
90	90	2711	1921.506	1336.868	0.874	102	598	1652	300	17	102	598	1652	300	17	106.994	141.722	444	151	144	140	137	134	132	129	126	123	115	103.969	1607.399	2389	2134	2040	1942	1825	1704	1567	1389	1121	904	477	1	102	1923.617	1333.743	0	0	0	280	291.980	0	0	1705	1721.853	0	0	0	0	0	0	0	0	0	0	0	0	0	0	0	0	0
91	91	359	1962.623	1346.282	0.916	60	80	83	90	40	60	80	83	90	40	106.989	113.997	121	118	117	116	114	113	113	112	111	111	107	103.000	569.501	973	872	798	738	661	567	490	409	328	250	178	0	0	0.000	0.000	0	0	0	0	0.000	0	0	0	0.000	0	0	0	0	0	0	0	0	0	0	0	0	0	0	0	0	0
92	92	2222	540.329	1369.736	0.844	387	1054	629	60	31	387	1054	629	60	31	107.141	168.582	202	192	184	178	173	168	164	159	154	146	131	102.000	131.554	152	142	139	136	134	132	129	127	125	122	110	0	0	0.000	0.000	0	0	0	0	0.000	0	0	0	0.000	0	0	0	0	0	0	0	0	0	0	0	0	0	0	0	0	0
93	93	1497	152.550	1369.165	0.910	66	686	620	78	13	66	686	620	78	13	105.000	113.338	126	121	118	114	112	112	111	111	110	109	106	100.979	109.553	117	113	112	111	110	109	109	108	107	106	102	0	0	0.000	0.000	0	0	0	0	0.000	0	0	0	0.000	0	0	0	0	0	0	0	0	0	0	0	0	0	0	0	0	0
94	94	1627	1389.716	1404.675	0.908	578	917	55	23	18	578	917	55	23	18	108.757	314.762	837	398	357	332	314	301	289	271	247	220	167	102.439	119.959	139	128	124	122	120	119	118	117	115	114	106	1	16	1393.878	1387.138	0	0	0	758	750.000	0	0	121	120.375	0	0	0	0	0	0	0	0	0	0	0	0	0	0	0	0	0
95	95	1669	636.839	1414.583	0.901	98	672	795	57	7	98	672	795	57	7	108.000	179.171	226	212	205	195	184	175	168	162	158	153	132	101.666	132.805	158	145	142	138	135	132	130	127	124	121	115	0	0	0.000	0.000	0	0	0	0	0.000	0	0	0	0.000	0	0	0	0	0	0	0	0	0	0	0	0	0	0	0	0	0
96	96	1036	459.041	1430.423	0.885	323	593	82	9	8	323	593	82	9	8	106.719	195.147	317	261	239	223	209	199	184	161	141	128	112	102.000	191.326	311	259	236	218	208	197	184	160	134	119	105	0	0	0.000	0.000	0	0	0	0	0.000	0	0	0	0.000	0	0	0	0	0	0	0	0	0	0	0	0	0	0	0	0	0
97	97	1459	1192.902	1440.947	0.897	35	114	693	534	47	35	114	693	534	47	108.000	115.914	126	121	118	117	116	115	115	114	113	113	109	103.049	920.458	1391	1233	1146	1093	1010	924	862	793	687	563	414	0	0	0.000	0.000	0	0	0	0	0.000	0	0	0	0.000	0	0	0	0	0	0	0	0	0	0	0	0	0	0	0	0	0
98	98	1053	637.537	1464.356	0.921	59	199	465	269	44	59	199	465	269	44	108.000	202.061	255	238	226	213	205	198	192	187	183	174	148	102.871	149.013	180	164	158	154	151	148	146	142	139	136	123	0	0	0.000	0.000	0	0	0	0	0.000	0	0	0	0.000	0	0	0	0	0	0	0	0	0	0	0	0	0	0	0	0	0
99	99	1558	700.587	1471.999	0.870	139	462	897	18	10	139	462	897	18	10	107.159	113.787	121	117	115	115	114	114	113	113	112	111	108	103.000	594.914	963	824	744	696	646	601	553	502	425	358	273	0	0	0.000	0.000	0	0	0	0	0.000	0	0	0	0.000	0	0	0	0	0	0	0	0	0	0	0	0	0	0	0	0	0
100	100	2059	1477.694	1499.357	0.884	183	967	772	94	6	183	967	772	94	6	108.266	118.059	133	123	120	119	118	117	117	116	115	114	111	103.000	1333.799	1819	1743	1686	1628	1570	1491	1355	1187	949	631	397	0	0	0.000	0.000	0	0	0	0	0.000	0	0	0	0.000	0	0	0	0	0	0	0	0	0	0	0	0	0	0	0	0	0
101	101	1757	1422.351	1504.877	0.917	28	59	629	865	142	28	59	629	865	142	108.000	118.809	161	128	122	119	117	117	116	115	114	113	110	103.000	1034.249	1586	1403	1315	1222	1138	1057	969	871	760	637	356	2	118	1416.098	1514.603	61	1417.223	1497.667	135	137.068	126	126.262	1274	1248.127	1058	1057.836	0	0	0	0	0	0	0	0	0	0	0	0	0	0	0
102	102	819	1561.880	1510.768	0.926	75	233	343	150	9	75	233	343	150	9	108.000	207.062	275	255	242	233	222	210	196	182	167	155	136	102.955	137.994	163	154	150	146	142	139	135	131	126	120	111	0	0	0.000	0.000	0	0	0	0	0.000	0	0	0	0.000	0	0	0	0	0	0	0	0	0	0	0	0	0	0	0	0	0
103	103	1369	678.815	1515.803	0.909	166	620	512	25	17	166	620	512	25	17	107.000	114.862	128	120	117	115	115	114	114	113	112	112	109	103.000	691.332	1030	925	848	793	741	703	655	592	519	448	332	0	0	0.000	0.000	0	0	0	0	0.000	0	0	0	0.000	0	0	0	0	0	0	0	0	0	0	0	0	0	0	0	0	0
104	104	1249	1600.067	1518.971	0.883	78	592	497	43	17	78	592	497	43	17	108.000	230.915	401	283	264	252	242	235	225	209	188	166	130	102.000	128.763	144	136	135	133	132	130	129	126	123	118	107	0	0	0.000	0.000	0	0	0	0	0.000	0	0	0	0.000	0	0	0	0	0	0	0	0	0	0	0	0	0	0	0	0	0
105	105	1598	1026.442	1609.950	0.888	55	878	556	57	10	55	878	556	57	10	108.000	123.114	134	129	127	126	125	124	122	121	119	116	111	102.961	483.149	829	696	639	580	526	479	431	395	342	260	193	0	0	0.000	0.000	0	0	0	0	0.000	0	0	0	0.000	0	0	0	0	0	0	0	0	0	0	0	0	0	0	0	0	0
106	106	2396	553.396	1640.957	0.889	116	871	1204	128	19	116	871	1204	128	19	106.693	167.500	204	183	179	175	171	168	165	163	159	149	124	102.000	125.199	142	133	130	129	127	125	123	122	120	118	107	0	0	0.000	0.000	0	0	0	0	0.000	0	0	0	0.000	0	0	0	0	0	0	0	0	0	0	0	0	0	0	0	0	0
107	107	1831	139.199	1655.264	0.905	140	134	627	790	102	140	134	627	790	102	104.998	162.493	202	185	178	171	167	163	158	153	147	141	123	101.000	160.839	211	184	177	171	167	161	155	149	144	137	122	0	0	0.000	0.000	0	0	0	0	0.000	0	0	0	0.000	0	0	0	0	0	0	0	0	0	0	0	0	0	0	0	0	0
108	108	1723	44.356	1658.380	0.900	130	164	867	484	53	130	164	867	484	53	103.174	192.800	1341	263	166	151	148	143	138	134	130	125	109	99.586	137.057	159	149	146	142	139	137	135	133	130	126	107	1	133	42.068	1667.968	0	0	0	645	701.398	0	0	147	147.549	0	0	0	0	0	0	0	0	0	0	0	0	0	0	0	0	0
109	109	756	1038.672	1660.044	0.700	71	382	257	32	5	71	382	257	32	5	108.000	119.697	126	123	122	121	121	120	119	118	117	116	113	103.237	420.843	551	499	468	454	442	431	414	395	370	334	252	0	0	0.000	0.000	0	0	0	0	0.000	0	0	0	0.000	0	0	0	0	0	0	0	0	0	0	0	0	0	0	0	0	0
110	110	1196	1267.453	1666.317	0.855	640	485	39	11	5	640	485	39	11	5	108.000	209.299	1237	341	178	168	160	154	149	144	140	134	122	103.879	2181.883	3973	3058	2773	2546	2355	2140	1942	1786	1580	1309	688	1	112	1273.997	1678.020	0	0	0	618	666.536	0	0	2394	2338.125	0	0	0	0	0	0	0	0	0	0	0	0	0	0	0	0	0
111	111	259	169.694	1675.260	0.931	10	47	111	69	15	10	47	111	69	15	105.000	135.073	153	150	146	143	139	136	132	129	126	119	110	101.000	141.486	160	156	153	150	145	142	138	134	131	128	121	0	0	0.000	0.000	0	0	0	0	0.000	0	0	0	0.000	0	0	0	0	0	0	0	0	0	0	0	0	0	0	0	0	0
112	112	1954	1117.920	1702.269	0.901	57	795	958	74	33	57	795	958	74	33	108.994	188.047	240	221	213	205	198	191	183	171	161	152	132	106.114	2292.428	3662	3188	2948	2786	2591	2376	2134	1871	1546	1293	736	0	0	0.000	0.000	0	0	0	0	0.000	0	0	0	0.000	0	0	0	0	0	0	0	0	0	0	0	0	0	0	0	0	0
113	113	1496	21.791	1711.663	0.892	63	489	742	167	10	63	489	742	167	10	102.535	129.339	162	141	139	136	133	130	128	124	119	114	106	99.988	135.665	155	146	144	142	139	137	135	133	129	121	105	0	0	0.000	0.000	0	0	0	0	0.000	0	0	0	0.000	0	0	0	0	0	0	0	0	0	0	0	0	0	0	0	0	0
114	114	522	1942.310	1719.093	0.855	33	124	224	117	15	33	124	224	117	15	105.996	151.594	181	164	160	157	154	152	150	147	143	137	127	101.000	133.285	160	147	142	137	135	133	131	128	125	121	109	0	0	0.000	0.000	0	0	0	0	0.000	0	0	0	0.000	0	0	0	0	0	0	0	0	0	0	0	0	0	0	0	0	0
115	115	1815	1167.402	1732.176	0.885	44	575	1050	112	13	44	575	1050	112	13	108.531	207.684	262	240	231	224	217	211	205	198	186	165	138	106.044	2920.012	4228	3813	3649	3489	3252	3004	2773	2537	2316	1760	904	0	0	0.000	0.000	0	0	0	0	0.000	0	0	0	0.000	0	0	0	0	0	0	0	0	0	0	0	0	0	0	0	0	0
116	116	1831	1109.423	1756.116	0.874	473	1198	73	41	22	473	1198	73	41	22	108.998	133.013	145	140	138	137	136	135	133	131	128	124	113	106.512	1150.273	2002	1652	1517	1408	1320	1229	1104	1004	796	439	164	0	0	0.000	0.000	0	0	0	0	0.000	0	0	0	0.000	0	0	0	0	0	0	0	0	0	0	0	0	0	0	0	0	0
117	117	1209	1056.794	1750.618	0.909	1012	107	51	22	11	1012	107	51	22	11	108.000	127.259	149	140	134	131	128	126	124	122	120	118	113	105.653	4579.968	8603	6522	5875	5451	5137	4779	4278	3718	3062	2303	1277	0	0	0.000	0.000	0	0	0	0	0.000	0	0	0	0.000	0	0	0	0	0	0	0	0	0	0	0	0	0	0	0	0	0
118	118	958	1245.359	1765.436	0.875	8	132	417	338	48	8	132	417	338	48	108.000	130.333	143	139	136	134	132	130	128	126	125	122	115	104.864	636.716	908	792	736	700	664	633	602	573	543	487	347	0	0	0.000	0.000	0	0	0	0	0.000	0	0	0	0.000	0	0	0	0	0	0	0	0	0	0	0	0	0	0	0	0	0
119	119	1481	1211.916	1798.086	0.884	23	174	817	384	54	23	174	817	384	54	108.891	169.860	1460	179	140	136	134	132	131	129	126	123	115	105.937	667.133	1032	888	821	769	728	689	645	587	507	398	251	1	88	1217.558	1806.813	0	0	0	614	663.591	0	0	749	727.557	0	0	0	0	0	0	0	0	0	0	0	0	0	0	0	0	0
120	120	1381	1141.993	1802.197	0.878	59	307	704	262	26	59	307	704	262	26	108.631	141.244	156	149	147	145	144	142	141	138	135	131	122	105.507	1707.692	2538	2324	2190	2036	1893	1771	1626	1469	1258	962	524	0	0	0.000	0.000	0	0	0	0	0.000	0	0	0	0.000	0	0	0	0	0	0	0	0	0	0	0	0	0	0	0	0	0
121	121	2004	1644.579	1833.519	0.878	8	361	1461	112	17	8	361	1461	112	17	108.249	539.735	6100	823	409	378	342	297	250	218	195	177	151	104.385	575.301	959	883	827	769	696	586	463	374	310	269	212	1	158	1637.617	1826.175	0	0	0	2891	3117.152	0	0	907	895.222	0	0	0	0	0	0	0	0	0	0	0	0	0	0	0	0	0
122	122	1364	1180.957	1840.479	0.888	19	269	816	208	9	19	269	816	208	9	108.444	154.216	221	184	170	162	156	151	145	140	136	132	124	105.046	726.275	1095	982	912	835	772	709	656	612	569	496	384	0	0	0.000	0.000	0	0	0	0	0.000	0	0	0	0.000	0	0	0	0	0	0	0	0	0	0	0	0	0	0	0	0	0
123	123	2327	1697.296	1863.598	0.871	147	1401	686	38	7	147	1401	686	38	7	108.113	307.591	2098	335	315	303	293	282	269	252	228	203	150	103.904	1003.337	1464	1292	1234	1177	1127	1069	987	888	751	587	320	1	73	1715.268	1860.004	0	0	0	1149	1186.767	0	0	1173	1132.274	0	0	0	0	0	0	0	0	0	0	0	0	0	0	0	0	0
124	124	1282	1844.572	1861.983	0.903	31	169	631	394	37	31	169	631	394	37	106.134	141.416	162	155	151	148	146	143	139	135	131	127	115	103.000	458.920	679	624	577	548	516	480	434	380	319	263	218	0	0	0.000	0.000	0	0	0	0	0.000	0	0	0	0.000	0	0	0	0	0	0	0	0	0	0	0	0	0	0	0	0	0
125	125	287	942.111	1864.692	0.908	18	62	75	94	29	18	62	75	94	29	107.000	132.596	153	148	142	138	135	133	131	128	123	117	111	103.000	294.122	463	424	391	354	321	283	266	236	210	172	136	0	0	0.000	0.000	0	0	0	0	0.000	0	0	0	0.000	0	0	0	0	0	0	0	0	0	0	0	0	0	0	0	0	0
126	126	606	1191.799	1870.969	0.887	101	187	242	50	10	101	187	242	50	10	108.000	123.005	143	129	127	126	124	122	121	120	119	117	111	105.112	575.510	991	754	717	695	656	607	548	482	407	331	196	0	0	0.000	0.000	0	0	0	0	0.000	0	0	0	0.000	0	0	0	0	0	0	0	0	0	0	0	0	0	0	0	0	0
127	127	1193	1546.666	1881.943	0.937	384	568	129	68	23	384	568	129	68	23	109.328	170.417	204	194	187	179	175	170	166	161	155	148	131	104.647	1690.763	2285	2142	2044	1942	1825	1730	1642	1511	1359	1156	715	0	0	0.000	0.000	0	0	0	0	0.000	0	0	0	0.000	0	0	0	0	0	0	0	0	0	0	0	0	0	0	0	0	0
128	128	1942	1654.696	1893.224	0.898	27	147	1215	487	16	27	147	1215	487	16	108.007	375.839	460	444	435	424	407	392	375	352	320	277	179	103.994	812.962	1043	983	955	932	893	853	816	761	689	556	260	0	0	0.000	0.000	0	0	0	0	0.000	0	0	0	0.000	0	0	0	0	0	0	0	0	0	0	0	0	0	0	0	0	0
129	129	2040	1742.782	1898.531	0.877	57	606	1073	253	16	57	606	1073	253	16	106.733	306.815	400	387	373	350	331	312	287	265	244	223	171	103.360	1175.545	1667	1592	1534	1432	1330	1240	1106	959	833	677	455	0	0	0.000	0.000	0	0	0	0	0.000	0	0	0	0.000	0	0	0	0	0	0	0	0	0	0	0	0	0	0	0	0	0
130	130	1543	946.257	1902.632	0.884	308	1140	50	7	5	308	1140	50	7	5	106.467	175.147	226	206	195	183	176	172	168	164	159	150	134	102.926	682.572	1105	942	838	766	710	662	613	565	526	478	328	0	0	0.000	0.000	0	0	0	0	0.000	0	0	0	0.000	0	0	0	0	0	0	0	0	0	0	0	0	0	0	0	0	0
131	131	1753	1817.662	1906.520	0.881	15	207	887	587	24	15	207	887	587	24	106.481	141.195	159	152	148	145	143	141	139	136	134	131	120	103.062	435.234	637	581	534	494	463	434	408	383	343	285	213	0	0	0.000	0.000	0	0	0	0	0.000	0	0	0	0.000	0	0	0	0	0	0	0	0	0	0	0	0	0	0	0	0	0
132	132	1711	1211.511	1919.176	0.873	131	174	355	844	172	131	174	355	844	172	108.000	133.339	210	142	139	136	134	132	130	128	125	121	113	105.880	574.181	851	741	691	653	616	581	549	502	448	395	281	1	22	1220.841	1911.569	0	0	0	191	190.500	0	0	753	751.864	0	0	0	0	0	0	0	0	0	0	0	0	0	0	0	0	0
133	133	2256	1568.249	1926.667	0.851	499	1618	91	19	11	499	1618	91	19	11	110.482	340.878	2813	450	275	266	255	245	235	224	214	208	173	104.441	1374.655	2344	2010	1856	1708	1564	1433	1308	1142	887	544	183	1	144	1581.271	1932.191	0	0	0	1394	1517.750	0	0	1807	1779.979	0	0	0	0	0	0	0	0	0	0	0	0	0	0	0	0	0
134	134	1932	1986.370	1926.799	0.810	35	583	1157	123	7	35	583	1157	123	7	104.887	149.272	173	166	163	160	158	154	148	141	134	126	111	102.984	1373.072	2066	1874	1760	1669	1554	1442	1305	1168	994	716	435	0	0	0.000	0.000	0	0	0	0	0.000	0	0	0	0.000	0	0	0	0	0	0	0	0	0	0	0	0	0	0	0	0	0
135	135	2029	1889.424	1944.190	0.886	151	950	715	147	32	151	950	715	147	32	105.339	120.180	137	129	126	123	121	119	117	116	115	114	109	102.000	124.819	141	132	130	128	126	125	123	122	120	118	109	0	0	0.000	0.000	0	0	0	0	0.000	0	0	0	0.000	0	0	0	0	0	0	0	0	0	0	0	0	0	0	0	0	0
136	136	1649	1261.689	1947.144	0.867	131	980	452	34	11	131	980	452	34	11	107.126	201.736	771	346	232	180	158	150	145	141	137	131	123	104.562	1143.532	1796	1614	1480	1376	1284	1202	1099	971	765	575	428	1	210	1251.645	1948.031	0	0	0	448	473.843	0	0	1614	1490.886	0	0	0	0	0	0	0	0	0	0	0	0	0	0	0	0	0
137	137	766	1106.591	1947.623	0.926	208	271	129	113	29	208	271	129	113	29	107.000	118.163	124	122	120	120	119	118	118	117	116	115	110	104.000	403.255	538	510	485	462	437	409	384	359	328	280	198	0	0	0.000	0.000	0	0	0	0	0.000	0	0	0	0.000	0	0	0	0	0	0	0	0	0	0	0	0	0	0	0	0	0
138	138	458	1297.034	1951.165	0.936	33	114	129	159	17	33	114	129	159	17	107.000	117.941	126	122	120	119	119	118	117	116	115	114	110	103.236	366.703	557	512	475	437	409	374	338	302	256	214	158	0	0	0.000	0.000	0	0	0	0	0.000	0	0	0	0.000	0	0	0	0	0	0	0	0	0	0	0	0	0	0	0	0	0
139	139	2234	1186.525	1981.769	0.880	1594	315	192	83	36	1594	315	192	83	36	107.082	158.393	469	186	157	153	150	147	143	141	138	133	114	104.345	241.645	351	310	293	274	255	237	220	206	193	181	143	1	117	1189.638	1970.851	0	0	0	320	330.436	0	0	223	235.564	0	0	0	0	0	0	0	0	0	0	0	0	0	0	0	0	0
140	140	1145	394.128	1978.995	0.869	116	405	359	193	47	116	405	359	193	47	104.000	205.247	604	303	232	211	200	189	172	157	144	133	112	101.000	129.455	170	147	141	136	132	128	125	121	117	113	103	1	69	405.198	1972.928	0	0	0	453	461.217	0	0	151	151.841	0	0	0	0	0	0	0	0	0	0	0	0	0	0	0	0	0
141	141	2506	1287.732	2001.644	0.856	12	674	1647	122	8	12	674	1647	122	8	105.758	185.734	1906	211	149	146	143	140	137	133	129	124	112	102.668	1214.279	1920	1688	1544	1453	1371	1276	1174	1047	848	619	271	1	119	1288.674	2012.188	0	0	0	849	902.882	0	0	1601	1560.672	0	0	0	0	0	0	0	0	0	0	0	0	0	0	0	0	0
142	142	1289	1936.003	2006.456	0.879	32	81	772	351	30	32	81	772	351	30	103.317	165.509	194	185	181	177	173	168	162	157	150	141	131	101.094	413.183	613	553	525	486	453	425	386	348	304	252	212	0	0	0.000	0.000	0	0	0	0	0.000	0	0	0	0.000	0	0	0	0	0	0	0	0	0	0	0	0	0	0	0	0	0
143	143	1311	2022.331	2022.403	0.850	35	114	536	567	33	35	114	536	567	33	101.503	162.326	1032	171	145	139	133	129	126	123	120	116	108	100.269	500.879	864	702	631	582	531	495	447	398	366	324	196	1	116	2004.592	2016.442	0	0	0	521	548.474	0	0	534	516.664	0	0	0	0	0	0	0	0	0	0	0	0	0	0	0	0	0
144	144	208	1274.706	2036.485	0.898	7	24	55	73	46	7	24	55	73	46	104.962	118.341	130	124	121	120	119	118	118	117	115	114	111	102.000	694.856	1016	896	845	796	754	720	673	625	554	452	330	0	0	0.000	0.000	0	0	0	0	0.000	0	0	0	0.000	0	0	0	0	0	0	0	0	0	0	0	0	0	0	0	0	0
