 	cell	area	x	y	circ	BFI_lev_b1	BFI_lev_b2	BFI_lev_b3	BFI_lev_b4	BFI_lev_b5	BFO_lev_b1	BFO_lev_b2	BFO_lev_b3	BFO_lev_b4	BFO_lev_b5	RFP_int_bg	RFP_int_mean	RFP_int_b0	RFP_int_b1	RFP_int_b2	RFP_int_b3	RFP_int_b4	RFP_int_b5	RFP_int_b6	RFP_int_b7	RFP_int_b8	RFP_int_b9	RFP_int_b10	GFP_int_bg	GFP_int_mean	GFP_int_b0	GFP_int_b1	GFP_int_b2	GFP_int_b3	GFP_int_b4	GFP_int_b5	GFP_int_b6	GFP_int_b7	GFP_int_b8	GFP_int_b9	GFP_int_b10	inRFPnfoci	f1_inRFParea	f1_inRFPx	f1_inRFPy	f2_inRFParea	f2_inRFPx	f2_inRFPy	f1_inRFP_toRFPmed	f1_inRFP_toRFPmean	f2_inRFP_toRFPmed	f2_inRFP_toRFPmean	f1_inRFP_toGFPmed	f1_inRFP_toGFPmean	f2_inRFP_toGFPmed	f2_inRFP_toGFPmean	inGFPnfoci	f1_inGFParea	f1_inGFPx	f1_inGFPy	f2_inGFParea	f2_inGFPx	f2_inGFPy	f1_inGFP_toRFPmed	f1_inGFP_toRFPmean	f2_inGFP_toRFPmed	f2_inGFP_toRFPmean	f1_inGFP_toGFPmed	f1_inGFP_toGFPmean	f2_inGFP_toGFPmed	f2_inGFP_toGFPmean
1	1	1170	1836.249	22.407	0.907	20	115	311	603	102	20	115	311	603	102	104.365	110.427	115	112	112	111	111	111	110	110	109	108	105	103.867	640.983	1022	930	867	798	726	654	583	515	416	315	227	0	0	0.000	0.000	0	0	0	0	0.000	0	0	0	0.000	0	0	0	0	0	0	0	0	0	0	0	0	0	0	0	0	0
2	2	1643	155.766	32.514	0.910	36	259	861	424	30	36	259	861	424	30	104.394	114.227	122	118	117	116	115	114	113	113	112	111	108	101.441	136.032	156	148	145	142	139	136	134	131	127	123	110	0	0	0.000	0.000	0	0	0	0	0.000	0	0	0	0.000	0	0	0	0	0	0	0	0	0	0	0	0	0	0	0	0	0
3	3	2393	1584.687	38.747	0.863	69	1279	902	67	26	69	1279	902	67	26	106.326	116.697	125	120	119	118	118	117	116	115	114	113	110	105.962	3246.875	5358	4722	4394	4094	3734	3319	2919	2512	2062	1617	994	0	0	0.000	0.000	0	0	0	0	0.000	0	0	0	0.000	0	0	0	0	0	0	0	0	0	0	0	0	0	0	0	0	0
4	4	1246	1380.902	30.907	0.923	756	378	50	21	12	756	378	50	21	12	106.992	130.514	154	143	139	135	132	129	127	125	123	120	114	103.000	149.516	172	162	158	155	153	150	147	144	141	137	123	0	0	0.000	0.000	0	0	0	0	0.000	0	0	0	0.000	0	0	0	0	0	0	0	0	0	0	0	0	0	0	0	0	0
5	5	2401	1125.907	39.474	0.861	20	448	1585	293	9	20	448	1585	293	9	106.802	121.429	135	126	124	123	122	121	120	119	118	117	111	103.389	1658.378	2485	2211	2098	1990	1873	1760	1620	1438	1225	884	588	0	0	0.000	0.000	0	0	0	0	0.000	0	0	0	0.000	0	0	0	0	0	0	0	0	0	0	0	0	0	0	0	0	0
6	6	499	1169.765	31.876	0.923	72	43	216	152	6	72	43	216	152	6	106.122	121.220	130	125	124	123	122	121	121	120	119	117	112	103.000	1338.407	1835	1738	1684	1627	1515	1408	1272	1135	987	816	592	0	0	0.000	0.000	0	0	0	0	0.000	0	0	0	0.000	0	0	0	0	0	0	0	0	0	0	0	0	0	0	0	0	0
7	7	1171	1751.662	36.879	0.932	25	174	527	381	40	25	174	527	381	40	105.800	115.191	125	119	118	117	117	116	114	113	112	110	107	103.145	806.270	1504	1249	1115	1023	953	898	829	670	381	149	108	0	0	0.000	0.000	0	0	0	0	0.000	0	0	0	0.000	0	0	0	0	0	0	0	0	0	0	0	0	0	0	0	0	0
8	8	1446	1708.041	39.865	0.921	65	135	779	398	46	65	135	779	398	46	106.198	130.134	427	144	120	119	118	117	116	115	114	113	109	104.332	886.005	1422	1279	1216	1135	1053	949	800	660	547	413	186	1	138	1691.425	42.581	0	0	0	256	264.739	0	0	893	864.928	0	0	0	0	0	0	0	0	0	0	0	0	0	0	0	0	0
9	9	973	518.274	48.424	0.928	57	311	484	82	14	57	311	484	82	14	106.562	112.661	116	115	114	114	113	113	112	112	111	111	109	101.000	125.369	144	132	130	128	127	126	125	123	121	118	110	0	0	0.000	0.000	0	0	0	0	0.000	0	0	0	0.000	0	0	0	0	0	0	0	0	0	0	0	0	0	0	0	0	0
10	10	2576	1064.192	59.782	0.867	46	498	1269	633	89	46	498	1269	633	89	107.724	266.540	3727	382	140	125	123	121	120	118	117	116	112	103.921	1624.571	2545	2378	2227	2055	1861	1689	1522	1288	1014	712	472	1	189	1075.285	50.747	0	0	0	1687	1809.831	0	0	2357	2334.746	0	0	0	0	0	0	0	0	0	0	0	0	0	0	0	0	0
11	11	1775	1500.897	58.321	0.881	18	331	1007	354	36	18	331	1007	354	36	106.562	136.567	150	144	142	141	139	137	135	133	131	128	120	104.984	2315.577	3659	3269	3070	2825	2587	2373	2146	1874	1584	1243	838	0	0	0.000	0.000	0	0	0	0	0.000	0	0	0	0.000	0	0	0	0	0	0	0	0	0	0	0	0	0	0	0	0	0
12	12	1199	1844.536	64.122	0.901	366	643	133	28	5	366	643	133	28	5	105.977	112.507	118	115	114	113	113	112	112	111	111	110	108	104.000	634.762	1029	930	837	783	723	648	569	490	403	336	263	0	0	0.000	0.000	0	0	0	0	0.000	0	0	0	0.000	0	0	0	0	0	0	0	0	0	0	0	0	0	0	0	0	0
13	13	1603	1398.073	71.555	0.902	424	716	216	187	26	424	716	216	187	26	107.981	174.908	1355	174	160	156	153	149	146	143	140	135	121	103.000	168.019	202	185	181	177	172	169	165	162	157	149	123	1	63	1389.714	70.819	0	0	0	651	677.968	0	0	183	181.286	0	0	0	0	0	0	0	0	0	0	0	0	0	0	0	0	0
14	14	2190	92.501	81.814	0.843	48	167	1036	833	67	48	167	1036	833	67	104.908	247.545	2376	443	154	136	132	129	127	125	122	118	109	102.412	1441.400	2340	2023	1802	1684	1577	1459	1335	1194	1024	843	446	1	228	101.269	84.099	0	0	0	1054	1159.807	0	0	2153	2095.346	0	0	0	0	0	0	0	0	0	0	0	0	0	0	0	0	0
15	15	1730	31.458	92.277	0.900	75	782	718	110	14	75	782	718	110	14	104.000	129.294	143	137	135	134	132	130	128	126	123	120	109	102.496	1526.399	2247	2043	1851	1741	1643	1537	1419	1303	1192	1050	627	0	0	0.000	0.000	0	0	0	0	0.000	0	0	0	0.000	0	0	0	0	0	0	0	0	0	0	0	0	0	0	0	0	0
16	16	1994	1138.760	96.733	0.900	84	541	1152	161	17	84	541	1152	161	17	108.005	146.923	167	159	157	154	152	149	145	141	137	132	121	104.389	823.644	1265	1126	1057	995	919	841	776	691	572	463	305	0	0	0.000	0.000	0	0	0	0	0.000	0	0	0	0.000	0	0	0	0	0	0	0	0	0	0	0	0	0	0	0	0	0
17	17	1296	1736.794	96.775	0.894	308	794	113	41	8	308	794	113	41	8	107.176	116.650	126	121	119	118	117	116	116	115	114	113	110	104.629	150.705	179	165	160	157	153	150	147	144	141	138	122	0	0	0.000	0.000	0	0	0	0	0.000	0	0	0	0.000	0	0	0	0	0	0	0	0	0	0	0	0	0	0	0	0	0
18	18	2335	1878.542	107.592	0.882	61	248	1422	536	23	61	248	1422	536	23	107.063	117.029	124	121	120	119	118	117	116	115	115	114	109	104.716	3092.380	4463	4140	3992	3813	3540	3187	2886	2558	2225	1765	820	0	0	0.000	0.000	0	0	0	0	0.000	0	0	0	0.000	0	0	0	0	0	0	0	0	0	0	0	0	0	0	0	0	0
19	19	505	1046.200	102.361	0.929	32	139	221	92	12	32	139	221	92	12	108.000	119.097	129	125	122	121	120	119	118	117	116	115	112	104.053	1209.075	1801	1680	1580	1504	1392	1283	1201	1097	845	523	220	0	0	0.000	0.000	0	0	0	0	0.000	0	0	0	0.000	0	0	0	0	0	0	0	0	0	0	0	0	0	0	0	0	0
20	20	788	1833.315	111.942	0.896	7	48	261	356	106	7	48	261	356	106	107.000	117.254	124	121	120	119	118	117	116	116	115	114	111	104.704	2205.135	3387	3083	2790	2572	2372	2174	2039	1855	1672	1388	893	0	0	0.000	0.000	0	0	0	0	0.000	0	0	0	0.000	0	0	0	0	0	0	0	0	0	0	0	0	0	0	0	0	0
21	21	912	560.639	133.094	0.820	121	451	246	67	10	121	451	246	67	10	108.000	172.265	220	201	194	191	184	174	165	156	148	138	124	101.987	129.626	152	140	136	134	133	131	129	126	122	117	108	0	0	0.000	0.000	0	0	0	0	0.000	0	0	0	0.000	0	0	0	0	0	0	0	0	0	0	0	0	0	0	0	0	0
22	22	1996	988.726	141.051	0.889	36	367	1133	390	32	36	367	1133	390	32	108.404	239.336	819	328	253	236	224	215	203	190	177	163	145	103.654	136.854	156	146	144	142	140	138	136	132	129	126	113	1	105	995.158	139.328	0	0	0	587	595.905	0	0	144	143.810	0	0	0	0	0	0	0	0	0	0	0	0	0	0	0	0	0
23	23	744	1709.433	136.836	0.914	94	231	264	119	21	94	231	264	119	21	108.000	128.831	155	148	141	135	130	126	123	121	117	115	111	108.702	221.274	378	326	285	254	228	206	191	177	162	144	125	0	0	0.000	0.000	0	0	0	0	0.000	0	0	0	0.000	0	0	0	0	0	0	0	0	0	0	0	0	0	0	0	0	0
24	24	1254	1118.609	143.376	0.903	413	694	83	30	12	413	694	83	30	12	108.432	141.644	162	156	152	148	144	141	138	135	132	130	120	104.665	806.033	1229	1140	1060	979	901	830	739	638	541	449	363	0	0	0.000	0.000	0	0	0	0	0.000	0	0	0	0.000	0	0	0	0	0	0	0	0	0	0	0	0	0	0	0	0	0
25	25	214	1652.739	138.445	0.933	23	59	65	49	12	23	59	65	49	12	108.000	115.780	120	118	117	117	116	116	115	115	114	114	112	110.687	2349.126	3859	3232	3020	2890	2758	2512	2238	1916	1562	1241	675	0	0	0.000	0.000	0	0	0	0	0.000	0	0	0	0.000	0	0	0	0	0	0	0	0	0	0	0	0	0	0	0	0	0
26	26	1863	1860.586	158.393	0.711	95	1225	497	20	1	95	1225	497	20	1	107.963	116.565	129	122	119	118	117	116	115	115	114	113	110	105.000	2292.270	4052	3402	3018	2739	2514	2305	2030	1770	1561	1215	669	0	0	0.000	0.000	0	0	0	0	0.000	0	0	0	0.000	0	0	0	0	0	0	0	0	0	0	0	0	0	0	0	0	0
27	27	1908	1631.901	178.721	0.876	74	1297	321	123	62	74	1297	321	123	62	108.565	117.635	126	121	120	119	118	118	117	116	115	114	111	112.385	2915.101	4875	4315	3931	3551	3220	2909	2580	2227	1858	1582	1073	0	0	0.000	0.000	0	0	0	0	0.000	0	0	0	0.000	0	0	0	0	0	0	0	0	0	0	0	0	0	0	0	0	0
28	28	1388	1975.048	170.074	0.896	36	167	755	374	30	36	167	755	374	30	106.169	139.932	160	153	151	148	145	142	137	133	129	124	113	103.719	1795.115	2596	2440	2339	2206	2031	1851	1680	1488	1237	1010	571	0	0	0.000	0.000	0	0	0	0	0.000	0	0	0	0.000	0	0	0	0	0	0	0	0	0	0	0	0	0	0	0	0	0
29	29	1260	1930.942	178.942	0.904	42	271	587	300	41	42	271	587	300	41	107.275	165.540	334	213	177	168	162	157	152	148	139	129	117	104.000	136.631	232	146	143	141	139	137	135	132	129	126	114	1	57	1920.587	184.255	0	0	0	288	285.018	0	0	139	139.298	0	0	0	0	0	0	0	0	0	0	0	0	0	0	0	0	0
30	30	2203	988.227	199.769	0.851	83	909	1015	138	12	83	909	1015	138	12	109.000	242.030	289	274	265	257	249	242	237	231	222	208	175	103.704	140.517	155	148	146	144	143	142	140	138	135	131	120	0	0	0.000	0.000	0	0	0	0	0.000	0	0	0	0.000	0	0	0	0	0	0	0	0	0	0	0	0	0	0	0	0	0
31	31	2134	921.910	206.936	0.887	521	1375	147	35	14	521	1375	147	35	14	109.000	119.063	132	126	124	122	119	117	117	116	115	114	111	104.000	121.456	137	128	125	123	122	121	120	119	118	116	109	0	0	0.000	0.000	0	0	0	0	0.000	0	0	0	0.000	0	0	0	0	0	0	0	0	0	0	0	0	0	0	0	0	0
32	32	1862	2017.425	210.532	0.871	58	502	1036	203	24	58	502	1036	203	24	105.889	136.393	157	149	146	143	140	137	134	131	127	122	117	104.109	1429.194	2461	2134	1957	1782	1596	1462	1309	1153	931	620	371	0	0	0.000	0.000	0	0	0	0	0.000	0	0	0	0.000	0	0	0	0	0	0	0	0	0	0	0	0	0	0	0	0	0
33	33	1967	478.269	216.652	0.894	64	509	1045	276	36	64	509	1045	276	36	107.863	409.476	3922	917	265	194	182	175	169	163	157	150	133	102.957	136.042	160	148	143	141	138	136	133	131	128	124	118	1	218	489.058	220.816	0	0	0	1936	2044.142	0	0	149	147.133	0	0	0	0	0	0	0	0	0	0	0	0	0	0	0	0	0
34	34	657	1649.773	226.215	0.917	225	123	110	137	52	225	123	110	137	52	109.772	119.269	127	123	121	120	119	119	119	118	117	116	113	113.000	4271.452	5532	5104	4833	4672	4507	4287	4087	3900	3697	3480	2720	0	0	0.000	0.000	0	0	0	0	0.000	0	0	0	0.000	0	0	0	0	0	0	0	0	0	0	0	0	0	0	0	0	0
35	35	1961	1946.199	241.726	0.865	90	651	901	225	59	90	651	901	225	59	107.828	2330.424	30020	8096	1068	286	174	158	153	149	145	141	132	103.479	142.167	199	157	146	143	141	140	139	137	135	131	105	1	263	1947.116	252.642	0	0	0	13683	14652.171	0	0	168	168.209	0	0	0	0	0	0	0	0	0	0	0	0	0	0	0	0	0
36	36	296	881.788	238.012	0.800	44	97	93	40	12	44	97	93	40	12	109.000	117.041	124	120	119	118	118	117	117	116	115	114	112	104.000	124.030	132	128	126	125	124	124	123	122	122	121	117	0	0	0.000	0.000	0	0	0	0	0.000	0	0	0	0.000	0	0	0	0	0	0	0	0	0	0	0	0	0	0	0	0	0
37	37	1861	1998.606	253.942	0.882	88	618	854	213	44	88	618	854	213	44	107.088	150.279	421	179	153	145	142	139	137	134	130	125	114	103.538	133.303	203	142	139	137	135	133	131	129	127	125	111	1	109	1995.527	246.242	0	0	0	277	288.853	0	0	137	135.330	0	0	0	0	0	0	0	0	0	0	0	0	0	0	0	0	0
38	38	1974	1094.739	259.682	0.886	49	601	1027	251	17	49	601	1027	251	17	110.000	292.737	1925	674	304	202	170	158	151	144	138	135	127	103.986	131.041	145	138	136	134	133	132	130	129	127	124	114	1	272	1083.408	262.202	0	0	0	922	996.996	0	0	132	132.114	0	0	0	0	0	0	0	0	0	0	0	0	0	0	0	0	0
39	39	2493	1684.059	264.472	0.872	1113	899	234	151	62	1113	899	234	151	62	109.560	369.261	712	497	446	419	393	370	342	317	279	244	155	112.025	179.846	273	223	199	188	179	172	166	161	158	154	143	0	0	0.000	0.000	0	0	0	0	0.000	0	0	0	0.000	0	0	0	0	0	0	0	0	0	0	0	0	0	0	0	0	0
40	40	1827	1148.723	273.780	0.869	13	152	876	693	65	13	152	876	693	65	109.240	161.859	628	196	171	161	153	147	142	137	132	128	118	103.586	130.694	147	138	136	135	133	131	130	127	125	122	112	2	83	1136.041	278.754	16	1145.704	266.222	351	367.470	234	232.375	134	133.060	134	133.812	0	0	0	0	0	0	0	0	0	0	0	0	0	0	0
41	41	1739	230.183	286.965	0.861	55	246	1079	310	16	55	246	1079	310	16	107.303	114.821	125	118	117	116	115	114	114	113	113	112	109	102.977	1011.562	1904	1608	1432	1236	1079	951	842	737	635	545	222	0	0	0.000	0.000	0	0	0	0	0.000	0	0	0	0.000	0	0	0	0	0	0	0	0	0	0	0	0	0	0	0	0	0
42	42	2282	1608.634	289.649	0.884	1858	316	41	19	6	1858	316	41	19	6	109.884	297.675	2471	661	241	166	154	152	150	147	142	137	123	111.348	1473.475	2149	1978	1896	1809	1697	1567	1421	1261	1062	757	496	1	263	1593.744	296.915	0	0	0	1129	1245.323	0	0	1859	1803.764	0	0	0	0	0	0	0	0	0	0	0	0	0	0	0	0	0
43	43	1377	1267.052	297.008	0.899	83	434	652	157	15	83	434	652	157	15	109.041	126.879	148	141	135	129	126	125	123	121	120	118	115	104.001	125.979	143	136	132	130	128	126	124	122	120	116	109	0	0	0.000	0.000	0	0	0	0	0.000	0	0	0	0.000	0	0	0	0	0	0	0	0	0	0	0	0	0	0	0	0	0
44	44	521	1066.903	290.194	0.908	27	62	121	215	78	27	62	121	215	78	109.071	120.015	127	124	123	122	121	120	119	118	116	115	112	103.000	117.317	133	124	122	121	119	118	116	114	112	110	107	0	0	0.000	0.000	0	0	0	0	0.000	0	0	0	0.000	0	0	0	0	0	0	0	0	0	0	0	0	0	0	0	0	0
45	45	1320	31.494	315.613	0.922	546	380	142	196	41	546	380	142	196	41	104.000	112.313	120	116	114	113	112	112	111	111	110	110	107	101.812	1139.816	1856	1673	1562	1440	1313	1174	1009	839	695	564	410	0	0	0.000	0.000	0	0	0	0	0.000	0	0	0	0.000	0	0	0	0	0	0	0	0	0	0	0	0	0	0	0	0	0
46	46	2217	1334.030	366.070	0.892	67	305	1179	586	39	67	305	1179	586	39	109.345	224.135	383	280	264	252	238	224	210	197	182	162	131	106.593	1578.547	2873	2479	2277	2043	1805	1544	1328	1127	941	673	347	0	0	0.000	0.000	0	0	0	0	0.000	0	0	0	0.000	0	0	0	0	0	0	0	0	0	0	0	0	0	0	0	0	0
47	47	2094	856.067	372.635	0.831	221	885	806	107	23	221	885	806	107	23	109.852	317.599	2798	660	247	181	171	165	161	158	153	143	124	105.159	1178.379	2214	1691	1508	1376	1237	1124	1035	956	869	743	327	1	225	846.994	369.274	0	0	0	1276	1396.147	0	0	1180	1234.227	0	0	0	0	0	0	0	0	0	0	0	0	0	0	0	0	0
48	48	1306	1226.673	373.614	0.893	55	135	612	457	15	55	135	612	457	15	109.760	148.724	170	161	158	155	153	151	148	144	138	133	124	105.698	281.846	357	334	320	310	300	290	276	261	243	218	174	0	0	0.000	0.000	0	0	0	0	0.000	0	0	0	0.000	0	0	0	0	0	0	0	0	0	0	0	0	0	0	0	0	0
49	49	1832	1524.323	381.245	0.867	58	292	1077	334	41	58	292	1077	334	41	109.040	238.199	1630	324	204	195	188	181	174	164	153	143	128	106.952	1139.297	1886	1655	1494	1378	1290	1167	1033	909	774	592	353	1	130	1522.098	394.503	0	0	0	861	902.138	0	0	1754	1700.738	0	0	0	0	0	0	0	0	0	0	0	0	0	0	0	0	0
50	50	2014	1281.372	391.175	0.853	123	397	1200	230	34	123	397	1200	230	34	109.945	259.942	524	350	307	277	258	244	234	223	209	185	138	106.670	136.065	404	155	137	132	130	128	126	124	123	120	110	0	0	0.000	0.000	0	0	0	0	0.000	0	0	0	0.000	0	0	0	0	0	0	0	0	0	0	0	0	0	0	0	0	0
51	51	1971	424.574	409.010	0.887	110	933	725	130	34	110	933	725	130	34	109.000	266.272	881	385	310	266	243	228	217	209	199	184	137	104.000	137.531	153	147	145	142	141	139	137	134	131	126	111	1	96	419.247	409.773	0	0	0	647	648.062	0	0	138	137.156	0	0	0	0	0	0	0	0	0	0	0	0	0	0	0	0	0
52	52	2000	1070.271	414.025	0.856	109	976	821	48	9	109	976	821	48	9	108.896	125.090	206	131	125	124	123	122	121	120	119	118	113	105.757	1735.928	2713	2304	2151	2028	1923	1777	1632	1472	1283	1067	817	1	97	1070.643	398.904	0	0	0	172	172.784	0	0	2518	2488.845	0	0	0	0	0	0	0	0	0	0	0	0	0	0	0	0	0
53	53	1967	1343.036	417.805	0.870	54	567	991	233	75	54	567	991	233	75	109.666	191.647	245	230	223	217	208	197	183	169	158	146	133	107.774	1386.764	2509	2261	2104	1923	1661	1361	1038	835	692	560	411	0	0	0.000	0.000	0	0	0	0	0.000	0	0	0	0.000	0	0	0	0	0	0	0	0	0	0	0	0	0	0	0	0	0
54	54	976	1563.188	413.967	0.874	204	555	87	62	51	204	555	87	62	51	109.474	181.506	210	201	197	193	189	184	179	172	165	158	140	107.000	932.934	1322	1206	1152	1098	1033	955	881	797	709	610	467	0	0	0.000	0.000	0	0	0	0	0.000	0	0	0	0.000	0	0	0	0	0	0	0	0	0	0	0	0	0	0	0	0	0
55	55	1589	923.646	422.049	0.890	14	214	999	314	24	14	214	999	314	24	109.789	163.605	193	181	176	172	169	165	161	156	151	143	128	106.000	1573.933	2523	2139	1939	1806	1711	1609	1492	1339	1162	970	686	0	0	0.000	0.000	0	0	0	0	0.000	0	0	0	0.000	0	0	0	0	0	0	0	0	0	0	0	0	0	0	0	0	0
56	56	2166	1208.932	431.905	0.815	11	405	1292	383	25	11	405	1292	383	25	109.934	163.254	547	195	161	155	151	147	144	141	136	132	123	105.417	256.760	384	335	309	289	271	254	239	223	205	179	151	1	137	1207.074	427.310	0	0	0	344	359.380	0	0	362	343.847	0	0	0	0	0	0	0	0	0	0	0	0	0	0	0	0	0
57	57	1695	1020.821	426.745	0.885	52	470	1020	101	26	52	470	1020	101	26	108.949	119.991	127	124	122	121	121	120	119	118	118	116	112	106.000	1973.559	2894	2608	2458	2320	2175	2027	1849	1660	1486	1279	641	0	0	0.000	0.000	0	0	0	0	0.000	0	0	0	0.000	0	0	0	0	0	0	0	0	0	0	0	0	0	0	0	0	0
58	58	1999	1501.624	429.984	0.858	216	1565	161	12	2	216	1565	161	12	2	109.676	181.251	3049	133	131	129	128	126	125	123	120	118	113	106.413	990.177	1693	1462	1351	1218	1095	988	886	777	645	489	248	1	90	1490.995	408.963	0	0	0	1270	1345.144	0	0	1320	1253.844	0	0	0	0	0	0	0	0	0	0	0	0	0	0	0	0	0
59	59	1712	1910.718	429.588	0.865	18	243	936	431	51	18	243	936	431	51	108.000	152.150	183	168	164	161	158	154	150	145	139	133	122	104.000	1083.735	1671	1499	1412	1319	1206	1092	982	873	777	640	461	0	0	0.000	0.000	0	0	0	0	0.000	0	0	0	0.000	0	0	0	0	0	0	0	0	0	0	0	0	0	0	0	0	0
60	60	1334	380.322	430.954	0.920	51	235	726	272	28	51	235	726	272	28	109.000	189.400	597	245	202	189	182	175	169	163	155	144	127	104.000	145.635	172	162	156	152	148	145	142	139	136	131	115	1	52	384.457	440.735	0	0	0	411	408.827	0	0	153	152.462	0	0	0	0	0	0	0	0	0	0	0	0	0	0	0	0	0
61	61	1278	546.939	439.744	0.879	75	211	709	251	5	75	211	709	251	5	108.815	120.085	128	125	123	122	121	120	119	118	117	115	111	104.004	242.345	327	293	275	263	255	244	233	221	209	191	148	0	0	0.000	0.000	0	0	0	0	0.000	0	0	0	0.000	0	0	0	0	0	0	0	0	0	0	0	0	0	0	0	0	0
62	62	1290	477.332	445.508	0.901	24	252	590	342	58	24	252	590	342	58	108.838	123.695	142	132	128	126	125	123	122	120	119	117	113	104.000	157.301	188	174	170	166	161	158	154	150	145	139	125	0	0	0.000	0.000	0	0	0	0	0.000	0	0	0	0.000	0	0	0	0	0	0	0	0	0	0	0	0	0	0	0	0	0
63	63	1378	414.155	461.127	0.912	146	506	519	159	16	146	506	519	159	16	109.000	213.826	376	264	239	223	215	208	200	193	187	176	142	104.000	136.649	155	146	143	141	139	137	135	133	131	127	113	0	0	0.000	0.000	0	0	0	0	0.000	0	0	0	0.000	0	0	0	0	0	0	0	0	0	0	0	0	0	0	0	0	0
64	64	2415	829.620	469.650	0.900	1222	1005	103	13	7	1222	1005	103	13	7	109.764	129.888	169	139	135	132	130	129	127	126	124	121	113	105.226	964.763	1578	1302	1213	1140	1066	1010	934	821	690	547	307	0	0	0.000	0.000	0	0	0	0	0.000	0	0	0	0.000	0	0	0	0	0	0	0	0	0	0	0	0	0	0	0	0	0
65	65	1638	1954.343	469.596	0.884	75	159	860	475	46	75	159	860	475	46	108.000	151.695	183	171	168	162	156	151	147	142	136	132	124	103.725	1149.347	1789	1580	1498	1408	1295	1188	1082	960	803	611	412	0	0	0.000	0.000	0	0	0	0	0.000	0	0	0	0.000	0	0	0	0	0	0	0	0	0	0	0	0	0	0	0	0	0
66	66	1461	1363.103	471.637	0.913	612	613	129	46	39	612	613	129	46	39	111.000	274.200	379	335	322	310	298	280	263	242	219	200	178	108.000	1060.494	1698	1445	1376	1301	1217	1119	991	874	720	543	397	0	0	0.000	0.000	0	0	0	0	0.000	0	0	0	0.000	0	0	0	0	0	0	0	0	0	0	0	0	0	0	0	0	0
67	67	277	924.468	459.808	0.935	16	42	96	92	27	16	42	96	92	27	109.466	139.000	151	148	146	143	142	139	137	135	133	130	124	105.910	885.765	1282	1176	1130	1069	989	901	845	740	682	532	349	0	0	0.000	0.000	0	0	0	0	0.000	0	0	0	0.000	0	0	0	0	0	0	0	0	0	0	0	0	0	0	0	0	0
68	68	1831	566.199	481.952	0.878	14	187	882	679	41	14	187	882	679	41	108.977	120.681	130	126	124	122	121	121	120	119	118	116	112	104.520	252.916	338	314	296	283	266	251	238	227	212	194	144	0	0	0.000	0.000	0	0	0	0	0.000	0	0	0	0.000	0	0	0	0	0	0	0	0	0	0	0	0	0	0	0	0	0
69	69	1561	1517.987	485.496	0.898	49	503	878	76	24	49	503	878	76	24	109.213	123.684	133	129	127	126	125	124	122	121	120	118	114	106.000	992.302	1725	1506	1294	1145	1046	957	877	799	698	555	399	0	0	0.000	0.000	0	0	0	0	0.000	0	0	0	0.000	0	0	0	0	0	0	0	0	0	0	0	0	0	0	0	0	0
70	70	2321	1315.421	492.002	0.892	627	1557	83	22	7	627	1557	83	22	7	110.818	189.052	343	219	207	197	191	185	179	173	167	159	141	107.622	1291.273	2322	1872	1728	1568	1405	1269	1152	1041	892	660	411	0	0	0.000	0.000	0	0	0	0	0.000	0	0	0	0.000	0	0	0	0	0	0	0	0	0	0	0	0	0	0	0	0	0
71	71	1543	1074.679	495.309	0.905	34	159	763	525	43	34	159	763	525	43	109.642	154.194	186	177	169	164	159	156	150	143	138	131	125	105.546	1567.866	2757	2486	2231	1961	1750	1570	1404	1164	904	653	441	0	0	0.000	0.000	0	0	0	0	0.000	0	0	0	0.000	0	0	0	0	0	0	0	0	0	0	0	0	0	0	0	0	0
72	72	1995	1199.532	504.476	0.825	60	165	1051	620	55	60	165	1051	620	55	109.652	346.591	2915	817	221	180	169	163	156	150	144	136	125	105.716	232.873	361	312	278	261	246	231	216	197	177	160	140	1	256	1191.776	507.642	0	0	0	1416	1510.500	0	0	329	323.438	0	0	0	0	0	0	0	0	0	0	0	0	0	0	0	0	0
73	73	1170	1027.184	491.991	0.916	39	115	265	606	121	39	115	265	606	121	109.318	170.702	191	186	183	179	177	173	169	165	158	152	140	106.000	1836.143	2540	2384	2290	2206	2099	1984	1822	1595	1346	1052	537	0	0	0.000	0.000	0	0	0	0	0.000	0	0	0	0.000	0	0	0	0	0	0	0	0	0	0	0	0	0	0	0	0	0
74	74	1696	1208.973	563.645	0.888	62	62	753	695	86	62	62	753	695	86	110.117	185.609	218	206	201	197	192	187	182	178	171	161	146	106.220	268.341	352	321	310	298	284	271	258	244	229	211	163	0	0	0.000	0.000	0	0	0	0	0.000	0	0	0	0.000	0	0	0	0	0	0	0	0	0	0	0	0	0	0	0	0	0
75	75	1753	287.634	571.996	0.905	199	856	608	43	5	199	856	608	43	5	107.904	122.792	141	132	129	125	123	121	120	119	118	116	112	104.221	2694.347	4732	3657	3280	3081	2937	2741	2546	2322	2060	1631	687	0	0	0.000	0.000	0	0	0	0	0.000	0	0	0	0.000	0	0	0	0	0	0	0	0	0	0	0	0	0	0	0	0	0
76	76	626	1050.349	568.393	0.923	36	93	293	175	22	36	93	293	175	22	111.000	145.182	167	160	156	152	148	144	141	138	135	132	126	105.353	488.529	711	648	603	568	539	499	458	415	367	319	236	0	0	0.000	0.000	0	0	0	0	0.000	0	0	0	0.000	0	0	0	0	0	0	0	0	0	0	0	0	0	0	0	0	0
77	77	1724	1092.675	581.652	0.832	36	95	721	779	60	36	95	721	779	60	110.879	249.894	2401	297	202	189	176	168	162	156	150	144	121	106.189	723.335	1152	1053	963	877	797	725	655	571	479	388	213	1	117	1096.748	590.688	0	0	0	1068	1196.256	0	0	1035	991.376	0	0	0	0	0	0	0	0	0	0	0	0	0	0	0	0	0
78	78	1532	686.725	586.260	0.869	57	102	500	803	44	57	102	500	803	44	110.493	134.377	146	142	140	138	136	134	133	131	129	127	120	105.392	1087.066	1594	1442	1360	1285	1198	1105	1033	949	832	672	388	0	0	0.000	0.000	0	0	0	0	0.000	0	0	0	0.000	0	0	0	0	0	0	0	0	0	0	0	0	0	0	0	0	0
79	79	761	170.636	587.854	0.880	46	215	321	136	23	46	215	321	136	23	107.000	187.001	293	243	210	199	193	186	178	167	154	140	122	103.832	151.289	200	179	169	161	157	153	148	140	132	122	108	0	0	0.000	0.000	0	0	0	0	0.000	0	0	0	0.000	0	0	0	0	0	0	0	0	0	0	0	0	0	0	0	0	0
80	80	1889	612.656	599.802	0.892	46	318	1041	420	29	46	318	1041	420	29	109.782	193.725	238	221	216	211	207	201	194	182	165	153	138	105.425	1504.891	2229	2022	1925	1815	1703	1587	1451	1294	1080	818	514	0	0	0.000	0.000	0	0	0	0	0.000	0	0	0	0.000	0	0	0	0	0	0	0	0	0	0	0	0	0	0	0	0	0
81	81	1702	1159.796	596.259	0.867	37	472	981	169	16	37	472	981	169	16	110.998	135.472	158	149	141	138	136	134	133	131	129	126	118	106.957	1576.843	2089	1930	1867	1802	1724	1630	1526	1421	1290	1126	728	0	0	0.000	0.000	0	0	0	0	0.000	0	0	0	0.000	0	0	0	0	0	0	0	0	0	0	0	0	0	0	0	0	0
82	82	1229	520.782	601.268	0.885	40	161	532	437	28	40	161	532	437	28	109.842	171.766	222	194	188	184	180	174	168	162	153	143	129	104.439	123.147	134	129	127	126	125	124	123	121	119	116	110	0	0	0.000	0.000	0	0	0	0	0.000	0	0	0	0.000	0	0	0	0	0	0	0	0	0	0	0	0	0	0	0	0	0
83	83	1809	1833.858	607.011	0.860	24	303	868	481	99	24	303	868	481	99	110.000	122.025	139	127	125	123	122	121	121	120	119	117	113	103.000	139.041	172	155	149	145	142	139	135	132	129	125	118	0	0	0.000	0.000	0	0	0	0	0.000	0	0	0	0.000	0	0	0	0	0	0	0	0	0	0	0	0	0	0	0	0	0
84	84	1630	1031.125	608.756	0.870	71	474	874	174	18	71	474	874	174	18	110.885	188.375	1017	191	181	177	173	170	165	160	154	147	131	106.614	671.250	960	878	826	774	723	678	631	582	528	442	334	1	70	1024.266	624.124	0	0	0	563	572.514	0	0	870	842.129	0	0	0	0	0	0	0	0	0	0	0	0	0	0	0	0	0
85	85	497	1879.945	607.193	0.914	61	217	142	55	12	61	217	142	55	12	109.028	121.885	131	127	125	124	123	122	121	120	118	117	112	103.000	113.799	120	118	117	116	115	114	113	112	111	110	106	0	0	0.000	0.000	0	0	0	0	0.000	0	0	0	0.000	0	0	0	0	0	0	0	0	0	0	0	0	0	0	0	0	0
86	86	437	1123.263	602.994	0.914	26	108	247	45	6	26	108	247	45	6	111.000	127.993	147	135	132	130	129	128	127	125	123	121	117	107.135	994.238	1529	1426	1331	1245	1159	1073	981	875	654	365	154	0	0	0.000	0.000	0	0	0	0	0.000	0	0	0	0.000	0	0	0	0	0	0	0	0	0	0	0	0	0	0	0	0	0
87	87	975	1475.866	617.816	0.821	12	246	566	121	12	12	246	566	121	12	110.000	232.784	1980	228	223	220	216	210	204	201	197	192	162	107.862	2881.717	3873	3569	3383	3250	3088	2874	2702	2537	2401	2243	1599	0	0	0.000	0.000	0	0	0	0	0.000	0	0	0	0.000	0	0	0	0	0	0	0	0	0	0	0	0	0	0	0	0	0
88	88	1872	477.451	624.349	0.900	90	1248	427	52	14	90	1248	427	52	14	109.841	1112.331	18038	2582	405	211	192	188	182	175	166	156	139	103.973	127.109	172	133	130	128	127	126	125	123	122	120	111	1	179	485.032	632.623	0	0	0	7929	8580.883	0	0	145	146.458	0	0	0	0	0	0	0	0	0	0	0	0	0	0	0	0	0
89	89	2103	1527.281	623.308	0.867	362	1637	53	30	9	362	1637	53	30	9	110.285	244.274	3131	199	176	168	163	159	155	149	140	130	120	107.410	1827.786	3248	2888	2592	2301	2086	1897	1682	1414	984	630	398	1	151	1529.281	604.169	0	0	0	1467	1580.596	0	0	3015	2847.384	0	0	0	0	0	0	0	0	0	0	0	0	0	0	0	0	0
90	90	1514	566.995	634.139	0.895	19	295	864	262	46	19	295	864	262	46	109.939	986.581	10049	3245	677	261	215	201	189	182	172	163	143	105.000	1362.264	2102	1915	1756	1626	1487	1365	1251	1134	971	783	555	1	235	560.244	640.511	0	0	0	4350	4875.855	0	0	1873	1824.285	0	0	0	0	0	0	0	0	0	0	0	0	0	0	0	0	0
91	91	1322	1788.922	634.362	0.862	20	268	605	346	58	20	268	605	346	58	110.000	122.388	129	126	125	124	123	123	122	121	120	118	114	103.008	146.017	171	159	156	153	150	147	144	140	136	131	120	0	0	0.000	0.000	0	0	0	0	0.000	0	0	0	0.000	0	0	0	0	0	0	0	0	0	0	0	0	0	0	0	0	0
92	92	1525	1153.711	647.814	0.875	74	627	675	101	15	74	627	675	101	15	111.184	189.793	216	207	203	198	194	191	188	183	178	170	151	107.890	1318.677	1718	1580	1489	1442	1399	1351	1296	1226	1131	1009	804	0	0	0.000	0.000	0	0	0	0	0.000	0	0	0	0.000	0	0	0	0	0	0	0	0	0	0	0	0	0	0	0	0	0
93	93	1702	2006.501	659.410	0.876	481	1083	66	36	20	481	1083	66	36	20	109.000	116.441	124	120	118	117	117	116	116	115	114	114	111	104.282	818.424	1535	1281	1129	998	882	778	687	592	506	434	348	0	0	0.000	0.000	0	0	0	0	0.000	0	0	0	0.000	0	0	0	0	0	0	0	0	0	0	0	0	0	0	0	0	0
94	94	708	1340.720	655.555	0.905	36	301	224	91	37	36	301	224	91	37	110.000	116.799	123	119	118	118	117	117	116	116	116	115	111	110.486	127.970	137	134	132	131	130	128	127	126	124	122	117	0	0	0.000	0.000	0	0	0	0	0.000	0	0	0	0.000	0	0	0	0	0	0	0	0	0	0	0	0	0	0	0	0	0
95	95	1477	1100.658	664.423	0.863	45	467	709	202	32	45	467	709	202	32	111.244	165.719	205	195	189	183	176	167	156	149	143	136	126	109.000	943.146	1552	1470	1372	1259	1137	953	769	625	521	407	294	0	0	0.000	0.000	0	0	0	0	0.000	0	0	0	0.000	0	0	0	0	0	0	0	0	0	0	0	0	0	0	0	0	0
96	96	2173	1544.965	680.965	0.879	78	202	1481	361	12	78	202	1481	361	12	109.974	172.103	208	192	188	185	180	175	170	164	155	146	133	107.503	2415.942	3763	3455	3223	3046	2808	2602	2317	1989	1545	1047	599	0	0	0.000	0.000	0	0	0	0	0.000	0	0	0	0.000	0	0	0	0	0	0	0	0	0	0	0	0	0	0	0	0	0
97	97	1676	1374.649	680.987	0.895	139	545	823	127	13	139	545	823	127	13	110.000	118.756	126	122	121	120	119	119	118	117	117	116	113	111.000	140.415	160	149	147	144	142	140	138	136	134	132	123	0	0	0.000	0.000	0	0	0	0	0.000	0	0	0	0.000	0	0	0	0	0	0	0	0	0	0	0	0	0	0	0	0	0
98	98	434	191.687	672.385	0.900	84	169	101	42	29	84	169	101	42	29	108.000	183.122	234	222	214	206	197	183	172	162	152	144	133	105.947	1243.654	1681	1525	1454	1402	1344	1286	1204	1126	1039	910	678	0	0	0.000	0.000	0	0	0	0	0.000	0	0	0	0.000	0	0	0	0	0	0	0	0	0	0	0	0	0	0	0	0	0
99	99	1531	1305.569	700.593	0.864	52	411	795	213	24	52	411	795	213	24	110.000	138.333	209	179	156	139	131	127	126	124	122	120	115	109.750	1286.233	1927	1753	1627	1510	1393	1258	1160	1082	969	827	625	0	0	0.000	0.000	0	0	0	0	0.000	0	0	0	0.000	0	0	0	0	0	0	0	0	0	0	0	0	0	0	0	0	0
100	100	1828	163.043	700.580	0.894	114	221	1373	94	14	114	221	1373	94	14	107.504	203.454	248	231	224	218	213	208	202	192	181	170	141	106.206	1743.858	2591	2295	2169	2050	1925	1809	1684	1563	1332	991	716	0	0	0.000	0.000	0	0	0	0	0.000	0	0	0	0.000	0	0	0	0	0	0	0	0	0	0	0	0	0	0	0	0	0
101	101	1725	1423.069	697.151	0.890	68	352	954	274	43	68	352	954	274	43	110.352	215.230	1815	330	169	151	148	146	142	137	131	127	118	110.390	2354.569	3925	3513	3256	2975	2652	2332	2070	1737	1431	1195	730	1	145	1425.594	704.407	0	0	0	791	861.338	0	0	1970	2055.993	0	0	0	0	0	0	0	0	0	0	0	0	0	0	0	0	0
102	102	1885	1128.803	706.787	0.860	283	1301	246	20	10	283	1301	246	20	10	112.000	142.837	161	155	151	148	145	142	140	137	135	132	124	108.778	1678.892	3379	2874	2540	2157	1753	1477	1240	1091	960	828	506	0	0	0.000	0.000	0	0	0	0	0.000	0	0	0	0.000	0	0	0	0	0	0	0	0	0	0	0	0	0	0	0	0	0
103	103	2369	225.874	731.763	0.880	90	1897	273	47	23	90	1897	273	47	23	108.407	208.062	268	246	234	226	218	209	199	190	180	172	145	106.652	1304.392	2049	1832	1690	1564	1439	1314	1178	1044	916	774	539	0	0	0.000	0.000	0	0	0	0	0.000	0	0	0	0.000	0	0	0	0	0	0	0	0	0	0	0	0	0	0	0	0	0
104	104	276	125.140	710.358	0.914	12	62	111	73	13	12	62	111	73	13	106.822	153.272	176	170	166	161	158	153	149	146	142	136	128	105.257	1059.649	1477	1408	1337	1268	1190	1089	990	886	770	686	509	0	0	0.000	0.000	0	0	0	0	0.000	0	0	0	0.000	0	0	0	0	0	0	0	0	0	0	0	0	0	0	0	0	0
105	105	459	1539.929	721.849	0.907	31	87	117	178	38	31	87	117	178	38	110.211	137.747	166	150	146	143	141	138	135	132	129	126	119	107.268	1342.096	2135	1967	1792	1672	1564	1418	1247	1051	837	623	336	0	0	0.000	0.000	0	0	0	0	0.000	0	0	0	0.000	0	0	0	0	0	0	0	0	0	0	0	0	0	0	0	0	0
106	106	1690	1368.388	745.443	0.898	476	923	156	81	27	476	923	156	81	27	110.887	120.115	128	124	122	121	121	120	119	119	118	117	114	110.830	182.543	391	268	225	192	169	157	152	147	142	138	129	0	0	0.000	0.000	0	0	0	0	0.000	0	0	0	0.000	0	0	0	0	0	0	0	0	0	0	0	0	0	0	0	0	0
107	107	1954	1089.947	747.607	0.867	1224	487	165	41	6	1224	487	165	41	6	111.379	148.700	172	160	156	154	152	149	146	143	140	136	127	108.020	2251.808	3892	3167	2917	2752	2544	2337	2093	1824	1533	1196	598	0	0	0.000	0.000	0	0	0	0	0.000	0	0	0	0.000	0	0	0	0	0	0	0	0	0	0	0	0	0	0	0	0	0
108	108	1347	2017.239	738.055	0.895	47	354	793	131	6	47	354	793	131	6	107.736	119.321	144	130	123	119	118	117	116	116	115	114	110	104.022	1122.483	1862	1635	1511	1385	1269	1137	1030	888	747	546	326	0	0	0.000	0.000	0	0	0	0	0.000	0	0	0	0.000	0	0	0	0	0	0	0	0	0	0	0	0	0	0	0	0	0
109	109	2777	1297.443	752.165	0.858	134	740	1593	221	37	134	740	1593	221	37	110.729	332.990	2606	774	354	215	175	163	156	151	145	135	120	108.764	3240.589	5499	4491	4119	3931	3688	3389	3145	2711	2160	1615	579	1	340	1298.766	756.644	0	0	0	1162	1295.400	0	0	3930	3740.979	0	0	0	0	0	0	0	0	0	0	0	0	0	0	0	0	0
110	110	1429	116.801	754.103	0.907	53	699	617	24	6	53	699	617	24	6	107.024	155.964	176	168	164	163	161	158	155	151	146	140	129	105.190	3034.768	4178	3863	3676	3480	3255	3060	2862	2645	2456	2160	1517	0	0	0.000	0.000	0	0	0	0	0.000	0	0	0	0.000	0	0	0	0	0	0	0	0	0	0	0	0	0	0	0	0	0
111	111	1519	1418.915	750.403	0.864	20	87	611	701	77	20	87	611	701	77	111.000	146.945	170	163	158	153	150	147	144	140	136	131	121	109.903	2874.124	4367	4053	3763	3413	3152	2904	2698	2478	2161	1599	511	0	0	0.000	0.000	0	0	0	0	0.000	0	0	0	0.000	0	0	0	0	0	0	0	0	0	0	0	0	0	0	0	0	0
112	112	1603	996.717	757.260	0.927	186	1050	293	38	8	186	1050	293	38	8	110.000	137.551	165	151	145	142	139	137	135	133	130	125	117	105.754	151.000	176	163	159	157	155	152	150	148	144	136	120	0	0	0.000	0.000	0	0	0	0	0.000	0	0	0	0.000	0	0	0	0	0	0	0	0	0	0	0	0	0	0	0	0	0
113	113	1127	1459.567	768.703	0.902	307	671	102	19	9	307	671	102	19	9	111.256	144.933	191	173	163	152	144	140	137	133	129	126	120	107.744	2274.868	4183	3503	3100	2739	2443	2232	1945	1679	1476	1242	643	0	0	0.000	0.000	0	0	0	0	0.000	0	0	0	0.000	0	0	0	0	0	0	0	0	0	0	0	0	0	0	0	0	0
114	114	1776	1718.592	772.353	0.913	408	1261	46	23	21	408	1261	46	23	21	110.000	121.877	142	133	126	122	121	120	119	118	117	116	114	104.993	1237.027	1922	1719	1555	1425	1337	1251	1171	1068	916	727	418	0	0	0.000	0.000	0	0	0	0	0.000	0	0	0	0.000	0	0	0	0	0	0	0	0	0	0	0	0	0	0	0	0	0
115	115	2491	273.872	780.283	0.898	60	626	1615	125	28	60	626	1615	125	28	109.016	229.495	292	275	267	255	243	231	220	210	199	179	131	104.999	1669.415	2543	2335	2200	2042	1876	1720	1560	1384	1164	874	403	0	0	0.000	0.000	0	0	0	0	0.000	0	0	0	0.000	0	0	0	0	0	0	0	0	0	0	0	0	0	0	0	0	0
116	116	1440	1667.113	775.752	0.918	133	1168	107	7	7	133	1168	107	7	7	110.066	122.178	137	131	127	124	122	121	120	119	118	117	113	105.000	652.638	1027	869	808	759	703	653	609	559	495	416	265	0	0	0.000	0.000	0	0	0	0	0.000	0	0	0	0.000	0	0	0	0	0	0	0	0	0	0	0	0	0	0	0	0	0
117	117	1520	1511.483	783.809	0.889	41	210	943	281	13	41	210	943	281	13	111.436	124.616	169	135	126	124	123	122	121	120	120	119	115	106.482	1844.447	3012	2620	2424	2215	2010	1824	1635	1464	1269	1103	838	1	72	1513.188	799.037	0	0	0	155	155.083	0	0	2543	2528.500	0	0	0	0	0	0	0	0	0	0	0	0	0	0	0	0	0
118	118	1060	223.706	781.678	0.897	165	387	428	48	15	165	387	428	48	15	108.891	138.579	156	151	146	143	140	138	135	133	131	128	122	105.990	149.326	229	167	158	153	150	147	144	141	138	135	126	0	0	0.000	0.000	0	0	0	0	0.000	0	0	0	0.000	0	0	0	0	0	0	0	0	0	0	0	0	0	0	0	0	0
119	119	1192	1134.418	788.819	0.855	48	295	558	225	38	48	295	558	225	38	110.773	163.228	343	223	182	167	155	149	143	137	131	126	121	105.934	126.644	156	139	133	130	127	125	123	121	120	117	110	1	99	1133.071	798.417	0	0	0	274	273.869	0	0	128	129.152	0	0	0	0	0	0	0	0	0	0	0	0	0	0	0	0	0
120	120	1666	1768.109	799.086	0.882	139	132	487	793	90	139	132	487	793	90	110.000	119.289	128	123	121	121	120	119	118	118	117	116	112	105.000	1286.452	1979	1798	1602	1476	1357	1276	1190	1084	971	834	472	0	0	0.000	0.000	0	0	0	0	0.000	0	0	0	0.000	0	0	0	0	0	0	0	0	0	0	0	0	0	0	0	0	0
121	121	1851	136.674	811.837	0.871	28	349	1187	229	20	28	349	1187	229	20	107.760	141.415	165	153	150	146	143	141	138	135	133	131	122	104.888	1764.868	3515	2836	2464	2185	1915	1669	1429	1212	1018	861	692	0	0	0.000	0.000	0	0	0	0	0.000	0	0	0	0.000	0	0	0	0	0	0	0	0	0	0	0	0	0	0	0	0	0
122	122	2078	861.594	805.967	0.913	182	1214	547	71	20	182	1214	547	71	20	111.000	195.917	900	217	208	202	197	190	181	170	160	147	133	104.738	622.444	902	842	809	773	735	675	604	510	406	314	226	1	50	841.561	800.171	0	0	0	567	550.700	0	0	769	747.500	0	0	0	0	0	0	0	0	0	0	0	0	0	0	0	0	0
123	123	1062	1427.822	799.619	0.881	149	396	307	157	32	149	396	307	157	32	111.144	188.115	298	237	221	211	198	185	175	162	150	138	122	107.713	150.485	205	174	165	160	155	151	146	140	132	126	120	0	0	0.000	0.000	0	0	0	0	0.000	0	0	0	0.000	0	0	0	0	0	0	0	0	0	0	0	0	0	0	0	0	0
124	124	1809	789.635	818.496	0.885	387	1121	218	49	6	387	1121	218	49	6	110.974	176.022	211	200	193	185	178	173	169	166	162	157	144	105.000	543.978	781	702	656	604	566	536	509	481	447	403	308	0	0	0.000	0.000	0	0	0	0	0.000	0	0	0	0.000	0	0	0	0	0	0	0	0	0	0	0	0	0	0	0	0	0
125	125	2793	45.240	840.572	0.857	77	1124	1377	148	15	77	1124	1377	148	15	105.615	116.156	131	122	120	118	116	115	114	113	112	112	109	102.432	658.900	1068	921	826	774	716	657	607	541	477	401	288	0	0	0.000	0.000	0	0	0	0	0.000	0	0	0	0.000	0	0	0	0	0	0	0	0	0	0	0	0	0	0	0	0	0
126	126	1010	184.858	822.282	0.904	37	81	384	402	88	37	81	384	402	88	108.246	149.413	172	163	160	157	154	151	148	143	138	133	124	105.344	656.293	893	814	779	739	709	676	641	592	535	463	334	0	0	0.000	0.000	0	0	0	0	0.000	0	0	0	0.000	0	0	0	0	0	0	0	0	0	0	0	0	0	0	0	0	0
127	127	565	1800.576	824.531	0.915	50	174	222	91	11	50	174	222	91	11	110.000	118.377	126	123	121	120	118	118	117	117	116	115	113	104.292	849.273	1202	1087	1033	994	955	915	842	761	635	509	333	0	0	0.000	0.000	0	0	0	0	0.000	0	0	0	0.000	0	0	0	0	0	0	0	0	0	0	0	0	0	0	0	0	0
128	128	1273	1507.222	835.383	0.900	40	60	521	579	44	40	60	521	579	44	111.791	120.575	126	124	123	122	121	121	120	119	118	117	113	106.000	1674.742	2588	2436	2256	2069	1901	1735	1551	1330	1087	810	587	0	0	0.000	0.000	0	0	0	0	0.000	0	0	0	0.000	0	0	0	0	0	0	0	0	0	0	0	0	0	0	0	0	0
129	129	1763	1941.413	844.228	0.856	16	338	937	419	30	16	338	937	419	30	108.666	317.123	3193	632	205	165	157	153	149	145	140	135	125	103.009	185.039	247	224	212	203	193	183	174	165	157	150	136	1	180	1931.032	841.189	0	0	0	1442	1567.144	0	0	220	212.906	0	0	0	0	0	0	0	0	0	0	0	0	0	0	0	0	0
130	130	1400	220.079	856.347	0.904	101	654	488	120	19	101	654	488	120	19	108.451	150.501	178	168	162	157	154	151	148	143	139	134	125	104.926	597.324	926	845	774	712	658	614	564	495	417	333	216	0	0	0.000	0.000	0	0	0	0	0.000	0	0	0	0.000	0	0	0	0	0	0	0	0	0	0	0	0	0	0	0	0	0
131	131	2375	749.954	872.742	0.864	152	1455	652	54	9	152	1455	652	54	9	111.051	163.130	208	191	178	172	166	161	157	153	149	140	127	105.071	526.150	905	778	701	627	567	515	467	411	363	297	203	0	0	0.000	0.000	0	0	0	0	0.000	0	0	0	0.000	0	0	0	0	0	0	0	0	0	0	0	0	0	0	0	0	0
132	132	1963	1888.691	868.218	0.883	26	761	990	138	9	26	761	990	138	9	109.999	147.785	167	161	158	155	152	150	147	143	137	131	124	103.000	170.659	214	196	191	186	180	174	168	159	148	138	126	0	0	0.000	0.000	0	0	0	0	0.000	0	0	0	0.000	0	0	0	0	0	0	0	0	0	0	0	0	0	0	0	0	0
133	133	1366	167.376	866.344	0.892	73	160	428	593	86	73	160	428	593	86	107.880	155.014	185	174	169	165	161	156	152	147	141	133	120	105.000	654.740	1007	888	798	732	691	658	624	580	516	417	289	0	0	0.000	0.000	0	0	0	0	0.000	0	0	0	0.000	0	0	0	0	0	0	0	0	0	0	0	0	0	0	0	0	0
134	134	2523	606.810	872.973	0.898	1827	406	176	68	26	1827	406	176	68	26	110.924	152.816	184	175	169	162	157	153	149	144	138	129	121	109.263	2810.266	4142	3698	3504	3320	3115	2854	2651	2481	2239	1672	943	0	0	0.000	0.000	0	0	0	0	0.000	0	0	0	0.000	0	0	0	0	0	0	0	0	0	0	0	0	0	0	0	0	0
135	135	1657	1322.584	876.697	0.908	132	505	850	120	15	132	505	850	120	15	111.170	118.467	128	123	120	119	119	118	117	117	116	115	113	104.691	206.592	287	245	234	224	216	207	198	189	181	166	131	0	0	0.000	0.000	0	0	0	0	0.000	0	0	0	0.000	0	0	0	0	0	0	0	0	0	0	0	0	0	0	0	0	0
136	136	1520	858.147	877.225	0.886	64	392	886	140	6	64	392	886	140	6	111.000	148.761	177	165	160	156	153	150	147	143	137	130	123	103.959	121.773	133	127	125	124	123	122	121	120	118	116	109	0	0	0.000	0.000	0	0	0	0	0.000	0	0	0	0.000	0	0	0	0	0	0	0	0	0	0	0	0	0	0	0	0	0
137	137	2489	1556.236	884.641	0.892	2416	30	17	12	11	2416	30	17	12	11	111.000	124.290	145	131	127	125	124	123	122	121	121	119	114	106.000	2206.051	3553	3078	2904	2695	2498	2275	2039	1743	1493	1181	673	0	0	0.000	0.000	0	0	0	0	0.000	0	0	0	0.000	0	0	0	0	0	0	0	0	0	0	0	0	0	0	0	0	0
138	138	359	136.789	877.869	0.916	27	72	133	89	35	27	72	133	89	35	107.357	160.142	176	172	170	166	164	161	158	156	151	147	135	104.028	511.287	721	655	613	587	559	525	488	442	397	353	276	0	0	0.000	0.000	0	0	0	0	0.000	0	0	0	0.000	0	0	0	0	0	0	0	0	0	0	0	0	0	0	0	0	0
139	139	2277	2024.151	913.310	0.868	835	1319	47	11	12	835	1319	47	11	12	108.124	134.052	391	149	128	126	125	124	122	121	120	118	113	104.966	2457.249	3422	3143	2955	2794	2674	2564	2428	2247	1937	1555	877	1	151	2012.840	913.108	0	0	0	250	256.199	0	0	1859	1917.219	0	0	0	0	0	0	0	0	0	0	0	0	0	0	0	0	0
140	140	1661	574.409	921.376	0.889	1404	126	67	29	20	1404	126	67	29	20	109.932	260.320	3068	380	142	136	134	132	130	128	125	122	117	109.573	1171.021	2174	1900	1660	1468	1286	1127	964	820	691	588	322	1	140	587.419	918.553	0	0	0	1357	1455.529	0	0	1746	1667.479	0	0	0	0	0	0	0	0	0	0	0	0	0	0	0	0	0
141	141	2103	781.442	922.356	0.904	31	631	1108	259	23	31	631	1108	259	23	111.000	169.020	208	193	183	178	174	171	165	159	151	144	131	105.084	575.410	903	795	717	653	611	583	547	503	431	344	253	0	0	0.000	0.000	0	0	0	0	0.000	0	0	0	0.000	0	0	0	0	0	0	0	0	0	0	0	0	0	0	0	0	0
142	142	1896	222.122	921.585	0.887	63	518	909	332	40	63	518	909	332	40	107.892	146.857	160	156	154	152	151	149	148	145	139	133	122	104.593	1364.374	1875	1746	1642	1573	1487	1396	1309	1202	1082	938	570	0	0	0.000	0.000	0	0	0	0	0.000	0	0	0	0.000	0	0	0	0	0	0	0	0	0	0	0	0	0	0	0	0	0
143	143	2039	1439.115	925.340	0.841	40	376	1473	103	8	40	376	1473	103	8	112.000	189.723	362	225	208	199	189	181	176	170	164	157	137	105.132	166.305	202	189	182	177	172	166	161	155	150	144	129	1	21	1434.404	925.609	0	0	0	339	338.619	0	0	184	181.190	0	0	0	0	0	0	0	0	0	0	0	0	0	0	0	0	0
144	144	1444	839.914	932.231	0.888	24	89	811	440	47	24	89	811	440	47	110.620	159.400	189	174	170	167	164	161	157	153	147	142	133	104.000	124.015	145	131	129	127	126	125	123	121	120	115	106	0	0	0.000	0.000	0	0	0	0	0.000	0	0	0	0.000	0	0	0	0	0	0	0	0	0	0	0	0	0	0	0	0	0
145	145	2153	163.555	932.116	0.912	65	511	1066	412	43	65	511	1066	412	43	107.531	157.760	249	185	168	164	160	157	152	145	139	131	120	104.333	1349.242	2107	1938	1827	1710	1592	1437	1258	1034	828	589	428	0	0	0.000	0.000	0	0	0	0	0.000	0	0	0	0.000	0	0	0	0	0	0	0	0	0	0	0	0	0	0	0	0	0
146	146	2342	331.551	944.796	0.879	386	1262	503	113	22	386	1262	503	113	22	109.000	120.640	128	125	123	122	121	121	120	119	118	117	113	104.668	2259.058	4380	3468	3122	2829	2488	2157	1867	1626	1398	1170	731	0	0	0.000	0.000	0	0	0	0	0.000	0	0	0	0.000	0	0	0	0	0	0	0	0	0	0	0	0	0	0	0	0	0
147	147	1384	1507.765	946.219	0.908	41	55	184	989	93	41	55	184	989	93	111.000	128.314	138	133	132	131	130	129	128	127	125	123	116	105.583	293.254	408	380	354	332	313	292	276	254	232	208	167	0	0	0.000	0.000	0	0	0	0	0.000	0	0	0	0.000	0	0	0	0	0	0	0	0	0	0	0	0	0	0	0	0	0
148	148	227	1477.552	940.906	0.893	83	50	41	27	24	83	50	41	27	24	111.793	124.529	159	144	134	127	123	119	118	117	116	115	112	105.260	116.485	133	128	123	120	117	115	114	112	110	109	103	0	0	0.000	0.000	0	0	0	0	0.000	0	0	0	0.000	0	0	0	0	0	0	0	0	0	0	0	0	0	0	0	0	0
149	149	1704	692.570	960.634	0.922	1094	185	154	190	63	1094	185	154	190	63	110.000	120.136	135	127	124	121	120	119	118	117	117	116	113	107.663	925.833	1460	1327	1223	1114	1019	928	823	715	622	552	369	0	0	0.000	0.000	0	0	0	0	0.000	0	0	0	0.000	0	0	0	0	0	0	0	0	0	0	0	0	0	0	0	0	0
150	150	2334	2001.428	964.619	0.873	986	1183	54	43	11	986	1183	54	43	11	108.844	224.032	1818	442	150	129	125	123	121	120	119	117	113	104.811	2331.163	3794	3343	3142	2933	2699	2480	2201	1884	1465	1006	629	1	272	1998.372	950.222	0	0	0	839	904.724	0	0	2834	2738.088	0	0	0	0	0	0	0	0	0	0	0	0	0	0	0	0	0
151	151	2042	1399.445	977.925	0.816	30	472	1253	221	25	30	472	1253	221	25	111.975	199.440	1661	214	174	168	163	156	149	142	136	130	122	104.811	159.931	202	186	179	174	169	162	155	146	138	131	120	1	120	1402.558	969.627	0	0	0	757	828.067	0	0	180	181.158	0	0	0	0	0	0	0	0	0	0	0	0	0	0	0	0	0
152	152	1369	592.354	965.759	0.913	516	360	248	158	66	516	360	248	158	66	109.989	131.086	149	141	137	135	133	131	129	127	124	122	114	109.305	1694.881	2422	2228	2133	2023	1906	1771	1631	1478	1317	994	520	0	0	0.000	0.000	0	0	0	0	0.000	0	0	0	0.000	0	0	0	0	0	0	0	0	0	0	0	0	0	0	0	0	0
153	153	1905	1700.974	971.132	0.900	415	1378	64	11	9	415	1378	64	11	9	110.690	174.673	206	195	191	187	182	177	173	166	158	148	132	104.894	1368.822	2757	2149	1771	1538	1351	1233	1131	1046	969	890	516	0	0	0.000	0.000	0	0	0	0	0.000	0	0	0	0.000	0	0	0	0	0	0	0	0	0	0	0	0	0	0	0	0	0
154	154	1841	1456.271	969.457	0.872	47	656	934	142	20	47	656	934	142	20	111.979	126.910	135	132	130	129	129	128	127	125	123	121	116	105.002	286.158	387	360	346	327	309	289	267	251	233	207	139	0	0	0.000	0.000	0	0	0	0	0.000	0	0	0	0.000	0	0	0	0	0	0	0	0	0	0	0	0	0	0	0	0	0
155	155	697	291.672	972.644	0.928	144	335	147	37	19	144	335	147	37	19	108.247	116.492	126	122	120	118	117	116	115	114	113	112	109	104.050	1362.469	2389	2245	2063	1841	1635	1377	1111	878	647	488	348	0	0	0.000	0.000	0	0	0	0	0.000	0	0	0	0.000	0	0	0	0	0	0	0	0	0	0	0	0	0	0	0	0	0
156	156	1392	25.227	986.993	0.914	118	733	464	39	7	118	733	464	39	7	104.256	112.940	120	116	115	114	113	113	112	112	111	110	107	100.603	133.164	159	149	143	139	136	133	130	127	124	119	105	0	0	0.000	0.000	0	0	0	0	0.000	0	0	0	0.000	0	0	0	0	0	0	0	0	0	0	0	0	0	0	0	0	0
157	157	1390	827.448	997.278	0.883	127	495	514	215	18	127	495	514	215	18	109.988	147.601	164	157	154	151	149	147	145	143	141	139	135	103.991	142.723	169	158	153	150	145	142	139	136	133	128	118	0	0	0.000	0.000	0	0	0	0	0.000	0	0	0	0.000	0	0	0	0	0	0	0	0	0	0	0	0	0	0	0	0	0
158	158	1221	1279.977	998.894	0.887	64	408	573	125	23	64	408	573	125	23	111.000	122.335	135	128	126	125	123	122	121	120	119	118	115	104.000	1881.735	2804	2622	2454	2275	2138	1959	1733	1484	1287	1100	627	0	0	0.000	0.000	0	0	0	0	0.000	0	0	0	0.000	0	0	0	0	0	0	0	0	0	0	0	0	0	0	0	0	0
159	159	1538	674.206	1009.333	0.899	80	1029	352	45	14	80	1029	352	45	14	110.000	118.628	128	123	121	120	119	118	117	117	116	115	112	107.197	768.507	1342	1085	948	875	825	768	695	618	541	483	429	0	0	0.000	0.000	0	0	0	0	0.000	0	0	0	0.000	0	0	0	0	0	0	0	0	0	0	0	0	0	0	0	0	0
160	160	552	191.480	1011.650	0.911	63	103	140	176	57	63	103	140	176	57	108.000	126.540	142	136	133	132	130	127	125	122	120	116	112	103.255	140.384	165	158	155	151	147	143	138	133	125	118	110	0	0	0.000	0.000	0	0	0	0	0.000	0	0	0	0.000	0	0	0	0	0	0	0	0	0	0	0	0	0	0	0	0	0
161	161	1425	469.148	1027.381	0.866	159	780	386	50	14	159	780	386	50	14	109.422	153.798	289	190	167	156	150	145	141	138	134	129	121	104.568	152.686	271	178	162	156	152	148	144	141	138	132	119	1	68	459.570	1031.435	0	0	0	245	244.809	0	0	224	223.574	0	0	1	17	459.453	1031.798	0	0	0	270	269.059	0	0	249	248.588	0	0
162	162	1090	1668.546	1025.305	0.853	30	138	457	387	65	30	138	457	387	65	110.950	174.161	425	241	188	168	160	155	150	146	143	138	129	104.980	127.724	142	135	133	131	129	128	126	125	123	120	113	1	98	1669.198	1021.580	0	0	0	308	314.531	0	0	126	126.194	0	0	0	0	0	0	0	0	0	0	0	0	0	0	0	0	0
163	163	1505	417.620	1030.601	0.906	137	541	585	186	18	137	541	585	186	18	110.000	168.065	277	206	181	173	167	162	158	153	147	139	128	103.825	127.402	142	133	132	130	129	127	126	125	123	121	113	1	10	423.898	1019.601	0	0	0	270	268.800	0	0	133	133.300	0	0	0	0	0	0	0	0	0	0	0	0	0	0	0	0	0
164	164	1162	949.523	1031.352	0.913	21	90	520	425	88	21	90	520	425	88	109.906	132.701	143	138	137	136	135	134	132	131	128	126	120	103.000	797.683	1288	1070	982	924	851	781	722	665	606	539	452	0	0	0.000	0.000	0	0	0	0	0.000	0	0	0	0.000	0	0	0	0	0	0	0	0	0	0	0	0	0	0	0	0	0
165	165	1169	115.306	1040.078	0.860	92	590	318	128	15	92	590	318	128	15	106.867	140.138	177	165	160	155	147	140	131	124	121	116	112	103.458	2331.743	4335	3717	3192	2875	2616	2346	1993	1701	1416	1050	413	0	0	0.000	0.000	0	0	0	0	0.000	0	0	0	0.000	0	0	0	0	0	0	0	0	0	0	0	0	0	0	0	0	0
166	166	2308	1809.776	1044.651	0.836	70	749	1292	131	12	70	749	1292	131	12	111.179	153.491	181	170	167	164	160	154	150	146	140	133	121	106.138	3732.358	6352	5698	5107	4567	4179	3679	3185	2707	2419	2040	884	0	0	0.000	0.000	0	0	0	0	0.000	0	0	0	0.000	0	0	0	0	0	0	0	0	0	0	0	0	0	0	0	0	0
167	167	1802	179.657	1053.903	0.890	40	485	967	263	17	40	485	967	263	17	107.917	165.165	188	181	178	174	171	167	162	158	153	147	128	103.821	188.689	226	212	208	203	198	193	187	179	169	157	135	0	0	0.000	0.000	0	0	0	0	0.000	0	0	0	0.000	0	0	0	0	0	0	0	0	0	0	0	0	0	0	0	0	0
168	168	2238	1749.859	1053.824	0.888	32	323	1249	551	50	32	323	1249	551	50	111.348	154.624	182	171	168	165	162	157	152	146	140	133	124	106.798	3851.395	6522	5644	5270	4865	4413	3950	3527	3082	2564	1583	889	0	0	0.000	0.000	0	0	0	0	0.000	0	0	0	0.000	0	0	0	0	0	0	0	0	0	0	0	0	0	0	0	0	0
169	169	1579	826.241	1068.845	0.862	45	615	754	120	18	45	615	754	120	18	110.068	146.801	169	161	158	155	151	147	143	139	135	132	126	105.000	2130.578	3781	3183	2913	2660	2433	2218	1971	1589	1248	915	687	0	0	0.000	0.000	0	0	0	0	0.000	0	0	0	0.000	0	0	0	0	0	0	0	0	0	0	0	0	0	0	0	0	0
170	170	2426	980.420	1077.982	0.869	561	1653	111	47	10	561	1653	111	47	10	110.624	134.411	164	142	139	137	136	134	132	131	129	127	120	102.983	719.836	1496	1135	987	859	770	680	603	533	441	365	260	0	0	0.000	0.000	0	0	0	0	0.000	0	0	0	0.000	0	0	0	0	0	0	0	0	0	0	0	0	0	0	0	0	0
171	171	1335	385.920	1070.969	0.902	24	258	879	143	5	24	258	879	143	5	109.915	165.749	193	182	178	175	173	169	165	161	153	143	127	103.604	129.564	148	137	135	134	132	131	129	127	125	120	108	0	0	0.000	0.000	0	0	0	0	0.000	0	0	0	0.000	0	0	0	0	0	0	0	0	0	0	0	0	0	0	0	0	0
172	172	2072	1182.055	1076.186	0.896	82	229	1282	433	18	82	229	1282	433	18	111.520	274.478	341	321	313	306	297	285	270	254	238	210	157	105.382	1921.153	2652	2485	2392	2298	2177	2039	1850	1653	1460	1179	555	0	0	0.000	0.000	0	0	0	0	0.000	0	0	0	0.000	0	0	0	0	0	0	0	0	0	0	0	0	0	0	0	0	0
173	173	1422	738.255	1085.078	0.859	27	351	810	191	13	27	351	810	191	13	111.042	136.015	458	136	134	132	131	130	129	128	127	125	121	106.482	1353.390	2117	1876	1715	1623	1532	1409	1279	1100	915	754	599	1	66	721.463	1082.575	0	0	0	277	284.712	0	0	1598	1484.348	0	0	0	0	0	0	0	0	0	0	0	0	0	0	0	0	0
174	174	1835	1725.871	1108.196	0.774	81	510	1049	127	26	81	510	1049	127	26	111.709	239.151	331	297	282	268	256	243	229	214	195	174	141	106.006	784.653	1338	1144	1066	982	901	817	712	605	485	366	217	0	0	0.000	0.000	0	0	0	0	0.000	0	0	0	0.000	0	0	0	0	0	0	0	0	0	0	0	0	0	0	0	0	0
175	175	1456	781.842	1104.536	0.875	106	974	311	29	9	106	974	311	29	9	111.201	121.501	132	126	125	123	122	121	120	119	119	117	114	105.938	137.703	157	147	144	142	139	137	135	133	131	129	122	0	0	0.000	0.000	0	0	0	0	0.000	0	0	0	0.000	0	0	0	0	0	0	0	0	0	0	0	0	0	0	0	0	0
176	176	1538	38.375	1115.221	0.821	8	72	489	840	95	8	72	489	840	95	105.063	115.605	144	124	118	116	115	114	113	112	111	110	107	102.117	133.912	150	143	141	138	137	134	132	130	128	124	114	1	207	43.432	1109.955	0	0	0	128	129.150	0	0	133	133.391	0	0	0	0	0	0	0	0	0	0	0	0	0	0	0	0	0
177	177	1953	1224.666	1120.349	0.845	17	264	1197	408	39	17	264	1197	408	39	112.000	224.069	330	278	260	248	237	225	210	196	183	170	158	106.000	1421.041	2458	2142	1951	1797	1643	1466	1252	1036	822	648	489	0	0	0.000	0.000	0	0	0	0	0.000	0	0	0	0.000	0	0	0	0	0	0	0	0	0	0	0	0	0	0	0	0	0
178	178	420	836.909	1108.837	0.918	33	58	152	131	40	33	58	152	131	40	110.231	126.207	134	130	129	128	127	126	125	124	123	122	120	105.083	940.540	1415	1303	1191	1090	1002	928	840	771	704	638	490	0	0	0.000	0.000	0	0	0	0	0.000	0	0	0	0.000	0	0	0	0	0	0	0	0	0	0	0	0	0	0	0	0	0
179	179	1451	201.516	1123.854	0.889	73	344	699	277	33	73	344	699	277	33	107.806	152.767	177	168	164	161	159	157	152	145	139	132	122	103.704	169.591	204	192	185	179	174	170	166	161	156	147	124	0	0	0.000	0.000	0	0	0	0	0.000	0	0	0	0.000	0	0	0	0	0	0	0	0	0	0	0	0	0	0	0	0	0
180	180	1446	1396.676	1119.807	0.904	27	90	606	617	79	27	90	606	617	79	111.747	168.362	194	185	183	179	175	172	168	161	154	145	130	104.997	258.646	323	299	289	281	274	267	259	249	228	201	155	0	0	0.000	0.000	0	0	0	0	0.000	0	0	0	0.000	0	0	0	0	0	0	0	0	0	0	0	0	0	0	0	0	0
181	181	1339	703.015	1125.247	0.894	27	189	802	283	18	27	189	802	283	18	111.757	127.352	138	133	131	130	129	128	126	125	123	121	114	107.423	1099.460	1599	1437	1340	1269	1205	1134	1055	957	856	707	438	0	0	0.000	0.000	0	0	0	0	0.000	0	0	0	0.000	0	0	0	0	0	0	0	0	0	0	0	0	0	0	0	0	0
182	182	2818	1772.305	1144.303	0.905	88	1517	1049	63	27	88	1517	1049	63	27	112.000	388.379	7673	346	316	293	277	262	247	230	212	188	142	105.816	858.792	1512	1270	1146	1043	956	875	776	679	554	428	213	1	92	1777.416	1163.974	0	0	0	3268	3505.435	0	0	934	971.098	0	0	0	0	0	0	0	0	0	0	0	0	0	0	0	0	0
183	183	1691	1344.668	1138.516	0.883	32	320	709	481	109	32	320	709	481	109	112.000	165.889	206	182	176	172	169	166	163	160	156	148	132	106.341	237.174	320	290	274	260	247	235	223	212	200	190	160	0	0	0.000	0.000	0	0	0	0	0.000	0	0	0	0.000	0	0	0	0	0	0	0	0	0	0	0	0	0	0	0	0	0
184	184	2223	752.779	1154.808	0.855	295	1596	272	19	6	295	1596	272	19	6	112.340	123.030	135	128	126	125	123	123	122	121	120	119	115	107.040	143.067	158	151	148	146	145	143	142	140	138	135	127	0	0	0.000	0.000	0	0	0	0	0.000	0	0	0	0.000	0	0	0	0	0	0	0	0	0	0	0	0	0	0	0	0	0
185	185	2142	1998.431	1164.453	0.855	110	1346	602	38	4	110	1346	602	38	4	109.823	391.361	5743	604	160	152	150	147	145	143	140	136	123	103.969	727.836	1137	972	915	867	807	747	676	604	529	460	313	1	186	2007.412	1153.125	0	0	0	2497	2699.973	0	0	1031	994.091	0	0	0	0	0	0	0	0	0	0	0	0	0	0	0	0	0
186	186	1424	1879.957	1162.233	0.908	992	255	122	42	6	992	255	122	42	6	110.056	182.832	236	206	199	193	188	184	179	174	167	157	135	104.000	136.787	157	148	144	141	138	136	134	132	130	127	116	0	0	0.000	0.000	0	0	0	0	0.000	0	0	0	0.000	0	0	0	0	0	0	0	0	0	0	0	0	0	0	0	0	0
187	187	2283	1249.285	1178.922	0.904	37	688	1370	120	24	37	688	1370	120	24	112.689	379.262	3540	502	320	300	280	256	232	208	189	167	145	106.890	1235.890	2415	1960	1730	1581	1440	1258	1064	863	651	455	304	1	159	1261.081	1178.357	0	0	0	1806	1908.849	0	0	2243	2198.730	0	0	0	0	0	0	0	0	0	0	0	0	0	0	0	0	0
188	188	2174	162.875	1183.378	0.894	39	768	1170	141	15	39	768	1170	141	15	107.370	267.220	3288	342	177	165	159	154	148	142	136	131	122	103.143	748.351	1135	1018	982	939	884	809	715	597	490	369	274	1	157	159.950	1188.396	0	0	0	1323	1543.159	0	0	947	923.134	0	0	0	0	0	0	0	0	0	0	0	0	0	0	0	0	0
189	189	1078	643.681	1180.686	0.912	96	258	639	66	3	96	258	639	66	3	111.460	154.621	177	169	166	162	159	157	153	148	143	137	128	107.994	1075.995	1635	1424	1345	1249	1165	1077	1001	932	840	704	429	0	0	0.000	0.000	0	0	0	0	0.000	0	0	0	0.000	0	0	0	0	0	0	0	0	0	0	0	0	0	0	0	0	0
190	190	1278	685.197	1188.191	0.880	234	845	125	42	11	234	845	125	42	11	112.723	204.781	313	266	244	229	209	195	184	175	165	156	143	108.223	799.894	1096	973	916	879	841	804	775	731	678	621	467	0	0	0.000	0.000	0	0	0	0	0.000	0	0	0	0.000	0	0	0	0	0	0	0	0	0	0	0	0	0	0	0	0	0
191	191	1458	74.152	1188.703	0.886	36	457	839	95	3	36	457	839	95	3	105.763	131.846	147	141	138	136	133	132	130	128	126	123	115	102.981	561.086	825	758	725	682	620	557	494	445	402	366	281	0	0	0.000	0.000	0	0	0	0	0.000	0	0	0	0.000	0	0	0	0	0	0	0	0	0	0	0	0	0	0	0	0	0
192	192	288	39.752	1183.112	0.902	13	41	57	131	45	13	41	57	131	45	105.000	122.951	135	132	130	128	125	123	121	120	117	113	109	102.000	368.594	550	512	472	434	404	368	340	323	273	216	137	0	0	0.000	0.000	0	0	0	0	0.000	0	0	0	0.000	0	0	0	0	0	0	0	0	0	0	0	0	0	0	0	0	0
193	193	1767	792.875	1196.304	0.857	234	1046	399	44	16	234	1046	399	44	16	111.985	124.071	143	132	129	127	124	122	121	120	119	118	116	105.835	139.138	156	148	146	144	142	140	138	136	133	128	115	0	0	0.000	0.000	0	0	0	0	0.000	0	0	0	0.000	0	0	0	0	0	0	0	0	0	0	0	0	0	0	0	0	0
194	194	1761	367.493	1200.735	0.890	55	201	963	425	81	55	201	963	425	81	109.000	221.218	308	274	255	240	228	215	206	197	187	178	156	103.000	116.363	128	121	119	118	117	116	115	114	113	112	107	0	0	0.000	0.000	0	0	0	0	0.000	0	0	0	0.000	0	0	0	0	0	0	0	0	0	0	0	0	0	0	0	0	0
195	195	1798	577.542	1205.363	0.902	777	818	94	30	9	777	818	94	30	9	110.784	121.707	132	126	124	123	122	122	121	120	119	117	114	108.195	1842.375	2617	2378	2254	2156	2067	1935	1830	1630	1405	1126	638	0	0	0.000	0.000	0	0	0	0	0.000	0	0	0	0.000	0	0	0	0	0	0	0	0	0	0	0	0	0	0	0	0	0
196	196	1050	120.501	1200.616	0.909	44	113	394	429	64	44	113	394	429	64	107.000	124.520	140	132	129	128	126	125	123	121	119	117	113	103.890	532.587	837	694	642	610	580	554	512	464	406	332	221	0	0	0.000	0.000	0	0	0	0	0.000	0	0	0	0.000	0	0	0	0	0	0	0	0	0	0	0	0	0	0	0	0	0
197	197	1810	1951.240	1206.708	0.891	388	1252	123	10	4	388	1252	123	10	4	110.955	137.185	174	165	154	145	136	130	127	125	124	121	115	104.070	127.994	204	142	138	133	129	125	123	121	118	116	110	0	0	0.000	0.000	0	0	0	0	0.000	0	0	0	0.000	0	0	0	0	0	0	0	0	0	0	0	0	0	0	0	0	0
198	198	1185	1679.943	1203.390	0.875	21	203	612	216	104	21	203	612	216	104	112.043	119.909	127	123	121	121	120	120	119	119	118	117	114	105.492	382.884	552	500	461	440	423	395	359	324	291	254	202	0	0	0.000	0.000	0	0	0	0	0.000	0	0	0	0.000	0	0	0	0	0	0	0	0	0	0	0	0	0	0	0	0	0
199	199	1128	1399.264	1207.423	0.915	15	62	390	563	74	15	62	390	563	74	112.815	186.481	223	214	208	201	196	190	181	173	165	155	141	106.791	1634.310	2292	2153	2066	1961	1864	1733	1556	1356	1159	987	732	0	0	0.000	0.000	0	0	0	0	0.000	0	0	0	0.000	0	0	0	0	0	0	0	0	0	0	0	0	0	0	0	0	0
200	200	1325	1631.851	1208.773	0.910	57	124	905	198	22	57	124	905	198	22	112.455	119.895	130	123	122	121	120	120	119	119	118	117	115	106.713	308.519	482	403	369	341	317	302	283	266	252	228	193	0	0	0.000	0.000	0	0	0	0	0.000	0	0	0	0.000	0	0	0	0	0	0	0	0	0	0	0	0	0	0	0	0	0
201	201	1028	1071.691	1214.510	0.709	46	258	546	144	18	46	258	546	144	18	112.000	127.542	140	135	132	130	128	127	126	125	123	121	118	105.159	1402.617	2089	1873	1768	1680	1601	1513	1402	1225	992	727	458	0	0	0.000	0.000	0	0	0	0	0.000	0	0	0	0.000	0	0	0	0	0	0	0	0	0	0	0	0	0	0	0	0	0
202	202	1733	1575.310	1222.400	0.901	857	488	225	114	19	857	488	225	114	19	112.000	121.381	132	126	124	123	122	121	120	119	119	118	115	106.692	672.508	1032	952	858	790	719	664	609	565	501	407	235	0	0	0.000	0.000	0	0	0	0	0.000	0	0	0	0.000	0	0	0	0	0	0	0	0	0	0	0	0	0	0	0	0	0
203	203	1764	720.446	1224.786	0.882	30	98	687	802	100	30	98	687	802	100	112.213	155.995	185	174	170	166	162	156	151	146	141	136	131	108.128	1113.265	1801	1654	1530	1436	1291	1162	1015	867	664	475	341	0	0	0.000	0.000	0	0	0	0	0.000	0	0	0	0.000	0	0	0	0	0	0	0	0	0	0	0	0	0	0	0	0	0
204	204	2726	1354.647	1235.364	0.896	157	1624	791	93	13	157	1624	791	93	13	113.650	195.621	316	226	220	213	206	196	187	177	168	157	142	109.812	1645.741	2568	2364	2204	2065	1887	1698	1481	1282	1077	843	517	0	0	0.000	0.000	0	0	0	0	0.000	0	0	0	0.000	0	0	0	0	0	0	0	0	0	0	0	0	0	0	0	0	0
205	205	2320	669.494	1241.898	0.847	82	564	1579	45	5	82	564	1579	45	5	112.000	215.705	1820	208	192	182	176	172	168	165	161	155	137	109.669	1705.005	2958	2549	2202	1898	1710	1597	1503	1393	1272	1087	727	1	114	683.729	1258.298	0	0	0	860	923.430	0	0	2616	2508.693	0	0	0	0	0	0	0	0	0	0	0	0	0	0	0	0	0
206	206	1602	1854.171	1233.350	0.885	1266	199	95	18	14	1266	199	95	18	14	111.817	123.227	135	130	127	125	123	122	121	121	120	119	114	104.900	1431.514	2572	2255	2061	1871	1610	1359	1141	963	824	743	378	0	0	0.000	0.000	0	0	0	0	0.000	0	0	0	0.000	0	0	0	0	0	0	0	0	0	0	0	0	0	0	0	0	0
207	207	1548	93.682	1237.219	0.881	24	170	957	330	40	24	170	957	330	40	106.863	129.078	144	138	135	133	131	129	127	125	123	121	112	103.103	578.138	968	810	732	674	618	554	495	455	426	393	270	0	0	0.000	0.000	0	0	0	0	0.000	0	0	0	0.000	0	0	0	0	0	0	0	0	0	0	0	0	0	0	0	0	0
208	208	2715	156.717	1242.158	0.871	155	1655	833	16	6	155	1655	833	16	6	107.737	183.057	1067	183	177	173	170	167	163	157	150	142	126	103.571	901.928	1271	1192	1134	1072	1005	946	884	798	672	510	321	1	95	146.734	1251.398	0	0	0	571	607.905	0	0	570	627.347	0	0	0	0	0	0	0	0	0	0	0	0	0	0	0	0	0
209	209	583	1664.852	1229.873	0.870	60	97	164	228	25	60	97	164	228	25	112.928	119.093	125	121	120	120	119	119	119	118	118	117	115	106.523	294.391	395	367	347	333	318	300	281	262	239	215	175	0	0	0.000	0.000	0	0	0	0	0.000	0	0	0	0.000	0	0	0	0	0	0	0	0	0	0	0	0	0	0	0	0	0
210	210	2126	612.065	1246.367	0.885	715	893	332	137	19	715	893	332	137	19	111.612	123.090	141	128	126	125	123	122	122	121	120	119	114	110.076	2009.908	3157	2824	2538	2411	2274	2130	1988	1744	1375	972	616	0	0	0.000	0.000	0	0	0	0	0.000	0	0	0	0.000	0	0	0	0	0	0	0	0	0	0	0	0	0	0	0	0	0
211	211	986	767.619	1241.142	0.883	34	106	532	243	45	34	106	532	243	45	112.000	156.453	172	167	164	161	159	157	155	152	150	145	135	106.879	952.872	1434	1253	1180	1124	1042	947	881	828	737	610	426	0	0	0.000	0.000	0	0	0	0	0.000	0	0	0	0.000	0	0	0	0	0	0	0	0	0	0	0	0	0	0	0	0	0
212	212	1358	1031.155	1248.097	0.902	85	779	385	65	22	85	779	385	65	22	112.000	132.853	164	145	140	137	133	131	129	127	125	123	117	105.630	1348.478	2567	1937	1747	1568	1405	1287	1194	1090	980	826	529	0	0	0.000	0.000	0	0	0	0	0.000	0	0	0	0.000	0	0	0	0	0	0	0	0	0	0	0	0	0	0	0	0	0
213	213	1796	1626.146	1256.904	0.881	23	112	481	982	162	23	112	481	982	162	112.545	122.881	138	132	126	123	122	121	121	120	119	118	114	107.000	1068.475	1947	1723	1464	1247	1146	1036	915	788	650	542	428	0	0	0.000	0.000	0	0	0	0	0.000	0	0	0	0.000	0	0	0	0	0	0	0	0	0	0	0	0	0	0	0	0	0
214	214	2440	1297.697	1268.781	0.898	16	164	1242	810	170	16	164	1242	810	170	115.430	223.704	558	260	243	229	220	212	205	195	184	174	162	112.263	1674.400	2673	2447	2154	1996	1835	1695	1537	1389	1154	903	645	1	68	1300.195	1258.989	0	0	0	472	472.235	0	0	1836	1857.265	0	0	0	0	0	0	0	0	0	0	0	0	0	0	0	0	0
215	215	1691	1227.675	1285.180	0.903	349	1191	102	19	10	349	1191	102	19	10	115.383	307.533	396	369	357	342	328	315	301	284	263	230	166	110.514	660.133	908	834	790	746	706	670	639	598	544	472	270	0	0	0.000	0.000	0	0	0	0	0.000	0	0	0	0.000	0	0	0	0	0	0	0	0	0	0	0	0	0	0	0	0	0
216	216	806	798.231	1280.903	0.926	24	129	344	260	34	24	129	344	260	34	111.795	191.319	246	229	216	204	195	187	182	178	170	160	141	105.963	134.973	160	148	143	138	135	133	132	130	128	126	116	0	0	0.000	0.000	0	0	0	0	0.000	0	0	0	0.000	0	0	0	0	0	0	0	0	0	0	0	0	0	0	0	0	0
217	217	2083	1475.746	1297.800	0.886	40	1158	795	34	8	40	1158	795	34	8	112.000	123.693	139	130	127	125	124	123	122	121	120	119	116	108.367	1726.078	3243	2673	2372	2172	1993	1765	1476	1172	972	851	348	0	0	0.000	0.000	0	0	0	0	0.000	0	0	0	0.000	0	0	0	0	0	0	0	0	0	0	0	0	0	0	0	0	0
218	218	1145	693.990	1291.249	0.932	58	614	333	93	24	58	614	333	93	24	112.000	191.108	220	208	204	200	197	193	189	184	178	170	157	109.403	1991.258	2669	2491	2369	2256	2100	1944	1859	1755	1643	1526	1211	0	0	0.000	0.000	0	0	0	0	0.000	0	0	0	0.000	0	0	0	0	0	0	0	0	0	0	0	0	0	0	0	0	0
219	219	2115	1420.677	1295.225	0.885	14	81	818	1084	92	14	81	818	1084	92	112.296	123.845	134	129	127	126	125	124	123	122	120	119	116	110.902	1924.214	3465	2986	2683	2391	2142	1928	1723	1470	1156	813	531	0	0	0.000	0.000	0	0	0	0	0.000	0	0	0	0.000	0	0	0	0	0	0	0	0	0	0	0	0	0	0	0	0	0
220	220	476	1090.940	1284.130	0.919	14	18	98	255	85	14	18	98	255	85	112.567	127.819	145	139	135	131	128	126	124	123	121	120	117	107.090	140.838	155	149	147	145	143	142	140	138	135	131	124	0	0	0.000	0.000	0	0	0	0	0.000	0	0	0	0.000	0	0	0	0	0	0	0	0	0	0	0	0	0	0	0	0	0
221	221	1868	916.080	1301.758	0.861	57	447	1054	235	38	57	447	1054	235	38	111.740	121.946	130	126	125	123	122	122	121	120	119	118	115	106.070	1308.335	1862	1710	1593	1504	1423	1342	1258	1163	1049	839	448	0	0	0.000	0.000	0	0	0	0	0.000	0	0	0	0.000	0	0	0	0	0	0	0	0	0	0	0	0	0	0	0	0	0
222	222	1776	1360.101	1300.248	0.890	100	547	743	313	40	100	547	743	313	40	113.753	126.986	143	133	130	128	127	126	125	125	124	123	118	113.064	2894.310	3853	3606	3386	3191	3042	2905	2780	2607	2458	2215	1464	0	0	0.000	0.000	0	0	0	0	0.000	0	0	0	0.000	0	0	0	0	0	0	0	0	0	0	0	0	0	0	0	0	0
223	223	1576	1119.581	1305.856	0.873	380	639	319	155	48	380	639	319	155	48	113.000	122.772	134	126	125	124	123	123	122	121	121	119	117	108.328	153.084	198	173	168	162	158	152	147	142	138	134	124	0	0	0.000	0.000	0	0	0	0	0.000	0	0	0	0.000	0	0	0	0	0	0	0	0	0	0	0	0	0	0	0	0	0
224	224	1622	1531.078	1302.995	0.871	18	68	549	816	144	18	68	549	816	144	112.000	123.285	133	128	127	126	124	124	122	121	120	119	115	107.741	2134.866	2857	2700	2610	2511	2394	2238	2097	1918	1685	1355	738	0	0	0.000	0.000	0	0	0	0	0.000	0	0	0	0.000	0	0	0	0	0	0	0	0	0	0	0	0	0	0	0	0	0
225	225	1604	645.460	1309.002	0.898	42	152	972	375	35	42	152	972	375	35	112.549	140.797	152	148	146	145	143	142	140	138	135	132	125	110.683	716.373	1004	909	856	818	779	729	676	627	570	508	375	0	0	0.000	0.000	0	0	0	0	0.000	0	0	0	0.000	0	0	0	0	0	0	0	0	0	0	0	0	0	0	0	0	0
226	226	1011	1267.463	1309.574	0.905	599	257	88	35	21	599	257	88	35	21	116.000	172.737	206	194	187	184	180	175	170	163	156	148	137	113.103	1194.620	1835	1658	1593	1482	1361	1264	1127	968	788	607	329	0	0	0.000	0.000	0	0	0	0	0.000	0	0	0	0.000	0	0	0	0	0	0	0	0	0	0	0	0	0	0	0	0	0
227	227	1508	1067.808	1321.738	0.882	37	104	813	510	21	37	104	813	510	21	112.924	120.923	130	125	123	122	121	120	120	119	119	118	113	106.908	143.829	166	158	155	152	148	144	140	136	132	129	122	0	0	0.000	0.000	0	0	0	0	0.000	0	0	0	0.000	0	0	0	0	0	0	0	0	0	0	0	0	0	0	0	0	0
228	228	667	848.929	1321.261	0.811	115	290	190	45	15	115	290	190	45	15	111.654	211.280	282	259	241	232	220	207	196	189	182	172	148	106.000	149.211	194	173	163	155	149	145	143	140	136	133	124	0	0	0.000	0.000	0	0	0	0	0.000	0	0	0	0.000	0	0	0	0	0	0	0	0	0	0	0	0	0	0	0	0	0
229	229	1755	1300.434	1335.867	0.894	857	442	273	134	23	857	442	273	134	23	115.277	155.278	173	165	162	161	159	157	155	153	149	142	125	114.000	775.019	1044	969	925	889	860	824	773	690	615	540	246	0	0	0.000	0.000	0	0	0	0	0.000	0	0	0	0.000	0	0	0	0	0	0	0	0	0	0	0	0	0	0	0	0	0
230	230	2165	595.610	1338.562	0.854	375	1015	725	13	8	375	1015	725	13	8	111.863	270.343	3460	388	151	140	137	136	134	132	128	124	117	110.430	541.458	927	840	749	671	598	517	448	385	339	300	212	1	169	596.792	1325.350	0	0	0	1522	1632.787	0	0	819	773.302	0	0	0	0	0	0	0	0	0	0	0	0	0	0	0	0	0
231	231	997	1230.347	1339.871	0.927	403	351	206	22	5	403	351	206	22	5	116.000	182.707	275	221	206	198	190	179	170	163	157	151	137	111.745	204.995	257	237	224	216	210	203	197	192	185	178	162	0	0	0.000	0.000	0	0	0	0	0.000	0	0	0	0.000	0	0	0	0	0	0	0	0	0	0	0	0	0	0	0	0	0
232	232	2115	904.396	1361.257	0.855	125	1248	625	59	11	125	1248	625	59	11	111.700	123.168	136	129	127	125	124	123	122	120	119	118	115	105.991	1119.802	2099	1711	1531	1382	1261	1143	1019	901	685	437	269	0	0	0.000	0.000	0	0	0	0	0.000	0	0	0	0.000	0	0	0	0	0	0	0	0	0	0	0	0	0	0	0	0	0
233	233	1727	540.057	1356.412	0.915	872	423	183	151	79	872	423	183	151	79	111.022	135.663	272	171	139	131	127	125	124	122	120	119	115	108.445	371.895	540	497	464	437	407	370	338	303	275	249	198	1	188	544.640	1349.152	0	0	0	201	205.404	0	0	328	345.027	0	0	0	0	0	0	0	0	0	0	0	0	0	0	0	0	0
234	234	1359	1096.956	1356.477	0.881	97	169	498	518	55	97	169	498	518	55	112.995	125.659	143	135	131	127	125	124	123	122	121	120	117	107.630	151.635	173	161	158	156	154	152	150	147	145	142	129	0	0	0.000	0.000	0	0	0	0	0.000	0	0	0	0.000	0	0	0	0	0	0	0	0	0	0	0	0	0	0	0	0	0
235	235	1872	1179.413	1362.087	0.865	425	566	748	73	26	425	566	748	73	26	114.772	271.574	3298	366	164	148	143	139	136	133	130	127	121	110.000	1270.049	2153	1810	1689	1563	1425	1292	1141	1007	849	655	381	1	153	1172.679	1353.795	0	0	0	1433	1570.222	0	0	1859	1793.190	0	0	0	0	0	0	0	0	0	0	0	0	0	0	0	0	0
236	236	991	655.049	1366.953	0.913	558	281	45	77	12	558	281	45	77	12	111.320	120.403	128	124	122	121	121	120	120	119	118	117	114	109.109	730.677	1031	974	914	869	815	749	688	620	564	452	275	0	0	0.000	0.000	0	0	0	0	0.000	0	0	0	0.000	0	0	0	0	0	0	0	0	0	0	0	0	0	0	0	0	0
237	237	2150	1410.056	1380.274	0.882	217	1196	593	105	10	217	1196	593	105	10	112.348	129.400	143	136	134	132	131	129	128	127	125	123	118	112.024	5766.550	8560	8010	7577	6925	6263	5739	5313	4841	4270	3432	1807	0	0	0.000	0.000	0	0	0	0	0.000	0	0	0	0.000	0	0	0	0	0	0	0	0	0	0	0	0	0	0	0	0	0
238	238	1905	1921.358	1374.285	0.903	565	1212	59	16	12	565	1212	59	16	12	111.000	175.601	224	198	190	185	180	174	170	166	161	154	140	105.876	2498.485	5480	4127	3523	2950	2563	2293	2012	1779	1516	1328	739	0	0	0.000	0.000	0	0	0	0	0.000	0	0	0	0.000	0	0	0	0	0	0	0	0	0	0	0	0	0	0	0	0	0
239	239	1150	1265.206	1368.909	0.852	57	473	437	128	29	57	473	437	128	29	115.250	180.406	840	336	171	135	128	125	124	123	122	121	116	113.043	616.597	868	806	774	741	702	656	610	543	454	332	235	1	158	1265.574	1363.558	0	0	0	433	465.842	0	0	812	804.481	0	0	0	0	0	0	0	0	0	0	0	0	0	0	0	0	0
240	240	1288	1972.477	1380.327	0.919	17	146	792	303	7	17	146	792	303	7	110.325	172.068	209	199	193	188	183	176	167	158	150	140	127	105.301	4225.126	6597	6147	5794	5373	4864	4335	3834	3331	2714	2037	882	0	0	0.000	0.000	0	0	0	0	0.000	0	0	0	0.000	0	0	0	0	0	0	0	0	0	0	0	0	0	0	0	0	0
241	241	1900	599.612	1391.306	0.904	68	179	743	759	110	68	179	743	759	110	111.871	401.742	4512	857	202	163	158	155	153	149	144	135	119	108.709	698.295	1116	1029	938	865	776	700	612	532	473	377	205	1	203	587.022	1398.062	0	0	0	2087	2236.212	0	0	978	950.305	0	0	0	0	0	0	0	0	0	0	0	0	0	0	0	0	0
242	242	2095	98.694	1410.425	0.882	139	1369	503	35	12	139	1369	503	35	12	106.593	270.401	2766	555	169	129	125	123	121	119	118	116	111	104.109	1049.789	1631	1484	1405	1303	1192	1104	990	859	705	497	323	1	228	99.916	1401.328	0	0	0	1204	1332.693	0	0	1412	1358.930	0	0	0	0	0	0	0	0	0	0	0	0	0	0	0	0	0
243	243	2457	1106.197	1414.853	0.902	646	1505	213	24	12	646	1505	213	24	12	113.055	145.104	166	156	154	152	149	147	144	140	136	131	123	107.138	131.445	149	141	138	135	133	131	130	128	126	122	110	0	0	0.000	0.000	0	0	0	0	0.000	0	0	0	0.000	0	0	0	0	0	0	0	0	0	0	0	0	0	0	0	0	0
244	244	1223	1335.767	1409.757	0.900	243	297	316	260	84	243	297	316	260	84	114.000	139.018	172	149	144	142	140	138	136	134	132	129	122	112.926	154.891	175	165	161	159	157	155	153	151	148	144	134	0	0	0.000	0.000	0	0	0	0	0.000	0	0	0	0.000	0	0	0	0	0	0	0	0	0	0	0	0	0	0	0	0	0
245	245	1997	1189.314	1416.838	0.835	573	554	436	332	66	573	554	436	332	66	113.842	134.734	492	137	133	131	129	128	126	125	124	123	117	109.107	1092.286	1784	1573	1473	1368	1256	1111	962	823	694	572	421	1	73	1179.160	1406.982	0	0	0	266	279.096	0	0	1706	1685.493	0	0	0	0	0	0	0	0	0	0	0	0	0	0	0	0	0
246	246	1543	1248.494	1419.292	0.902	43	113	449	789	117	43	113	449	789	117	114.033	126.246	135	129	128	128	127	126	126	125	124	123	120	110.767	798.377	1101	1033	977	901	849	798	748	701	645	575	380	0	0	0.000	0.000	0	0	0	0	0.000	0	0	0	0.000	0	0	0	0	0	0	0	0	0	0	0	0	0	0	0	0	0
247	247	1466	861.297	1416.106	0.861	77	1090	252	17	7	77	1090	252	17	7	111.000	127.943	153	143	136	131	127	125	123	122	120	119	116	104.866	123.520	140	131	129	126	125	123	122	120	119	117	111	0	0	0.000	0.000	0	0	0	0	0.000	0	0	0	0.000	0	0	0	0	0	0	0	0	0	0	0	0	0	0	0	0	0
248	248	2271	1387.312	1441.567	0.852	20	280	1521	403	8	20	280	1521	403	8	112.588	126.987	137	133	131	129	128	127	125	124	123	121	118	110.931	4021.517	7288	6159	5608	4929	4404	3877	3446	3046	2654	1925	1337	0	0	0.000	0.000	0	0	0	0	0.000	0	0	0	0.000	0	0	0	0	0	0	0	0	0	0	0	0	0	0	0	0	0
249	249	1106	48.675	1428.895	0.894	33	116	748	161	28	33	116	748	161	28	105.724	116.036	124	120	119	118	117	116	115	114	113	112	109	104.000	888.237	1391	1279	1167	1031	934	862	786	721	649	551	394	0	0	0.000	0.000	0	0	0	0	0.000	0	0	0	0.000	0	0	0	0	0	0	0	0	0	0	0	0	0	0	0	0	0
250	250	1553	570.989	1438.802	0.911	28	270	805	355	59	28	270	805	355	59	111.000	156.866	429	161	158	156	155	153	151	149	146	143	129	105.681	807.684	1077	1001	950	913	872	829	782	726	655	582	402	1	31	574.678	1449.221	0	0	0	303	305.516	0	0	953	931.710	0	0	0	0	0	0	0	0	0	0	0	0	0	0	0	0	0
251	251	226	1161.013	1430.522	0.900	81	51	24	38	30	81	51	24	38	30	113.770	120.389	124	122	122	121	121	121	120	120	119	118	116	108.363	121.429	171	125	123	122	122	121	119	118	117	116	114	0	0	0.000	0.000	0	0	0	0	0.000	0	0	0	0.000	0	0	0	0	0	0	0	0	0	0	0	0	0	0	0	0	0
252	252	1031	792.848	1453.302	0.900	70	596	309	21	8	70	596	309	21	8	111.012	163.172	202	188	179	174	169	163	157	151	145	139	130	104.916	3717.314	5909	5062	4686	4342	3994	3718	3410	3124	2778	2340	1481	0	0	0.000	0.000	0	0	0	0	0.000	0	0	0	0.000	0	0	0	0	0	0	0	0	0	0	0	0	0	0	0	0	0
253	253	1653	135.366	1460.868	0.866	15	178	1196	216	18	15	178	1196	216	18	107.000	116.027	127	122	118	117	116	115	115	114	113	113	109	103.839	1065.417	1843	1562	1396	1269	1139	1024	929	840	738	622	432	0	0	0.000	0.000	0	0	0	0	0.000	0	0	0	0.000	0	0	0	0	0	0	0	0	0	0	0	0	0	0	0	0	0
254	254	1882	1338.667	1460.044	0.907	392	1198	234	26	6	392	1198	234	26	6	112.827	190.164	573	280	208	183	171	163	157	152	146	138	124	110.455	142.649	311	151	148	146	144	142	140	138	136	133	124	1	163	1339.095	1470.879	0	0	0	392	403.411	0	0	138	138.405	0	0	0	0	0	0	0	0	0	0	0	0	0	0	0	0	0
255	255	463	96.983	1454.705	0.887	20	23	87	290	33	20	23	87	290	33	107.000	116.492	122	120	119	118	117	116	116	115	114	113	109	103.974	692.771	1003	857	804	763	731	690	657	620	580	528	398	0	0	0.000	0.000	0	0	0	0	0.000	0	0	0	0.000	0	0	0	0	0	0	0	0	0	0	0	0	0	0	0	0	0
256	256	1562	1157.095	1469.333	0.882	100	325	764	302	43	100	325	764	302	43	112.784	127.948	164	138	131	129	127	125	124	123	122	121	117	106.574	119.679	135	125	123	121	120	119	118	117	116	115	108	0	0	0.000	0.000	0	0	0	0	0.000	0	0	0	0.000	0	0	0	0	0	0	0	0	0	0	0	0	0	0	0	0	0
257	257	1528	1669.919	1463.028	0.886	25	73	616	689	103	25	73	616	689	103	111.991	225.788	300	281	273	260	246	231	213	196	179	163	140	104.000	684.553	1078	958	905	855	793	722	637	543	452	356	205	0	0	0.000	0.000	0	0	0	0	0.000	0	0	0	0.000	0	0	0	0	0	0	0	0	0	0	0	0	0	0	0	0	0
258	258	2180	1108.596	1483.987	0.866	489	1457	141	42	7	489	1457	141	42	7	112.518	141.174	156	150	148	146	144	142	140	137	134	131	122	104.851	126.689	139	132	130	129	128	126	126	124	123	121	112	0	0	0.000	0.000	0	0	0	0	0.000	0	0	0	0.000	0	0	0	0	0	0	0	0	0	0	0	0	0	0	0	0	0
259	259	1491	42.689	1479.132	0.924	145	882	350	62	26	145	882	350	62	26	105.080	118.911	144	133	126	120	117	116	115	114	113	112	108	102.558	1141.968	1685	1514	1424	1346	1265	1171	1103	1002	867	688	422	0	0	0.000	0.000	0	0	0	0	0.000	0	0	0	0.000	0	0	0	0	0	0	0	0	0	0	0	0	0	0	0	0	0
260	260	1445	228.769	1476.683	0.893	63	191	848	291	28	63	191	848	291	28	108.000	113.561	124	116	115	114	114	113	113	112	112	111	109	103.000	594.907	988	859	789	710	646	589	524	466	402	342	244	0	0	0.000	0.000	0	0	0	0	0.000	0	0	0	0.000	0	0	0	0	0	0	0	0	0	0	0	0	0	0	0	0	0
261	261	1416	1628.720	1493.355	0.900	36	75	656	576	51	36	75	656	576	51	112.000	252.451	305	293	283	276	268	261	251	238	220	198	160	103.792	786.591	1099	988	933	881	838	791	746	705	663	579	319	0	0	0.000	0.000	0	0	0	0	0.000	0	0	0	0.000	0	0	0	0	0	0	0	0	0	0	0	0	0	0	0	0	0
262	262	390	189.955	1481.034	0.905	41	44	138	127	33	41	44	138	127	33	107.710	111.718	115	114	113	112	112	112	111	111	111	110	109	104.000	369.626	511	485	457	427	396	366	341	313	292	263	221	0	0	0.000	0.000	0	0	0	0	0.000	0	0	0	0.000	0	0	0	0	0	0	0	0	0	0	0	0	0	0	0	0	0
263	263	1530	185.629	1520.939	0.905	31	135	1018	300	10	31	135	1018	300	10	107.000	112.965	121	115	114	114	113	113	112	112	112	111	109	103.116	636.779	937	822	767	732	695	653	605	556	506	427	277	0	0	0.000	0.000	0	0	0	0	0.000	0	0	0	0.000	0	0	0	0	0	0	0	0	0	0	0	0	0	0	0	0	0
264	264	1968	504.566	1528.998	0.881	665	1117	79	49	20	665	1117	79	49	20	109.957	120.915	139	133	130	124	120	118	116	115	115	114	111	104.000	176.736	238	214	205	195	187	177	165	155	147	141	128	0	0	0.000	0.000	0	0	0	0	0.000	0	0	0	0.000	0	0	0	0	0	0	0	0	0	0	0	0	0	0	0	0	0
265	265	2183	1748.038	1529.232	0.856	120	958	891	146	27	120	958	891	146	27	112.137	485.227	1307	745	606	507	467	439	411	387	361	317	196	104.983	133.332	151	141	139	137	136	134	133	131	128	123	112	1	20	1760.694	1533.827	0	0	0	1153	1148.550	0	0	134	133.250	0	0	0	0	0	0	0	0	0	0	0	0	0	0	0	0	0
266	266	1801	1989.798	1525.385	0.900	193	1204	316	50	8	193	1204	316	50	8	109.277	132.827	172	151	142	137	132	129	127	125	123	120	114	104.000	4143.102	6805	5731	5357	5008	4665	4377	4059	3490	2743	2087	996	0	0	0.000	0.000	0	0	0	0	0.000	0	0	0	0.000	0	0	0	0	0	0	0	0	0	0	0	0	0	0	0	0	0
267	267	288	1498.417	1536.033	0.943	36	68	74	66	41	36	68	74	66	41	111.000	117.236	123	119	119	118	118	117	117	116	116	115	111	104.000	122.392	155	136	131	127	124	121	119	116	113	111	107	0	0	0.000	0.000	0	0	0	0	0.000	0	0	0	0.000	0	0	0	0	0	0	0	0	0	0	0	0	0	0	0	0	0
268	268	1414	460.080	1548.550	0.878	25	46	350	876	84	25	46	350	876	84	109.236	117.448	137	127	120	117	116	115	115	114	114	113	111	104.000	187.529	235	218	211	204	198	192	184	172	161	152	125	1	260	456.782	1543.739	0	0	0	128	127.058	0	0	199	200.027	0	0	0	0	0	0	0	0	0	0	0	0	0	0	0	0	0
269	269	1646	1531.103	1548.430	0.881	64	503	818	202	18	64	503	818	202	18	111.648	121.100	139	130	125	122	120	119	119	118	117	116	113	104.007	144.120	174	160	155	152	149	146	141	137	131	128	103	0	0	0.000	0.000	0	0	0	0	0.000	0	0	0	0.000	0	0	0	0	0	0	0	0	0	0	0	0	0	0	0	0	0
270	270	1706	1823.145	1553.581	0.894	743	727	128	61	9	743	727	128	61	9	112.950	560.541	9031	968	266	238	214	202	194	184	172	158	143	105.946	1138.865	2147	1767	1522	1318	1192	1081	999	911	761	594	395	1	133	1811.128	1550.295	0	0	0	3582	4123.489	0	0	1307	1348.789	0	0	0	0	0	0	0	0	0	0	0	0	0	0	0	0	0
271	271	1723	1705.758	1567.261	0.868	62	337	994	257	38	62	337	994	257	38	111.665	652.405	11430	810	368	345	325	308	286	258	228	195	149	105.000	134.475	156	144	141	139	138	136	134	131	128	122	109	1	106	1711.693	1556.904	0	0	0	4695	5164.472	0	0	142	142.868	0	0	0	0	0	0	0	0	0	0	0	0	0	0	0	0	0
272	272	229	165.612	1545.558	0.901	18	36	61	75	37	18	36	61	75	37	106.913	112.205	116	114	114	113	113	112	112	111	111	110	109	103.000	485.638	684	651	616	584	550	506	465	408	353	293	200	0	0	0.000	0.000	0	0	0	0	0.000	0	0	0	0.000	0	0	0	0	0	0	0	0	0	0	0	0	0	0	0	0	0
273	273	1602	1591.139	1569.906	0.897	14	294	926	299	30	14	294	926	299	30	111.488	120.404	134	125	122	121	120	120	119	119	118	117	115	103.959	139.733	164	154	150	147	143	139	135	132	129	126	120	0	0	0.000	0.000	0	0	0	0	0.000	0	0	0	0.000	0	0	0	0	0	0	0	0	0	0	0	0	0	0	0	0	0
274	274	1370	492.766	1585.715	0.851	335	888	71	36	27	335	888	71	36	27	110.000	117.561	135	124	119	117	117	116	116	115	115	114	112	104.000	189.513	246	230	220	210	199	189	180	171	160	149	131	1	167	487.497	1589.110	0	0	0	128	127.701	0	0	182	182.090	0	0	0	0	0	0	0	0	0	0	0	0	0	0	0	0	0
275	275	1575	773.499	1582.484	0.855	38	29	397	913	164	38	29	397	913	164	111.000	135.213	326	140	137	134	132	130	129	127	125	123	115	104.169	145.787	168	160	157	153	150	147	143	138	135	130	122	1	56	781.685	1586.654	0	0	0	229	231.893	0	0	149	149.089	0	0	0	0	0	0	0	0	0	0	0	0	0	0	0	0	0
276	276	1434	1118.078	1614.641	0.900	17	94	679	565	58	17	94	679	565	58	112.000	144.432	157	153	151	149	147	145	143	141	139	134	124	104.482	827.205	1147	1068	989	935	891	830	780	731	668	583	385	0	0	0.000	0.000	0	0	0	0	0.000	0	0	0	0.000	0	0	0	0	0	0	0	0	0	0	0	0	0	0	0	0	0
277	277	2023	1175.471	1629.802	0.878	13	82	797	986	107	13	82	797	986	107	111.144	140.164	215	152	147	145	142	139	137	133	128	125	117	104.018	565.185	1013	894	823	735	632	549	489	368	302	260	217	1	17	1167.862	1611.514	0	0	0	204	202.941	0	0	335	339.588	0	0	0	0	0	0	0	0	0	0	0	0	0	0	0	0	0
278	278	1086	1394.369	1620.467	0.874	8	38	359	536	123	8	38	359	536	123	112.000	121.459	128	125	123	123	122	121	121	120	119	119	116	106.914	2015.476	3067	2780	2616	2482	2321	2127	1945	1649	1320	1018	742	0	0	0.000	0.000	0	0	0	0	0.000	0	0	0	0.000	0	0	0	0	0	0	0	0	0	0	0	0	0	0	0	0	0
279	279	258	1764.435	1617.522	0.939	10	61	82	65	36	10	61	82	65	36	112.000	124.837	136	133	130	128	125	123	122	121	120	119	116	106.000	408.616	632	546	531	500	460	417	376	332	296	242	188	0	0	0.000	0.000	0	0	0	0	0.000	0	0	0	0.000	0	0	0	0	0	0	0	0	0	0	0	0	0	0	0	0	0
280	280	294	1364.194	1623.223	0.906	95	58	72	43	22	95	58	72	43	22	112.000	120.452	128	125	124	122	121	120	119	119	118	116	114	106.932	1340.609	2363	1951	1822	1676	1573	1450	1341	1182	814	485	200	0	0	0.000	0.000	0	0	0	0	0.000	0	0	0	0.000	0	0	0	0	0	0	0	0	0	0	0	0	0	0	0	0	0
281	281	1995	761.426	1644.378	0.916	177	1524	202	47	19	177	1524	202	47	19	110.997	378.237	4433	425	300	283	274	266	260	248	231	207	152	104.125	235.359	303	273	263	253	245	240	233	223	208	192	140	1	99	758.041	1655.196	0	0	0	1963	2148.535	0	0	233	236.273	0	0	0	0	0	0	0	0	0	0	0	0	0	0	0	0	0
282	282	1479	1339.434	1645.706	0.906	49	166	689	527	31	49	166	689	527	31	112.000	122.529	132	127	126	125	123	122	121	120	119	118	116	106.521	2199.824	3512	3225	2960	2748	2567	2330	2112	1828	1341	898	600	0	0	0.000	0.000	0	0	0	0	0.000	0	0	0	0.000	0	0	0	0	0	0	0	0	0	0	0	0	0	0	0	0	0
283	283	1654	1771.321	1649.835	0.896	266	666	664	16	15	266	666	664	16	15	112.000	135.661	150	144	143	140	138	136	135	132	129	125	118	106.920	902.725	1429	1254	1154	1085	1013	927	836	748	633	497	367	0	0	0.000	0.000	0	0	0	0	0.000	0	0	0	0.000	0	0	0	0	0	0	0	0	0	0	0	0	0	0	0	0	0
284	284	475	1618.342	1637.791	0.923	158	187	64	43	14	158	187	64	43	14	111.724	120.040	125	123	122	122	121	120	120	119	118	117	114	104.434	113.299	122	117	116	115	114	113	113	112	111	110	107	0	0	0.000	0.000	0	0	0	0	0.000	0	0	0	0.000	0	0	0	0	0	0	0	0	0	0	0	0	0	0	0	0	0
285	285	1585	1661.385	1648.429	0.865	98	701	662	72	25	98	701	662	72	25	111.953	176.517	212	196	190	185	181	177	173	169	164	157	132	105.548	132.907	147	139	137	136	135	134	132	131	129	126	117	0	0	0.000	0.000	0	0	0	0	0.000	0	0	0	0.000	0	0	0	0	0	0	0	0	0	0	0	0	0	0	0	0	0
286	286	1687	504.879	1654.473	0.880	186	1058	370	31	5	186	1058	370	31	5	110.000	153.011	170	163	160	158	155	153	151	149	146	143	132	105.000	1217.836	1618	1510	1450	1386	1307	1228	1155	1075	992	895	757	0	0	0.000	0.000	0	0	0	0	0.000	0	0	0	0.000	0	0	0	0	0	0	0	0	0	0	0	0	0	0	0	0	0
287	287	1442	560.053	1657.080	0.905	41	326	898	142	8	41	326	898	142	8	110.000	128.648	165	137	133	131	129	128	126	125	123	121	117	104.984	563.355	997	783	736	672	600	543	485	445	412	345	278	0	0	0.000	0.000	0	0	0	0	0.000	0	0	0	0.000	0	0	0	0	0	0	0	0	0	0	0	0	0	0	0	0	0
288	288	1559	450.394	1665.384	0.901	46	205	806	426	36	46	205	806	426	36	109.000	146.314	167	159	157	155	152	149	144	139	135	130	122	104.257	1015.076	1521	1410	1333	1270	1193	1108	976	804	648	483	331	0	0	0.000	0.000	0	0	0	0	0.000	0	0	0	0.000	0	0	0	0	0	0	0	0	0	0	0	0	0	0	0	0	0
289	289	2254	1686.513	1695.699	0.878	241	1384	542	30	13	241	1384	542	30	13	112.787	466.898	4406	839	326	295	273	257	244	230	217	198	152	106.092	759.839	1144	1020	939	869	818	772	721	659	595	480	259	1	194	1696.733	1696.918	0	0	0	2220	2349.763	0	0	823	816.258	0	0	0	0	0	0	0	0	0	0	0	0	0	0	0	0	0
290	290	900	1799.381	1687.446	0.907	19	82	471	274	37	19	82	471	274	37	112.000	145.618	163	158	156	154	151	148	144	139	134	129	122	106.000	961.011	1413	1312	1237	1147	1053	984	913	845	717	529	306	0	0	0.000	0.000	0	0	0	0	0.000	0	0	0	0.000	0	0	0	0	0	0	0	0	0	0	0	0	0	0	0	0	0
291	291	2402	1402.709	1698.380	0.896	130	622	1172	414	21	130	622	1172	414	21	112.000	549.237	5589	1443	339	208	193	185	178	171	162	152	140	107.000	5501.333	8151	7523	7044	6596	6275	5911	5435	4884	3816	2613	1774	1	310	1395.422	1697.805	0	0	0	2535	2777.210	0	0	7636	7477.968	0	0	0	0	0	0	0	0	0	0	0	0	0	0	0	0	0
292	292	2299	760.057	1704.914	0.879	45	296	1283	602	38	45	296	1283	602	38	109.917	290.288	838	340	326	313	302	290	278	263	242	206	151	103.484	262.391	342	305	296	288	280	271	259	246	229	206	142	1	14	756.511	1692.392	0	0	0	722	710.500	0	0	301	301.714	0	0	0	0	0	0	0	0	0	0	0	0	0	0	0	0	0
293	293	2205	1630.160	1699.795	0.898	402	599	505	581	76	402	599	505	581	76	113.000	256.085	398	346	300	277	261	249	233	219	207	192	166	106.431	560.412	1028	853	713	636	578	536	488	440	389	335	250	0	0	0.000	0.000	0	0	0	0	0.000	0	0	0	0.000	0	0	0	0	0	0	0	0	0	0	0	0	0	0	0	0	0
294	294	1529	1762.282	1698.261	0.898	53	158	967	302	18	53	158	967	302	18	112.642	244.192	2456	399	180	157	148	142	139	136	133	129	121	105.979	806.315	1328	1170	1103	1025	946	832	710	600	489	394	235	1	131	1755.305	1703.869	0	0	0	1005	1130.267	0	0	1076	1047.321	0	0	0	0	0	0	0	0	0	0	0	0	0	0	0	0	0
295	295	1532	564.637	1710.131	0.872	224	980	221	61	16	224	980	221	61	16	110.029	236.309	1667	530	187	138	134	132	130	128	125	120	114	104.229	469.091	659	589	562	538	515	486	451	413	369	328	220	1	224	566.670	1726.592	0	0	0	749	820.946	0	0	531	504.531	0	0	0	0	0	0	0	0	0	0	0	0	0	0	0	0	0
296	296	1489	2011.761	1724.480	0.898	82	537	615	195	31	82	537	615	195	31	107.313	141.306	190	166	157	151	147	141	134	128	123	119	113	103.000	2547.763	6521	3901	3269	2906	2650	2364	2141	1898	1721	1368	653	0	0	0.000	0.000	0	0	0	0	0.000	0	0	0	0.000	0	0	0	0	0	0	0	0	0	0	0	0	0	0	0	0	0
297	297	1571	1488.397	1737.874	0.880	72	54	363	879	175	72	54	363	879	175	111.817	120.039	127	124	122	121	120	120	119	118	118	117	113	105.730	159.023	186	176	172	168	165	161	157	152	146	138	127	0	0	0.000	0.000	0	0	0	0	0.000	0	0	0	0.000	0	0	0	0	0	0	0	0	0	0	0	0	0	0	0	0	0
298	298	1931	1441.476	1749.251	0.885	61	437	904	434	59	61	437	904	434	59	112.080	616.813	4795	2114	592	249	191	177	169	163	157	148	134	106.321	4711.795	7619	6847	6164	5736	5259	4657	4180	3688	3182	2655	1679	1	358	1442.685	1758.084	0	0	0	2191	2403.517	0	0	6877	6761.243	0	0	0	0	0	0	0	0	0	0	0	0	0	0	0	0	0
299	299	1300	606.249	1738.288	0.878	23	230	755	245	22	23	230	755	245	22	110.441	152.155	1086	173	130	126	124	122	120	119	117	116	112	104.000	539.522	879	793	711	657	613	557	491	413	339	284	222	1	83	600.514	1739.634	0	0	0	468	508.120	0	0	815	806.470	0	0	0	0	0	0	0	0	0	0	0	0	0	0	0	0	0
300	300	1781	1660.036	1746.903	0.910	331	976	368	48	28	331	976	368	48	28	112.575	713.172	6879	1738	486	326	300	282	268	249	231	216	174	106.208	570.634	887	789	719	663	613	565	521	472	421	366	269	1	220	1651.078	1754.185	0	0	0	3140	3456.559	0	0	808	779.832	0	0	0	0	0	0	0	0	0	0	0	0	0	0	0	0	0
301	301	1743	1785.866	1748.031	0.904	876	749	29	17	12	876	749	29	17	12	112.000	184.483	968	311	170	144	140	136	132	129	127	124	115	105.975	933.337	1504	1287	1206	1127	1031	941	871	799	680	509	342	1	194	1780.504	1758.159	0	0	0	473	514.835	0	0	977	1009.959	0	0	0	0	0	0	0	0	0	0	0	0	0	0	0	0	0
302	302	318	637.892	1756.026	0.936	28	62	82	102	38	28	62	82	102	38	110.019	115.852	120	118	117	117	116	116	115	115	115	114	113	104.000	191.456	246	228	218	209	200	192	182	175	164	155	138	0	0	0.000	0.000	0	0	0	0	0.000	0	0	0	0.000	0	0	0	0	0	0	0	0	0	0	0	0	0	0	0	0	0
303	303	2578	1852.894	1793.220	0.863	95	1419	945	49	7	95	1419	945	49	7	111.187	405.619	5094	457	307	297	289	279	268	254	231	202	158	105.876	1801.391	2543	2368	2238	2136	2029	1902	1766	1629	1374	998	547	1	138	1857.752	1801.349	0	0	0	2219	2449.688	0	0	1703	1731.268	0	0	0	0	0	0	0	0	0	0	0	0	0	0	0	0	0
304	304	1192	999.824	1783.330	0.725	78	415	519	146	15	78	415	519	146	15	111.000	181.944	293	198	192	187	183	179	176	172	167	160	145	104.499	138.040	151	144	142	141	140	138	137	136	134	131	124	0	0	0.000	0.000	0	0	0	0	0.000	0	0	0	0.000	0	0	0	0	0	0	0	0	0	0	0	0	0	0	0	0	0
305	305	2344	592.637	1792.423	0.884	152	1699	431	22	9	152	1699	431	22	9	110.907	446.831	3533	913	359	276	262	252	242	234	222	204	157	103.939	1568.647	2521	2007	1895	1807	1725	1643	1521	1381	1188	1005	768	1	249	591.028	1794.888	0	0	0	1759	1858.771	0	0	1009	1070.145	0	0	0	0	0	0	0	0	0	0	0	0	0	0	0	0	0
306	306	2803	1123.430	1804.215	0.878	83	923	1454	259	20	83	923	1454	259	20	110.577	126.928	136	132	131	129	128	127	126	125	123	121	116	105.733	2696.112	5970	4098	3585	3232	2961	2652	2368	2067	1734	1420	636	0	0	0.000	0.000	0	0	0	0	0.000	0	0	0	0.000	0	0	0	0	0	0	0	0	0	0	0	0	0	0	0	0	0
307	307	1804	1510.439	1802.529	0.867	101	310	635	626	102	101	310	635	626	102	112.211	143.902	401	171	141	138	134	131	130	128	126	123	116	106.268	2211.783	3617	3018	2811	2624	2467	2305	2150	1930	1612	1144	744	1	139	1514.249	1790.062	0	0	0	258	266.906	0	0	2975	2910.914	0	0	0	0	0	0	0	0	0	0	0	0	0	0	0	0	0
308	308	998	1406.455	1808.970	0.817	35	337	434	152	19	35	337	434	152	19	112.000	128.765	139	135	134	132	131	130	127	125	124	121	115	105.904	131.465	179	148	142	135	130	128	126	125	123	120	109	0	0	0.000	0.000	0	0	0	0	0.000	0	0	0	0.000	0	0	0	0	0	0	0	0	0	0	0	0	0	0	0	0	0
309	309	1778	1221.003	1815.693	0.879	142	982	550	53	23	142	982	550	53	23	111.899	125.438	136	131	129	128	127	126	124	123	122	120	114	106.244	2413.301	3548	3150	2981	2852	2734	2583	2390	2129	1769	1347	825	0	0	0.000	0.000	0	0	0	0	0.000	0	0	0	0.000	0	0	0	0	0	0	0	0	0	0	0	0	0	0	0	0	0
310	310	1868	1941.503	1816.896	0.905	359	1353	69	50	22	359	1353	69	50	22	110.315	398.363	4270	942	213	147	141	138	136	134	131	128	120	105.850	719.042	1225	1037	872	810	759	708	661	612	529	435	300	1	226	1945.394	1829.169	0	0	0	1912	2086.531	0	0	1107	1061.947	0	0	0	0	0	0	0	0	0	0	0	0	0	0	0	0	0
311	311	1918	1452.278	1820.850	0.872	114	827	704	205	36	114	827	704	205	36	112.363	132.876	342	139	134	132	131	129	128	127	125	123	116	106.896	2542.699	4092	3720	3472	3241	2987	2681	2335	1986	1598	1114	629	1	49	1439.405	1814.339	0	0	0	226	229.694	0	0	3530	3437.673	0	0	0	0	0	0	0	0	0	0	0	0	0	0	0	0	0
312	312	451	2032.250	1806.503	0.916	19	54	186	122	65	19	54	186	122	65	108.000	129.379	137	134	133	132	131	130	129	128	126	124	121	104.000	526.200	697	648	633	609	580	552	508	456	411	367	295	0	0	0.000	0.000	0	0	0	0	0.000	0	0	0	0.000	0	0	0	0	0	0	0	0	0	0	0	0	0	0	0	0	0
313	313	2366	1801.472	1827.613	0.885	105	622	1276	275	33	105	622	1276	275	33	111.205	1858.460	19584	6436	1147	409	337	317	298	271	242	212	161	105.738	1939.219	2778	2539	2429	2327	2237	2113	1944	1697	1392	1041	539	1	354	1799.675	1819.392	0	0	0	9337	9925.743	0	0	2320	2282.000	0	0	0	0	0	0	0	0	0	0	0	0	0	0	0	0	0
314	314	1868	1995.796	1821.935	0.879	31	99	701	923	82	31	99	701	923	82	109.221	133.493	147	141	139	137	136	134	132	131	128	124	117	104.826	808.655	1197	1070	983	919	865	806	758	710	640	551	360	0	0	0.000	0.000	0	0	0	0	0.000	0	0	0	0.000	0	0	0	0	0	0	0	0	0	0	0	0	0	0	0	0	0
315	315	443	1273.569	1811.449	0.800	28	119	148	100	38	28	119	148	100	38	112.000	146.698	164	158	154	151	149	147	144	142	139	136	130	105.176	136.372	153	144	142	140	138	136	135	133	131	128	121	0	0	0.000	0.000	0	0	0	0	0.000	0	0	0	0.000	0	0	0	0	0	0	0	0	0	0	0	0	0	0	0	0	0
316	316	2817	1063.267	1834.840	0.899	469	1397	724	134	38	469	1397	724	134	38	110.257	128.033	140	135	133	131	130	128	127	125	123	121	116	106.000	2738.905	5220	4233	3742	3405	3076	2682	2347	2011	1647	1317	801	0	0	0.000	0.000	0	0	0	0	0.000	0	0	0	0.000	0	0	0	0	0	0	0	0	0	0	0	0	0	0	0	0	0
317	317	1644	1896.616	1832.586	0.884	42	125	625	726	91	42	125	625	726	91	111.000	123.440	160	130	126	124	123	122	121	120	119	118	114	106.000	864.427	1416	1268	1185	1061	931	839	759	659	572	498	344	1	28	1898.662	1835.763	0	0	0	150	149.893	0	0	939	918.750	0	0	0	0	0	0	0	0	0	0	0	0	0	0	0	0	0
318	318	2518	1233.649	1873.419	0.899	956	1364	98	24	7	956	1364	98	24	7	112.000	123.294	139	130	127	125	123	122	121	120	120	119	116	106.113	1565.212	2613	2200	2020	1865	1726	1615	1489	1342	1097	803	432	0	0	0.000	0.000	0	0	0	0	0.000	0	0	0	0.000	0	0	0	0	0	0	0	0	0	0	0	0	0	0	0	0	0
319	319	1717	1959.164	1875.183	0.858	44	388	919	312	14	44	388	919	312	14	110.174	183.063	225	214	208	199	190	183	176	169	160	151	138	105.061	1487.157	2343	2110	1986	1863	1682	1531	1370	1210	999	725	481	0	0	0.000	0.000	0	0	0	0	0.000	0	0	0	0.000	0	0	0	0	0	0	0	0	0	0	0	0	0	0	0	0	0
320	320	1297	1469.962	1876.292	0.903	58	136	581	435	58	58	136	581	435	58	112.709	511.237	811	691	641	594	545	506	465	439	386	331	232	105.731	126.312	139	132	130	129	128	126	126	124	123	121	113	0	0	0.000	0.000	0	0	0	0	0.000	0	0	0	0.000	0	0	0	0	0	0	0	0	0	0	0	0	0	0	0	0	0
321	321	1072	1687.982	1873.025	0.907	173	453	349	57	20	173	453	349	57	20	110.951	222.962	310	279	262	245	232	224	212	199	184	166	136	103.926	140.750	167	153	149	146	144	141	139	136	132	127	113	0	0	0.000	0.000	0	0	0	0	0.000	0	0	0	0.000	0	0	0	0	0	0	0	0	0	0	0	0	0	0	0	0	0
322	322	374	1878.675	1865.494	0.911	10	38	84	173	60	10	38	84	173	60	111.000	119.527	125	122	121	120	120	120	119	119	118	117	115	105.011	629.283	849	759	739	715	692	664	631	594	525	422	284	0	0	0.000	0.000	0	0	0	0	0.000	0	0	0	0.000	0	0	0	0	0	0	0	0	0	0	0	0	0	0	0	0	0
323	323	2395	1176.961	1885.203	0.884	159	1161	904	99	20	159	1161	904	99	20	111.224	123.014	139	130	127	124	123	122	121	120	119	118	115	105.715	2024.201	2965	2633	2497	2391	2284	2128	1971	1789	1549	1198	705	0	0	0.000	0.000	0	0	0	0	0.000	0	0	0	0.000	0	0	0	0	0	0	0	0	0	0	0	0	0	0	0	0	0
324	324	1670	302.814	1881.141	0.891	12	133	724	680	94	12	133	724	680	94	107.014	347.786	4236	664	174	148	145	140	135	131	127	123	116	103.421	1064.895	1964	1695	1501	1333	1169	1038	893	766	637	492	343	1	165	295.234	1874.770	0	0	0	1817	2023.448	0	0	1765	1676.703	0	0	0	0	0	0	0	0	0	0	0	0	0	0	0	0	0
325	325	1461	1908.590	1888.196	0.895	134	803	398	92	9	134	803	398	92	9	110.235	121.549	136	125	124	123	122	121	120	120	119	118	114	104.749	751.347	1111	1019	965	901	841	793	730	635	516	411	331	0	0	0.000	0.000	0	0	0	0	0.000	0	0	0	0.000	0	0	0	0	0	0	0	0	0	0	0	0	0	0	0	0	0
326	326	1421	2009.757	1893.857	0.911	34	121	180	943	121	34	121	180	943	121	108.694	180.312	225	208	202	195	188	182	175	169	160	148	127	104.116	1407.085	2144	1828	1754	1650	1545	1459	1341	1210	1091	906	440	0	0	0.000	0.000	0	0	0	0	0.000	0	0	0	0.000	0	0	0	0	0	0	0	0	0	0	0	0	0	0	0	0	0
327	327	1956	244.512	1903.432	0.895	42	137	779	854	113	42	137	779	854	113	107.000	129.243	234	137	134	131	130	128	126	123	120	117	112	103.362	949.030	1626	1415	1265	1130	1023	947	864	755	635	494	323	1	41	232.282	1914.852	0	0	0	198	196.415	0	0	782	807.098	0	0	0	0	0	0	0	0	0	0	0	0	0	0	0	0	0
328	328	1058	284.065	1923.341	0.904	18	76	374	504	72	18	76	374	504	72	106.853	134.267	155	147	144	141	138	135	131	128	124	121	115	103.032	1154.274	1779	1626	1529	1436	1335	1185	1035	900	787	646	306	0	0	0.000	0.000	0	0	0	0	0.000	0	0	0	0.000	0	0	0	0	0	0	0	0	0	0	0	0	0	0	0	0	0
329	329	807	204.066	1924.974	0.917	49	111	496	119	11	49	111	496	119	11	106.182	124.706	138	133	131	130	128	126	124	121	118	114	108	102.230	1065.024	1601	1428	1352	1303	1224	1139	1034	906	747	571	261	0	0	0.000	0.000	0	0	0	0	0.000	0	0	0	0.000	0	0	0	0	0	0	0	0	0	0	0	0	0	0	0	0	0
330	330	1208	805.389	1942.700	0.908	32	55	272	724	105	32	55	272	724	105	108.941	155.207	182	173	170	166	161	156	152	146	141	134	123	103.945	1447.829	2161	2006	1848	1734	1619	1492	1344	1191	1040	863	482	0	0	0.000	0.000	0	0	0	0	0.000	0	0	0	0.000	0	0	0	0	0	0	0	0	0	0	0	0	0	0	0	0	0
331	331	1623	1295.409	1946.556	0.880	27	183	904	448	36	27	183	904	448	36	110.851	176.301	1093	277	142	126	124	122	121	120	119	118	113	105.853	713.500	1181	1037	958	897	826	751	654	545	441	335	241	1	178	1302.876	1938.790	0	0	0	513	558.618	0	0	1023	994.815	0	0	0	0	0	0	0	0	0	0	0	0	0	0	0	0	0
332	332	1418	851.120	1955.907	0.891	40	662	565	89	44	40	662	565	89	44	109.000	189.436	1259	236	169	161	156	150	143	139	134	128	118	104.000	1009.310	1764	1582	1439	1351	1213	1019	842	695	546	404	267	1	102	855.319	1950.110	0	0	0	611	640.990	0	0	1386	1335.755	0	0	0	0	0	0	0	0	0	0	0	0	0	0	0	0	0
333	333	1907	1379.506	1955.202	0.888	65	338	1214	238	19	65	338	1214	238	19	112.267	156.856	179	169	166	164	162	159	156	151	146	141	130	106.000	3121.499	4929	4198	3942	3708	3517	3305	3040	2630	2193	1702	1148	0	0	0.000	0.000	0	0	0	0	0.000	0	0	0	0.000	0	0	0	0	0	0	0	0	0	0	0	0	0	0	0	0	0
334	334	1724	1238.900	1962.906	0.874	70	104	749	699	70	70	104	749	699	70	110.985	125.568	194	136	131	127	124	122	121	120	119	118	114	106.000	687.905	1024	901	851	797	742	696	644	597	531	460	353	1	59	1227.853	1972.481	0	0	0	163	164.356	0	0	928	887.661	0	0	0	0	0	0	0	0	0	0	0	0	0	0	0	0	0
335	335	2023	1127.902	1973.618	0.887	61	740	1016	153	22	61	740	1016	153	22	109.438	124.635	148	135	131	127	124	122	121	120	119	118	115	104.000	120.380	134	126	125	123	122	120	119	118	116	114	108	0	0	0.000	0.000	0	0	0	0	0.000	0	0	0	0.000	0	0	0	0	0	0	0	0	0	0	0	0	0	0	0	0	0
336	336	2180	1978.213	1975.727	0.883	198	1032	811	86	15	198	1032	811	86	15	107.738	234.348	1241	289	226	213	206	199	192	184	177	166	137	104.139	139.889	162	149	146	144	142	140	138	136	134	130	115	1	114	1963.398	1976.405	0	0	0	705	739.702	0	0	143	142.228	0	0	0	0	0	0	0	0	0	0	0	0	0	0	0	0	0
337	337	1697	1312.813	1998.636	0.896	37	445	1054	109	14	37	445	1054	109	14	110.384	132.358	148	140	138	136	135	133	131	129	126	123	118	105.367	1526.540	2613	2247	2059	1846	1669	1501	1377	1214	1011	794	535	0	0	0.000	0.000	0	0	0	0	0.000	0	0	0	0.000	0	0	0	0	0	0	0	0	0	0	0	0	0	0	0	0	0
338	338	1600	890.046	2003.291	0.877	19	106	832	590	19	19	106	832	590	19	108.696	166.984	766	172	166	163	161	156	151	147	142	136	124	103.636	1604.063	2248	2099	2008	1843	1684	1581	1485	1394	1313	1152	548	1	57	883.808	2018.761	0	0	0	435	451.649	0	0	1759	1656.895	0	0	0	0	0	0	0	0	0	0	0	0	0	0	0	0	0
339	339	1916	1362.715	2006.594	0.892	1041	775	17	7	12	1041	775	17	7	12	111.012	153.346	179	168	165	162	159	156	152	146	140	134	124	104.791	2857.911	4772	4129	3846	3558	3297	2969	2660	2298	1853	1296	605	0	0	0.000	0.000	0	0	0	0	0.000	0	0	0	0.000	0	0	0	0	0	0	0	0	0	0	0	0	0	0	0	0	0
340	340	1606	48.082	2001.163	0.893	65	341	898	241	30	65	341	898	241	30	101.790	107.971	112	110	110	109	109	108	107	107	106	106	101	100.000	118.653	134	126	124	122	121	119	118	116	113	110	103	0	0	0.000	0.000	0	0	0	0	0.000	0	0	0	0.000	0	0	0	0	0	0	0	0	0	0	0	0	0	0	0	0	0
341	341	745	1210.057	2002.857	0.725	144	278	223	78	9	144	278	223	78	9	109.544	241.914	370	302	286	273	259	245	228	210	193	172	147	105.318	137.765	160	149	145	142	139	137	135	133	131	128	121	0	0	0.000	0.000	0	0	0	0	0.000	0	0	0	0.000	0	0	0	0	0	0	0	0	0	0	0	0	0	0	0	0	0
342	342	1501	839.364	2020.459	0.920	63	445	706	235	21	63	445	706	235	21	107.143	115.361	128	120	118	116	115	114	114	113	113	112	108	103.241	414.167	536	502	476	457	441	425	404	377	348	316	238	0	0	0.000	0.000	0	0	0	0	0.000	0	0	0	0.000	0	0	0	0	0	0	0	0	0	0	0	0	0	0	0	0	0
343	343	1422	1257.071	2023.898	0.885	23	81	437	762	77	23	81	437	762	77	109.527	129.279	144	136	134	133	131	130	128	126	124	121	113	105.564	1550.594	2412	2130	1969	1824	1691	1554	1421	1321	1144	945	593	0	0	0.000	0.000	0	0	0	0	0.000	0	0	0	0.000	0	0	0	0	0	0	0	0	0	0	0	0	0	0	0	0	0
