 	cell	area	x	y	circ	BFI_lev_b1	BFI_lev_b2	BFI_lev_b3	BFI_lev_b4	BFI_lev_b5	BFO_lev_b1	BFO_lev_b2	BFO_lev_b3	BFO_lev_b4	BFO_lev_b5	RFP_int_bg	RFP_int_mean	RFP_int_b0	RFP_int_b1	RFP_int_b2	RFP_int_b3	RFP_int_b4	RFP_int_b5	RFP_int_b6	RFP_int_b7	RFP_int_b8	RFP_int_b9	RFP_int_b10	GFP_int_bg	GFP_int_mean	GFP_int_b0	GFP_int_b1	GFP_int_b2	GFP_int_b3	GFP_int_b4	GFP_int_b5	GFP_int_b6	GFP_int_b7	GFP_int_b8	GFP_int_b9	GFP_int_b10	inRFPnfoci	f1_inRFParea	f1_inRFPx	f1_inRFPy	f2_inRFParea	f2_inRFPx	f2_inRFPy	f1_inRFP_toRFPmed	f1_inRFP_toRFPmean	f2_inRFP_toRFPmed	f2_inRFP_toRFPmean	f1_inRFP_toGFPmed	f1_inRFP_toGFPmean	f2_inRFP_toGFPmed	f2_inRFP_toGFPmean	inGFPnfoci	f1_inGFParea	f1_inGFPx	f1_inGFPy	f2_inGFParea	f2_inGFPx	f2_inGFPy	f1_inGFP_toRFPmed	f1_inGFP_toRFPmean	f2_inGFP_toRFPmed	f2_inGFP_toRFPmean	f1_inGFP_toGFPmed	f1_inGFP_toGFPmean	f2_inGFP_toGFPmed	f2_inGFP_toGFPmean
1	1	2054	1915.183	35.370	0.879	19	421	1327	229	21	19	421	1327	229	21	103.453	114.482	124	119	117	116	115	114	113	112	112	110	107	104.305	867.888	1508	1280	1164	1044	946	852	761	669	567	485	303	0	0	0.000	0.000	0	0	0	0	0.000	0	0	0	0.000	0	0	0	0	0	0	0	0	0	0	0	0	0	0	0	0	0
2	2	1644	1183.764	40.309	0.904	20	161	1265	162	7	20	161	1265	162	7	105.370	177.967	226	204	194	187	183	178	172	165	159	154	142	102.420	308.897	457	397	369	350	334	314	292	272	244	208	174	0	0	0.000	0.000	0	0	0	0	0.000	0	0	0	0.000	0	0	0	0	0	0	0	0	0	0	0	0	0	0	0	0	0
3	3	1562	1812.547	48.142	0.889	631	518	262	110	18	631	518	262	110	18	103.929	161.399	289	189	173	168	164	161	157	150	141	130	109	104.000	589.329	858	788	760	729	689	639	573	496	407	297	162	0	0	0.000	0.000	0	0	0	0	0.000	0	0	0	0.000	0	0	0	0	0	0	0	0	0	0	0	0	0	0	0	0	0
4	4	1872	1238.973	54.659	0.897	46	261	1295	233	6	46	261	1295	233	6	105.052	162.005	192	183	178	173	167	162	157	152	146	139	128	101.979	281.252	413	360	334	318	303	289	268	247	221	192	162	0	0	0.000	0.000	0	0	0	0	0.000	0	0	0	0.000	0	0	0	0	0	0	0	0	0	0	0	0	0	0	0	0	0
5	5	1953	1373.616	63.019	0.868	90	374	993	421	36	90	374	993	421	36	105.144	166.445	203	192	186	180	174	168	161	154	146	140	124	102.458	691.785	1100	960	891	811	747	690	642	582	508	403	263	0	0	0.000	0.000	0	0	0	0	0.000	0	0	0	0.000	0	0	0	0	0	0	0	0	0	0	0	0	0	0	0	0	0
6	6	720	1874.755	52.016	0.931	392	260	45	9	6	392	260	45	9	6	104.453	148.894	174	168	164	159	154	149	144	140	134	129	121	104.000	373.311	525	480	455	428	401	376	350	322	291	265	203	0	0	0.000	0.000	0	0	0	0	0.000	0	0	0	0.000	0	0	0	0	0	0	0	0	0	0	0	0	0	0	0	0	0
7	7	1710	912.463	64.313	0.858	118	77	646	804	27	118	77	646	804	27	105.000	184.237	2085	210	122	119	117	116	115	114	113	112	106	102.501	1080.050	1717	1546	1462	1351	1231	1099	965	837	703	551	440	1	117	905.653	61.706	0	0	0	867	971.940	0	0	1499	1448.197	0	0	0	0	0	0	0	0	0	0	0	0	0	0	0	0	0
8	8	1178	1528.582	64.567	0.905	25	713	246	150	28	25	713	246	150	28	104.997	113.452	121	116	115	115	114	114	113	112	112	111	108	103.385	1698.098	2358	2258	2119	2001	1872	1752	1627	1461	1267	1051	721	0	0	0.000	0.000	0	0	0	0	0.000	0	0	0	0.000	0	0	0	0	0	0	0	0	0	0	0	0	0	0	0	0	0
9	9	418	952.376	58.669	0.913	94	111	99	85	24	94	111	99	85	24	105.000	112.084	115	114	113	113	112	112	112	112	111	110	107	102.000	743.254	1071	988	956	909	845	777	700	620	534	442	259	0	0	0.000	0.000	0	0	0	0	0.000	0	0	0	0.000	0	0	0	0	0	0	0	0	0	0	0	0	0	0	0	0	0
10	10	1572	152.221	77.609	0.909	110	630	720	78	11	110	630	720	78	11	102.886	110.826	117	113	113	112	112	111	110	110	109	108	106	101.583	1341.852	2304	1921	1773	1620	1491	1365	1230	1056	874	734	435	0	0	0.000	0.000	0	0	0	0	0.000	0	0	0	0.000	0	0	0	0	0	0	0	0	0	0	0	0	0	0	0	0	0
11	11	1901	1575.823	82.967	0.870	103	249	1004	483	31	103	249	1004	483	31	105.000	112.826	118	116	115	114	114	113	112	111	111	110	107	104.000	1873.923	3197	2891	2636	2399	2135	1913	1686	1362	1080	786	555	0	0	0.000	0.000	0	0	0	0	0.000	0	0	0	0.000	0	0	0	0	0	0	0	0	0	0	0	0	0	0	0	0	0
12	12	2196	1898.754	87.258	0.869	46	629	1210	256	16	46	629	1210	256	16	104.973	116.730	127	121	120	119	118	117	116	115	114	112	108	104.903	1059.795	1623	1467	1356	1263	1192	1113	1017	899	751	573	352	0	0	0.000	0.000	0	0	0	0	0.000	0	0	0	0.000	0	0	0	0	0	0	0	0	0	0	0	0	0	0	0	0	0
13	13	1922	1848.555	89.439	0.885	535	1052	181	106	21	535	1052	181	106	21	105.078	184.523	235	219	210	203	196	187	177	167	158	147	129	104.000	444.895	687	600	560	528	497	463	423	380	318	249	190	0	0	0.000	0.000	0	0	0	0	0.000	0	0	0	0.000	0	0	0	0	0	0	0	0	0	0	0	0	0	0	0	0	0
14	14	998	1186.522	82.813	0.897	12	22	241	641	61	12	22	241	641	61	106.000	144.405	161	155	153	151	149	147	144	139	134	129	120	103.159	1570.934	2136	1974	1896	1833	1756	1652	1546	1429	1255	996	516	0	0	0.000	0.000	0	0	0	0	0.000	0	0	0	0.000	0	0	0	0	0	0	0	0	0	0	0	0	0	0	0	0	0
15	15	1533	1350.159	123.728	0.889	69	193	878	330	28	69	193	878	330	28	106.450	164.407	192	181	178	173	170	166	163	158	152	143	128	102.984	670.371	932	838	794	750	714	679	641	604	554	488	332	0	0	0.000	0.000	0	0	0	0	0.000	0	0	0	0.000	0	0	0	0	0	0	0	0	0	0	0	0	0	0	0	0	0
16	16	1947	1165.842	125.326	0.885	389	1455	46	13	10	389	1455	46	13	10	106.926	151.902	270	170	164	159	154	148	144	139	133	127	121	104.515	1714.469	2672	2516	2359	2201	2015	1807	1598	1328	1011	750	506	0	0	0.000	0.000	0	0	0	0	0.000	0	0	0	0.000	0	0	0	0	0	0	0	0	0	0	0	0	0	0	0	0	0
17	17	1853	1597.895	133.353	0.882	7	82	409	1153	172	7	82	409	1153	172	105.633	114.832	122	118	117	117	116	115	114	113	112	111	107	104.000	2012.225	4096	3565	3009	2537	2166	1860	1558	1254	1022	849	590	0	0	0.000	0.000	0	0	0	0	0.000	0	0	0	0.000	0	0	0	0	0	0	0	0	0	0	0	0	0	0	0	0	0
18	18	1687	1642.966	152.926	0.891	14	352	752	441	79	14	352	752	441	79	106.000	116.752	124	120	119	118	118	117	116	116	115	113	110	103.559	2998.782	4364	4045	3809	3562	3287	2998	2729	2540	2307	1902	1011	0	0	0.000	0.000	0	0	0	0	0.000	0	0	0	0.000	0	0	0	0	0	0	0	0	0	0	0	0	0	0	0	0	0
19	19	2637	1118.723	168.141	0.844	373	2109	72	47	15	373	2109	72	47	15	107.000	160.369	529	190	159	153	150	147	143	138	133	128	120	104.491	1413.639	2314	1943	1784	1660	1553	1436	1320	1198	1038	813	566	1	147	1110.354	169.608	0	0	0	351	361.619	0	0	1490	1456.837	0	0	0	0	0	0	0	0	0	0	0	0	0	0	0	0	0
20	20	628	1251.732	158.227	0.938	25	75	158	299	62	25	75	158	299	62	106.621	126.960	141	136	134	132	130	127	124	122	120	118	112	104.331	1107.328	1614	1491	1422	1346	1284	1198	1056	903	742	622	393	0	0	0.000	0.000	0	0	0	0	0.000	0	0	0	0.000	0	0	0	0	0	0	0	0	0	0	0	0	0	0	0	0	0
21	21	2352	1181.782	186.147	0.820	510	1307	406	60	24	510	1307	406	60	24	107.000	155.961	585	166	156	151	147	144	141	138	135	130	123	105.771	1454.324	2418	2138	1954	1802	1650	1491	1302	1117	918	733	518	1	102	1186.796	174.288	0	0	0	351	366.637	0	0	1770	1721.010	0	0	0	0	0	0	0	0	0	0	0	0	0	0	0	0	0
22	22	1774	1235.533	204.125	0.873	589	952	78	89	46	589	952	78	89	46	107.000	149.771	170	162	158	156	153	150	146	144	142	139	128	105.401	1865.455	2773	2571	2411	2254	2094	1899	1699	1517	1321	1069	914	0	0	0.000	0.000	0	0	0	0	0.000	0	0	0	0.000	0	0	0	0	0	0	0	0	0	0	0	0	0	0	0	0	0
23	23	1905	1580.168	210.664	0.881	23	178	1047	586	38	23	178	1047	586	38	106.941	120.585	135	128	126	124	122	120	118	117	115	114	110	104.079	1741.729	2902	2512	2327	2156	1972	1811	1615	1398	1112	827	587	0	0	0.000	0.000	0	0	0	0	0.000	0	0	0	0.000	0	0	0	0	0	0	0	0	0	0	0	0	0	0	0	0	0
24	24	1880	537.950	227.344	0.910	1098	425	164	104	45	1098	425	164	104	45	107.000	190.607	249	236	222	209	199	191	181	170	161	148	133	105.000	2189.035	3981	3539	3166	2832	2483	2151	1797	1479	1233	966	590	0	0	0.000	0.000	0	0	0	0	0.000	0	0	0	0.000	0	0	0	0	0	0	0	0	0	0	0	0	0	0	0	0	0
25	25	1809	1629.118	227.584	0.852	16	158	913	625	54	16	158	913	625	54	107.000	120.787	131	127	125	124	123	121	120	118	116	114	110	104.305	2076.709	3189	2868	2720	2587	2442	2256	2042	1721	1319	951	501	0	0	0.000	0.000	0	0	0	0	0.000	0	0	0	0.000	0	0	0	0	0	0	0	0	0	0	0	0	0	0	0	0	0
26	26	542	1580.065	253.161	0.937	54	95	246	124	16	54	95	246	124	16	107.018	120.251	131	127	125	124	122	120	119	117	116	113	109	105.000	1109.899	1699	1441	1364	1317	1269	1218	1158	1052	874	514	207	0	0	0.000	0.000	0	0	0	0	0.000	0	0	0	0.000	0	0	0	0	0	0	0	0	0	0	0	0	0	0	0	0	0
27	27	1453	1128.870	267.544	0.890	119	606	578	108	8	119	606	578	108	8	107.041	166.025	363	185	179	174	168	163	157	151	146	141	129	103.438	137.698	157	149	146	143	141	138	135	132	130	127	114	1	19	1115.669	274.730	0	0	0	303	299.895	0	0	147	146.526	0	0	0	0	0	0	0	0	0	0	0	0	0	0	0	0	0
28	28	636	914.832	265.440	0.883	49	207	262	92	13	49	207	262	92	13	106.000	179.124	278	243	215	198	185	172	161	151	142	133	120	102.091	135.340	181	157	148	142	139	135	131	126	120	115	109	0	0	0.000	0.000	0	0	0	0	0.000	0	0	0	0.000	0	0	0	0	0	0	0	0	0	0	0	0	0	0	0	0	0
29	29	1785	287.779	277.247	0.886	117	720	832	43	11	117	720	832	43	11	104.999	116.030	128	121	119	118	117	115	115	114	113	112	108	103.007	4306.748	9397	6575	5667	5226	4809	4305	3854	3286	2622	1906	951	0	0	0.000	0.000	0	0	0	0	0.000	0	0	0	0.000	0	0	0	0	0	0	0	0	0	0	0	0	0	0	0	0	0
30	30	2150	1182.395	278.153	0.881	424	1284	328	52	11	424	1284	328	52	11	107.006	1561.560	28673	3304	286	188	170	161	157	154	148	141	125	104.159	155.779	343	173	157	153	151	148	146	143	140	137	119	1	197	1167.240	281.700	0	0	0	12407	13659.660	0	0	231	238.766	0	0	1	80	1166.951	280.510	0	0	0	20088	19429.013	0	0	286	280.825	0	0
31	31	1703	1645.038	287.541	0.876	50	419	914	264	25	50	419	914	264	25	107.212	117.625	130	125	123	120	118	116	115	114	114	112	110	104.630	131.830	203	143	138	135	133	130	128	126	124	122	110	0	0	0.000	0.000	0	0	0	0	0.000	0	0	0	0.000	0	0	0	0	0	0	0	0	0	0	0	0	0	0	0	0	0
32	32	1818	1239.780	290.383	0.856	73	554	914	222	29	73	554	914	222	29	107.159	187.496	286	222	209	202	194	187	179	171	163	152	133	104.019	142.463	161	151	149	147	145	143	141	138	136	133	118	0	0	0.000	0.000	0	0	0	0	0.000	0	0	0	0.000	0	0	0	0	0	0	0	0	0	0	0	0	0	0	0	0	0
33	33	2620	1589.677	300.584	0.873	52	381	1795	337	23	52	381	1795	337	23	108.000	239.924	438	301	273	263	252	240	228	212	194	172	138	105.000	1467.892	2127	1988	1889	1788	1677	1535	1400	1271	1087	765	379	0	0	0.000	0.000	0	0	0	0	0.000	0	0	0	0.000	0	0	0	0	0	0	0	0	0	0	0	0	0	0	0	0	0
34	34	1437	692.230	292.399	0.898	40	194	614	463	98	40	194	614	463	98	105.897	542.534	10489	663	259	239	218	202	189	177	162	145	127	103.000	127.276	179	152	136	129	125	122	120	119	117	114	105	1	101	677.473	295.996	0	0	0	3934	4414.356	0	0	126	126.465	0	0	2	23	693.512	291.016	23	692.949	283.907	248	247.565	261	260.478	164	163.565	166	165.826
35	35	1168	1285.078	315.771	0.871	32	134	741	188	47	32	134	741	188	47	107.794	166.795	202	188	182	178	174	169	163	158	152	141	120	103.808	135.727	156	147	144	141	140	138	135	132	128	121	109	0	0	0.000	0.000	0	0	0	0	0.000	0	0	0	0.000	0	0	0	0	0	0	0	0	0	0	0	0	0	0	0	0	0
36	36	2588	1243.613	349.029	0.900	107	1129	1184	101	14	107	1129	1184	101	14	107.363	308.912	4197	492	162	146	137	132	128	126	123	119	112	104.000	288.474	805	385	349	316	293	275	254	232	209	185	130	1	215	1247.955	360.764	0	0	0	1798	1979.107	0	0	496	523.619	0	0	1	42	1247.175	360.883	0	0	0	3503	3452.095	0	0	696	689	0	0
37	37	749	1647.416	333.669	0.899	25	219	353	123	18	25	219	353	123	18	106.619	116.009	124	121	119	118	116	116	115	114	113	112	109	104.127	131.694	151	141	139	137	135	133	130	127	124	121	116	0	0	0.000	0.000	0	0	0	0	0.000	0	0	0	0.000	0	0	0	0	0	0	0	0	0	0	0	0	0	0	0	0	0
38	38	2395	1489.141	347.808	0.895	307	1558	426	35	20	307	1558	426	35	20	108.004	2095.837	20905	6808	1749	639	526	479	437	393	338	271	159	104.854	893.985	1506	1289	1195	1118	1042	954	846	707	535	407	198	1	364	1498.565	337.745	0	0	0	9462	10314.184	0	0	1033	993.984	0	0	0	0	0	0	0	0	0	0	0	0	0	0	0	0	0
39	39	2456	1547.373	351.996	0.862	437	1622	294	35	26	437	1622	294	35	26	107.853	256.936	807	310	274	262	253	245	235	220	201	177	144	105.000	1281.048	2078	1812	1658	1561	1447	1334	1223	1074	860	631	405	1	74	1549.130	346.988	0	0	0	645	644.189	0	0	754	768.243	0	0	0	0	0	0	0	0	0	0	0	0	0	0	0	0	0
40	40	3063	886.301	405.972	0.857	415	2042	486	46	16	415	2042	486	46	16	107.371	121.106	139	129	126	124	122	121	119	118	116	115	109	104.463	1371.107	2209	1839	1690	1567	1472	1379	1297	1217	1116	878	325	0	0	0.000	0.000	0	0	0	0	0.000	0	0	0	0.000	0	0	0	0	0	0	0	0	0	0	0	0	0	0	0	0	0
41	41	1534	1485.455	401.921	0.863	124	582	703	74	6	124	582	703	74	6	108.000	208.182	290	266	252	238	227	210	192	176	160	151	136	104.194	712.174	1259	1045	965	896	825	732	622	520	431	362	267	0	0	0.000	0.000	0	0	0	0	0.000	0	0	0	0.000	0	0	0	0	0	0	0	0	0	0	0	0	0	0	0	0	0
42	42	1585	1294.846	406.309	0.875	152	200	884	295	20	152	200	884	295	20	107.103	421.159	7217	500	214	201	195	189	182	175	166	148	127	104.000	1150.742	3535	1563	1389	1304	1204	1105	1015	925	816	691	392	1	108	1296.525	417.537	0	0	0	2921	3127.315	0	0	2086	2094.926	0	0	0	0	0	0	0	0	0	0	0	0	0	0	0	0	0
43	43	1788	990.149	426.208	0.888	35	1061	570	63	16	35	1061	570	63	16	107.461	160.163	194	181	176	171	167	162	157	150	143	136	126	104.027	979.483	1603	1352	1250	1181	1108	1014	905	789	683	537	389	0	0	0.000	0.000	0	0	0	0	0.000	0	0	0	0.000	0	0	0	0	0	0	0	0	0	0	0	0	0	0	0	0	0
44	44	1164	1395.968	425.389	0.890	26	389	453	151	114	26	389	453	151	114	107.857	153.326	172	166	162	160	158	155	152	148	144	139	128	103.549	550.265	797	705	664	634	605	577	529	475	415	362	282	0	0	0.000	0.000	0	0	0	0	0.000	0	0	0	0.000	0	0	0	0	0	0	0	0	0	0	0	0	0	0	0	0	0
45	45	1856	90.562	430.474	0.867	30	314	991	383	103	30	314	991	383	103	104.000	250.783	1938	414	194	183	177	170	162	154	145	133	122	102.000	448.574	745	645	589	530	495	460	416	367	297	238	177	1	167	77.937	417.839	0	0	0	916	1012.707	0	0	592	564.042	0	0	0	0	0	0	0	0	0	0	0	0	0	0	0	0	0
46	46	1905	945.527	440.928	0.851	748	1020	52	22	18	748	1020	52	22	18	108.000	153.023	183	170	166	161	156	153	150	146	141	135	126	104.878	802.329	1370	1176	1093	982	875	785	703	617	531	444	332	0	0	0.000	0.000	0	0	0	0	0.000	0	0	0	0.000	0	0	0	0	0	0	0	0	0	0	0	0	0	0	0	0	0
47	47	1728	1347.050	431.677	0.867	62	388	759	401	74	62	388	759	401	74	107.994	151.839	186	170	164	158	154	150	147	144	141	137	125	103.714	626.654	1000	865	790	719	655	612	558	507	463	423	331	0	0	0.000	0.000	0	0	0	0	0.000	0	0	0	0.000	0	0	0	0	0	0	0	0	0	0	0	0	0	0	0	0	0
48	48	1703	840.016	450.337	0.909	35	275	640	558	161	35	275	640	558	161	107.489	144.828	159	153	151	149	148	147	145	143	139	133	120	104.798	704.322	963	884	841	796	751	713	675	636	585	502	301	0	0	0.000	0.000	0	0	0	0	0.000	0	0	0	0.000	0	0	0	0	0	0	0	0	0	0	0	0	0	0	0	0	0
49	49	1549	1509.232	452.416	0.881	16	204	1014	269	15	16	204	1014	269	15	107.111	233.160	294	277	268	259	249	239	226	215	199	178	140	104.000	1055.605	1511	1412	1354	1260	1149	1023	950	882	826	705	394	0	0	0.000	0.000	0	0	0	0	0.000	0	0	0	0.000	0	0	0	0	0	0	0	0	0	0	0	0	0	0	0	0	0
50	50	2290	132.731	461.588	0.896	89	801	1276	49	4	89	801	1276	49	4	104.729	280.841	1663	446	258	241	227	211	198	185	169	154	129	101.775	497.772	848	702	642	597	550	511	458	403	333	272	207	1	188	142.565	460.340	0	0	0	948	977.612	0	0	671	671.000	0	0	0	0	0	0	0	0	0	0	0	0	0	0	0	0	0
51	51	1552	1301.856	459.492	0.900	64	627	740	82	14	64	627	740	82	14	107.569	190.810	220	212	209	205	201	194	186	180	172	164	146	104.000	1127.081	1584	1468	1410	1336	1250	1170	1087	990	851	690	491	0	0	0.000	0.000	0	0	0	0	0.000	0	0	0	0.000	0	0	0	0	0	0	0	0	0	0	0	0	0	0	0	0	0
52	52	1968	899.880	469.253	0.854	48	830	890	151	15	48	830	890	151	15	107.946	119.839	128	124	123	122	121	120	119	118	117	116	112	105.305	1503.249	3041	2177	1883	1765	1648	1494	1326	1154	997	853	525	0	0	0.000	0.000	0	0	0	0	0.000	0	0	0	0.000	0	0	0	0	0	0	0	0	0	0	0	0	0	0	0	0	0
53	53	1106	1829.170	490.669	0.864	110	461	378	113	11	110	461	378	113	11	107.000	175.509	284	244	221	204	191	174	154	134	123	117	110	102.000	129.725	185	162	150	140	129	124	120	113	110	108	104	0	0	0.000	0.000	0	0	0	0	0.000	0	0	0	0.000	0	0	0	0	0	0	0	0	0	0	0	0	0	0	0	0	0
54	54	1456	801.796	489.525	0.844	149	438	481	306	59	149	438	481	306	59	107.987	124.240	140	132	128	126	124	124	123	122	120	118	112	103.529	510.727	867	756	697	637	565	504	436	379	329	276	196	0	0	0.000	0.000	0	0	0	0	0.000	0	0	0	0.000	0	0	0	0	0	0	0	0	0	0	0	0	0	0	0	0	0
55	55	1544	744.031	492.858	0.895	20	212	460	624	199	20	212	460	624	199	107.000	126.242	137	132	130	129	128	126	125	124	122	120	112	102.339	683.956	895	840	811	774	742	709	671	620	555	477	359	0	0	0.000	0.000	0	0	0	0	0.000	0	0	0	0.000	0	0	0	0	0	0	0	0	0	0	0	0	0	0	0	0	0
56	56	2045	861.516	504.393	0.851	24	70	771	1051	85	24	70	771	1051	85	108.000	265.472	3696	319	152	145	142	138	133	128	124	120	112	105.000	506.748	903	777	682	610	538	482	430	381	333	285	175	1	144	857.528	512.937	0	0	0	1587	1713.764	0	0	817	796.882	0	0	0	0	0	0	0	0	0	0	0	0	0	0	0	0	0
57	57	670	1412.547	497.809	0.892	12	57	329	174	89	12	57	329	174	89	107.000	121.143	131	126	125	124	123	121	120	119	117	115	113	104.036	623.418	954	848	782	734	683	628	570	509	464	407	291	0	0	0.000	0.000	0	0	0	0	0.000	0	0	0	0.000	0	0	0	0	0	0	0	0	0	0	0	0	0	0	0	0	0
58	58	1942	111.389	517.516	0.892	51	661	871	254	36	51	661	871	254	36	104.236	239.921	284	272	265	259	251	242	235	228	217	201	165	102.280	648.408	871	807	772	738	702	659	615	574	522	475	329	0	0	0.000	0.000	0	0	0	0	0.000	0	0	0	0.000	0	0	0	0	0	0	0	0	0	0	0	0	0	0	0	0	0
59	59	1793	1374.033	515.432	0.900	21	193	794	677	71	21	193	794	677	71	107.609	162.020	2069	136	133	131	130	128	127	126	124	122	115	104.959	1073.047	1710	1559	1459	1356	1244	1121	978	819	668	508	317	1	76	1360.374	529.149	0	0	0	859	920.566	0	0	1376	1335.645	0	0	0	0	0	0	0	0	0	0	0	0	0	0	0	0	0
60	60	1839	1323.430	534.794	0.900	91	519	942	223	36	91	519	942	223	36	107.112	385.106	4052	875	306	188	182	175	163	153	144	137	125	104.686	1095.044	1795	1659	1578	1444	1282	1104	924	776	634	497	325	1	187	1309.652	539.429	0	0	0	1729	1909.973	0	0	1506	1426.802	0	0	0	0	0	0	0	0	0	0	0	0	0	0	0	0	0
61	61	1214	1498.852	539.323	0.868	20	118	881	171	6	20	118	881	171	6	107.995	125.065	133	130	129	128	127	126	124	122	120	118	113	104.881	427.668	669	569	533	496	455	423	388	358	327	291	234	0	0	0.000	0.000	0	0	0	0	0.000	0	0	0	0.000	0	0	0	0	0	0	0	0	0	0	0	0	0	0	0	0	0
62	62	727	1980.210	553.968	0.903	408	231	55	15	6	408	231	55	15	6	106.000	131.539	168	152	142	136	131	129	127	124	120	117	111	102.000	288.541	538	444	367	318	282	267	249	233	208	180	132	0	0	0.000	0.000	0	0	0	0	0.000	0	0	0	0.000	0	0	0	0	0	0	0	0	0	0	0	0	0	0	0	0	0
63	63	226	1514.762	564.886	0.881	66	78	36	29	12	66	78	36	29	12	108.000	116.376	133	121	118	117	117	116	116	115	114	112	111	105.792	135.575	207	167	149	142	135	131	127	123	119	114	111	0	0	0.000	0.000	0	0	0	0	0.000	0	0	0	0.000	0	0	0	0	0	0	0	0	0	0	0	0	0	0	0	0	0
64	64	1562	1485.756	587.863	0.855	137	291	837	234	37	137	291	837	234	37	108.000	187.093	1827	216	142	135	134	132	130	128	126	122	116	105.029	580.815	833	726	682	652	626	604	581	558	483	371	242	1	103	1492.163	584.272	0	0	0	743	840.301	0	0	578	581.786	0	0	0	0	0	0	0	0	0	0	0	0	0	0	0	0	0
65	65	2488	386.646	605.582	0.872	129	1311	895	101	8	129	1311	895	101	8	107.000	175.090	1228	232	157	141	133	129	127	124	122	119	110	102.973	134.392	156	144	141	139	137	135	133	130	127	123	110	1	187	376.211	595.747	0	0	0	572	622.080	0	0	143	142.000	0	0	0	0	0	0	0	0	0	0	0	0	0	0	0	0	0
66	66	1668	847.539	613.859	0.887	43	163	483	774	173	43	163	483	774	173	107.390	190.147	241	227	215	204	194	186	181	175	168	160	141	103.880	1088.183	1690	1592	1451	1287	1153	1062	977	893	788	635	398	0	0	0.000	0.000	0	0	0	0	0.000	0	0	0	0.000	0	0	0	0	0	0	0	0	0	0	0	0	0	0	0	0	0
67	67	2546	332.055	638.550	0.877	585	1756	105	26	13	585	1756	105	26	13	107.000	138.540	596	169	136	127	123	121	120	118	116	114	110	102.811	130.015	150	141	137	135	132	130	128	125	123	120	108	3	131	340.115	649.913	13	323.122	653.433	311	327.710	154	153.538	142	141.527	137	137.769	0	0	0	0	0	0	0	0	0	0	0	0	0	0	0
68	68	1786	1599.429	639.044	0.889	107	766	748	114	16	107	766	748	114	16	108.390	159.312	1558	142	130	127	126	125	123	122	119	117	112	105.291	598.669	920	842	790	731	676	623	558	492	400	310	231	1	89	1579.587	638.792	0	0	0	659	724.281	0	0	655	642.697	0	0	0	0	0	0	0	0	0	0	0	0	0	0	0	0	0
69	69	1364	815.982	654.673	0.902	29	98	644	530	29	29	98	644	530	29	107.000	187.020	231	214	207	202	196	189	182	175	169	159	129	103.768	1033.176	1623	1387	1293	1205	1132	1055	961	869	758	644	338	0	0	0.000	0.000	0	0	0	0	0.000	0	0	0	0.000	0	0	0	0	0	0	0	0	0	0	0	0	0	0	0	0	0
70	70	479	87.274	654.035	0.893	23	144	205	83	13	23	144	205	83	13	104.000	115.355	121	119	118	117	116	115	115	114	113	112	109	101.000	138.668	161	151	147	144	141	140	137	134	130	126	115	0	0	0.000	0.000	0	0	0	0	0.000	0	0	0	0.000	0	0	0	0	0	0	0	0	0	0	0	0	0	0	0	0	0
71	71	1819	643.756	665.242	0.909	434	1189	90	48	32	434	1189	90	48	32	107.310	164.850	850	202	140	138	136	135	134	132	129	125	114	103.892	250.627	325	304	290	276	264	253	242	228	212	194	151	1	140	626.414	656.158	0	0	0	464	485.500	0	0	253	245.686	0	0	0	0	0	0	0	0	0	0	0	0	0	0	0	0	0
72	72	1779	130.167	668.531	0.754	54	598	940	116	24	54	598	940	116	24	105.000	117.347	129	123	122	120	118	117	116	114	113	112	108	101.000	139.626	166	156	153	150	147	142	136	131	125	121	104	0	0	0.000	0.000	0	0	0	0	0.000	0	0	0	0.000	0	0	0	0	0	0	0	0	0	0	0	0	0	0	0	0	0
73	73	1486	488.977	671.738	0.903	46	411	673	295	31	46	411	673	295	31	107.758	128.318	144	138	135	133	131	128	126	123	121	119	112	104.767	651.049	1037	909	838	774	714	659	593	523	458	384	287	0	0	0.000	0.000	0	0	0	0	0.000	0	0	0	0.000	0	0	0	0	0	0	0	0	0	0	0	0	0	0	0	0	0
74	74	1943	1551.998	678.556	0.905	908	535	300	120	50	908	535	300	120	50	109.000	251.862	1982	480	217	164	152	148	145	143	138	132	122	105.944	627.445	901	817	767	728	690	642	593	545	496	426	214	1	203	1544.680	683.592	0	0	0	881	983.468	0	0	671	676.488	0	0	0	0	0	0	0	0	0	0	0	0	0	0	0	0	0
75	75	1540	75.243	690.938	0.883	23	111	718	580	77	23	111	718	580	77	104.000	140.900	953	147	125	121	120	118	117	116	114	113	107	100.371	144.120	167	159	155	151	148	146	143	139	135	126	108	1	79	85.834	692.243	0	0	0	442	472.316	0	0	152	151.949	0	0	0	0	0	0	0	0	0	0	0	0	0	0	0	0	0
76	76	1047	544.288	688.228	0.907	361	214	206	187	62	361	214	206	187	62	108.000	139.224	159	150	148	146	144	142	138	134	129	125	116	105.002	301.506	382	362	353	343	333	320	305	281	242	205	161	0	0	0.000	0.000	0	0	0	0	0.000	0	0	0	0.000	0	0	0	0	0	0	0	0	0	0	0	0	0	0	0	0	0
77	77	381	408.000	690.241	0.949	38	83	135	71	42	38	83	135	71	42	106.000	114.709	119	117	116	116	115	115	114	114	113	113	111	103.507	558.352	784	732	678	636	599	568	525	480	436	389	316	0	0	0.000	0.000	0	0	0	0	0.000	0	0	0	0.000	0	0	0	0	0	0	0	0	0	0	0	0	0	0	0	0	0
78	78	1677	929.132	702.127	0.886	14	273	999	336	25	14	273	999	336	25	108.000	121.952	133	128	125	124	123	122	121	120	118	115	111	103.483	1040.691	2039	1630	1354	1211	1121	1018	920	829	683	492	354	0	0	0.000	0.000	0	0	0	0	0.000	0	0	0	0.000	0	0	0	0	0	0	0	0	0	0	0	0	0	0	0	0	0
79	79	2553	448.321	714.114	0.827	2269	234	13	8	5	2269	234	13	8	5	107.166	143.910	655	146	141	139	137	135	133	131	128	124	117	104.832	1309.286	2197	1917	1707	1538	1421	1314	1204	1069	902	696	461	1	82	437.721	721.350	0	0	0	354	373.927	0	0	1935	1913.098	0	0	0	0	0	0	0	0	0	0	0	0	0	0	0	0	0
80	80	1808	1717.499	708.143	0.848	54	456	1105	133	28	54	456	1105	133	28	107.661	119.630	129	124	123	122	121	120	119	117	116	115	111	103.523	971.118	1552	1396	1294	1161	1048	964	891	813	674	516	344	0	0	0.000	0.000	0	0	0	0	0.000	0	0	0	0.000	0	0	0	0	0	0	0	0	0	0	0	0	0	0	0	0	0
81	81	1308	979.565	708.574	0.909	28	156	758	258	89	28	156	758	258	89	108.000	127.717	137	132	131	130	129	129	127	126	124	122	118	103.024	1462.542	2016	1920	1831	1728	1631	1526	1401	1268	1089	905	624	0	0	0.000	0.000	0	0	0	0	0.000	0	0	0	0.000	0	0	0	0	0	0	0	0	0	0	0	0	0	0	0	0	0
82	82	1867	507.854	717.725	0.904	880	922	13	8	5	880	922	13	8	5	108.000	429.236	5537	973	170	136	133	132	130	128	125	121	113	105.966	563.379	984	871	768	682	600	530	480	434	367	304	259	1	200	497.689	729.377	0	0	0	2426	2660.255	0	0	881	858.060	0	0	0	0	0	0	0	0	0	0	0	0	0	0	0	0	0
83	83	1517	1044.075	721.266	0.900	769	272	199	223	30	769	272	199	223	30	108.000	144.752	165	159	156	153	149	145	142	137	133	129	120	103.000	389.693	590	524	472	444	414	388	363	338	306	259	207	0	0	0.000	0.000	0	0	0	0	0.000	0	0	0	0.000	0	0	0	0	0	0	0	0	0	0	0	0	0	0	0	0	0
84	84	2060	568.685	742.456	0.848	58	91	957	819	96	58	91	957	819	96	108.000	154.649	175	163	161	159	158	156	154	152	148	143	129	105.000	1063.413	1489	1312	1233	1177	1119	1068	1019	968	908	807	491	0	0	0.000	0.000	0	0	0	0	0.000	0	0	0	0.000	0	0	0	0	0	0	0	0	0	0	0	0	0	0	0	0	0
85	85	2500	638.913	745.730	0.788	148	1688	564	66	12	148	1688	564	66	12	107.790	128.349	144	135	133	132	131	130	127	125	122	120	114	104.476	708.948	1041	944	885	832	790	733	673	601	533	438	272	0	0	0.000	0.000	0	0	0	0	0.000	0	0	0	0.000	0	0	0	0	0	0	0	0	0	0	0	0	0	0	0	0	0
86	86	1297	1699.189	756.541	0.887	14	181	685	367	27	14	181	685	367	27	108.000	121.858	135	131	127	124	123	121	119	118	117	115	113	103.526	1134.319	1795	1561	1437	1361	1277	1184	1070	951	809	630	423	0	0	0.000	0.000	0	0	0	0	0.000	0	0	0	0.000	0	0	0	0	0	0	0	0	0	0	0	0	0	0	0	0	0
87	87	1894	1946.862	757.830	0.904	359	1384	89	23	22	359	1384	89	23	22	107.463	171.912	203	188	182	178	175	172	169	165	161	156	135	102.520	750.802	1101	973	909	852	793	745	693	644	597	543	401	0	0	0.000	0.000	0	0	0	0	0.000	0	0	0	0.000	0	0	0	0	0	0	0	0	0	0	0	0	0	0	0	0	0
88	88	2174	1887.968	763.756	0.853	622	1248	198	48	19	622	1248	198	48	19	107.592	178.866	232	213	203	197	191	183	173	161	149	140	126	103.635	727.542	1307	1092	1002	906	811	739	657	552	449	346	241	0	0	0.000	0.000	0	0	0	0	0.000	0	0	0	0.000	0	0	0	0	0	0	0	0	0	0	0	0	0	0	0	0	0
89	89	2705	474.699	780.746	0.824	1872	695	23	19	12	1872	695	23	19	12	107.885	138.949	293	148	143	139	136	135	134	132	130	126	117	105.051	1076.589	1870	1529	1391	1248	1144	1062	966	855	765	670	400	1	70	459.288	783.617	0	0	0	232	232.957	0	0	1595	1594.429	0	0	0	0	0	0	0	0	0	0	0	0	0	0	0	0	0
90	90	2826	596.658	803.730	0.856	109	1322	1208	127	8	109	1322	1208	127	8	107.493	2129.725	21476	7269	2310	903	417	243	181	159	150	141	126	104.429	957.836	1630	1404	1267	1167	1085	1003	910	779	599	432	302	1	472	595.791	810.205	0	0	0	9003	10156.869	0	0	1151	1090.025	0	0	0	0	0	0	0	0	0	0	0	0	0	0	0	0	0
91	91	1496	877.263	791.885	0.909	99	776	545	34	6	99	776	545	34	6	107.313	116.362	125	120	118	117	117	116	115	115	114	113	111	103.000	707.257	1193	968	889	837	775	710	648	585	502	432	274	0	0	0.000	0.000	0	0	0	0	0.000	0	0	0	0.000	0	0	0	0	0	0	0	0	0	0	0	0	0	0	0	0	0
92	92	2096	333.802	802.585	0.854	73	862	985	123	12	73	862	985	123	12	106.894	196.851	1234	327	195	158	144	140	137	134	129	124	114	102.000	117.857	129	123	121	120	119	118	117	116	115	113	106	1	175	321.664	798.734	0	0	0	601	640.509	0	0	122	121.280	0	0	0	0	0	0	0	0	0	0	0	0	0	0	0	0	0
93	93	1654	1918.528	803.781	0.919	56	418	764	352	25	56	418	764	352	25	107.986	171.420	219	196	188	182	177	172	167	161	154	144	132	103.163	653.116	1120	911	837	783	728	677	616	535	437	357	245	0	0	0.000	0.000	0	0	0	0	0.000	0	0	0	0.000	0	0	0	0	0	0	0	0	0	0	0	0	0	0	0	0	0
94	94	546	1247.402	799.319	0.926	49	229	231	21	4	49	229	231	21	4	108.000	133.832	148	144	142	140	137	136	133	130	126	120	112	103.000	359.582	511	469	439	414	381	358	339	315	287	250	191	0	0	0.000	0.000	0	0	0	0	0.000	0	0	0	0.000	0	0	0	0	0	0	0	0	0	0	0	0	0	0	0	0	0
95	95	1113	1860.444	810.479	0.906	78	677	217	101	21	78	677	217	101	21	107.905	197.321	228	217	210	205	202	199	195	190	184	176	157	103.243	767.072	1063	971	897	848	812	786	748	704	632	540	389	0	0	0.000	0.000	0	0	0	0	0.000	0	0	0	0.000	0	0	0	0	0	0	0	0	0	0	0	0	0	0	0	0	0
96	96	3111	527.612	820.875	0.867	158	1618	1134	97	26	158	1618	1134	97	26	107.392	321.252	3666	662	164	130	123	122	120	118	117	116	111	104.630	847.455	1276	1138	1046	986	941	895	834	753	636	470	325	1	339	509.129	817.100	0	0	0	1625	1787.422	0	0	1037	1032.729	0	0	0	0	0	0	0	0	0	0	0	0	0	0	0	0	0
97	97	1597	1274.506	841.307	0.890	45	456	851	192	7	45	456	851	192	7	108.000	159.859	192	180	172	167	163	160	156	151	147	141	133	102.941	606.117	1065	922	827	744	659	574	513	465	401	315	257	0	0	0.000	0.000	0	0	0	0	0.000	0	0	0	0.000	0	0	0	0	0	0	0	0	0	0	0	0	0	0	0	0	0
98	98	794	174.336	858.687	0.923	24	171	409	151	28	24	171	409	151	28	104.863	123.073	138	131	129	127	125	123	121	119	117	115	110	102.000	587.435	838	764	717	669	635	608	570	513	450	393	279	0	0	0.000	0.000	0	0	0	0	0.000	0	0	0	0.000	0	0	0	0	0	0	0	0	0	0	0	0	0	0	0	0	0
99	99	241	2029.158	865.480	0.895	72	58	43	46	16	72	58	43	46	16	105.809	113.141	116	115	115	114	114	113	113	112	112	111	109	104.008	309.320	411	381	354	333	318	304	293	281	267	253	223	0	0	0.000	0.000	0	0	0	0	0.000	0	0	0	0.000	0	0	0	0	0	0	0	0	0	0	0	0	0	0	0	0	0
100	100	1515	212.713	876.971	0.913	64	200	779	404	39	64	200	779	404	39	104.734	135.335	254	165	142	135	131	128	125	122	119	117	110	102.000	513.708	892	726	666	619	575	517	457	406	346	291	196	1	112	216.005	869.721	0	0	0	203	205.893	0	0	758	703.196	0	0	0	0	0	0	0	0	0	0	0	0	0	0	0	0	0
101	101	2045	589.894	936.652	0.875	378	1456	106	48	28	378	1456	106	48	28	106.664	113.278	120	115	115	114	114	113	113	112	112	111	108	104.000	705.697	1187	1028	939	874	807	730	642	546	437	344	233	0	0	0.000	0.000	0	0	0	0	0.000	0	0	0	0.000	0	0	0	0	0	0	0	0	0	0	0	0	0	0	0	0	0
102	102	1294	368.889	929.858	0.907	78	483	562	123	26	78	483	562	123	26	107.000	689.767	6708	1959	565	298	261	239	224	210	190	170	141	102.467	121.296	149	129	125	124	122	121	120	118	116	114	106	1	173	371.579	939.282	0	0	0	2936	3174.133	0	0	130	130.341	0	0	0	0	0	0	0	0	0	0	0	0	0	0	0	0	0
103	103	1187	422.073	939.400	0.912	101	373	596	83	8	101	373	596	83	8	107.000	117.871	129	122	120	119	119	118	117	116	115	114	110	103.000	1563.530	2333	2001	1849	1772	1703	1636	1545	1405	1273	1006	553	0	0	0.000	0.000	0	0	0	0	0.000	0	0	0	0.000	0	0	0	0	0	0	0	0	0	0	0	0	0	0	0	0	0
104	104	899	27.208	950.522	0.901	178	415	206	75	9	178	415	206	75	9	102.902	166.021	206	196	190	183	178	172	160	149	140	131	116	100.923	150.999	187	172	165	160	156	152	149	145	138	125	106	0	0	0.000	0.000	0	0	0	0	0.000	0	0	0	0.000	0	0	0	0	0	0	0	0	0	0	0	0	0	0	0	0	0
105	105	2022	610.305	983.696	0.886	671	1243	36	21	8	671	1243	36	21	8	107.202	114.269	123	118	117	115	114	114	113	113	112	111	109	103.746	643.672	1126	927	841	789	726	644	565	488	419	361	235	0	0	0.000	0.000	0	0	0	0	0.000	0	0	0	0.000	0	0	0	0	0	0	0	0	0	0	0	0	0	0	0	0	0
106	106	2101	1583.495	993.441	0.852	118	1343	525	53	7	118	1343	525	53	7	108.000	124.465	135	129	128	127	126	124	123	122	121	119	114	105.418	3659.155	5632	5232	4908	4536	4222	3853	3434	2990	2512	1796	599	0	0	0.000	0.000	0	0	0	0	0.000	0	0	0	0.000	0	0	0	0	0	0	0	0	0	0	0	0	0	0	0	0	0
107	107	2101	60.987	999.082	0.873	668	1226	128	33	10	668	1226	128	33	10	103.672	198.023	812	296	206	182	167	158	153	149	145	140	124	100.811	116.624	148	126	121	118	117	115	114	113	111	110	105	1	184	55.971	995.514	0	0	0	479	499.011	0	0	116	116.130	0	0	0	0	0	0	0	0	0	0	0	0	0	0	0	0	0
108	108	1238	1313.220	990.608	0.876	51	505	607	39	13	51	505	607	39	13	107.887	120.909	130	125	124	123	122	121	120	119	118	117	113	102.739	128.800	157	143	137	133	130	128	125	122	120	117	110	0	0	0.000	0.000	0	0	0	0	0.000	0	0	0	0.000	0	0	0	0	0	0	0	0	0	0	0	0	0	0	0	0	0
109	109	1998	1833.317	1009.674	0.884	719	1186	36	12	7	719	1186	36	12	7	108.000	576.604	2550	975	636	553	510	469	428	391	342	287	210	103.002	120.021	133	126	124	123	121	120	119	118	116	114	105	1	129	1843.672	1006.858	0	0	0	1764	1821.085	0	0	126	125.946	0	0	0	0	0	0	0	0	0	0	0	0	0	0	0	0	0
110	110	539	1545.891	1015.636	0.914	16	56	137	223	89	16	56	137	223	89	107.852	122.249	128	126	125	124	123	123	122	121	120	118	115	105.942	3121.180	4395	4193	3994	3794	3577	3286	2962	2614	2229	1792	1125	0	0	0.000	0.000	0	0	0	0	0.000	0	0	0	0.000	0	0	0	0	0	0	0	0	0	0	0	0	0	0	0	0	0
111	111	2335	1608.652	1045.183	0.857	14	478	1503	271	13	14	478	1503	271	13	108.552	125.269	142	134	131	128	126	124	123	122	120	118	113	107.308	3260.953	5170	4596	4148	3810	3529	3254	2971	2647	2322	2046	995	0	0	0.000	0.000	0	0	0	0	0.000	0	0	0	0.000	0	0	0	0	0	0	0	0	0	0	0	0	0	0	0	0	0
112	112	1995	1415.435	1085.710	0.854	161	1214	511	65	6	161	1214	511	65	6	109.754	170.406	1309	159	154	152	150	146	143	140	138	134	122	106.012	1835.467	2739	2472	2312	2136	1991	1862	1695	1527	1368	1197	915	1	89	1410.640	1101.522	0	0	0	588	646.427	0	0	2302	2262.787	0	0	0	0	0	0	0	0	0	0	0	0	0	0	0	0	0
113	113	1517	1569.989	1086.203	0.881	664	625	97	76	26	664	625	97	76	26	109.000	123.354	135	131	129	127	124	122	121	120	119	117	113	108.126	1683.062	3241	2417	2162	1975	1780	1592	1447	1337	1197	1027	789	0	0	0.000	0.000	0	0	0	0	0.000	0	0	0	0.000	0	0	0	0	0	0	0	0	0	0	0	0	0	0	0	0	0
114	114	2690	1751.243	1102.420	0.892	1517	1033	54	23	10	1517	1033	54	23	10	109.034	121.894	142	130	128	126	123	120	118	117	116	116	111	106.914	141.139	172	159	153	148	143	139	136	133	130	127	113	0	0	0.000	0.000	0	0	0	0	0.000	0	0	0	0.000	0	0	0	0	0	0	0	0	0	0	0	0	0	0	0	0	0
115	115	1329	1926.243	1102.728	0.868	34	289	894	77	5	34	289	894	77	5	107.000	197.225	241	224	218	214	208	200	192	183	175	165	151	104.810	753.533	1092	973	924	882	839	795	743	654	560	457	333	0	0	0.000	0.000	0	0	0	0	0.000	0	0	0	0.000	0	0	0	0	0	0	0	0	0	0	0	0	0	0	0	0	0
116	116	2664	1474.045	1112.418	0.884	46	663	1814	86	6	46	663	1814	86	6	109.581	571.886	10011	1061	254	188	178	172	166	157	148	139	121	107.852	1853.374	3579	2923	2523	2235	1986	1758	1547	1358	1197	1050	385	1	204	1461.094	1129.660	0	0	0	4100	4556.956	0	0	2958	2858.716	0	0	0	0	0	0	0	0	0	0	0	0	0	0	0	0	0
117	117	1910	1167.948	1108.949	0.881	34	363	1037	397	42	34	363	1037	397	42	108.209	348.712	5659	452	169	161	156	152	147	141	136	129	119	104.445	1177.058	1999	1661	1567	1465	1345	1240	1107	952	762	544	362	1	136	1182.458	1101.980	0	0	0	2335	2580.140	0	0	1662	1614.640	0	0	0	0	0	0	0	0	0	0	0	0	0	0	0	0	0
118	118	2324	1540.239	1130.148	0.886	451	1471	289	53	18	451	1471	289	53	18	109.068	122.499	140	129	127	125	123	122	121	120	118	116	111	108.000	1724.960	3392	2635	2389	2174	1934	1742	1528	1315	1031	755	386	0	0	0.000	0.000	0	0	0	0	0.000	0	0	0	0.000	0	0	0	0	0	0	0	0	0	0	0	0	0	0	0	0	0
119	119	877	1593.694	1122.279	0.927	110	205	359	160	29	110	205	359	160	29	109.000	130.278	168	145	140	135	131	128	125	123	121	119	114	108.000	2015.368	3754	3032	2620	2338	2137	1972	1786	1572	1343	1120	651	0	0	0.000	0.000	0	0	0	0	0.000	0	0	0	0.000	0	0	0	0	0	0	0	0	0	0	0	0	0	0	0	0	0
120	120	2169	1663.540	1137.321	0.887	266	1162	605	95	19	266	1162	605	95	19	108.723	812.105	12442	1164	481	434	372	330	304	285	259	220	147	107.535	139.672	214	172	151	140	136	134	131	128	125	122	113	1	164	1669.291	1118.102	0	0	0	5574	5927.787	0	0	147	146.341	0	0	0	0	0	0	0	0	0	0	0	0	0	0	0	0	0
121	121	1733	1958.399	1137.752	0.889	54	516	987	134	16	54	516	987	134	16	106.793	193.790	234	226	220	215	208	198	186	175	165	158	141	105.618	692.838	1035	937	891	849	803	735	650	558	463	383	298	0	0	0.000	0.000	0	0	0	0	0.000	0	0	0	0.000	0	0	0	0	0	0	0	0	0	0	0	0	0	0	0	0	0
122	122	1182	1783.402	1143.442	0.925	70	317	636	121	14	70	317	636	121	14	109.684	119.864	140	125	123	122	121	119	118	117	116	115	112	108.419	151.593	273	164	160	156	154	151	149	146	143	135	121	1	126	1783.789	1138.988	0	0	0	127	127.913	0	0	154	155.143	0	0	0	0	0	0	0	0	0	0	0	0	0	0	0	0	0
123	123	2170	1204.588	1154.125	0.885	58	387	1255	409	18	58	387	1255	409	18	109.041	157.802	186	176	169	164	161	159	155	151	147	140	127	105.000	1531.373	2000	1875	1819	1761	1696	1618	1508	1405	1283	1030	442	0	0	0.000	0.000	0	0	0	0	0.000	0	0	0	0.000	0	0	0	0	0	0	0	0	0	0	0	0	0	0	0	0	0
124	124	2142	1436.957	1167.088	0.842	111	140	1170	646	31	111	140	1170	646	31	109.787	161.533	442	243	177	151	141	137	134	131	128	124	117	107.408	442.489	641	567	544	517	489	457	430	397	340	270	207	1	271	1432.616	1172.960	0	0	0	288	298.852	0	0	478	486.926	0	0	0	0	0	0	0	0	0	0	0	0	0	0	0	0	0
125	125	1871	1914.789	1170.127	0.878	75	923	728	81	11	75	923	728	81	11	108.201	117.688	126	121	120	119	118	117	117	116	116	115	111	107.000	879.889	1381	1238	1142	1075	1006	917	830	720	597	454	286	0	0	0.000	0.000	0	0	0	0	0.000	0	0	0	0.000	0	0	0	0	0	0	0	0	0	0	0	0	0	0	0	0	0
126	126	1245	1736.696	1171.444	0.904	657	454	111	6	4	657	454	111	6	4	110.202	146.331	157	153	152	150	149	148	146	144	141	137	127	109.000	2026.365	2523	2419	2350	2280	2206	2120	2016	1879	1687	1466	978	0	0	0.000	0.000	0	0	0	0	0.000	0	0	0	0.000	0	0	0	0	0	0	0	0	0	0	0	0	0	0	0	0	0
127	127	1950	1814.216	1179.040	0.912	1047	752	36	28	32	1047	752	36	28	32	109.775	128.716	140	135	133	131	131	130	128	127	124	121	114	109.186	1433.066	2034	1915	1822	1716	1614	1505	1399	1265	1121	755	380	0	0	0.000	0.000	0	0	0	0	0.000	0	0	0	0.000	0	0	0	0	0	0	0	0	0	0	0	0	0	0	0	0	0
128	128	2322	1556.566	1192.255	0.874	222	886	1042	109	9	222	886	1042	109	9	108.969	121.351	140	132	128	123	120	119	118	117	116	115	111	107.158	1622.379	3162	2541	2276	2013	1770	1561	1370	1168	1015	818	566	0	0	0.000	0.000	0	0	0	0	0.000	0	0	0	0.000	0	0	0	0	0	0	0	0	0	0	0	0	0	0	0	0	0
129	129	1661	1985.207	1192.167	0.889	26	74	677	780	69	26	74	677	780	69	106.363	216.815	266	249	239	233	228	225	219	210	193	170	135	105.400	854.818	1197	1084	1032	991	948	897	834	759	693	571	239	0	0	0.000	0.000	0	0	0	0	0.000	0	0	0	0.000	0	0	0	0	0	0	0	0	0	0	0	0	0	0	0	0	0
130	130	1401	410.830	1196.199	0.880	30	259	605	426	54	30	259	605	426	54	105.977	113.635	128	119	116	114	113	113	112	112	111	110	108	104.000	123.924	137	130	128	127	126	124	123	122	120	118	108	0	0	0.000	0.000	0	0	0	0	0.000	0	0	0	0.000	0	0	0	0	0	0	0	0	0	0	0	0	0	0	0	0	0
131	131	1753	1235.413	1201.573	0.882	78	721	828	75	15	78	721	828	75	15	109.865	217.739	666	287	227	219	211	202	193	182	168	155	138	104.965	134.442	181	142	139	138	136	135	133	131	128	126	116	1	78	1242.117	1201.665	0	0	0	493	498.974	0	0	137	136.718	0	0	0	0	0	0	0	0	0	0	0	0	0	0	0	0	0
132	132	1569	1292.502	1204.896	0.896	22	78	742	629	73	22	78	742	629	73	109.000	201.565	1907	272	129	124	124	123	122	121	120	120	116	104.835	126.363	146	135	132	130	128	126	124	122	120	118	113	1	147	1291.973	1221.519	0	0	0	860	923.197	0	0	135	134.551	0	0	0	0	0	0	0	0	0	0	0	0	0	0	0	0	0
133	133	2534	1183.231	1219.615	0.864	37	1137	1166	125	7	37	1137	1166	125	7	109.120	197.165	259	236	228	220	211	202	192	178	165	147	125	104.339	133.151	153	142	139	138	136	134	132	130	127	122	109	0	0	0.000	0.000	0	0	0	0	0.000	0	0	0	0.000	0	0	0	0	0	0	0	0	0	0	0	0	0	0	0	0	0
134	134	1366	1344.513	1211.093	0.904	430	502	294	53	47	430	502	294	53	47	109.751	119.898	128	124	122	121	121	120	119	118	117	116	113	105.000	135.384	202	144	141	139	137	135	132	131	128	127	121	0	0	0.000	0.000	0	0	0	0	0.000	0	0	0	0.000	0	0	0	0	0	0	0	0	0	0	0	0	0	0	0	0	0
135	135	1495	367.383	1218.822	0.891	92	891	455	23	15	92	891	455	23	15	106.000	114.981	126	121	118	116	115	114	113	113	112	112	109	103.460	122.492	138	127	126	125	124	123	122	120	119	117	111	0	0	0.000	0.000	0	0	0	0	0.000	0	0	0	0.000	0	0	0	0	0	0	0	0	0	0	0	0	0	0	0	0	0
136	136	1440	1677.051	1223.215	0.893	54	152	705	469	24	54	152	705	469	24	108.838	155.176	178	171	167	163	159	155	152	149	144	138	125	107.704	1580.419	2178	2036	1954	1846	1709	1587	1503	1417	1288	1047	562	0	0	0.000	0.000	0	0	0	0	0.000	0	0	0	0.000	0	0	0	0	0	0	0	0	0	0	0	0	0	0	0	0	0
137	137	1027	1742.079	1234.612	0.713	96	192	475	205	37	96	192	475	205	37	110.306	303.358	1333	696	395	245	195	181	176	170	163	153	137	109.256	1811.899	2248	2158	2069	1986	1935	1878	1782	1682	1543	1373	1149	1	206	1743.995	1250.231	0	0	0	687	746.330	0	0	1625	1508.573	0	0	0	0	0	0	0	0	0	0	0	0	0	0	0	0	0
138	138	317	1568.855	1226.390	0.923	73	132	73	17	11	73	132	73	17	11	109.000	113.770	118	117	115	115	114	114	113	113	112	111	110	105.965	445.032	1384	859	586	490	429	367	308	264	234	199	156	0	0	0.000	0.000	0	0	0	0	0.000	0	0	0	0.000	0	0	0	0	0	0	0	0	0	0	0	0	0	0	0	0	0
139	139	1723	1792.226	1257.558	0.874	135	304	821	397	36	135	304	821	397	36	110.621	372.991	1612	956	601	370	235	174	163	158	149	140	130	109.329	1193.650	1885	1709	1616	1495	1339	1194	1056	929	824	630	459	1	489	1789.363	1236.856	0	0	0	800	863.286	0	0	1209	1203.008	0	0	0	0	0	0	0	0	0	0	0	0	0	0	0	0	0
140	140	1963	447.410	1261.790	0.871	105	318	1148	296	64	105	318	1148	296	64	106.748	558.943	5579	1542	376	218	198	184	171	161	154	145	126	104.564	1655.321	2607	2412	2254	2119	1946	1698	1439	1200	1006	882	425	1	261	449.849	1258.746	0	0	0	2499	2771.973	0	0	2217	2160.912	0	0	0	0	0	0	0	0	0	0	0	0	0	0	0	0	0
141	141	2149	556.746	1272.154	0.873	77	715	1259	49	5	77	715	1259	49	5	108.000	222.245	1942	231	179	175	172	168	165	160	151	140	127	104.486	2136.073	2874	2702	2615	2530	2440	2311	2145	1943	1690	1223	644	1	127	545.855	1273.725	0	0	0	940	1013.606	0	0	2619	2551.276	0	0	0	0	0	0	0	0	0	0	0	0	0	0	0	0	0
142	142	1077	1833.262	1270.590	0.890	429	213	161	179	78	429	213	161	179	78	110.421	149.410	173	163	160	158	155	152	148	143	137	131	123	109.000	1360.920	1939	1831	1755	1657	1571	1457	1294	1145	976	759	327	0	0	0.000	0.000	0	0	0	0	0.000	0	0	0	0.000	0	0	0	0	0	0	0	0	0	0	0	0	0	0	0	0	0
143	143	2496	1307.973	1308.043	0.880	3	53	789	1439	162	3	53	789	1439	162	110.049	358.657	469	437	424	410	394	377	357	329	292	245	182	105.165	1971.740	2813	2591	2495	2408	2291	2122	1945	1763	1439	980	632	0	0	0.000	0.000	0	0	0	0	0.000	0	0	0	0.000	0	0	0	0	0	0	0	0	0	0	0	0	0	0	0	0	0
144	144	1484	46.805	1302.709	0.909	85	916	422	26	5	85	916	422	26	5	103.311	109.995	119	112	111	111	110	110	109	109	108	108	104	100.446	751.974	1084	942	894	848	806	772	726	671	594	522	418	0	0	0.000	0.000	0	0	0	0	0.000	0	0	0	0.000	0	0	0	0	0	0	0	0	0	0	0	0	0	0	0	0	0
145	145	1689	1395.741	1317.872	0.884	4	160	1014	459	23	4	160	1014	459	23	109.996	135.400	386	140	137	136	134	132	130	127	124	121	116	105.003	133.799	144	140	138	137	135	134	133	132	130	127	121	1	49	1408.338	1305.361	0	0	0	242	256.265	0	0	139	138.857	0	0	0	0	0	0	0	0	0	0	0	0	0	0	0	0	0
146	146	1806	453.745	1322.041	0.897	23	145	1135	438	28	23	145	1135	438	28	107.471	326.785	3155	445	239	228	222	215	205	197	184	164	148	104.221	2103.089	2706	2632	2596	2550	2483	2371	2204	1996	1572	958	605	1	131	456.310	1318.563	0	0	0	1531	1610.443	0	0	2505	2477.313	0	0	0	0	0	0	0	0	0	0	0	0	0	0	0	0	0
147	147	1843	1547.944	1323.866	0.892	545	1122	103	42	14	545	1122	103	42	14	109.360	124.068	137	131	129	127	125	124	123	121	119	117	112	104.770	860.804	1432	1270	1156	1069	974	860	754	648	560	451	353	0	0	0.000	0.000	0	0	0	0	0.000	0	0	0	0.000	0	0	0	0	0	0	0	0	0	0	0	0	0	0	0	0	0
148	148	1072	78.071	1336.645	0.895	37	60	368	517	69	37	60	368	517	69	103.881	110.106	117	113	112	111	110	110	109	109	108	108	105	101.000	564.424	848	738	688	657	627	588	545	492	423	351	209	0	0	0.000	0.000	0	0	0	0	0.000	0	0	0	0.000	0	0	0	0	0	0	0	0	0	0	0	0	0	0	0	0	0
149	149	1844	490.803	1363.274	0.872	882	860	28	7	6	882	860	28	7	6	107.820	704.175	16957	807	163	151	146	143	141	138	135	130	122	104.362	125.974	164	136	132	128	126	124	123	122	120	118	110	1	120	475.810	1361.806	0	0	0	6617	7496.383	0	0	141	140.908	0	0	0	0	0	0	0	0	0	0	0	0	0	0	0	0	0
150	150	2445	1335.984	1369.542	0.875	978	1343	26	19	15	978	1343	26	19	15	111.056	448.871	3743	530	366	349	338	323	308	290	267	244	203	107.119	1625.708	2444	2108	1968	1853	1744	1630	1522	1407	1299	1140	747	1	160	1345.786	1369.594	0	0	0	2052	2127.213	0	0	2023	1975.700	0	0	0	0	0	0	0	0	0	0	0	0	0	0	0	0	0
151	151	1280	1606.632	1387.775	0.891	61	202	577	356	56	61	202	577	356	56	108.994	127.159	144	135	131	130	128	127	125	124	122	120	115	104.381	145.785	167	158	156	153	150	147	144	140	135	131	116	0	0	0.000	0.000	0	0	0	0	0.000	0	0	0	0.000	0	0	0	0	0	0	0	0	0	0	0	0	0	0	0	0	0
152	152	1312	1414.910	1402.567	0.916	469	463	243	83	36	469	463	243	83	36	109.999	121.582	136	126	125	123	122	121	120	119	118	117	114	107.000	1104.726	1624	1406	1353	1303	1236	1152	1059	952	837	706	419	0	0	0.000	0.000	0	0	0	0	0.000	0	0	0	0.000	0	0	0	0	0	0	0	0	0	0	0	0	0	0	0	0	0
153	153	1455	208.201	1412.370	0.864	104	832	442	29	15	104	832	442	29	15	106.000	207.356	1512	368	175	147	139	134	131	127	125	122	112	101.546	116.107	130	122	120	118	117	116	115	113	112	111	106	1	143	222.011	1417.544	0	0	0	694	760.790	0	0	121	120.077	0	0	0	0	0	0	0	0	0	0	0	0	0	0	0	0	0
154	154	1367	1101.388	1410.014	0.911	40	216	722	313	52	40	216	722	313	52	108.980	121.450	142	128	124	123	122	121	120	119	118	116	112	103.972	914.640	1236	1126	1076	1035	1000	955	912	851	770	607	348	0	0	0.000	0.000	0	0	0	0	0.000	0	0	0	0.000	0	0	0	0	0	0	0	0	0	0	0	0	0	0	0	0	0
155	155	1585	445.213	1416.092	0.912	91	397	840	192	41	91	397	840	192	41	107.207	219.777	412	355	305	257	213	190	173	160	147	137	120	103.607	160.632	193	178	174	171	168	165	161	155	145	134	116	0	0	0.000	0.000	0	0	0	0	0.000	0	0	0	0.000	0	0	0	0	0	0	0	0	0	0	0	0	0	0	0	0	0
156	156	2198	1327.424	1430.664	0.873	1110	674	190	119	33	1110	674	190	119	33	111.181	1789.703	16025	6516	1309	497	444	415	384	355	319	272	192	107.167	1538.711	2377	2158	1942	1793	1692	1571	1444	1320	1152	910	450	1	377	1318.824	1423.062	0	0	0	7735	8135.934	0	0	2048	1916.332	0	0	0	0	0	0	0	0	0	0	0	0	0	0	0	0	0
157	157	374	1441.253	1479.592	0.932	97	82	129	38	24	97	82	129	38	24	109.008	118.056	126	122	120	119	118	118	117	117	116	115	113	104.781	1301.029	1635	1469	1425	1379	1341	1307	1282	1236	1172	1104	931	0	0	0.000	0.000	0	0	0	0	0.000	0	0	0	0.000	0	0	0	0	0	0	0	0	0	0	0	0	0	0	0	0	0
158	158	1347	23.962	1514.841	0.871	43	359	624	268	20	43	359	624	268	20	102.271	120.183	152	135	128	124	120	117	116	114	112	111	106	100.010	131.961	171	149	142	138	135	132	129	126	121	115	101	1	15	33.566	1521.108	0	0	0	149	148.533	0	0	149	148.667	0	0	0	0	0	0	0	0	0	0	0	0	0	0	0	0	0
159	159	1913	898.180	1534.252	0.867	292	1390	177	18	5	292	1390	177	18	5	109.640	794.007	8046	1992	717	477	356	297	254	232	218	198	153	102.033	119.351	142	129	125	123	121	119	117	114	113	111	106	2	42	910.106	1540.090	226	885.553	1521.223	765	757.548	3553	3867.628	131	130.095	127	127.642	0	0	0	0	0	0	0	0	0	0	0	0	0	0	0
160	160	1721	2019.225	1573.463	0.902	121	1003	518	38	9	121	1003	518	38	9	105.550	126.923	140	134	132	131	129	128	126	124	122	119	109	103.099	120.134	134	126	124	122	121	120	119	118	117	115	104	0	0	0.000	0.000	0	0	0	0	0.000	0	0	0	0.000	0	0	0	0	0	0	0	0	0	0	0	0	0	0	0	0	0
161	161	1496	593.713	1580.237	0.873	21	103	364	903	70	21	103	364	903	70	107.000	122.847	131	127	126	125	124	123	122	121	120	118	113	102.543	585.922	861	791	738	698	667	627	553	480	412	354	234	0	0	0.000	0.000	0	0	0	0	0.000	0	0	0	0.000	0	0	0	0	0	0	0	0	0	0	0	0	0	0	0	0	0
162	162	1295	1309.990	1580.412	0.894	33	352	781	85	15	33	352	781	85	15	109.000	121.998	138	130	126	124	122	121	120	119	118	116	113	102.595	124.615	142	132	130	128	127	126	124	122	120	116	105	0	0	0.000	0.000	0	0	0	0	0.000	0	0	0	0.000	0	0	0	0	0	0	0	0	0	0	0	0	0	0	0	0	0
163	163	1565	1035.369	1654.129	0.855	19	109	674	641	85	19	109	674	641	85	108.916	193.957	1747	223	155	149	146	143	139	132	128	123	117	103.541	2432.942	3789	3523	3358	3168	2954	2702	2383	1884	1281	934	593	1	103	1048.242	1649.284	0	0	0	759	841.252	0	0	3367	3283.282	0	0	0	0	0	0	0	0	0	0	0	0	0	0	0	0	0
164	164	1525	38.686	1657.903	0.868	29	125	909	399	32	29	125	909	399	32	104.041	136.885	155	150	147	143	140	137	134	131	128	124	112	102.489	548.138	803	723	691	651	613	563	510	470	410	339	263	0	0	0.000	0.000	0	0	0	0	0.000	0	0	0	0.000	0	0	0	0	0	0	0	0	0	0	0	0	0	0	0	0	0
165	165	1407	2024.554	1663.197	0.908	28	304	751	270	28	28	304	751	270	28	106.609	164.586	256	186	176	171	166	163	158	153	148	144	130	103.598	1035.217	1945	1483	1345	1234	1128	1008	881	775	702	641	468	0	0	0.000	0.000	0	0	0	0	0.000	0	0	0	0.000	0	0	0	0	0	0	0	0	0	0	0	0	0	0	0	0	0
166	166	1328	1966.084	1673.700	0.882	25	322	632	282	28	25	322	632	282	28	107.000	118.363	128	124	122	121	119	118	117	116	115	114	112	102.427	563.785	826	732	689	646	608	568	530	486	433	381	329	0	0	0.000	0.000	0	0	0	0	0.000	0	0	0	0.000	0	0	0	0	0	0	0	0	0	0	0	0	0	0	0	0	0
167	167	1633	1053.943	1705.853	0.876	54	143	844	539	21	54	143	844	539	21	109.394	149.146	168	158	156	155	153	151	148	145	141	137	126	103.261	3428.031	4415	4250	4102	3975	3807	3589	3370	3101	2781	2317	1298	0	0	0.000	0.000	0	0	0	0	0.000	0	0	0	0.000	0	0	0	0	0	0	0	0	0	0	0	0	0	0	0	0	0
168	168	1416	348.616	1719.379	0.858	32	257	899	183	17	32	257	899	183	17	106.000	114.358	121	118	116	116	115	114	114	113	112	112	109	102.000	869.429	1505	1235	1137	1046	955	860	773	671	599	528	297	0	0	0.000	0.000	0	0	0	0	0.000	0	0	0	0.000	0	0	0	0	0	0	0	0	0	0	0	0	0	0	0	0	0
169	169	1172	1980.402	1713.781	0.921	32	81	521	484	24	32	81	521	484	24	107.000	115.486	125	119	118	117	116	115	114	114	113	112	109	101.921	616.103	920	846	804	756	696	629	564	496	427	359	290	0	0	0.000	0.000	0	0	0	0	0.000	0	0	0	0.000	0	0	0	0	0	0	0	0	0	0	0	0	0	0	0	0	0
170	170	1666	24.608	1740.651	0.880	559	638	297	126	21	559	638	297	126	21	104.271	298.414	440	375	356	343	325	304	281	256	238	212	162	102.510	429.402	680	579	540	509	480	447	400	346	297	267	208	0	0	0.000	0.000	0	0	0	0	0.000	0	0	0	0.000	0	0	0	0	0	0	0	0	0	0	0	0	0	0	0	0	0
171	171	1043	769.675	1736.700	0.894	4	67	483	441	41	4	67	483	441	41	108.728	121.844	129	126	125	124	123	122	121	120	119	118	114	102.162	147.547	164	159	156	153	150	147	145	143	140	137	128	0	0	0.000	0.000	0	0	0	0	0.000	0	0	0	0.000	0	0	0	0	0	0	0	0	0	0	0	0	0	0	0	0	0
172	172	1638	815.933	1754.394	0.868	12	40	507	895	145	12	40	507	895	145	109.000	142.067	688	154	128	126	125	124	123	122	120	119	114	103.000	154.342	179	170	166	162	158	155	151	147	143	138	129	1	102	820.979	1761.325	0	0	0	345	369.912	0	0	148	149.882	0	0	0	0	0	0	0	0	0	0	0	0	0	0	0	0	0
173	173	336	851.731	1745.265	0.917	43	71	114	92	10	43	71	114	92	10	108.229	114.470	119	116	116	115	115	114	114	114	113	113	111	102.643	118.062	134	124	122	121	119	118	117	116	114	112	104	0	0	0.000	0.000	0	0	0	0	0.000	0	0	0	0.000	0	0	0	0	0	0	0	0	0	0	0	0	0	0	0	0	0
174	174	1186	1105.576	1756.903	0.891	28	69	210	693	157	28	69	210	693	157	109.890	167.631	205	194	187	182	177	170	162	154	147	140	127	103.000	127.343	143	135	133	132	131	129	128	125	122	116	103	0	0	0.000	0.000	0	0	0	0	0.000	0	0	0	0.000	0	0	0	0	0	0	0	0	0	0	0	0	0	0	0	0	0
175	175	435	375.248	1748.032	0.936	58	144	154	54	13	58	144	154	54	13	106.189	114.051	120	117	116	115	114	114	113	113	112	111	109	102.000	119.680	137	131	128	126	124	120	117	114	110	108	103	0	0	0.000	0.000	0	0	0	0	0.000	0	0	0	0.000	0	0	0	0	0	0	0	0	0	0	0	0	0	0	0	0	0
176	176	1795	308.085	1766.607	0.903	88	915	650	77	25	88	915	650	77	25	106.000	114.426	124	118	117	116	115	114	113	113	112	111	107	101.968	1019.227	1761	1338	1228	1168	1106	1037	959	866	777	634	393	0	0	0.000	0.000	0	0	0	0	0.000	0	0	0	0.000	0	0	0	0	0	0	0	0	0	0	0	0	0	0	0	0	0
177	177	1598	1057.137	1773.183	0.857	19	349	899	280	26	19	349	899	280	26	110.000	174.645	209	196	190	184	179	176	172	166	160	151	133	102.358	135.306	152	143	140	139	137	135	134	132	130	128	117	0	0	0.000	0.000	0	0	0	0	0.000	0	0	0	0.000	0	0	0	0	0	0	0	0	0	0	0	0	0	0	0	0	0
178	178	1739	766.377	1785.692	0.836	38	521	950	165	20	38	521	950	165	20	108.980	155.864	954	199	135	129	125	122	120	118	117	116	112	102.781	136.862	166	154	149	144	140	135	131	128	126	123	114	1	133	770.374	1788.658	0	0	0	453	486.459	0	0	143	142.910	0	0	0	0	0	0	0	0	0	0	0	0	0	0	0	0	0
179	179	858	1650.558	1778.036	0.907	40	310	427	55	11	40	310	427	55	11	108.205	140.455	165	153	150	146	143	140	137	135	132	127	118	102.337	397.826	689	562	504	466	431	396	352	311	280	247	190	0	0	0.000	0.000	0	0	0	0	0.000	0	0	0	0.000	0	0	0	0	0	0	0	0	0	0	0	0	0	0	0	0	0
180	180	2411	644.759	1799.795	0.880	320	1661	344	47	8	320	1661	344	47	8	108.224	303.251	858	510	411	335	286	253	229	208	190	178	146	101.098	117.468	133	124	122	120	118	117	116	115	113	111	103	1	117	654.888	1796.205	0	0	0	685	687.863	0	0	125	125.282	0	0	0	0	0	0	0	0	0	0	0	0	0	0	0	0	0
181	181	763	31.438	1786.949	0.911	35	182	458	69	7	35	182	458	69	7	103.853	112.666	122	117	115	114	113	112	112	111	110	110	107	101.115	643.157	1269	1025	891	786	712	611	529	456	392	335	213	0	0	0.000	0.000	0	0	0	0	0.000	0	0	0	0.000	0	0	0	0	0	0	0	0	0	0	0	0	0	0	0	0	0
182	182	1573	834.253	1800.930	0.844	18	239	921	325	28	18	239	921	325	28	109.530	169.017	197	186	184	180	176	171	166	161	156	148	129	103.004	1178.188	1533	1423	1373	1325	1291	1237	1162	1057	983	866	512	0	0	0.000	0.000	0	0	0	0	0.000	0	0	0	0.000	0	0	0	0	0	0	0	0	0	0	0	0	0	0	0	0	0
183	183	1626	1107.927	1803.471	0.877	129	1058	387	9	5	129	1058	387	9	5	110.000	156.044	188	175	168	165	160	156	152	148	142	137	126	102.309	122.910	139	130	128	126	124	123	121	120	118	116	105	0	0	0.000	0.000	0	0	0	0	0.000	0	0	0	0.000	0	0	0	0	0	0	0	0	0	0	0	0	0	0	0	0	0
184	184	261	1234.709	1796.878	0.751	18	102	87	35	14	18	102	87	35	14	109.996	158.498	176	171	166	162	159	156	155	153	152	150	145	102.000	122.724	134	128	126	125	124	122	121	121	120	118	114	0	0	0.000	0.000	0	0	0	0	0.000	0	0	0	0.000	0	0	0	0	0	0	0	0	0	0	0	0	0	0	0	0	0
185	185	1723	688.707	1835.806	0.887	258	1119	221	69	29	258	1119	221	69	29	108.524	312.304	564	461	419	381	336	292	258	235	210	189	154	101.356	121.281	135	129	126	124	123	122	120	118	116	114	108	0	0	0.000	0.000	0	0	0	0	0.000	0	0	0	0.000	0	0	0	0	0	0	0	0	0	0	0	0	0	0	0	0	0
186	186	895	1685.558	1824.418	0.902	96	367	351	56	14	96	367	351	56	14	108.250	487.495	1008	721	626	582	545	500	438	373	308	252	178	102.000	159.450	206	188	179	172	166	161	155	149	140	129	113	0	0	0.000	0.000	0	0	0	0	0.000	0	0	0	0.000	0	0	0	0	0	0	0	0	0	0	0	0	0	0	0	0	0
187	187	2723	796.096	1847.878	0.892	71	1137	1241	210	19	71	1137	1241	210	19	109.947	284.656	4286	294	183	178	173	170	164	157	147	137	125	103.565	950.566	3751	1375	1238	1102	1014	915	796	673	559	439	292	1	154	786.945	1845.507	0	0	0	1780	1980.708	0	0	2152	2276.799	0	0	1	44	786.343	1845.257	0	0	0	3233	3123.341	0	0	3058	3008.727	0	0
188	188	1703	977.031	1874.296	0.874	190	194	627	609	48	190	194	627	609	48	108.927	131.763	149	139	137	135	134	132	130	128	126	124	115	103.002	700.628	1131	915	833	779	734	690	644	604	558	495	325	0	0	0.000	0.000	0	0	0	0	0.000	0	0	0	0.000	0	0	0	0	0	0	0	0	0	0	0	0	0	0	0	0	0
189	189	1672	1891.237	1876.530	0.899	22	173	991	441	16	22	173	991	441	16	107.801	116.377	127	121	119	118	117	116	115	114	113	112	110	102.169	988.034	1604	1456	1354	1254	1138	1004	870	747	631	472	336	0	0	0.000	0.000	0	0	0	0	0.000	0	0	0	0.000	0	0	0	0	0	0	0	0	0	0	0	0	0	0	0	0	0
190	190	2289	1748.118	1897.712	0.900	757	1226	230	30	10	757	1226	230	30	10	108.000	124.849	148	140	136	132	127	122	118	116	115	113	109	101.947	120.842	138	130	127	125	123	121	119	117	115	112	105	0	0	0.000	0.000	0	0	0	0	0.000	0	0	0	0.000	0	0	0	0	0	0	0	0	0	0	0	0	0	0	0	0	0
191	191	231	934.789	1885.653	0.757	19	71	88	40	7	19	71	88	40	7	108.121	130.182	136	133	132	131	130	130	130	129	128	127	125	102.641	807.446	920	886	863	844	830	816	800	777	748	716	664	0	0	0.000	0.000	0	0	0	0	0.000	0	0	0	0.000	0	0	0	0	0	0	0	0	0	0	0	0	0	0	0	0	0
192	192	2726	1102.007	1912.623	0.843	56	199	1295	1040	68	56	199	1295	1040	68	110.443	2788.581	25826	10128	1491	784	719	667	616	545	460	352	229	102.740	197.305	377	250	224	214	208	201	190	174	159	143	126	1	454	1111.647	1912.674	0	0	0	12782	13259.899	0	0	241	237.284	0	0	0	0	0	0	0	0	0	0	0	0	0	0	0	0	0
193	193	559	477.076	1901.762	0.824	78	200	135	103	36	78	200	135	103	36	106.000	345.308	870	607	446	369	330	289	260	236	221	205	175	101.000	125.175	166	144	137	128	122	120	119	117	116	114	111	1	29	474.551	1899.115	0	0	0	759	756.207	0	0	120	119.448	0	0	0	0	0	0	0	0	0	0	0	0	0	0	0	0	0
194	194	2776	809.978	1911.788	0.869	148	1347	1133	97	4	148	1347	1133	97	4	108.615	1531.937	16743	5434	773	283	243	227	217	205	189	171	132	102.911	1028.526	4890	2210	1032	919	860	804	706	580	469	373	221	1	430	801.524	1901.504	0	0	0	7615	8205.037	0	0	2840	2829.707	0	0	1	323	802.044	1901.417	0	0	0	9956	9762.365	0	0	3355	3271.560	0	0
195	195	1690	1852.231	1914.605	0.892	60	533	1001	46	10	60	533	1001	46	10	107.000	117.370	136	124	121	118	117	116	115	114	114	113	110	102.564	1856.127	2867	2650	2552	2416	2220	1960	1711	1416	1099	827	598	1	386	1850.129	1916.943	0	0	0	124	123.617	0	0	2463	2347.010	0	0	0	0	0	0	0	0	0	0	0	0	0	0	0	0	0
196	196	2258	1210.509	1916.360	0.908	219	982	769	224	31	219	982	769	224	31	109.599	706.290	9673	686	504	484	468	446	425	405	379	347	267	101.458	212.191	265	240	232	225	220	214	208	201	193	181	154	1	120	1212.747	1903.626	0	0	0	4404	4782.217	0	0	227	225.283	0	0	0	0	0	0	0	0	0	0	0	0	0	0	0	0	0
197	197	345	1816.036	1905.192	0.926	27	47	95	131	42	27	47	95	131	42	107.000	113.904	118	116	115	115	114	114	113	113	112	112	110	102.000	858.942	1248	1145	1072	1018	956	888	820	735	650	530	366	0	0	0.000	0.000	0	0	0	0	0.000	0	0	0	0.000	0	0	0	0	0	0	0	0	0	0	0	0	0	0	0	0	0
198	198	212	24.645	1909.192	0.877	15	71	73	39	11	15	71	73	39	11	101.000	108.769	113	111	110	110	109	109	108	108	107	107	106	100.000	525.948	612	593	580	558	544	532	513	500	480	452	413	0	0	0.000	0.000	0	0	0	0	0.000	0	0	0	0.000	0	0	0	0	0	0	0	0	0	0	0	0	0	0	0	0	0
199	199	1375	1893.337	1925.084	0.881	48	113	559	593	31	48	113	559	593	31	106.887	115.823	134	123	120	117	115	114	114	113	112	111	109	102.438	1397.302	1958	1794	1703	1623	1540	1462	1382	1270	1090	856	499	1	216	1891.332	1918.288	0	0	0	123	123.444	0	0	1507	1525.852	0	0	0	0	0	0	0	0	0	0	0	0	0	0	0	0	0
200	200	2306	1157.394	1933.044	0.895	56	240	1400	554	11	56	240	1400	554	11	110.253	1085.887	15569	1754	510	444	418	394	363	327	277	236	173	102.000	197.117	285	232	222	215	208	202	193	181	167	151	127	1	203	1163.137	1939.632	0	0	0	6966	7686.232	0	0	241	241.783	0	0	0	0	0	0	0	0	0	0	0	0	0	0	0	0	0
201	201	1832	979.668	1941.970	0.875	397	1319	72	12	6	397	1319	72	12	6	108.112	132.499	143	139	137	136	135	133	132	130	128	125	115	102.904	790.276	1214	1084	989	901	842	790	735	667	583	504	364	0	0	0.000	0.000	0	0	0	0	0.000	0	0	0	0.000	0	0	0	0	0	0	0	0	0	0	0	0	0	0	0	0	0
202	202	1293	1819.847	1949.979	0.903	50	57	452	638	69	50	57	452	638	69	107.000	116.954	136	124	119	118	116	115	115	114	114	113	111	101.995	1623.807	2499	2324	2186	2047	1878	1678	1494	1278	1015	789	595	0	0	0.000	0.000	0	0	0	0	0.000	0	0	0	0.000	0	0	0	0	0	0	0	0	0	0	0	0	0	0	0	0	0
203	203	1661	1628.609	1978.614	0.910	539	924	70	68	33	539	924	70	68	33	109.131	136.471	177	163	155	146	138	134	129	123	118	115	110	103.464	581.861	1046	845	747	689	627	572	531	473	397	316	227	0	0	0.000	0.000	0	0	0	0	0.000	0	0	0	0.000	0	0	0	0	0	0	0	0	0	0	0	0	0	0	0	0	0
204	204	1613	579.305	1982.127	0.877	40	168	867	492	16	40	168	867	492	16	105.408	113.279	123	117	115	114	113	113	112	112	111	110	108	103.000	670.909	911	827	783	743	715	687	657	619	567	483	354	0	0	0.000	0.000	0	0	0	0	0.000	0	0	0	0.000	0	0	0	0	0	0	0	0	0	0	0	0	0	0	0	0	0
205	205	1444	637.377	1991.752	0.868	65	462	741	130	14	65	462	741	130	14	105.428	121.228	212	143	125	119	116	114	113	112	111	111	108	102.055	641.091	961	837	794	747	692	645	582	531	489	452	317	1	195	634.581	1999.331	0	0	0	155	159.892	0	0	759	717.979	0	0	0	0	0	0	0	0	0	0	0	0	0	0	0	0	0
206	206	837	1514.961	2012.702	0.906	14	147	251	298	117	14	147	251	298	117	114.000	290.276	307	298	295	293	292	290	289	287	285	283	279	103.287	283.503	391	331	319	307	292	281	270	259	248	237	210	0	0	0.000	0.000	0	0	0	0	0.000	0	0	0	0.000	0	0	0	0	0	0	0	0	0	0	0	0	0	0	0	0	0
