 	cell	area	x	y	circ	BFI_lev_b1	BFI_lev_b2	BFI_lev_b3	BFI_lev_b4	BFI_lev_b5	BFO_lev_b1	BFO_lev_b2	BFO_lev_b3	BFO_lev_b4	BFO_lev_b5	RFP_int_bg	RFP_int_mean	RFP_int_b0	RFP_int_b1	RFP_int_b2	RFP_int_b3	RFP_int_b4	RFP_int_b5	RFP_int_b6	RFP_int_b7	RFP_int_b8	RFP_int_b9	RFP_int_b10	GFP_int_bg	GFP_int_mean	GFP_int_b0	GFP_int_b1	GFP_int_b2	GFP_int_b3	GFP_int_b4	GFP_int_b5	GFP_int_b6	GFP_int_b7	GFP_int_b8	GFP_int_b9	GFP_int_b10	inRFPnfoci	f1_inRFParea	f1_inRFPx	f1_inRFPy	f2_inRFParea	f2_inRFPx	f2_inRFPy	f1_inRFP_toRFPmed	f1_inRFP_toRFPmean	f2_inRFP_toRFPmed	f2_inRFP_toRFPmean	f1_inRFP_toGFPmed	f1_inRFP_toGFPmean	f2_inRFP_toGFPmed	f2_inRFP_toGFPmean	inGFPnfoci	f1_inGFParea	f1_inGFPx	f1_inGFPy	f2_inGFParea	f2_inGFPx	f2_inGFPy	f1_inGFP_toRFPmed	f1_inGFP_toRFPmean	f2_inGFP_toRFPmed	f2_inGFP_toRFPmean	f1_inGFP_toGFPmed	f1_inGFP_toGFPmean	f2_inGFP_toGFPmed	f2_inGFP_toGFPmean
1	1	1720	1268.651	37.634	0.876	82	717	770	88	24	82	717	770	88	24	103.055	112.197	126	119	117	114	112	111	110	109	108	107	106	100.731	117.585	128	123	122	121	120	119	118	116	114	109	102	0	0	0.000	0.000	0	0	0	0	0.000	0	0	0	0.000	0	0	0	0	0.000	0.000	0	0	0	0	0.000	0	0	0	0.000	0	0
2	2	208	1941.163	24.887	0.947	19	34	76	53	21	19	34	76	53	21	102.000	120.817	134	130	128	126	124	122	119	116	113	110	106	98.856	555.832	798	735	704	675	652	612	557	479	373	285	205	0	0	0.000	0.000	0	0	0	0	0.000	0	0	0	0.000	0	0	0	0	0.000	0.000	0	0	0	0	0.000	0	0	0	0.000	0	0
3	3	1740	1962.257	50.718	0.879	44	97	567	900	103	44	97	567	900	103	102.753	142.635	254	166	147	143	141	139	137	133	128	122	109	99.472	1064.543	1579	1428	1329	1248	1152	1063	967	882	823	727	409	1	47	1950.237	58.244	0	0	0	232	231.426	0	0	1147	1135.979	0	0	0	0	0.000	0.000	0	0	0	0	0.000	0	0	0	0.000	0	0
4	4	2000	1032.725	54.723	0.882	56	126	824	853	109	56	126	824	853	109	104.621	110.626	116	113	112	111	111	111	110	110	109	109	106	101.379	675.721	955	875	836	802	771	730	677	597	499	380	251	0	0	0.000	0.000	0	0	0	0	0.000	0	0	0	0.000	0	0	0	0	0.000	0.000	0	0	0	0	0.000	0	0	0	0.000	0	0
5	5	2757	1520.696	83.113	0.866	141	1237	1231	92	12	141	1237	1231	92	12	104.131	120.261	138	129	126	123	121	120	118	117	115	113	109	102.987	2743.160	4312	3616	3357	3202	3026	2857	2702	2458	2072	1555	959	0	0	0.000	0.000	0	0	0	0	0.000	0	0	0	0.000	0	0	0	0	0.000	0.000	0	0	0	0	0.000	0	0	0	0.000	0	0
6	6	1465	1714.653	95.506	0.876	126	625	603	56	20	126	625	603	56	20	105.000	1093.447	18837	2086	431	315	278	249	215	190	170	152	124	100.975	122.894	169	134	130	127	124	121	119	117	114	112	104	1	130	1710.312	88.257	0	0	0	8009	8493.254	0	0	143	142.954	0	0	0	0	0.000	0.000	0	0	0	0	0.000	0	0	0	0.000	0	0
7	7	1885	1932.065	101.818	0.884	67	282	1027	449	26	67	282	1027	449	26	104.000	125.232	165	136	132	129	127	124	121	119	117	115	109	101.000	883.411	1475	1296	1198	1117	1010	894	780	686	553	420	344	0	0	0.000	0.000	0	0	0	0	0.000	0	0	0	0.000	0	0	0	0	0.000	0.000	0	0	0	0	0.000	0	0	0	0.000	0	0
8	8	1579	1985.676	102.811	0.869	122	371	875	159	16	122	371	875	159	16	103.165	133.343	462	139	136	133	130	128	125	122	119	114	106	100.005	966.656	1426	1313	1240	1159	1072	985	882	781	694	597	429	1	55	1989.522	97.723	0	0	0	272	281.927	0	0	698	711.073	0	0	0	0	0.000	0.000	0	0	0	0	0.000	0	0	0	0.000	0	0
9	9	1042	1878.323	102.976	0.873	62	393	454	92	16	62	393	454	92	16	103.884	111.274	119	116	113	112	111	111	110	110	109	109	105	100.991	114.310	127	120	117	116	115	114	113	112	111	109	104	0	0	0.000	0.000	0	0	0	0	0.000	0	0	0	0.000	0	0	0	0	0.000	0.000	0	0	0	0	0.000	0	0	0	0.000	0	0
10	10	1935	1024.333	109.611	0.892	88	526	1217	55	10	88	526	1217	55	10	105.041	112.456	123	117	115	114	113	112	111	110	110	109	106	102.000	542.196	865	728	687	644	598	549	509	461	393	314	211	0	0	0.000	0.000	0	0	0	0	0.000	0	0	0	0.000	0	0	0	0	0.000	0.000	0	0	0	0	0.000	0	0	0	0.000	0	0
11	11	607	1387.143	117.159	0.808	37	169	235	123	32	37	169	235	123	32	105.000	145.376	230	195	172	155	142	132	129	125	121	117	108	101.957	138.588	219	179	162	150	139	132	127	122	116	109	104	1	64	1391.730	121.468	0	0	0	207	205.859	0	0	185	185.250	0	0	1	23	1390.782	119.178	0	0	0	202	199.348	0	0	199	196.957	0	0
12	12	1622	971.291	141.253	0.896	163	1230	192	9	7	163	1230	192	9	7	105.627	118.132	133	126	123	121	119	117	115	114	113	112	110	101.856	553.213	876	753	700	660	610	563	519	460	387	327	266	0	0	0.000	0.000	0	0	0	0	0.000	0	0	0	0.000	0	0	0	0	0.000	0.000	0	0	0	0	0.000	0	0	0	0.000	0	0
13	13	1035	1904.815	146.191	0.905	34	180	559	207	25	34	180	559	207	25	104.023	124.561	138	133	131	129	127	125	123	121	118	115	111	101.994	867.207	1256	1140	1069	1005	934	865	805	733	678	606	369	0	0	0.000	0.000	0	0	0	0	0.000	0	0	0	0.000	0	0	0	0	0.000	0.000	0	0	0	0	0.000	0	0	0	0.000	0	0
14	14	2128	1037.111	167.660	0.870	12	274	1478	311	21	12	274	1478	311	21	105.991	112.345	120	116	114	113	113	112	111	111	110	110	107	102.000	429.156	629	559	529	498	464	438	411	379	328	273	221	0	0	0.000	0.000	0	0	0	0	0.000	0	0	0	0.000	0	0	0	0	0.000	0.000	0	0	0	0	0.000	0	0	0	0.000	0	0
15	15	2331	188.217	178.996	0.830	37	67	972	1158	38	37	67	972	1158	38	104.908	273.132	1743	364	250	241	230	219	207	193	179	158	128	101.338	193.914	269	229	218	211	205	197	188	178	168	153	122	1	149	198.742	163.942	0	0	0	987	1021.537	0	0	231	229.926	0	0	0	0	0.000	0.000	0	0	0	0	0.000	0	0	0	0.000	0	0
16	16	1249	1652.516	167.935	0.837	151	518	376	149	35	151	518	376	149	35	105.000	129.925	159	146	140	136	132	129	126	122	119	117	111	101.000	120.305	146	134	127	124	121	119	117	115	113	111	105	0	0	0.000	0.000	0	0	0	0	0.000	0	0	0	0.000	0	0	0	0	0.000	0.000	0	0	0	0	0.000	0	0	0	0.000	0	0
17	17	2187	1836.597	176.062	0.880	128	713	1048	226	28	128	713	1048	226	28	104.733	121.476	154	133	128	125	122	119	117	116	114	113	109	102.000	1292.001	2092	1821	1667	1532	1427	1311	1183	1075	940	728	426	1	12	1852.420	184.504	0	0	0	151	150.417	0	0	958	970.000	0	0	0	0	0.000	0.000	0	0	0	0	0.000	0	0	0	0.000	0	0
18	18	2006	1071.131	217.584	0.885	43	133	927	805	62	43	133	927	805	62	106.000	112.772	126	118	114	113	112	112	111	111	110	110	107	102.000	492.416	696	631	608	579	540	497	459	426	389	327	243	1	198	1068.874	218.337	0	0	0	120	120.131	0	0	457	458.717	0	0	0	0	0.000	0.000	0	0	0	0	0.000	0	0	0	0.000	0	0
19	19	1256	216.878	224.635	0.899	596	477	88	45	23	596	477	88	45	23	104.698	240.638	328	285	275	267	256	244	235	223	207	181	157	101.964	193.913	248	232	225	216	208	199	187	175	161	149	130	0	0	0.000	0.000	0	0	0	0	0.000	0	0	0	0.000	0	0	0	0	0.000	0.000	0	0	0	0	0.000	0	0	0	0.000	0	0
20	20	1704	1523.668	326.197	0.851	26	82	495	897	166	26	82	495	897	166	105.930	121.004	176	127	124	122	120	119	118	117	116	114	108	102.000	137.248	162	148	145	142	140	138	136	133	129	125	110	1	45	1524.117	340.264	0	0	0	159	157.578	0	0	147	145.756	0	0	0	0	0.000	0.000	0	0	0	0	0.000	0	0	0	0.000	0	0
21	21	1332	1475.277	352.903	0.879	21	40	470	697	70	21	40	470	697	70	106.000	122.652	133	128	127	126	125	123	121	120	118	116	112	101.953	148.829	167	161	159	156	154	150	147	143	139	134	122	0	0	0.000	0.000	0	0	0	0	0.000	0	0	0	0.000	0	0	0	0	0.000	0.000	0	0	0	0	0.000	0	0	0	0.000	0	0
22	22	2293	378.648	375.164	0.872	45	370	1307	493	38	45	370	1307	493	38	105.893	180.033	218	208	202	196	190	182	174	166	158	149	129	102.703	854.803	1306	1210	1133	1065	977	879	770	671	571	457	329	0	0	0.000	0.000	0	0	0	0	0.000	0	0	0	0.000	0	0	0	0	0.000	0.000	0	0	0	0	0.000	0	0	0	0.000	0	0
23	23	2323	828.666	378.452	0.891	479	1702	61	39	13	479	1702	61	39	13	106.606	123.344	151	133	130	126	124	122	120	119	117	116	111	103.005	801.264	1349	1071	1002	954	899	835	759	683	571	467	248	0	0	0.000	0.000	0	0	0	0	0.000	0	0	0	0.000	0	0	0	0	0.000	0.000	0	0	0	0	0.000	0	0	0	0.000	0	0
24	24	1810	719.031	383.412	0.904	66	537	858	273	41	66	537	858	273	41	106.591	115.960	128	121	119	117	116	115	115	114	113	112	109	102.953	709.928	1137	1013	934	858	776	697	629	556	496	424	294	0	0	0.000	0.000	0	0	0	0	0.000	0	0	0	0.000	0	0	0	0	0.000	0.000	0	0	0	0	0.000	0	0	0	0.000	0	0
25	25	1217	668.198	377.009	0.898	14	94	561	465	61	14	94	561	465	61	106.161	114.230	123	118	116	115	114	114	113	113	112	111	109	102.376	617.920	941	791	735	689	641	604	575	540	506	463	345	0	0	0.000	0.000	0	0	0	0	0.000	0	0	0	0.000	0	0	0	0	0.000	0.000	0	0	0	0	0.000	0	0	0	0.000	0	0
26	26	2898	888.392	407.461	0.850	138	2440	256	14	8	138	2440	256	14	8	106.932	125.293	143	136	132	128	126	125	123	122	119	116	109	102.997	1019.727	1555	1371	1266	1175	1101	1031	970	907	825	620	390	0	0	0.000	0.000	0	0	0	0	0.000	0	0	0	0.000	0	0	0	0	0.000	0.000	0	0	0	0	0.000	0	0	0	0.000	0	0
27	27	1696	809.648	427.940	0.873	209	797	520	125	17	209	797	520	125	17	106.835	118.029	133	127	123	120	118	117	115	114	113	112	109	102.822	127.581	143	134	131	130	129	128	127	126	124	121	113	0	0	0.000	0.000	0	0	0	0	0.000	0	0	0	0.000	0	0	0	0	0.000	0.000	0	0	0	0	0.000	0	0	0	0.000	0	0
28	28	2058	379.822	435.723	0.890	70	883	918	141	16	70	883	918	141	16	106.000	166.200	214	193	182	175	169	163	158	154	151	145	128	102.000	640.848	1171	961	843	750	673	607	549	502	443	379	295	0	0	0.000	0.000	0	0	0	0	0.000	0	0	0	0.000	0	0	0	0	0.000	0.000	0	0	0	0	0.000	0	0	0	0.000	0	0
29	29	301	206.591	441.222	0.918	52	59	86	72	23	52	59	86	72	23	105.000	116.744	125	121	120	119	118	117	116	115	114	113	109	102.000	592.226	826	763	730	702	663	609	565	527	457	376	255	0	0	0.000	0.000	0	0	0	0	0.000	0	0	0	0.000	0	0	0	0	0.000	0.000	0	0	0	0	0.000	0	0	0	0.000	0	0
30	30	1090	852.836	455.952	0.901	106	333	499	115	16	106	333	499	115	16	106.302	113.159	118	116	115	114	114	113	113	112	111	111	108	103.224	121.870	138	129	126	125	124	122	121	119	117	115	107	0	0	0.000	0.000	0	0	0	0	0.000	0	0	0	0.000	0	0	0	0	0.000	0.000	0	0	0	0	0.000	0	0	0	0.000	0	0
31	31	2073	1770.406	468.376	0.911	441	1292	255	40	9	441	1292	255	40	9	106.000	133.199	163	150	143	140	137	132	128	125	122	118	113	101.006	134.845	154	146	143	141	138	136	132	129	127	124	110	0	0	0.000	0.000	0	0	0	0	0.000	0	0	0	0.000	0	0	0	0	0.000	0.000	0	0	0	0	0.000	0	0	0	0.000	0	0
32	32	2229	210.871	478.509	0.853	95	454	1491	140	9	95	454	1491	140	9	105.000	127.497	141	136	133	131	130	128	126	125	122	118	112	102.395	1042.053	1584	1431	1325	1209	1111	1041	970	886	790	682	302	0	0	0.000	0.000	0	0	0	0	0.000	0	0	0	0.000	0	0	0	0	0.000	0.000	0	0	0	0	0.000	0	0	0	0.000	0	0
33	33	305	487.849	482.162	0.955	63	94	85	42	13	63	94	85	42	13	106.000	125.603	140	134	132	129	127	125	123	122	120	118	112	101.774	116.308	132	127	123	120	117	115	113	112	110	109	104	0	0	0.000	0.000	0	0	0	0	0.000	0	0	0	0.000	0	0	0	0	0.000	0.000	0	0	0	0	0.000	0	0	0	0.000	0	0
34	34	2664	273.246	502.258	0.844	158	1163	1099	148	42	158	1163	1099	148	42	105.000	135.542	196	151	146	142	138	135	131	128	124	120	113	102.565	1035.821	1709	1378	1304	1239	1185	1125	1054	919	713	500	331	0	0	0.000	0.000	0	0	0	0	0.000	0	0	0	0.000	0	0	0	0	0.000	0.000	0	0	0	0	0.000	0	0	0	0.000	0	0
35	35	380	450.410	487.450	0.843	69	145	111	33	15	69	145	111	33	15	106.000	169.755	229	200	183	176	170	166	163	159	155	149	139	102.000	133.439	159	147	140	136	133	132	130	129	127	124	118	0	0	0.000	0.000	0	0	0	0	0.000	0	0	0	0.000	0	0	0	0	0.000	0.000	0	0	0	0	0.000	0	0	0	0.000	0	0
36	36	1333	844.878	503.076	0.912	27	195	533	456	91	27	195	533	456	91	107.000	114.983	132	123	117	115	114	114	113	113	112	111	108	103.000	1424.586	2114	1940	1827	1672	1534	1403	1287	1185	1065	931	595	0	0	0.000	0.000	0	0	0	0	0.000	0	0	0	0.000	0	0	0	0	0.000	0.000	0	0	0	0	0.000	0	0	0	0.000	0	0
37	37	1846	889.396	529.052	0.910	37	143	773	773	86	37	143	773	773	86	107.000	114.236	124	119	117	115	114	114	113	112	112	111	108	103.000	1155.858	1920	1717	1553	1393	1277	1185	1078	948	767	533	301	0	0	0.000	0.000	0	0	0	0	0.000	0	0	0	0.000	0	0	0	0	0.000	0.000	0	0	0	0	0.000	0	0	0	0.000	0	0
38	38	1680	943.593	533.357	0.883	67	416	794	334	29	67	416	794	334	29	106.961	115.608	128	123	119	116	115	114	114	113	112	112	107	103.000	1008.771	1604	1368	1270	1167	1076	1004	930	851	760	664	450	0	0	0.000	0.000	0	0	0	0	0.000	0	0	0	0.000	0	0	0	0	0.000	0.000	0	0	0	0	0.000	0	0	0	0.000	0	0
39	39	2111	227.943	543.484	0.821	50	551	1305	155	11	50	551	1305	155	11	104.983	135.795	164	152	147	140	137	135	133	129	125	121	113	103.000	1170.884	1937	1549	1473	1416	1360	1304	1218	1041	767	522	357	0	0	0.000	0.000	0	0	0	0	0.000	0	0	0	0.000	0	0	0	0	0.000	0.000	0	0	0	0	0.000	0	0	0	0.000	0	0
40	40	1041	200.844	567.636	0.788	24	221	512	239	21	24	221	512	239	21	105.000	138.018	152	145	144	143	142	141	138	136	132	126	113	102.598	1659.448	2007	1909	1874	1837	1795	1738	1672	1596	1486	1272	617	0	0	0.000	0.000	0	0	0	0	0.000	0	0	0	0.000	0	0	0	0	0.000	0.000	0	0	0	0	0.000	0	0	0	0.000	0	0
41	41	1660	1879.741	582.990	0.886	103	511	798	187	26	103	511	798	187	26	106.000	114.340	135	119	117	115	115	114	113	112	111	110	107	101.323	194.507	249	223	212	206	202	197	191	185	175	162	130	1	80	1887.449	579.096	0	0	0	123	124.138	0	0	200	203.450	0	0	0	0	0.000	0.000	0	0	0	0	0.000	0	0	0	0.000	0	0
42	42	293	186.800	588.452	0.903	6	24	69	125	64	6	24	69	125	64	105.000	124.328	132	130	129	128	127	126	124	122	120	117	112	102.317	1023.331	1360	1274	1233	1193	1147	1098	1015	909	814	679	360	0	0	0.000	0.000	0	0	0	0	0.000	0	0	0	0.000	0	0	0	0	0.000	0.000	0	0	0	0	0.000	0	0	0	0.000	0	0
43	43	1228	1364.346	615.329	0.908	81	256	660	186	22	81	256	660	186	22	106.910	113.533	119	116	115	115	114	113	113	112	112	111	108	102.761	250.300	381	307	285	270	257	246	237	228	214	195	155	0	0	0.000	0.000	0	0	0	0	0.000	0	0	0	0.000	0	0	0	0	0.000	0.000	0	0	0	0	0.000	0	0	0	0.000	0	0
44	44	352	566.317	632.711	0.838	28	123	148	39	6	28	123	148	39	6	106.000	114.153	119	117	116	115	115	114	114	113	112	111	109	102.000	118.651	126	123	122	121	120	119	118	117	115	114	107	0	0	0.000	0.000	0	0	0	0	0.000	0	0	0	0.000	0	0	0	0	0.000	0.000	0	0	0	0	0.000	0	0	0	0.000	0	0
45	45	1566	1398.554	647.028	0.933	68	433	884	131	19	68	433	884	131	19	107.000	112.651	118	115	114	113	113	112	112	112	111	111	109	102.496	204.172	289	254	239	226	217	207	195	181	166	151	135	0	0	0.000	0.000	0	0	0	0	0.000	0	0	0	0.000	0	0	0	0	0.000	0.000	0	0	0	0	0.000	0	0	0	0.000	0	0
46	46	2114	1345.446	663.772	0.862	266	1537	238	30	13	266	1537	238	30	13	107.000	114.060	124	118	116	115	114	113	113	112	112	111	109	102.491	201.307	268	241	233	225	218	207	193	179	166	152	134	0	0	0.000	0.000	0	0	0	0	0.000	0	0	0	0.000	0	0	0	0	0.000	0.000	0	0	0	0	0.000	0	0	0	0.000	0	0
47	47	1012	1381.824	693.839	0.910	86	472	358	76	6	86	472	358	76	6	107.000	113.810	126	119	115	114	113	113	112	112	111	111	108	102.000	218.375	271	255	247	241	235	228	216	202	186	167	140	0	0	0.000	0.000	0	0	0	0	0.000	0	0	0	0.000	0	0	0	0	0.000	0.000	0	0	0	0	0.000	0	0	0	0.000	0	0
48	48	1076	85.503	710.068	0.914	70	492	429	47	14	70	492	429	47	14	103.982	118.876	127	124	123	122	120	119	118	117	115	113	108	102.106	1256.086	1744	1621	1542	1477	1395	1292	1187	1073	963	839	460	0	0	0.000	0.000	0	0	0	0	0.000	0	0	0	0.000	0	0	0	0	0.000	0.000	0	0	0	0	0.000	0	0	0	0.000	0	0
49	49	1763	119.145	740.150	0.899	73	321	1221	105	8	73	321	1221	105	8	104.000	116.830	127	123	122	120	118	116	115	113	112	111	108	102.002	1013.533	1697	1456	1336	1238	1135	1041	952	820	678	507	331	0	0	0.000	0.000	0	0	0	0	0.000	0	0	0	0.000	0	0	0	0	0.000	0.000	0	0	0	0	0.000	0	0	0	0.000	0	0
50	50	1869	63.963	756.020	0.904	121	630	1031	47	6	121	630	1031	47	6	103.665	116.933	128	122	121	120	119	117	116	114	113	111	107	101.452	643.543	1007	904	845	788	724	674	615	532	433	327	205	0	0	0.000	0.000	0	0	0	0	0.000	0	0	0	0.000	0	0	0	0	0.000	0.000	0	0	0	0	0.000	0	0	0	0.000	0	0
51	51	1762	104.633	799.691	0.853	46	308	1007	343	16	46	308	1007	343	16	103.734	118.497	128	123	122	121	120	119	118	117	115	113	107	101.914	547.148	803	728	690	650	602	551	498	460	414	356	254	0	0	0.000	0.000	0	0	0	0	0.000	0	0	0	0.000	0	0	0	0	0.000	0.000	0	0	0	0	0.000	0	0	0	0.000	0	0
52	52	1701	1753.213	843.906	0.857	96	629	757	168	24	96	629	757	168	24	107.044	199.832	1637	289	154	141	139	136	134	132	130	127	121	102.000	148.404	181	165	159	155	151	148	144	141	137	133	124	1	133	1745.066	833.230	0	0	0	743	799.850	0	0	161	161.962	0	0	0	0	0.000	0.000	0	0	0	0	0.000	0	0	0	0.000	0	0
53	53	2046	1814.117	855.343	0.893	29	179	918	796	77	29	179	918	796	77	106.823	140.702	794	143	135	132	130	127	125	123	120	118	114	102.000	145.571	170	161	158	155	152	149	144	139	131	124	112	1	83	1808.314	867.730	0	0	0	378	406.422	0	0	163	161.843	0	0	0	0	0.000	0.000	0	0	0	0	0.000	0	0	0	0.000	0	0
54	54	2102	730.517	869.275	0.858	41	132	1013	805	67	41	132	1013	805	67	107.000	131.165	147	139	137	136	135	133	130	127	124	121	114	103.645	961.369	1466	1303	1235	1173	1085	993	900	810	686	530	346	0	0	0.000	0.000	0	0	0	0	0.000	0	0	0	0.000	0	0	0	0	0.000	0.000	0	0	0	0	0.000	0	0	0	0.000	0	0
55	55	1047	676.435	877.570	0.886	30	68	642	277	10	30	68	642	277	10	106.018	125.401	136	132	130	129	128	126	124	122	120	118	112	103.126	855.233	1241	1156	1083	1004	924	852	773	718	650	552	390	0	0	0.000	0.000	0	0	0	0	0.000	0	0	0	0.000	0	0	0	0	0.000	0.000	0	0	0	0	0.000	0	0	0	0.000	0	0
56	56	1556	1942.108	896.077	0.899	89	565	763	102	15	89	565	763	102	15	106.506	114.537	129	120	116	115	114	114	113	113	112	111	109	101.193	928.990	1338	1215	1141	1071	1000	949	891	814	741	605	335	0	0	0.000	0.000	0	0	0	0	0.000	0	0	0	0.000	0	0	0	0	0.000	0.000	0	0	0	0	0.000	0	0	0	0.000	0	0
57	57	2186	480.979	907.166	0.885	81	83	585	1259	134	81	83	585	1259	134	107.000	121.048	177	131	122	120	119	118	117	116	115	114	110	102.873	623.725	1098	956	858	783	698	622	558	475	381	278	202	1	128	478.319	890.155	0	0	0	156	156.531	0	0	526	554.883	0	0	0	0	0.000	0.000	0	0	0	0	0.000	0	0	0	0.000	0	0
58	58	1968	1887.222	902.241	0.867	223	1060	524	102	16	223	1060	524	102	16	107.000	115.268	127	120	118	117	116	115	114	113	113	112	107	102.000	546.886	1071	766	705	652	593	539	485	441	376	311	226	0	0	0.000	0.000	0	0	0	0	0.000	0	0	0	0.000	0	0	0	0	0.000	0.000	0	0	0	0	0.000	0	0	0	0.000	0	0
59	59	1848	570.669	903.998	0.858	212	937	601	48	17	212	937	601	48	17	107.000	116.550	132	121	119	118	117	116	115	115	114	113	109	104.000	124.806	208	144	131	125	122	119	117	116	115	113	107	0	0	0.000	0.000	0	0	0	0	0.000	0	0	0	0.000	0	0	0	0	0.000	0.000	0	0	0	0	0.000	0	0	0	0.000	0	0
60	60	1659	630.722	935.753	0.866	109	724	639	133	25	109	724	639	133	25	107.000	122.881	134	129	128	126	124	123	122	120	118	116	111	104.000	1586.894	2574	2311	2119	1983	1832	1660	1460	1229	995	789	503	0	0	0.000	0.000	0	0	0	0	0.000	0	0	0	0.000	0	0	0	0	0.000	0.000	0	0	0	0	0.000	0	0	0	0.000	0	0
61	61	955	876.663	930.249	0.757	322	380	178	53	11	322	380	178	53	11	107.000	158.199	405	203	171	158	149	143	139	136	132	127	116	102.585	121.099	151	131	128	124	122	120	118	117	115	112	106	1	65	877.325	927.536	0	0	0	288	288.785	0	0	135	136.246	0	0	0	0	0.000	0.000	0	0	0	0	0.000	0	0	0	0.000	0	0
62	62	1399	809.194	944.099	0.900	71	74	345	776	100	71	74	345	776	100	106.950	128.922	138	136	135	134	132	130	128	126	123	119	113	103.003	766.746	1172	1003	943	895	848	791	723	642	572	513	334	0	0	0.000	0.000	0	0	0	0	0.000	0	0	0	0.000	0	0	0	0	0.000	0.000	0	0	0	0	0.000	0	0	0	0.000	0	0
63	63	2597	501.397	960.481	0.855	18	162	1333	967	69	18	162	1333	967	69	108.000	2382.752	25723	9837	1041	199	149	141	138	136	133	128	114	103.095	1509.259	2247	2019	1922	1806	1685	1561	1436	1275	1105	899	451	1	451	488.861	968.688	0	0	0	11649	12533.016	0	0	1957	1893.763	0	0	0	0	0.000	0.000	0	0	0	0	0.000	0	0	0	0.000	0	0
64	64	1543	707.227	959.313	0.918	86	238	1123	74	3	86	238	1123	74	3	107.708	134.970	147	142	141	139	138	137	135	132	129	125	116	104.000	1365.212	1798	1636	1568	1508	1463	1419	1366	1297	1197	977	604	0	0	0.000	0.000	0	0	0	0	0.000	0	0	0	0.000	0	0	0	0	0.000	0.000	0	0	0	0	0.000	0	0	0	0.000	0	0
65	65	1967	758.463	971.093	0.837	114	338	1253	219	14	114	338	1253	219	14	107.364	133.493	149	143	141	140	138	136	133	129	124	120	114	103.937	906.775	1509	1306	1211	1130	1041	963	873	744	570	387	241	0	0	0.000	0.000	0	0	0	0	0.000	0	0	0	0.000	0	0	0	0	0.000	0.000	0	0	0	0	0.000	0	0	0	0.000	0	0
66	66	1237	875.591	977.422	0.895	25	245	756	172	18	25	245	756	172	18	107.000	114.035	121	116	116	115	114	114	113	113	113	112	109	102.084	540.820	762	700	660	632	593	551	509	478	436	350	230	0	0	0.000	0.000	0	0	0	0	0.000	0	0	0	0.000	0	0	0	0	0.000	0.000	0	0	0	0	0.000	0	0	0	0.000	0	0
67	67	521	23.617	985.477	0.798	71	218	151	55	18	71	218	151	55	18	101.964	183.098	227	201	194	190	187	184	180	176	170	164	139	100.578	146.090	169	156	152	150	148	147	145	142	139	135	127	0	0	0.000	0.000	0	0	0	0	0.000	0	0	0	0.000	0	0	0	0	0.000	0.000	0	0	0	0	0.000	0	0	0	0.000	0	0
68	68	1596	639.181	999.952	0.868	43	256	1054	211	5	43	256	1054	211	5	107.124	125.313	139	134	131	129	127	125	123	122	120	117	112	103.533	2085.134	3093	2699	2545	2416	2270	2124	1967	1815	1641	1368	870	0	0	0.000	0.000	0	0	0	0	0.000	0	0	0	0.000	0	0	0	0	0.000	0.000	0	0	0	0	0.000	0	0	0	0.000	0	0
69	69	1572	709.026	1011.684	0.877	174	833	380	142	26	174	833	380	142	26	108.000	131.923	167	142	140	137	134	132	130	127	123	121	115	103.856	970.323	1472	1378	1292	1203	1110	1003	887	758	624	514	351	0	0	0.000	0.000	0	0	0	0	0.000	0	0	0	0.000	0	0	0	0	0.000	0.000	0	0	0	0	0.000	0	0	0	0.000	0	0
70	70	2618	477.041	1021.783	0.870	102	1056	1315	79	11	102	1056	1315	79	11	107.886	158.921	197	185	176	168	163	157	153	148	143	136	123	101.834	897.210	1588	1375	1244	1090	959	870	774	663	568	477	320	0	0	0.000	0.000	0	0	0	0	0.000	0	0	0	0.000	0	0	0	0	0.000	0.000	0	0	0	0	0.000	0	0	0	0.000	0	0
71	71	879	432.124	1022.465	0.913	244	579	34	12	7	244	579	34	12	7	107.000	157.158	176	170	168	165	162	158	154	151	147	142	130	101.374	906.132	1354	1208	1115	1052	978	918	856	791	700	571	366	0	0	0.000	0.000	0	0	0	0	0.000	0	0	0	0.000	0	0	0	0	0.000	0.000	0	0	0	0	0.000	0	0	0	0.000	0	0
72	72	1774	212.358	1057.049	0.906	31	266	800	578	69	31	266	800	578	69	105.000	159.796	207	184	176	171	167	161	155	149	142	134	123	99.877	133.692	157	144	141	139	137	135	132	129	125	122	112	0	0	0.000	0.000	0	0	0	0	0.000	0	0	0	0.000	0	0	0	0	0.000	0.000	0	0	0	0	0.000	0	0	0	0.000	0	0
73	73	1885	704.382	1062.920	0.894	39	223	1456	131	9	39	223	1456	131	9	107.492	131.025	146	139	136	134	133	131	130	128	125	122	116	102.818	844.663	1669	1337	1130	999	897	787	713	624	534	453	353	0	0	0.000	0.000	0	0	0	0	0.000	0	0	0	0.000	0	0	0	0	0.000	0.000	0	0	0	0	0.000	0	0	0	0.000	0	0
74	74	2040	441.441	1069.726	0.879	656	1245	72	15	9	656	1245	72	15	9	107.000	163.965	193	183	178	175	172	167	161	153	146	142	125	102.337	954.469	1519	1339	1271	1168	1068	963	873	772	642	507	402	0	0	0.000	0.000	0	0	0	0	0.000	0	0	0	0.000	0	0	0	0	0.000	0.000	0	0	0	0	0.000	0	0	0	0.000	0	0
75	75	1884	60.367	1102.002	0.906	149	857	727	106	13	149	857	727	106	13	103.452	133.316	191	159	150	141	133	129	124	121	118	115	109	100.274	779.494	1422	1087	957	890	830	752	688	626	576	519	322	1	21	72.698	1093.359	0	0	0	183	182.429	0	0	1375	1367.429	0	0	0	0	0.000	0.000	0	0	0	0	0.000	0	0	0	0.000	0	0
76	76	1527	734.027	1105.866	0.900	78	519	662	207	34	78	519	662	207	34	106.331	138.739	149	146	144	143	142	140	139	137	133	129	120	103.000	1254.132	1705	1609	1533	1465	1380	1287	1189	1086	970	855	479	0	0	0.000	0.000	0	0	0	0	0.000	0	0	0	0.000	0	0	0	0	0.000	0.000	0	0	0	0	0.000	0	0	0	0.000	0	0
77	77	2343	1770.693	1122.069	0.880	659	1263	242	94	43	659	1263	242	94	43	108.000	508.385	4610	1454	508	246	172	153	148	142	137	131	120	104.000	1534.399	2442	2187	2069	1928	1764	1583	1435	1220	1004	760	381	1	340	1768.245	1133.488	0	0	0	2057	2230.682	0	0	1646	1675.882	0	0	0	0	0.000	0.000	0	0	0	0	0.000	0	0	0	0.000	0	0
78	78	1912	1288.045	1118.657	0.875	57	128	926	678	89	57	128	926	678	89	108.000	116.819	124	120	119	118	117	117	116	115	115	114	111	102.310	1161.610	2113	1735	1588	1442	1297	1168	1015	850	723	584	412	0	0	0.000	0.000	0	0	0	0	0.000	0	0	0	0.000	0	0	0	0	0.000	0.000	0	0	0	0	0.000	0	0	0	0.000	0	0
79	79	2138	857.692	1133.359	0.883	112	1143	746	75	19	112	1143	746	75	19	107.769	590.481	9996	935	246	210	192	181	173	168	162	153	128	102.000	123.427	165	130	127	125	124	123	121	120	118	116	107	1	165	864.892	1148.685	0	0	0	4148	4733.733	0	0	140	141.558	0	0	0	0	0.000	0.000	0	0	0	0	0.000	0	0	0	0.000	0	0
80	80	410	1011.522	1129.567	0.882	60	141	147	42	11	60	141	147	42	11	106.700	314.561	396	376	363	352	333	310	293	280	270	257	237	101.000	142.676	172	161	156	150	146	141	137	134	130	127	121	0	0	0.000	0.000	0	0	0	0	0.000	0	0	0	0.000	0	0	0	0	0.000	0.000	0	0	0	0	0.000	0	0	0	0.000	0	0
81	81	1941	2018.564	1144.104	0.913	694	781	290	123	38	694	781	290	123	38	107.000	212.121	250	237	231	227	224	220	214	204	192	174	144	103.275	879.347	1166	1095	1036	980	944	903	856	795	731	645	386	0	0	0.000	0.000	0	0	0	0	0.000	0	0	0	0.000	0	0	0	0	0.000	0.000	0	0	0	0	0.000	0	0	0	0.000	0	0
82	82	1442	773.126	1154.702	0.864	20	291	816	258	34	20	291	816	258	34	107.085	116.574	122	119	118	118	117	117	116	115	115	114	111	102.046	121.991	134	128	126	124	123	122	121	119	118	116	109	0	0	0.000	0.000	0	0	0	0	0.000	0	0	0	0.000	0	0	0	0	0.000	0.000	0	0	0	0	0.000	0	0	0	0.000	0	0
83	83	2943	1469.360	1282.009	0.848	2538	263	63	24	19	2538	263	63	24	19	108.988	402.076	2896	455	434	419	394	365	333	300	259	215	154	102.079	218.890	286	265	259	252	243	230	211	194	174	156	122	1	96	1470.219	1289.792	0	0	0	1670	1720.000	0	0	259	259.698	0	0	0	0	0.000	0.000	0	0	0	0	0.000	0	0	0	0.000	0	0
84	84	1648	806.011	1279.502	0.848	350	1216	37	18	14	350	1216	37	18	14	107.649	125.603	157	136	131	128	126	124	122	120	119	118	114	103.209	466.135	716	659	600	544	498	462	423	386	345	288	220	0	0	0.000	0.000	0	0	0	0	0.000	0	0	0	0.000	0	0	0	0	0.000	0.000	0	0	0	0	0.000	0	0	0	0.000	0	0
85	85	2275	894.710	1307.651	0.884	24	143	994	983	77	24	143	994	983	77	108.007	188.393	1255	255	168	156	149	144	140	136	130	124	116	104.703	3277.005	5493	4900	4412	4102	3761	3423	3052	2595	2025	1471	875	1	159	893.121	1324.815	0	0	0	626	672.987	0	0	4789	4524.006	0	0	0	0	0.000	0.000	0	0	0	0	0.000	0	0	0	0.000	0	0
86	86	1606	1830.535	1322.644	0.884	62	189	739	508	75	62	189	739	508	75	108.840	239.625	2806	269	176	168	163	159	156	153	148	139	122	102.619	154.974	186	172	166	162	158	155	152	149	146	138	114	1	98	1836.386	1313.875	0	0	0	1183	1281.398	0	0	167	166.153	0	0	0	0	0.000	0.000	0	0	0	0	0.000	0	0	0	0.000	0	0
87	87	2528	1882.381	1345.482	0.856	898	1474	57	37	21	898	1474	57	37	21	108.895	533.293	9379	613	222	200	186	180	175	170	161	147	134	102.872	155.006	205	180	172	162	158	154	151	146	139	131	117	1	193	1866.769	1335.205	0	0	0	4018	4380.642	0	0	183	181.057	0	0	0	0	0.000	0.000	0	0	0	0	0.000	0	0	0	0.000	0	0
88	88	1736	601.971	1344.124	0.899	194	1020	351	113	28	194	1020	351	113	28	108.016	244.792	299	280	274	267	260	252	240	227	214	200	170	103.009	788.105	1027	989	962	926	879	825	767	696	605	518	346	0	0	0.000	0.000	0	0	0	0	0.000	0	0	0	0.000	0	0	0	0	0.000	0.000	0	0	0	0	0.000	0	0	0	0.000	0	0
89	89	2678	892.992	1372.125	0.878	57	496	1739	303	15	57	496	1739	303	15	108.807	180.369	1983	170	152	149	146	143	140	136	132	128	118	104.370	4098.130	5755	5344	5144	4959	4755	4468	4057	3580	2955	2177	1044	1	113	893.989	1361.308	0	0	0	826	906.363	0	0	5149	5110.575	0	0	0	0	0.000	0.000	0	0	0	0	0.000	0	0	0	0.000	0	0
90	90	2341	1822.915	1370.722	0.860	1187	828	177	82	11	1187	828	177	82	11	109.000	302.449	3697	513	178	152	149	147	144	141	136	128	116	102.169	145.811	169	158	154	152	150	147	145	142	138	131	110	1	194	1829.129	1380.039	0	0	0	1569	1766.856	0	0	154	153.119	0	0	0	0	0.000	0.000	0	0	0	0	0.000	0	0	0	0.000	0	0
91	91	2356	598.897	1401.491	0.817	531	1492	212	63	28	531	1492	212	63	28	109.000	210.007	282	258	244	232	222	214	206	195	171	150	140	104.000	650.253	1105	951	866	789	728	667	601	533	412	297	232	0	0	0.000	0.000	0	0	0	0	0.000	0	0	0	0.000	0	0	0	0	0.000	0.000	0	0	0	0	0.000	0	0	0	0.000	0	0
92	92	1980	656.969	1408.727	0.929	89	456	1175	207	14	89	456	1175	207	14	108.675	236.774	289	271	263	256	249	242	233	221	209	195	163	103.953	292.479	376	345	336	325	315	303	288	267	245	221	180	0	0	0.000	0.000	0	0	0	0	0.000	0	0	0	0.000	0	0	0	0	0.000	0.000	0	0	0	0	0.000	0	0	0	0.000	0	0
93	93	310	908.368	1412.100	0.929	25	84	160	32	4	25	84	160	32	4	108.000	130.148	140	137	136	135	133	131	130	128	124	120	115	103.000	2636.858	3996	3899	3732	3569	3358	3141	2722	2049	1257	609	203	0	0	0.000	0.000	0	0	0	0	0.000	0	0	0	0.000	0	0	0	0	0.000	0.000	0	0	0	0	0.000	0	0	0	0.000	0	0
94	94	1040	552.265	1426.257	0.845	475	479	32	16	13	475	479	32	16	13	109.000	442.149	3146	935	379	308	284	270	258	245	233	216	192	103.048	121.779	136	126	125	123	122	122	121	120	119	118	110	1	112	545.783	1414.262	0	0	0	1529	1627.830	0	0	126	126.018	0	0	0	0	0.000	0.000	0	0	0	0	0.000	0	0	0	0.000	0	0
95	95	1491	650.012	1454.610	0.875	122	164	368	714	91	122	164	368	714	91	108.417	243.896	305	294	287	277	267	253	237	218	199	180	142	103.407	834.687	1094	1034	1009	987	954	899	832	748	641	517	261	0	0	0.000	0.000	0	0	0	0	0.000	0	0	0	0.000	0	0	0	0	0.000	0.000	0	0	0	0	0.000	0	0	0	0.000	0	0
96	96	2255	597.246	1462.512	0.904	843	1010	184	125	59	843	1010	184	125	59	108.467	292.019	1294	454	289	269	256	242	229	213	195	176	156	103.365	701.332	1037	938	897	855	815	754	673	584	478	372	283	1	157	585.085	1466.596	0	0	0	847	862.834	0	0	915	911.178	0	0	0	0	0.000	0.000	0	0	0	0	0.000	0	0	0	0.000	0	0
97	97	1670	326.149	1463.309	0.898	912	609	81	25	9	912	609	81	25	9	105.993	116.337	129	123	120	118	116	115	115	114	113	112	109	101.000	120.191	133	125	124	122	121	121	120	119	117	114	105	0	0	0.000	0.000	0	0	0	0	0.000	0	0	0	0.000	0	0	0	0	0.000	0.000	0	0	0	0	0.000	0	0	0	0.000	0	0
98	98	1418	138.715	1465.825	0.908	52	351	683	282	17	52	351	683	282	17	104.640	160.063	190	180	176	172	168	163	157	151	143	135	120	100.000	129.936	152	140	136	134	132	130	129	127	123	118	108	0	0	0.000	0.000	0	0	0	0	0.000	0	0	0	0.000	0	0	0	0	0.000	0.000	0	0	0	0	0.000	0	0	0	0.000	0	0
99	99	1289	1814.690	1483.297	0.861	110	667	430	28	21	110	667	430	28	21	108.000	659.219	11023	1036	478	331	290	270	256	246	231	217	176	101.085	133.953	152	142	139	138	136	135	133	132	130	124	107	1	87	1818.991	1479.058	0	0	0	4046	4611.402	0	0	137	137.724	0	0	0	0	0.000	0.000	0	0	0	0	0.000	0	0	0	0.000	0	0
100	100	1708	47.816	1511.282	0.912	150	859	533	119	17	150	859	533	119	17	103.025	109.643	115	112	111	111	110	110	109	109	108	107	104	100.098	1297.807	1920	1746	1659	1563	1449	1331	1227	1113	947	755	517	0	0	0.000	0.000	0	0	0	0	0.000	0	0	0	0.000	0	0	0	0	0.000	0.000	0	0	0	0	0.000	0	0	0	0.000	0	0
101	101	1984	1705.774	1526.589	0.908	28	328	1192	368	33	28	328	1192	368	33	107.997	503.942	6821	1011	204	160	155	152	149	145	138	131	114	102.000	1291.389	1913	1674	1547	1457	1378	1307	1232	1150	1050	892	433	1	203	1712.138	1538.718	0	0	0	2905	3272.138	0	0	1626	1567.394	0	0	0	0	0.000	0.000	0	0	0	0	0.000	0	0	0	0.000	0	0
102	102	1723	405.918	1550.037	0.896	37	164	1125	343	9	37	164	1125	343	9	106.816	346.401	489	461	437	418	390	370	335	290	244	201	155	102.000	598.254	924	807	772	735	676	614	558	515	423	321	209	0	0	0.000	0.000	0	0	0	0	0.000	0	0	0	0.000	0	0	0	0	0.000	0.000	0	0	0	0	0.000	0	0	0	0.000	0	0
103	103	2397	1690.112	1584.675	0.902	69	446	1321	482	39	69	446	1321	482	39	107.484	147.852	168	161	158	156	153	149	146	142	136	131	124	102.000	1513.359	2244	2098	1980	1853	1719	1588	1440	1243	1043	775	530	0	0	0.000	0.000	0	0	0	0	0.000	0	0	0	0.000	0	0	0	0	0.000	0.000	0	0	0	0	0.000	0	0	0	0.000	0	0
104	104	751	784.488	1569.291	0.831	49	256	261	135	38	49	256	261	135	38	108.000	131.017	162	146	141	137	133	129	127	124	121	118	113	101.000	115.774	134	124	121	119	117	115	114	112	110	108	105	0	0	0.000	0.000	0	0	0	0	0.000	0	0	0	0.000	0	0	0	0	0.000	0.000	0	0	0	0	0.000	0	0	0	0.000	0	0
105	105	1924	362.102	1588.319	0.900	7	103	1048	697	30	7	103	1048	697	30	106.542	421.535	535	506	495	484	468	449	422	386	338	287	203	101.996	713.117	941	884	861	836	803	769	730	672	559	412	280	0	0	0.000	0.000	0	0	0	0	0.000	0	0	0	0.000	0	0	0	0	0.000	0.000	0	0	0	0	0.000	0	0	0	0.000	0	0
106	106	2552	905.278	1585.674	0.852	57	618	1515	283	23	57	618	1515	283	23	108.899	194.590	236	221	216	209	203	197	189	182	175	165	136	102.970	1540.509	2308	2011	1897	1804	1717	1589	1471	1328	1156	961	585	0	0	0.000	0.000	0	0	0	0	0.000	0	0	0	0.000	0	0	0	0	0.000	0.000	0	0	0	0	0.000	0	0	0	0.000	0	0
107	107	1699	410.190	1603.969	0.888	11	170	1169	310	19	11	170	1169	310	19	107.000	353.872	493	464	447	425	401	367	331	291	254	222	173	102.000	671.861	976	895	856	817	778	716	641	553	462	377	245	0	0	0.000	0.000	0	0	0	0	0.000	0	0	0	0.000	0	0	0	0	0.000	0.000	0	0	0	0	0.000	0	0	0	0.000	0	0
108	108	273	865.462	1598.844	0.894	32	70	82	67	19	32	70	82	67	19	108.000	130.773	151	139	135	134	132	131	129	127	126	123	115	102.377	470.293	862	635	574	541	498	466	442	400	353	316	236	0	0	0.000	0.000	0	0	0	0	0.000	0	0	0	0.000	0	0	0	0	0.000	0.000	0	0	0	0	0.000	0	0	0	0.000	0	0
109	109	2305	954.743	1623.720	0.831	238	1796	204	27	5	238	1796	204	27	5	108.997	224.451	2080	207	195	191	186	182	178	172	165	151	122	102.871	1119.946	1619	1452	1386	1312	1250	1189	1100	982	856	704	256	1	101	938.319	1626.234	0	0	0	980	1056.297	0	0	1395	1272.881	0	0	0	0	0.000	0.000	0	0	0	0	0.000	0	0	0	0.000	0	0
110	110	1729	376.754	1651.662	0.887	24	189	1094	373	20	24	189	1094	373	20	106.847	382.056	516	492	475	458	436	404	370	324	276	232	171	102.000	738.283	1029	971	939	904	859	801	735	644	532	384	214	0	0	0.000	0.000	0	0	0	0	0.000	0	0	0	0.000	0	0	0	0	0.000	0.000	0	0	0	0	0.000	0	0	0	0.000	0	0
111	111	1868	994.078	1669.737	0.885	228	1148	412	36	13	228	1148	412	36	13	109.146	127.849	148	143	139	135	131	126	122	119	117	116	112	103.635	153.433	185	167	163	160	157	153	150	147	145	141	122	0	0	0.000	0.000	0	0	0	0	0.000	0	0	0	0.000	0	0	0	0	0.000	0.000	0	0	0	0	0.000	0	0	0	0.000	0	0
112	112	1404	271.254	1696.193	0.918	275	963	87	36	17	275	963	87	36	17	105.840	169.376	218	195	186	181	174	170	166	160	151	141	125	101.000	121.014	133	127	125	124	122	121	120	119	117	115	108	0	0	0.000	0.000	0	0	0	0	0.000	0	0	0	0.000	0	0	0	0	0.000	0.000	0	0	0	0	0.000	0	0	0	0.000	0	0
113	113	2226	948.798	1708.060	0.864	86	933	1025	124	7	86	933	1025	124	7	109.535	3121.162	30618	13153	2105	375	200	170	158	152	146	140	125	103.389	835.831	1137	1041	984	940	895	857	816	770	680	586	333	1	420	947.791	1707.172	0	0	0	14229	15055.186	0	0	1031	1011.298	0	0	0	0	0.000	0.000	0	0	0	0	0.000	0	0	0	0.000	0	0
114	114	1828	61.950	1710.070	0.881	114	780	809	82	9	114	780	809	82	9	102.708	117.984	127	123	121	121	120	119	117	116	114	112	107	99.230	120.503	135	127	125	123	122	120	119	118	117	115	105	0	0	0.000	0.000	0	0	0	0	0.000	0	0	0	0.000	0	0	0	0	0.000	0.000	0	0	0	0	0.000	0	0	0	0.000	0	0
115	115	843	1595.222	1723.900	0.904	298	363	101	47	18	298	363	101	47	18	108.000	2414.750	16303	8561	3999	1929	949	540	329	236	192	168	144	100.942	128.745	146	139	136	133	131	128	126	124	122	120	112	0	0	0.000	0.000	0	0	0	0	0.000	0	0	0	0.000	0	0	0	0	0.000	0.000	0	0	0	0	0.000	0	0	0	0.000	0	0
116	116	2120	1002.013	1733.473	0.884	41	258	1034	699	59	41	258	1034	699	59	109.018	219.011	1998	291	167	159	155	153	150	147	142	137	126	103.181	970.914	1411	1279	1213	1151	1077	1007	909	821	720	611	367	1	140	1000.293	1722.361	0	0	0	879	982.664	0	0	1277	1218.043	0	0	0	0	0.000	0.000	0	0	0	0	0.000	0	0	0	0.000	0	0
117	117	972	43.342	1755.744	0.908	58	273	532	80	8	58	273	532	80	8	102.290	113.702	122	119	117	116	115	114	112	111	110	109	106	99.753	118.969	132	125	123	122	120	119	118	117	115	113	105	0	0	0.000	0.000	0	0	0	0	0.000	0	0	0	0.000	0	0	0	0	0.000	0.000	0	0	0	0	0.000	0	0	0	0.000	0	0
118	118	1334	84.495	1760.686	0.924	50	418	682	124	26	50	418	682	124	26	103.000	115.904	123	120	119	118	117	116	115	114	113	111	106	100.000	121.711	138	129	127	125	123	122	120	119	117	115	106	0	0	0.000	0.000	0	0	0	0	0.000	0	0	0	0.000	0	0	0	0	0.000	0.000	0	0	0	0	0.000	0	0	0	0.000	0	0
119	119	1300	1591.877	1803.662	0.916	64	77	487	559	78	64	77	487	559	78	108.000	125.139	136	131	130	129	128	126	124	122	120	118	112	102.451	687.536	1013	927	871	835	788	724	651	568	483	388	272	0	0	0.000	0.000	0	0	0	0	0.000	0	0	0	0.000	0	0	0	0	0.000	0.000	0	0	0	0	0.000	0	0	0	0.000	0	0
120	120	1367	914.101	1815.691	0.866	72	241	764	254	15	72	241	764	254	15	107.767	118.416	131	127	124	121	118	116	115	115	114	113	110	102.000	115.069	124	119	118	117	116	116	115	113	112	110	106	0	0	0.000	0.000	0	0	0	0	0.000	0	0	0	0.000	0	0	0	0	0.000	0.000	0	0	0	0	0.000	0	0	0	0.000	0	0
121	121	1992	1560.653	1851.314	0.878	78	289	1321	249	12	78	289	1321	249	12	107.991	127.728	174	143	134	129	126	125	123	122	120	117	112	102.000	547.246	927	803	723	657	604	555	491	425	367	290	198	1	71	1560.895	1847.653	0	0	0	163	163.380	0	0	523	552.563	0	0	0	0	0.000	0.000	0	0	0	0	0.000	0	0	0	0.000	0	0
122	122	1795	1550.953	1905.279	0.879	15	75	862	777	14	15	75	862	777	14	110.394	252.189	1013	397	254	229	220	211	201	193	181	158	135	102.734	565.426	1024	830	752	683	607	551	491	435	379	323	230	1	144	1545.175	1903.142	0	0	0	635	653.618	0	0	638	649.438	0	0	0	0	0.000	0.000	0	0	0	0	0.000	0	0	0	0.000	0	0
123	123	2272	1677.090	1931.556	0.894	472	1353	370	30	7	472	1353	370	30	7	106.828	116.912	130	125	121	119	117	115	115	114	113	112	108	101.930	646.556	1087	955	845	771	703	629	566	512	435	382	278	0	0	0.000	0.000	0	0	0	0	0.000	0	0	0	0.000	0	0	0	0	0.000	0.000	0	0	0	0	0.000	0	0	0	0.000	0	0
124	124	1926	153.156	1938.884	0.903	128	988	727	33	7	128	988	727	33	7	103.000	159.078	192	178	174	169	165	160	155	151	147	138	117	101.000	710.324	1121	998	933	857	792	726	638	555	478	418	298	0	0	0.000	0.000	0	0	0	0	0.000	0	0	0	0.000	0	0	0	0	0.000	0.000	0	0	0	0	0.000	0	0	0	0.000	0	0
125	125	1551	1589.208	1941.432	0.900	36	141	641	610	93	36	141	641	610	93	110.749	221.578	253	241	235	231	225	222	218	214	208	203	178	102.124	752.685	1080	975	920	873	825	775	728	677	622	491	158	0	0	0.000	0.000	0	0	0	0	0.000	0	0	0	0.000	0	0	0	0	0.000	0.000	0	0	0	0	0.000	0	0	0	0.000	0	0
126	126	1481	210.731	2007.495	0.883	84	134	787	431	20	84	134	787	431	20	101.411	111.872	131	121	116	113	111	110	109	108	108	107	104	100.320	1024.962	1484	1336	1243	1179	1114	1037	964	902	832	740	313	1	301	211.986	1998.722	0	0	0	120	120.824	0	0	995	1035.635	0	0	0	0	0.000	0.000	0	0	0	0	0.000	0	0	0	0.000	0	0
127	127	737	424.468	2021.970	0.885	144	340	202	28	8	144	340	202	28	8	104.000	231.657	279	259	252	246	242	237	231	222	212	195	154	100.639	160.083	186	174	169	165	163	160	157	155	152	147	128	0	0	0.000	0.000	0	0	0	0	0.000	0	0	0	0.000	0	0	0	0	0.000	0.000	0	0	0	0	0.000	0	0	0	0.000	0	0
128	128	616	1414.653	2027.505	0.903	213	251	104	24	9	213	251	104	24	9	110.654	210.380	262	248	238	228	218	208	199	190	184	178	160	100.232	125.570	147	140	134	132	129	126	122	120	116	111	104	0	0	0.000	0.000	0	0	0	0	0.000	0	0	0	0.000	0	0	0	0	0.000	0.000	0	0	0	0	0.000	0	0	0	0.000	0	0
