 	cell	area	x	y	circ	BFI_lev_b1	BFI_lev_b2	BFI_lev_b3	BFI_lev_b4	BFI_lev_b5	BFO_lev_b1	BFO_lev_b2	BFO_lev_b3	BFO_lev_b4	BFO_lev_b5	RFP_int_bg	RFP_int_mean	RFP_int_b0	RFP_int_b1	RFP_int_b2	RFP_int_b3	RFP_int_b4	RFP_int_b5	RFP_int_b6	RFP_int_b7	RFP_int_b8	RFP_int_b9	RFP_int_b10	GFP_int_bg	GFP_int_mean	GFP_int_b0	GFP_int_b1	GFP_int_b2	GFP_int_b3	GFP_int_b4	GFP_int_b5	GFP_int_b6	GFP_int_b7	GFP_int_b8	GFP_int_b9	GFP_int_b10	inRFPnfoci	f1_inRFParea	f1_inRFPx	f1_inRFPy	f2_inRFParea	f2_inRFPx	f2_inRFPy	f1_inRFP_toRFPmed	f1_inRFP_toRFPmean	f2_inRFP_toRFPmed	f2_inRFP_toRFPmean	f1_inRFP_toGFPmed	f1_inRFP_toGFPmean	f2_inRFP_toGFPmed	f2_inRFP_toGFPmean	inGFPnfoci	f1_inGFParea	f1_inGFPx	f1_inGFPy	f2_inGFParea	f2_inGFPx	f2_inGFPy	f1_inGFP_toRFPmed	f1_inGFP_toRFPmean	f2_inGFP_toRFPmed	f2_inGFP_toRFPmean	f1_inGFP_toGFPmed	f1_inGFP_toGFPmean	f2_inGFP_toGFPmed	f2_inGFP_toGFPmean
1	1	1945	1805.741	30.013	0.922	27	191	1131	505	53	27	191	1131	505	53	104.625	125.215	138	133	131	129	127	126	124	123	120	115	109	101.912	528.402	723	664	643	617	594	564	515	459	400	340	216	0	0	0.000	0.000	0	0	0	0	0.000	0	0	0	0.000	0	0	0	0	0.000	0.000	0	0	0	0	0.000	0	0	0	0.000	0	0
2	2	906	377.014	20.986	0.913	105	243	407	130	9	105	243	407	130	9	104.999	111.184	115	113	113	112	112	111	111	110	110	109	107	102.000	486.290	752	683	627	566	526	485	449	396	346	295	216	0	0	0.000	0.000	0	0	0	0	0.000	0	0	0	0.000	0	0	0	0	0.000	0.000	0	0	0	0	0.000	0	0	0	0.000	0	0
3	3	1399	511.850	30.160	0.805	747	572	47	6	10	747	572	47	6	10	105.687	153.280	237	180	167	159	154	149	145	142	137	131	116	102.000	129.444	193	145	136	132	130	127	124	122	119	115	107	0	0	0.000	0.000	0	0	0	0	0.000	0	0	0	0.000	0	0	1	16	510.673	39.666	0	0	0	223	221.562	0	0	184	183.562	0	0
4	4	1223	1334.062	28.233	0.908	44	52	293	684	123	44	52	293	684	123	104.599	113.975	121	117	116	115	115	114	113	113	112	111	109	102.993	410.096	614	554	503	471	444	416	382	345	306	268	221	0	0	0.000	0.000	0	0	0	0	0.000	0	0	0	0.000	0	0	0	0	0.000	0.000	0	0	0	0	0.000	0	0	0	0.000	0	0
5	5	2557	1584.277	45.386	0.861	95	889	1365	137	30	95	889	1365	137	30	106.727	438.308	6641	1027	188	131	128	127	126	124	122	120	114	103.483	132.811	148	141	139	137	135	133	131	129	127	124	111	1	233	1603.439	36.629	0	0	0	2694	3008.777	0	0	134	133.232	0	0	0	0	0.000	0.000	0	0	0	0	0.000	0	0	0	0.000	0	0
6	6	1620	1221.254	42.797	0.904	43	101	947	402	95	43	101	947	402	95	106.900	194.977	257	238	227	216	205	193	185	174	163	153	139	102.357	117.049	133	122	120	119	118	117	117	115	114	111	105	0	0	0.000	0.000	0	0	0	0	0.000	0	0	0	0.000	0	0	0	0	0.000	0.000	0	0	0	0	0.000	0	0	0	0.000	0	0
7	7	1079	1649.359	39.090	0.904	35	392	440	168	24	35	392	440	168	24	105.534	134.942	145	140	139	138	137	136	135	133	131	127	122	102.417	114.665	162	120	118	117	116	115	114	113	111	108	103	0	0	0.000	0.000	0	0	0	0	0.000	0	0	0	0.000	0	0	0	0	0.000	0.000	0	0	0	0	0.000	0	0	0	0.000	0	0
8	8	1695	464.686	50.274	0.875	81	416	844	293	24	81	416	844	293	24	106.346	427.123	7827	469	238	227	218	208	195	180	165	149	130	102.000	130.306	164	139	137	134	132	131	129	126	124	119	110	1	101	478.944	46.256	0	0	0	3094	3442.871	0	0	143	143.287	0	0	0	0	0.000	0.000	0	0	0	0	0.000	0	0	0	0.000	0	0
9	9	2480	872.321	58.909	0.897	34	161	1003	1162	84	34	161	1003	1162	84	107.505	504.499	5427	835	296	276	263	249	237	220	199	175	136	103.000	147.271	178	160	156	154	152	150	147	142	136	130	115	1	239	873.752	66.089	0	0	0	2545	2789.561	0	0	162	162.042	0	0	0	0	0.000	0.000	0	0	0	0	0.000	0	0	0	0.000	0	0
10	10	2099	1692.366	65.051	0.879	69	119	769	1005	89	69	119	769	1005	89	106.648	121.660	131	126	125	124	123	122	121	120	119	116	111	102.325	494.064	683	627	588	558	533	502	471	439	404	362	181	0	0	0.000	0.000	0	0	0	0	0.000	0	0	0	0.000	0	0	0	0	0.000	0.000	0	0	0	0	0.000	0	0	0	0.000	0	0
11	11	1793	1309.857	73.827	0.880	36	112	394	1117	101	36	112	394	1117	101	106.381	135.885	774	137	120	118	117	117	116	115	114	113	110	102.067	385.383	608	544	504	466	432	389	342	301	264	224	172	1	103	1304.289	65.471	0	0	0	370	392.971	0	0	506	501.699	0	0	0	0	0.000	0.000	0	0	0	0	0.000	0	0	0	0.000	0	0
12	12	1398	980.079	93.097	0.895	95	216	732	294	33	95	216	732	294	33	107.970	214.249	294	257	242	234	226	216	203	191	182	171	151	104.025	1174.609	2094	1736	1515	1362	1242	1144	1056	976	850	624	435	0	0	0.000	0.000	0	0	0	0	0.000	0	0	0	0.000	0	0	0	0	0.000	0.000	0	0	0	0	0.000	0	0	0	0.000	0	0
13	13	2055	1843.018	101.194	0.909	256	1230	456	60	11	256	1230	456	60	11	106.000	159.003	265	182	175	168	163	159	154	148	140	131	118	102.478	119.080	134	126	124	122	121	119	117	116	114	112	106	0	0	0.000	0.000	0	0	0	0	0.000	0	0	0	0.000	0	0	0	0	0.000	0.000	0	0	0	0	0.000	0	0	0	0.000	0	0
14	14	1559	447.487	100.545	0.914	113	469	772	175	8	113	469	772	175	8	107.000	203.225	2458	222	157	144	139	136	132	129	125	121	113	102.000	120.313	133	126	124	123	122	121	119	118	117	114	108	1	91	453.925	106.605	0	0	0	964	1088.956	0	0	121	122.846	0	0	0	0	0.000	0.000	0	0	0	0	0.000	0	0	0	0.000	0	0
15	15	2319	1731.694	108.278	0.904	13	197	1540	489	21	13	197	1540	489	21	107.000	453.903	5647	1036	179	132	127	125	123	121	120	118	112	102.960	522.071	856	756	697	637	578	522	467	409	344	290	178	1	252	1725.826	118.060	0	0	0	2659	2872.655	0	0	755	756.278	0	0	0	0	0.000	0.000	0	0	0	0	0.000	0	0	0	0.000	0	0
16	16	361	913.133	101.790	0.959	66	85	106	77	22	66	85	106	77	22	107.983	113.997	120	117	115	115	114	114	114	113	113	112	110	103.532	149.981	173	167	164	160	155	150	146	141	137	133	123	0	0	0.000	0.000	0	0	0	0	0.000	0	0	0	0.000	0	0	0	0	0.000	0.000	0	0	0	0	0.000	0	0	0	0.000	0	0
17	17	1213	1124.473	126.127	0.876	31	144	533	404	76	31	144	533	404	76	108.303	132.989	482	143	129	125	123	122	120	119	117	116	113	102.736	126.179	142	133	131	130	128	127	125	124	122	117	107	1	72	1123.119	124.159	0	0	0	259	276.403	0	0	134	133.514	0	0	0	0	0.000	0.000	0	0	0	0	0.000	0	0	0	0.000	0	0
18	18	944	920.027	135.173	0.923	251	390	232	44	5	251	390	232	44	5	108.064	120.568	134	129	124	122	121	120	118	117	116	115	112	104.000	285.657	453	402	362	330	308	281	254	231	207	184	145	0	0	0.000	0.000	0	0	0	0	0.000	0	0	0	0.000	0	0	0	0	0.000	0.000	0	0	0	0	0.000	0	0	0	0.000	0	0
19	19	1283	1166.643	139.028	0.919	30	170	846	185	28	30	170	846	185	28	108.348	122.572	134	130	128	126	123	122	120	119	118	117	112	102.615	124.687	143	136	134	131	128	124	122	119	117	113	106	0	0	0.000	0.000	0	0	0	0	0.000	0	0	0	0.000	0	0	0	0	0.000	0.000	0	0	0	0	0.000	0	0	0	0.000	0	0
20	20	1950	994.784	149.239	0.890	1137	539	102	99	25	1137	539	102	99	25	108.955	198.892	296	248	230	216	203	192	183	175	166	159	139	104.374	1279.213	2392	1994	1783	1562	1374	1221	1082	933	778	657	493	0	0	0.000	0.000	0	0	0	0	0.000	0	0	0	0.000	0	0	0	0	0.000	0.000	0	0	0	0	0.000	0	0	0	0.000	0	0
21	21	1922	1877.025	157.311	0.908	217	1255	379	18	7	217	1255	379	18	7	106.423	113.267	121	117	116	115	114	113	112	111	111	110	107	102.128	174.356	241	208	197	190	183	177	169	161	149	135	122	0	0	0.000	0.000	0	0	0	0	0.000	0	0	0	0.000	0	0	0	0	0.000	0.000	0	0	0	0	0.000	0	0	0	0.000	0	0
22	22	1613	1544.189	164.137	0.870	33	124	978	414	31	33	124	978	414	31	107.675	135.363	156	149	145	142	139	135	132	129	125	122	114	103.000	128.509	143	135	134	132	131	130	128	127	123	119	109	0	0	0.000	0.000	0	0	0	0	0.000	0	0	0	0.000	0	0	0	0	0.000	0.000	0	0	0	0	0.000	0	0	0	0.000	0	0
23	23	1456	951.452	170.583	0.907	12	188	868	329	24	12	188	868	329	24	109.000	186.587	242	223	216	207	197	187	177	167	158	147	133	103.872	559.045	867	782	726	664	609	552	506	459	403	340	224	0	0	0.000	0.000	0	0	0	0	0.000	0	0	0	0.000	0	0	0	0	0.000	0.000	0	0	0	0	0.000	0	0	0	0.000	0	0
24	24	2290	363.574	179.861	0.889	1052	1054	60	21	25	1052	1054	60	21	25	107.531	594.349	13925	614	164	158	153	147	142	137	132	125	117	102.876	122.400	158	128	126	125	123	122	121	120	118	115	105	1	147	379.617	179.714	0	0	0	5658	6217.429	0	0	134	135.068	0	0	0	0	0.000	0.000	0	0	0	0	0.000	0	0	0	0.000	0	0
25	25	1091	1111.865	166.170	0.918	264	394	273	124	20	264	394	273	124	20	109.000	187.594	299	233	204	196	189	182	177	172	163	152	138	102.579	225.460	328	280	259	245	232	218	210	201	192	179	150	0	0	0.000	0.000	0	0	0	0	0.000	0	0	0	0.000	0	0	0	0	0.000	0.000	0	0	0	0	0.000	0	0	0	0.000	0	0
26	26	2140	1625.619	178.511	0.895	382	1349	341	27	8	382	1349	341	27	8	108.000	123.112	164	133	129	125	123	121	120	118	117	115	110	103.000	1121.399	3693	1688	1425	1252	1127	1021	923	822	707	594	283	1	28	1633.125	173.856	0	0	0	154	152.857	0	0	3203	3090.821	0	0	1	28	1634.056	173.189	0	0	0	153	152.107	0	0	3203	3126.429	0	0
27	27	808	1153.105	178.254	0.914	322	382	58	21	9	322	382	58	21	9	109.000	154.308	196	183	173	167	160	153	146	141	134	128	122	102.015	186.024	258	239	226	215	203	189	173	158	145	130	113	0	0	0.000	0.000	0	0	0	0	0.000	0	0	0	0.000	0	0	0	0	0.000	0.000	0	0	0	0	0.000	0	0	0	0.000	0	0
28	28	1083	909.221	185.554	0.887	11	56	419	539	34	11	56	419	539	34	108.335	159.829	195	184	178	172	166	160	153	147	141	136	128	103.021	516.453	726	674	636	596	555	515	478	446	409	353	250	0	0	0.000	0.000	0	0	0	0	0.000	0	0	0	0.000	0	0	0	0	0.000	0.000	0	0	0	0	0.000	0	0	0	0.000	0	0
29	29	1686	743.849	190.369	0.917	81	394	927	207	38	81	394	927	207	38	108.851	167.481	233	191	184	180	175	171	163	155	147	140	128	103.845	510.028	754	685	644	615	582	535	482	418	351	291	227	0	0	0.000	0.000	0	0	0	0	0.000	0	0	0	0.000	0	0	0	0	0.000	0.000	0	0	0	0	0.000	0	0	0	0.000	0	0
30	30	2160	641.141	204.217	0.897	57	113	1215	712	18	57	113	1215	712	18	108.422	312.326	3595	333	256	241	227	215	203	188	173	158	133	103.373	469.373	729	628	593	556	523	486	440	397	333	279	206	1	117	658.657	201.722	0	0	0	1648	1822.128	0	0	641	632.009	0	0	0	0	0.000	0.000	0	0	0	0	0.000	0	0	0	0.000	0	0
31	31	2112	281.503	214.703	0.889	214	1307	498	46	6	214	1307	498	46	6	107.000	118.134	141	127	122	119	117	116	115	115	114	113	110	102.000	147.461	174	161	156	153	151	149	147	145	140	131	109	1	348	282.847	211.126	0	0	0	128	128.825	0	0	148	147.261	0	0	0	0	0.000	0.000	0	0	0	0	0.000	0	0	0	0.000	0	0
32	32	1177	128.089	215.848	0.913	61	70	316	597	117	61	70	316	597	117	105.927	136.596	159	151	147	143	140	136	134	130	126	122	113	102.000	674.892	1016	902	821	761	718	679	641	593	521	444	316	0	0	0.000	0.000	0	0	0	0	0.000	0	0	0	0.000	0	0	0	0	0.000	0.000	0	0	0	0	0.000	0	0	0	0.000	0	0
33	33	1531	1572.504	219.629	0.913	134	273	630	418	51	134	273	630	418	51	108.582	868.992	14126	1840	506	281	233	217	205	193	177	162	138	103.000	119.317	163	125	122	120	119	118	117	115	114	112	106	1	136	1573.085	215.226	0	0	0	5818	6312.096	0	0	137	139.059	0	0	1	32	1571.686	214.905	0	0	0	10015	9697.438	0	0	153	151.531	0	0
34	34	1719	1786.397	232.756	0.901	44	434	845	318	46	44	434	845	318	46	107.231	274.271	1819	354	284	259	239	224	207	193	176	154	126	102.000	122.674	137	128	127	125	124	124	123	121	119	115	106	1	99	1793.629	242.073	0	0	0	943	997.242	0	0	127	127.253	0	0	0	0	0.000	0.000	0	0	0	0	0.000	0	0	0	0.000	0	0
35	35	1755	389.344	234.115	0.906	464	1040	155	64	12	464	1040	155	64	12	108.000	185.785	227	219	212	203	196	189	182	172	159	146	129	103.167	1486.358	2142	2032	1929	1781	1651	1527	1400	1243	1061	893	484	0	0	0.000	0.000	0	0	0	0	0.000	0	0	0	0.000	0	0	0	0	0.000	0.000	0	0	0	0	0.000	0	0	0	0.000	0	0
36	36	1970	445.964	242.251	0.907	57	139	1132	589	13	57	139	1132	589	13	107.896	190.448	249	226	215	207	200	193	184	174	165	152	131	103.323	1534.651	2609	2163	1962	1828	1709	1586	1427	1266	1064	805	457	0	0	0.000	0.000	0	0	0	0	0.000	0	0	0	0.000	0	0	0	0	0.000	0.000	0	0	0	0	0.000	0	0	0	0.000	0	0
37	37	2116	741.981	249.775	0.870	75	378	1131	440	39	75	378	1131	440	39	109.000	160.709	290	195	168	161	157	153	149	147	144	140	128	103.619	415.643	675	572	523	482	442	402	366	337	311	282	220	1	64	742.783	257.008	0	0	0	262	260.875	0	0	257	262.922	0	0	0	0	0.000	0.000	0	0	0	0	0.000	0	0	0	0.000	0	0
38	38	2049	666.854	256.198	0.883	56	285	1184	470	22	56	285	1184	470	22	109.000	234.120	301	283	272	263	252	239	228	214	194	173	141	103.327	536.909	766	706	662	613	576	546	517	472	430	350	222	0	0	0.000	0.000	0	0	0	0	0.000	0	0	0	0.000	0	0	0	0	0.000	0.000	0	0	0	0	0.000	0	0	0	0.000	0	0
39	39	1744	140.246	264.761	0.917	95	215	1193	201	15	95	215	1193	201	15	106.374	237.431	2693	308	165	153	148	143	139	135	131	127	120	102.280	642.334	1071	883	806	743	697	650	603	550	470	376	292	1	118	134.047	267.794	0	0	0	1221	1299.093	0	0	780	792.966	0	0	0	0	0.000	0.000	0	0	0	0	0.000	0	0	0	0.000	0	0
40	40	791	1379.035	255.378	0.871	168	436	136	27	8	168	436	136	27	8	108.509	129.109	146	139	136	132	130	128	127	125	123	121	117	102.885	125.973	150	139	133	130	127	125	123	121	119	115	109	0	0	0.000	0.000	0	0	0	0	0.000	0	0	0	0.000	0	0	0	0	0.000	0.000	0	0	0	0	0.000	0	0	0	0.000	0	0
41	41	290	527.060	252.796	0.957	46	105	66	55	13	46	105	66	55	13	107.852	120.600	130	126	123	122	122	121	120	118	117	116	114	101.972	107.266	112	110	109	108	108	107	107	106	106	105	104	0	0	0.000	0.000	0	0	0	0	0.000	0	0	0	0.000	0	0	0	0	0.000	0.000	0	0	0	0	0.000	0	0	0	0.000	0	0
42	42	2362	527.267	288.847	0.891	208	1074	927	87	10	208	1074	927	87	10	107.970	172.872	237	205	190	183	175	169	164	160	155	147	128	102.085	115.273	131	120	119	117	116	115	114	113	112	110	106	0	0	0.000	0.000	0	0	0	0	0.000	0	0	0	0.000	0	0	0	0	0.000	0.000	0	0	0	0	0.000	0	0	0	0.000	0	0
43	43	2037	463.142	305.025	0.777	136	608	1015	220	19	136	608	1015	220	19	107.721	200.914	326	257	228	212	201	194	189	183	173	156	125	103.000	119.713	136	127	124	122	121	120	119	117	116	112	105	0	0	0.000	0.000	0	0	0	0	0.000	0	0	0	0.000	0	0	0	0	0.000	0.000	0	0	0	0	0.000	0	0	0	0.000	0	0
44	44	979	942.240	295.505	0.893	34	92	220	490	126	34	92	220	490	126	109.000	138.753	162	154	149	146	141	138	135	132	129	124	117	103.000	121.544	135	128	127	125	124	123	121	119	116	113	104	0	0	0.000	0.000	0	0	0	0	0.000	0	0	0	0.000	0	0	0	0	0.000	0.000	0	0	0	0	0.000	0	0	0	0.000	0	0
45	45	1356	1091.543	295.089	0.898	197	621	456	44	7	197	621	456	44	7	108.995	173.265	1594	174	142	139	137	136	134	132	129	126	120	102.080	120.111	130	126	124	123	122	121	120	118	117	113	104	1	75	1100.442	286.156	0	0	0	651	715.107	0	0	121	121.173	0	0	0	0	0.000	0.000	0	0	0	0	0.000	0	0	0	0.000	0	0
46	46	1485	730.289	310.637	0.895	32	111	455	764	95	32	111	455	764	95	109.000	146.565	168	163	159	157	153	147	143	138	133	128	120	102.978	515.420	702	660	629	595	562	533	501	449	399	346	231	0	0	0.000	0.000	0	0	0	0	0.000	0	0	0	0.000	0	0	0	0	0.000	0.000	0	0	0	0	0.000	0	0	0	0.000	0	0
47	47	1797	102.900	312.428	0.895	287	1191	266	9	3	287	1191	266	9	3	106.100	147.143	292	162	156	153	150	146	142	138	133	125	111	102.265	644.668	957	842	791	753	718	676	630	558	469	388	262	1	28	103.283	297.048	0	0	0	250	248.821	0	0	789	779.964	0	0	0	0	0.000	0.000	0	0	0	0	0.000	0	0	0	0.000	0	0
48	48	663	1269.461	307.536	0.893	54	318	254	21	6	54	318	254	21	6	109.000	117.014	124	121	119	118	117	117	116	115	115	114	112	103.000	113.462	128	119	117	115	114	113	112	111	110	109	104	0	0	0.000	0.000	0	0	0	0	0.000	0	0	0	0.000	0	0	0	0	0.000	0.000	0	0	0	0	0.000	0	0	0	0.000	0	0
49	49	1807	1136.157	325.452	0.907	287	1157	302	16	5	287	1157	302	16	5	109.525	153.596	249	177	163	158	154	150	147	143	138	133	121	103.000	121.196	134	127	125	124	123	121	120	119	118	115	106	1	18	1136.564	331.297	0	0	0	238	236.500	0	0	121	120.833	0	0	0	0	0.000	0.000	0	0	0	0	0.000	0	0	0	0.000	0	0
50	50	1770	924.760	339.851	0.907	47	585	941	139	19	47	585	941	139	19	109.000	153.241	181	173	169	164	159	154	150	146	139	129	120	103.587	125.871	143	133	131	130	129	127	125	123	120	117	108	0	0	0.000	0.000	0	0	0	0	0.000	0	0	0	0.000	0	0	0	0	0.000	0.000	0	0	0	0	0.000	0	0	0	0.000	0	0
51	51	1654	1258.152	346.709	0.906	46	179	903	484	14	46	179	903	484	14	109.000	196.643	253	238	231	222	212	199	187	174	162	150	132	103.710	515.693	738	687	664	628	595	549	478	415	355	301	220	0	0	0.000	0.000	0	0	0	0	0.000	0	0	0	0.000	0	0	0	0	0.000	0.000	0	0	0	0	0.000	0	0	0	0.000	0	0
52	52	2135	1576.332	363.512	0.888	37	300	834	788	136	37	300	834	788	136	109.000	189.548	239	220	211	205	200	194	189	179	165	150	130	104.240	1444.857	2155	1953	1771	1671	1587	1499	1398	1282	1099	841	444	0	0	0.000	0.000	0	0	0	0	0.000	0	0	0	0.000	0	0	0	0	0.000	0.000	0	0	0	0	0.000	0	0	0	0.000	0	0
53	53	1855	1918.230	361.290	0.873	43	387	788	545	57	43	387	788	545	57	107.805	129.642	148	138	135	133	131	130	128	126	124	121	113	102.339	132.082	154	143	140	137	134	133	130	128	125	121	106	0	0	0.000	0.000	0	0	0	0	0.000	0	0	0	0.000	0	0	0	0	0.000	0.000	0	0	0	0	0.000	0	0	0	0.000	0	0
54	54	1408	818.711	368.185	0.909	147	794	376	51	15	147	794	376	51	15	108.803	120.586	128	124	123	122	121	121	120	119	119	117	113	103.893	126.190	139	133	131	130	128	127	125	123	121	119	110	0	0	0.000	0.000	0	0	0	0	0.000	0	0	0	0.000	0	0	0	0	0.000	0.000	0	0	0	0	0.000	0	0	0	0.000	0	0
55	55	2376	875.650	373.089	0.891	1190	884	166	56	18	1190	884	166	56	18	109.300	625.774	11102	662	355	322	302	278	255	237	224	204	147	103.601	133.523	170	145	139	137	135	133	131	129	127	122	110	1	145	896.260	377.522	0	0	0	4693	5253.538	0	0	147	147.545	0	0	0	0	0.000	0.000	0	0	0	0	0.000	0	0	0	0.000	0	0
56	56	1516	1417.117	371.311	0.911	102	511	663	188	24	102	511	663	188	24	108.983	139.685	373	168	137	133	131	129	127	124	122	120	113	103.000	125.694	137	132	130	128	127	126	125	124	122	119	108	1	114	1406.301	375.651	0	0	0	246	254.140	0	0	128	127.395	0	0	0	0	0.000	0.000	0	0	0	0	0.000	0	0	0	0.000	0	0
57	57	2246	1155.483	377.612	0.912	142	1110	766	158	16	142	1110	766	158	16	109.727	290.461	2579	520	218	186	178	171	165	160	152	147	129	103.000	121.591	141	128	125	124	123	122	121	119	118	115	106	1	195	1144.803	384.032	0	0	0	1223	1328.267	0	0	128	128.882	0	0	0	0	0.000	0.000	0	0	0	0	0.000	0	0	0	0.000	0	0
58	58	1976	934.346	383.903	0.905	73	243	997	577	56	73	243	997	577	56	109.007	155.012	191	172	166	162	158	155	152	149	144	138	122	104.000	133.671	149	142	139	138	136	134	132	131	129	125	111	0	0	0.000	0.000	0	0	0	0	0.000	0	0	0	0.000	0	0	0	0	0.000	0.000	0	0	0	0	0.000	0	0	0	0.000	0	0
59	59	1976	1859.595	383.334	0.872	42	197	1094	565	39	42	197	1094	565	39	108.000	131.383	149	142	139	137	135	132	129	126	122	120	114	103.000	137.726	166	152	148	145	141	138	134	130	127	123	115	0	0	0.000	0.000	0	0	0	0	0.000	0	0	0	0.000	0	0	0	0	0.000	0.000	0	0	0	0	0.000	0	0	0	0.000	0	0
60	60	870	980.155	377.973	0.904	26	212	480	108	14	26	212	480	108	14	109.000	150.549	172	165	162	160	157	154	151	147	139	126	113	103.678	128.374	143	137	135	133	131	130	128	127	123	116	106	0	0	0.000	0.000	0	0	0	0	0.000	0	0	0	0.000	0	0	0	0	0.000	0.000	0	0	0	0	0.000	0	0	0	0.000	0	0
61	61	1788	1217.200	383.519	0.847	72	59	625	919	82	72	59	625	919	82	109.000	180.752	231	214	208	199	189	180	172	164	157	146	131	103.869	424.380	606	556	531	508	482	432	390	347	312	277	211	0	0	0.000	0.000	0	0	0	0	0.000	0	0	0	0.000	0	0	0	0	0.000	0.000	0	0	0	0	0.000	0	0	0	0.000	0	0
62	62	1949	1533.280	405.203	0.896	47	205	1028	558	77	47	205	1028	558	77	109.534	225.612	1329	293	219	206	196	187	176	165	154	145	126	104.966	1236.234	1991	1830	1700	1562	1407	1288	1137	936	738	579	356	1	115	1534.818	408.723	0	0	0	732	758.130	0	0	1642	1616.339	0	0	0	0	0.000	0.000	0	0	0	0	0.000	0	0	0	0.000	0	0
63	63	419	1814.772	390.199	0.877	19	93	182	103	17	19	93	182	103	17	107.912	127.563	135	133	131	130	129	128	127	126	124	121	116	102.239	133.520	146	140	138	136	134	133	132	131	130	128	121	0	0	0.000	0.000	0	0	0	0	0.000	0	0	0	0.000	0	0	0	0	0.000	0.000	0	0	0	0	0.000	0	0	0	0.000	0	0
64	64	1000	1904.015	406.335	0.930	20	85	491	351	41	20	85	491	351	41	107.546	125.979	138	134	131	129	128	127	125	122	120	118	114	102.370	131.797	151	142	138	136	134	132	131	129	126	121	107	0	0	0.000	0.000	0	0	0	0	0.000	0	0	0	0.000	0	0	0	0	0.000	0.000	0	0	0	0	0.000	0	0	0	0.000	0	0
65	65	491	795.786	402.886	0.954	33	75	166	181	32	33	75	166	181	32	109.000	113.375	117	115	115	114	114	113	113	113	112	111	110	103.813	111.540	117	114	113	113	112	112	111	111	110	109	105	0	0	0.000	0.000	0	0	0	0	0.000	0	0	0	0.000	0	0	0	0	0.000	0.000	0	0	0	0	0.000	0	0	0	0.000	0	0
66	66	1663	833.586	420.124	0.901	69	561	818	182	5	69	561	818	182	5	109.221	119.767	127	124	122	121	121	120	119	118	117	116	112	103.701	125.826	139	133	131	129	127	126	124	123	121	119	113	0	0	0.000	0.000	0	0	0	0	0.000	0	0	0	0.000	0	0	0	0	0.000	0.000	0	0	0	0	0.000	0	0	0	0.000	0	0
67	67	1553	1406.467	424.600	0.904	59	369	742	308	42	59	369	742	308	42	108.384	138.397	715	137	129	127	126	125	123	121	119	117	113	103.000	126.086	139	132	130	129	128	127	125	124	122	119	110	1	70	1408.309	437.384	0	0	0	364	378.071	0	0	131	130.000	0	0	0	0	0.000	0.000	0	0	0	0	0.000	0	0	0	0.000	0	0
68	68	1901	1584.920	428.985	0.876	109	450	1039	257	16	109	450	1039	257	16	110.251	271.941	459	383	336	301	276	256	239	228	214	192	152	105.140	121.396	138	128	126	124	123	121	120	118	117	115	107	0	0	0.000	0.000	0	0	0	0	0.000	0	0	0	0.000	0	0	0	0	0.000	0.000	0	0	0	0	0.000	0	0	0	0.000	0	0
69	69	1585	637.975	429.510	0.912	346	1105	65	30	10	346	1105	65	30	10	108.000	142.662	241	157	151	146	142	138	135	133	130	127	120	103.000	346.125	544	482	440	411	380	346	310	278	253	219	166	1	38	634.825	420.524	0	0	0	216	214.816	0	0	225	232.184	0	0	0	0	0.000	0.000	0	0	0	0	0.000	0	0	0	0.000	0	0
70	70	957	81.446	426.826	0.922	58	107	368	329	82	58	107	368	329	82	105.000	196.782	314	250	232	219	207	194	180	168	158	148	133	102.000	118.676	131	124	122	121	120	119	118	117	115	112	104	0	0	0.000	0.000	0	0	0	0	0.000	0	0	0	0.000	0	0	0	0	0.000	0.000	0	0	0	0	0.000	0	0	0	0.000	0	0
71	71	2313	499.003	446.625	0.910	275	1282	657	58	5	275	1282	657	58	5	108.389	117.327	127	122	120	118	117	117	116	115	115	114	111	104.000	1188.060	1717	1510	1443	1389	1336	1260	1174	1058	918	752	388	0	0	0.000	0.000	0	0	0	0	0.000	0	0	0	0.000	0	0	0	0	0.000	0.000	0	0	0	0	0.000	0	0	0	0.000	0	0
72	72	1510	1023.216	457.895	0.900	68	378	780	226	29	68	378	780	226	29	108.770	117.787	124	121	120	119	118	118	117	116	116	115	111	104.287	644.682	1247	927	813	726	652	613	579	543	482	401	245	0	0	0.000	0.000	0	0	0	0	0.000	0	0	0	0.000	0	0	0	0	0.000	0.000	0	0	0	0	0.000	0	0	0	0.000	0	0
73	73	615	1631.276	457.539	0.911	12	63	185	300	42	12	63	185	300	42	109.951	223.428	295	281	264	248	234	220	208	197	185	173	149	104.067	120.592	132	126	124	123	122	121	119	118	117	115	110	0	0	0.000	0.000	0	0	0	0	0.000	0	0	0	0.000	0	0	0	0	0.000	0.000	0	0	0	0	0.000	0	0	0	0.000	0	0
74	74	1498	862.174	469.011	0.900	37	230	787	385	34	37	230	787	385	34	109.186	114.637	121	117	116	115	115	114	114	114	113	112	110	103.792	120.981	138	127	125	123	122	121	120	119	118	115	107	0	0	0.000	0.000	0	0	0	0	0.000	0	0	0	0.000	0	0	0	0	0.000	0.000	0	0	0	0	0.000	0	0	0	0.000	0	0
75	75	2087	1596.062	484.309	0.891	42	406	1253	335	16	42	406	1253	335	16	110.463	315.013	603	418	367	343	324	309	289	268	246	226	185	104.688	122.334	134	128	126	125	124	123	122	120	119	117	110	0	0	0.000	0.000	0	0	0	0	0.000	0	0	0	0.000	0	0	0	0	0.000	0.000	0	0	0	0	0.000	0	0	0	0.000	0	0
76	76	796	1082.618	479.725	0.900	20	76	329	335	26	20	76	329	335	26	109.000	114.533	121	117	116	115	115	114	114	114	113	112	111	104.000	119.529	132	127	125	123	122	121	119	117	114	110	106	0	0	0.000	0.000	0	0	0	0	0.000	0	0	0	0.000	0	0	0	0	0.000	0.000	0	0	0	0	0.000	0	0	0	0.000	0	0
77	77	2187	522.007	507.393	0.883	158	1065	776	131	23	158	1065	776	131	23	108.251	120.640	145	130	126	123	121	119	117	116	115	114	111	104.000	920.514	2577	1347	1205	1078	996	919	819	661	509	405	329	0	0	0.000	0.000	0	0	0	0	0.000	0	0	0	0.000	0	0	0	0	0.000	0.000	0	0	0	0	0.000	0	0	0	0.000	0	0
78	78	1471	815.760	501.201	0.915	67	364	732	273	13	67	364	732	273	13	108.710	117.014	125	120	119	118	118	117	116	116	115	114	110	104.033	1256.933	1881	1625	1534	1452	1381	1292	1196	1107	947	797	506	0	0	0.000	0.000	0	0	0	0	0.000	0	0	0	0.000	0	0	0	0	0.000	0.000	0	0	0	0	0.000	0	0	0	0.000	0	0
79	79	2200	1540.780	510.295	0.879	81	260	1293	500	19	81	260	1293	500	19	110.283	189.127	255	224	214	208	202	194	184	171	159	146	130	104.999	1520.409	2137	2021	1947	1881	1808	1697	1527	1296	1013	709	411	0	0	0.000	0.000	0	0	0	0	0.000	0	0	0	0.000	0	0	0	0	0.000	0.000	0	0	0	0	0.000	0	0	0	0.000	0	0
80	80	1725	24.334	505.546	0.904	65	142	700	711	66	65	142	700	711	66	104.992	123.110	133	129	127	126	125	124	122	121	119	116	110	102.859	475.410	753	662	599	557	518	476	429	386	349	308	161	0	0	0.000	0.000	0	0	0	0	0.000	0	0	0	0.000	0	0	0	0	0.000	0.000	0	0	0	0	0.000	0	0	0	0.000	0	0
81	81	1581	461.665	507.746	0.910	80	694	714	53	11	80	694	714	53	11	108.074	118.266	137	123	121	119	118	117	117	116	115	114	111	103.879	1010.068	2011	1407	1213	1125	1051	989	920	865	759	648	367	0	0	0.000	0.000	0	0	0	0	0.000	0	0	0	0.000	0	0	0	0	0.000	0.000	0	0	0	0	0.000	0	0	0	0.000	0	0
82	82	986	413.453	512.393	0.917	79	250	463	157	19	79	250	463	157	19	107.778	115.065	121	118	117	116	116	115	114	114	113	112	110	103.000	933.244	1518	1297	1159	1042	981	930	861	786	691	611	449	0	0	0.000	0.000	0	0	0	0	0.000	0	0	0	0.000	0	0	0	0	0.000	0.000	0	0	0	0	0.000	0	0	0	0.000	0	0
83	83	924	879.150	514.043	0.873	21	218	479	171	13	21	218	479	171	13	108.988	113.858	118	116	115	115	114	114	114	113	112	112	110	104.517	117.778	129	123	121	120	119	118	117	116	114	111	106	0	0	0.000	0.000	0	0	0	0	0.000	0	0	0	0.000	0	0	0	0	0.000	0.000	0	0	0	0	0.000	0	0	0	0.000	0	0
84	84	1762	1993.711	523.337	0.891	19	224	930	514	49	19	224	930	514	49	106.658	126.793	152	144	139	132	126	123	121	119	118	116	112	102.000	2438.990	8472	3551	2927	2606	2459	2366	2165	1949	1667	1278	676	0	0	0.000	0.000	0	0	0	0	0.000	0	0	0	0.000	0	0	1	14	1987.638	509.159	0	0	0	134	133.714	0	0	7545	7391.571	0	0
85	85	1799	576.522	529.930	0.880	43	112	1087	486	39	43	112	1087	486	39	108.000	115.327	123	119	118	117	116	115	114	114	113	112	110	103.838	483.846	758	671	626	583	540	496	450	395	325	272	236	0	0	0.000	0.000	0	0	0	0	0.000	0	0	0	0.000	0	0	0	0	0.000	0.000	0	0	0	0	0.000	0	0	0	0.000	0	0
86	86	838	1032.814	520.355	0.903	46	178	388	190	23	46	178	388	190	23	109.000	120.198	129	126	123	122	121	120	119	118	117	116	112	104.827	1080.025	1767	1523	1398	1286	1177	1081	1006	910	796	627	250	0	0	0.000	0.000	0	0	0	0	0.000	0	0	0	0.000	0	0	0	0	0.000	0.000	0	0	0	0	0.000	0	0	0	0.000	0	0
87	87	1663	1157.950	540.854	0.900	289	1188	128	23	13	289	1188	128	23	13	109.343	147.762	176	169	163	156	150	146	142	138	134	130	122	103.861	127.101	140	133	131	130	129	128	126	125	123	120	112	0	0	0.000	0.000	0	0	0	0	0.000	0	0	0	0.000	0	0	0	0	0.000	0.000	0	0	0	0	0.000	0	0	0	0.000	0	0
88	88	1128	837.353	541.167	0.891	61	157	686	195	12	61	157	686	195	12	109.002	116.526	122	119	118	118	117	116	116	115	115	114	110	105.000	1261.009	1944	1665	1565	1462	1359	1274	1196	1095	981	834	413	0	0	0.000	0.000	0	0	0	0	0.000	0	0	0	0.000	0	0	0	0	0.000	0.000	0	0	0	0	0.000	0	0	0	0.000	0	0
89	89	1924	1574.043	554.114	0.860	41	441	1273	118	13	41	441	1273	118	13	110.251	183.057	214	202	199	196	193	188	183	175	166	155	129	104.733	1075.503	1406	1330	1291	1238	1179	1129	1078	1013	906	705	312	0	0	0.000	0.000	0	0	0	0	0.000	0	0	0	0.000	0	0	0	0	0.000	0.000	0	0	0	0	0.000	0	0	0	0.000	0	0
90	90	2439	1508.802	561.062	0.882	359	1528	437	47	30	359	1528	437	47	30	110.497	232.627	2834	211	201	196	190	183	174	165	157	150	136	105.134	935.396	1377	1273	1207	1138	1078	1005	900	764	615	499	399	1	92	1488.165	567.778	0	0	0	1248	1356.022	0	0	1109	1097.304	0	0	0	0	0.000	0.000	0	0	0	0	0.000	0	0	0	0.000	0	0
91	91	1849	1235.924	568.093	0.898	168	1196	391	36	14	168	1196	391	36	14	108.972	149.795	272	217	165	143	138	135	133	130	127	124	115	103.147	911.002	2032	1222	1119	1035	979	910	832	754	670	576	334	0	0	0.000	0.000	0	0	0	0	0.000	0	0	0	0.000	0	0	0	0	0.000	0.000	0	0	0	0	0.000	0	0	0	0.000	0	0
92	92	1320	539.986	567.755	0.919	33	197	710	329	23	33	197	710	329	23	108.000	114.906	124	118	117	116	115	115	114	114	113	112	110	103.332	574.327	868	763	723	683	629	573	524	480	445	362	251	0	0	0.000	0.000	0	0	0	0	0.000	0	0	0	0.000	0	0	0	0	0.000	0.000	0	0	0	0	0.000	0	0	0	0.000	0	0
93	93	1646	1352.322	579.035	0.905	136	508	699	227	40	136	508	699	227	40	110.000	180.097	2072	183	140	135	133	131	130	128	127	124	117	103.003	121.639	144	127	126	124	123	122	121	119	117	115	108	1	82	1353.883	565.357	0	0	0	811	916.841	0	0	130	130.305	0	0	0	0	0.000	0.000	0	0	0	0	0.000	0	0	0	0.000	0	0
94	94	2297	1803.608	584.135	0.912	490	1615	133	10	6	490	1615	133	10	6	108.000	118.549	130	124	122	120	119	118	117	116	115	114	111	102.177	122.875	136	129	127	125	124	123	122	121	119	117	109	0	0	0.000	0.000	0	0	0	0	0.000	0	0	0	0.000	0	0	0	0	0.000	0.000	0	0	0	0	0.000	0	0	0	0.000	0	0
95	95	836	962.015	579.994	0.911	5	28	325	395	69	5	28	325	395	69	110.105	151.962	171	163	161	159	157	156	153	148	142	134	124	106.959	863.071	1210	1110	1065	1020	978	923	856	768	659	518	281	0	0	0.000	0.000	0	0	0	0	0.000	0	0	0	0.000	0	0	0	0	0.000	0.000	0	0	0	0	0.000	0	0	0	0.000	0	0
96	96	1387	1135.079	592.392	0.892	318	698	241	70	41	318	698	241	70	41	110.001	295.050	4376	389	163	147	144	141	139	136	132	128	118	105.577	126.670	154	133	131	129	128	127	125	124	122	120	113	1	101	1128.373	597.986	0	0	0	1783	1936.545	0	0	135	136.267	0	0	0	0	0.000	0.000	0	0	0	0	0.000	0	0	0	0.000	0	0
97	97	1558	923.022	593.775	0.896	87	1048	377	11	5	87	1048	377	11	5	110.585	145.682	179	164	158	153	148	144	140	138	134	130	121	106.918	315.723	510	441	397	355	322	298	278	259	242	224	189	0	0	0.000	0.000	0	0	0	0	0.000	0	0	0	0.000	0	0	0	0	0.000	0.000	0	0	0	0	0.000	0	0	0	0.000	0	0
98	98	2338	1003.232	601.764	0.905	58	796	1305	122	4	58	796	1305	122	4	110.297	195.617	726	215	200	196	192	187	182	176	169	156	132	107.634	1416.043	1958	1862	1808	1731	1635	1500	1348	1207	1009	794	493	1	46	998.214	586.330	0	0	0	484	486.087	0	0	1664	1646.565	0	0	0	0	0.000	0.000	0	0	0	0	0.000	0	0	0	0.000	0	0
99	99	1750	1496.922	612.307	0.906	403	1033	194	70	14	403	1033	194	70	14	111.000	131.670	192	157	138	133	129	126	124	123	121	119	114	105.047	248.637	600	374	284	252	238	226	212	198	184	170	143	1	155	1491.499	619.487	0	0	0	171	171.529	0	0	459	465.361	0	0	0	0	0.000	0.000	0	0	0	0	0.000	0	0	0	0.000	0	0
100	100	1781	854.427	614.145	0.906	187	1015	470	49	22	187	1015	470	49	22	110.891	235.512	1772	311	201	194	186	177	169	158	148	141	127	106.161	627.491	1020	895	827	765	718	662	582	492	405	336	206	1	121	853.713	600.002	0	0	0	902	945.669	0	0	786	751.950	0	0	0	0	0.000	0.000	0	0	0	0	0.000	0	0	0	0.000	0	0
101	101	1751	1452.639	616.237	0.914	432	1201	81	18	7	432	1201	81	18	7	110.932	229.680	286	268	261	255	248	241	229	214	195	173	141	104.539	1275.758	1771	1646	1578	1506	1443	1374	1277	1132	957	739	363	0	0	0.000	0.000	0	0	0	0	0.000	0	0	0	0.000	0	0	0	0	0.000	0.000	0	0	0	0	0.000	0	0	0	0.000	0	0
102	102	1673	950.206	643.298	0.889	51	260	1003	293	23	51	260	1003	293	23	111.965	159.044	187	176	170	166	163	160	157	154	149	140	124	108.000	312.806	464	400	378	358	337	317	295	270	243	216	175	0	0	0.000	0.000	0	0	0	0	0.000	0	0	0	0.000	0	0	0	0	0.000	0.000	0	0	0	0	0.000	0	0	0	0.000	0	0
103	103	1835	35.019	646.919	0.894	257	1167	322	40	26	257	1167	322	40	26	105.599	212.431	299	260	247	238	229	220	207	188	172	154	128	103.082	1038.184	1619	1443	1338	1261	1182	1108	1010	850	675	537	295	0	0	0.000	0.000	0	0	0	0	0.000	0	0	0	0.000	0	0	0	0	0.000	0.000	0	0	0	0	0.000	0	0	0	0.000	0	0
104	104	1843	1142.829	642.101	0.862	97	517	1003	161	16	97	517	1003	161	16	111.000	117.953	127	122	120	119	118	118	117	117	116	115	113	106.459	137.120	543	154	132	128	126	125	124	123	121	120	112	0	0	0.000	0.000	0	0	0	0	0.000	0	0	0	0.000	0	0	0	0	0.000	0.000	0	0	0	0	0.000	0	0	0	0.000	0	0
105	105	2473	1043.274	648.545	0.906	63	134	1366	765	99	63	134	1366	765	99	111.079	283.873	1922	524	246	208	199	193	186	177	166	154	131	109.691	1152.950	1899	1704	1570	1416	1313	1191	1062	892	709	552	329	1	230	1043.313	664.465	0	0	0	967	1032.609	0	0	1284	1129.900	0	0	0	0	0.000	0.000	0	0	0	0	0.000	0	0	0	0.000	0	0
106	106	1515	894.356	644.543	0.896	65	436	874	101	4	65	436	874	101	4	111.388	188.657	563	207	202	197	193	187	181	174	162	149	135	107.081	687.083	1009	921	870	818	773	726	671	589	483	383	276	1	24	882.991	650.068	0	0	0	419	415.917	0	0	764	749.125	0	0	0	0	0.000	0.000	0	0	0	0	0.000	0	0	0	0.000	0	0
107	107	1728	117.161	644.168	0.922	89	258	770	512	65	89	258	770	512	65	106.676	225.415	289	266	257	250	245	239	226	208	189	168	135	102.687	1678.564	2290	2149	2021	1922	1855	1779	1680	1553	1347	1029	541	0	0	0.000	0.000	0	0	0	0	0.000	0	0	0	0.000	0	0	0	0	0.000	0.000	0	0	0	0	0.000	0	0	0	0.000	0	0
108	108	1080	1248.226	645.499	0.884	19	110	424	441	66	19	110	424	441	66	110.000	135.863	450	141	131	129	128	126	125	124	123	120	116	103.606	126.935	139	135	133	131	130	128	127	124	122	116	108	1	60	1243.696	633.679	0	0	0	263	269.733	0	0	132	132.117	0	0	0	0	0.000	0.000	0	0	0	0	0.000	0	0	0	0.000	0	0
109	109	1442	1097.476	652.579	0.869	127	751	323	169	33	127	751	323	169	33	111.331	149.765	165	159	155	153	152	151	149	147	144	140	131	108.887	2215.888	2912	2738	2632	2525	2402	2266	2139	2005	1834	1577	1083	0	0	0.000	0.000	0	0	0	0	0.000	0	0	0	0.000	0	0	0	0	0.000	0.000	0	0	0	0	0.000	0	0	0	0.000	0	0
110	110	1460	1501.336	658.426	0.887	117	906	353	31	9	117	906	353	31	9	111.408	125.806	135	130	128	127	127	126	125	124	123	122	117	104.485	213.818	264	245	239	233	226	219	211	200	187	171	148	0	0	0.000	0.000	0	0	0	0	0.000	0	0	0	0.000	0	0	0	0	0.000	0.000	0	0	0	0	0.000	0	0	0	0.000	0	0
111	111	1788	599.991	666.031	0.887	60	230	905	505	42	60	230	905	505	42	109.000	232.736	546	318	264	247	230	217	205	195	180	164	137	102.112	114.342	128	119	117	116	115	114	113	113	111	110	104	1	24	596.038	668.999	0	0	0	468	463.667	0	0	114	114.333	0	0	0	0	0.000	0.000	0	0	0	0	0.000	0	0	0	0.000	0	0
112	112	1069	848.175	670.610	0.856	12	440	437	95	53	12	440	437	95	53	110.980	149.348	199	179	161	150	147	144	142	139	137	134	127	106.174	248.028	327	298	278	266	257	248	237	228	217	205	169	0	0	0.000	0.000	0	0	0	0	0.000	0	0	0	0.000	0	0	0	0	0.000	0.000	0	0	0	0	0.000	0	0	0	0.000	0	0
113	113	1541	808.623	670.964	0.851	88	112	750	521	34	88	112	750	521	34	110.423	144.977	275	156	150	147	144	142	139	136	133	131	123	104.398	286.166	364	340	328	316	306	294	277	258	240	224	191	1	33	800.672	659.071	0	0	0	232	231.242	0	0	345	344.667	0	0	0	0	0.000	0.000	0	0	0	0	0.000	0	0	0	0.000	0	0
114	114	1933	995.809	673.729	0.895	273	1530	58	26	14	273	1530	58	26	14	111.213	150.830	174	165	162	160	157	153	148	143	138	133	128	110.060	127.942	151	135	132	130	129	128	127	125	124	122	110	0	0	0.000	0.000	0	0	0	0	0.000	0	0	0	0.000	0	0	0	0	0.000	0.000	0	0	0	0	0.000	0	0	0	0.000	0	0
115	115	1692	1292.987	683.636	0.862	30	308	838	429	51	30	308	838	429	51	110.406	118.025	126	121	120	119	118	118	117	117	116	115	112	104.339	124.810	138	132	130	128	127	125	123	121	120	117	110	0	0	0.000	0.000	0	0	0	0	0.000	0	0	0	0.000	0	0	0	0	0.000	0.000	0	0	0	0	0.000	0	0	0	0.000	0	0
116	116	762	934.058	681.407	0.925	103	295	215	114	19	103	295	215	114	19	111.978	159.257	176	171	168	166	164	161	158	154	150	145	139	107.797	268.024	335	318	305	295	286	275	263	246	227	210	170	0	0	0.000	0.000	0	0	0	0	0.000	0	0	0	0.000	0	0	0	0	0.000	0.000	0	0	0	0	0.000	0	0	0	0.000	0	0
117	117	1078	1132.273	688.908	0.916	88	168	312	393	95	88	168	312	393	95	111.075	152.753	176	170	166	162	157	154	150	145	139	134	123	108.904	474.840	702	629	590	552	514	471	437	404	364	321	220	0	0	0.000	0.000	0	0	0	0	0.000	0	0	0	0.000	0	0	0	0	0.000	0.000	0	0	0	0	0.000	0	0	0	0.000	0	0
118	118	609	1078.003	683.595	0.898	217	217	126	26	6	217	217	126	26	6	112.000	148.683	166	162	157	155	152	149	146	143	140	136	127	110.933	946.499	1305	1139	1109	1066	1023	980	924	856	788	697	541	0	0	0.000	0.000	0	0	0	0	0.000	0	0	0	0.000	0	0	0	0	0.000	0.000	0	0	0	0	0.000	0	0	0	0.000	0	0
119	119	2279	1244.012	701.163	0.839	189	1333	592	107	12	189	1333	592	107	12	110.293	241.059	2790	313	164	151	148	145	143	141	138	135	121	105.581	135.637	154	145	142	140	138	136	133	131	129	127	113	1	158	1255.706	706.381	0	0	0	1183	1311.089	0	0	144	143.108	0	0	0	0	0.000	0.000	0	0	0	0	0.000	0	0	0	0.000	0	0
120	120	1431	1579.820	696.991	0.913	15	34	280	873	197	15	34	280	873	197	110.000	132.509	146	140	138	136	135	133	131	129	127	124	117	104.668	1434.838	1983	1801	1710	1629	1547	1469	1399	1307	1169	984	622	0	0	0.000	0.000	0	0	0	0	0.000	0	0	0	0.000	0	0	0	0	0.000	0.000	0	0	0	0	0.000	0	0	0	0.000	0	0
121	121	1365	1462.656	705.781	0.907	1115	178	45	11	7	1115	178	45	11	7	112.889	643.741	7534	1690	390	230	204	191	182	174	168	159	152	105.639	266.673	526	385	329	299	272	246	226	212	197	184	161	1	195	1452.836	691.955	0	0	0	2999	3365.200	0	0	414	397.821	0	0	0	0	0.000	0.000	0	0	0	0	0.000	0	0	0	0.000	0	0
122	122	1696	202.680	715.314	0.882	460	1123	71	16	2	460	1123	71	16	2	107.677	123.718	192	130	127	125	123	121	120	119	117	116	111	103.510	349.110	513	471	440	411	383	359	330	293	255	210	172	1	49	188.476	723.879	0	0	0	167	166.286	0	0	391	385.694	0	0	0	0	0.000	0.000	0	0	0	0	0.000	0	0	0	0.000	0	0
123	123	746	851.455	705.617	0.927	133	225	342	27	5	133	225	342	27	5	109.905	141.103	159	151	149	147	146	144	141	137	132	126	117	105.583	278.308	359	341	329	318	307	296	285	261	224	180	126	0	0	0.000	0.000	0	0	0	0	0.000	0	0	0	0.000	0	0	0	0	0.000	0.000	0	0	0	0	0.000	0	0	0	0.000	0	0
124	124	2124	957.019	718.736	0.886	97	117	731	1034	99	97	117	731	1034	99	110.746	156.303	174	168	165	163	160	158	155	152	147	142	125	109.638	131.947	147	139	136	134	133	132	131	129	128	126	117	0	0	0.000	0.000	0	0	0	0	0.000	0	0	0	0.000	0	0	0	0	0.000	0.000	0	0	0	0	0.000	0	0	0	0.000	0	0
125	125	1415	1089.643	716.648	0.902	138	972	242	39	8	138	972	242	39	8	111.750	147.813	160	156	154	152	150	149	147	145	142	138	131	111.464	1846.509	2787	2371	2164	2039	1940	1846	1768	1675	1545	1319	830	0	0	0.000	0.000	0	0	0	0	0.000	0	0	0	0.000	0	0	0	0	0.000	0.000	0	0	0	0	0.000	0	0	0	0.000	0	0
126	126	1988	1357.326	721.694	0.897	13	100	1243	564	38	13	100	1243	564	38	111.512	129.083	154	141	136	133	130	128	125	123	122	120	115	105.788	613.602	887	811	773	720	678	639	587	520	452	389	201	0	0	0.000	0.000	0	0	0	0	0.000	0	0	0	0.000	0	0	0	0	0.000	0.000	0	0	0	0	0.000	0	0	0	0.000	0	0
127	127	1954	1408.634	723.466	0.888	772	946	111	53	43	772	946	111	53	43	112.966	168.549	387	270	200	165	148	140	136	133	129	126	122	105.719	668.729	858	807	778	744	714	681	649	620	574	504	328	1	347	1402.293	734.381	0	0	0	278	281.533	0	0	771	765.182	0	0	0	0	0.000	0.000	0	0	0	0	0.000	0	0	0	0.000	0	0
128	128	994	674.009	725.842	0.912	380	277	183	114	29	380	277	183	114	29	109.000	118.014	127	123	121	119	118	118	117	116	115	115	112	105.298	583.737	844	754	713	679	636	600	551	509	458	386	244	0	0	0.000	0.000	0	0	0	0	0.000	0	0	0	0.000	0	0	0	0	0.000	0.000	0	0	0	0	0.000	0	0	0	0.000	0	0
129	129	1631	1553.971	747.843	0.906	44	611	809	129	16	44	611	809	129	16	110.427	140.175	298	163	139	135	133	132	131	129	127	124	118	105.881	1208.048	1994	1765	1636	1504	1352	1208	1050	892	774	640	500	1	113	1557.732	748.024	0	0	0	223	227.407	0	0	1579	1517.655	0	0	0	0	0.000	0.000	0	0	0	0	0.000	0	0	0	0.000	0	0
130	130	1625	160.059	742.776	0.890	189	1047	309	33	13	189	1047	309	33	13	106.752	134.010	622	129	125	124	123	122	120	119	118	116	109	103.917	440.007	623	550	523	495	469	444	410	384	357	328	251	1	109	150.371	728.250	0	0	0	333	350.468	0	0	469	435.954	0	0	0	0	0.000	0.000	0	0	0	0	0.000	0	0	0	0.000	0	0
131	131	2658	1040.357	759.484	0.877	1460	700	221	181	47	1460	700	221	181	47	111.000	196.479	488	305	220	186	178	173	167	161	150	137	120	112.000	1712.008	3188	2510	2357	2203	2011	1812	1579	1355	978	667	292	1	249	1026.042	753.572	0	0	0	384	386.880	0	0	2135	1901.594	0	0	0	0	0.000	0.000	0	0	0	0	0.000	0	0	0	0.000	0	0
132	132	1448	1282.795	748.436	0.908	231	941	211	33	14	231	941	211	33	14	111.000	155.396	317	190	172	162	155	149	142	138	133	130	123	106.396	126.684	147	135	132	129	127	126	124	123	122	120	112	1	18	1294.829	756.476	0	0	0	256	253.389	0	0	127	127.167	0	0	0	0	0.000	0.000	0	0	0	0	0.000	0	0	0	0.000	0	0
133	133	1441	699.430	760.011	0.922	413	475	273	166	84	413	475	273	166	84	109.055	116.237	123	119	118	117	117	116	116	115	115	114	111	106.083	547.213	812	722	678	629	581	533	499	462	424	387	281	0	0	0.000	0.000	0	0	0	0	0.000	0	0	0	0.000	0	0	0	0	0.000	0.000	0	0	0	0	0.000	0	0	0	0.000	0	0
134	134	1764	1916.206	759.110	0.867	97	726	775	124	7	97	726	775	124	7	108.155	145.837	166	158	155	152	149	146	144	141	137	132	124	104.000	1163.834	1793	1607	1476	1375	1278	1173	1084	993	884	670	444	0	0	0.000	0.000	0	0	0	0	0.000	0	0	0	0.000	0	0	0	0	0.000	0.000	0	0	0	0	0.000	0	0	0	0.000	0	0
135	135	713	202.569	756.209	0.916	11	91	325	240	29	11	91	325	240	29	107.000	116.928	125	121	120	118	117	117	116	115	114	114	111	103.802	368.686	514	466	438	416	396	374	348	322	298	269	201	0	0	0.000	0.000	0	0	0	0	0.000	0	0	0	0.000	0	0	0	0	0.000	0.000	0	0	0	0	0.000	0	0	0	0.000	0	0
136	136	2322	1363.523	780.265	0.856	579	1479	204	18	19	579	1479	204	18	19	111.189	226.278	2221	218	200	191	184	178	170	159	149	138	124	106.000	345.377	541	459	432	401	375	350	325	296	258	214	173	1	116	1341.530	787.601	0	0	0	991	1099.129	0	0	397	390.940	0	0	0	0	0.000	0.000	0	0	0	0	0.000	0	0	0	0.000	0	0
137	137	1722	981.714	777.620	0.861	178	236	977	296	7	178	236	977	296	7	110.308	168.445	699	170	165	163	161	159	157	154	150	143	128	110.611	2552.876	3398	3078	2919	2797	2698	2595	2473	2342	2188	1973	1327	1	56	988.912	793.684	0	0	0	410	417.857	0	0	2467	2404.821	0	0	0	0	0.000	0.000	0	0	0	0	0.000	0	0	0	0.000	0	0
138	138	1813	1998.983	779.022	0.912	38	87	687	900	66	38	87	687	900	66	107.410	135.631	153	146	143	140	138	136	134	132	129	124	116	103.076	289.062	447	396	366	333	306	277	258	239	223	195	156	0	0	0.000	0.000	0	0	0	0	0.000	0	0	0	0.000	0	0	0	0	0.000	0.000	0	0	0	0	0.000	0	0	0	0.000	0	0
139	139	2012	1435.398	786.135	0.876	943	905	81	18	12	943	905	81	18	12	111.656	445.457	972	747	576	468	432	396	370	337	305	275	206	105.996	133.507	166	150	143	139	135	133	130	127	124	119	111	0	0	0.000	0.000	0	0	0	0	0.000	0	0	0	0.000	0	0	0	0	0.000	0.000	0	0	0	0	0.000	0	0	0	0.000	0	0
140	140	1410	297.685	789.733	0.868	74	538	604	134	28	74	538	604	134	28	107.084	124.292	140	133	131	128	125	123	122	120	118	116	112	103.008	123.530	142	131	129	127	125	124	122	120	118	115	109	0	0	0.000	0.000	0	0	0	0	0.000	0	0	0	0.000	0	0	0	0	0.000	0.000	0	0	0	0	0.000	0	0	0	0.000	0	0
141	141	1668	1133.158	798.621	0.886	355	1227	59	6	4	355	1227	59	6	4	110.234	164.403	191	186	183	178	171	166	160	153	147	140	130	109.808	579.988	898	775	734	688	642	596	547	490	421	343	261	0	0	0.000	0.000	0	0	0	0	0.000	0	0	0	0.000	0	0	0	0	0.000	0.000	0	0	0	0	0.000	0	0	0	0.000	0	0
142	142	884	1231.360	793.438	0.924	342	286	139	60	43	342	286	139	60	43	110.697	141.802	156	152	150	148	146	144	141	138	133	128	121	107.881	460.731	697	613	571	541	510	470	426	382	341	298	213	0	0	0.000	0.000	0	0	0	0	0.000	0	0	0	0.000	0	0	0	0	0.000	0.000	0	0	0	0	0.000	0	0	0	0.000	0	0
143	143	1024	1523.199	790.041	0.908	87	320	296	251	52	87	320	296	251	52	110.334	174.193	532	236	187	170	162	157	150	144	138	132	124	105.534	126.409	147	135	132	130	128	126	125	123	120	117	111	1	70	1527.496	787.569	0	0	0	353	357.543	0	0	131	131.014	0	0	0	0	0.000	0.000	0	0	0	0	0.000	0	0	0	0.000	0	0
144	144	2339	1949.999	805.287	0.862	186	1685	370	47	14	186	1685	370	47	14	108.374	142.721	166	155	151	149	147	144	141	137	132	128	121	103.916	999.051	1653	1467	1330	1185	1077	964	885	795	710	567	347	0	0	0.000	0.000	0	0	0	0	0.000	0	0	0	0.000	0	0	0	0	0.000	0.000	0	0	0	0	0.000	0	0	0	0.000	0	0
145	145	2177	727.878	805.843	0.890	495	1190	333	99	23	495	1190	333	99	23	109.409	117.869	131	123	120	119	118	117	116	116	115	114	110	106.021	753.773	1149	992	930	886	822	758	699	639	592	499	266	0	0	0.000	0.000	0	0	0	0	0.000	0	0	0	0.000	0	0	0	0	0.000	0.000	0	0	0	0	0.000	0	0	0	0.000	0	0
146	146	1007	679.584	800.348	0.924	329	359	166	106	32	329	359	166	106	32	109.122	115.189	120	117	116	116	115	115	115	114	114	113	111	106.000	327.475	478	434	401	375	345	324	299	278	255	229	185	0	0	0.000	0.000	0	0	0	0	0.000	0	0	0	0.000	0	0	0	0	0.000	0.000	0	0	0	0	0.000	0	0	0	0.000	0	0
147	147	1329	1183.030	808.287	0.897	161	123	832	184	12	161	123	832	184	12	110.000	159.002	187	176	172	168	163	159	156	152	148	141	127	107.827	457.053	700	612	561	519	471	434	408	387	364	337	249	0	0	0.000	0.000	0	0	0	0	0.000	0	0	0	0.000	0	0	0	0	0.000	0.000	0	0	0	0	0.000	0	0	0	0.000	0	0
148	148	1590	1026.542	816.283	0.898	1453	87	19	16	11	1453	87	19	16	11	110.791	121.950	135	128	125	123	122	121	120	120	119	118	115	110.968	2266.997	3054	2827	2645	2503	2391	2280	2139	2009	1892	1765	1236	0	0	0.000	0.000	0	0	0	0	0.000	0	0	0	0.000	0	0	0	0	0.000	0.000	0	0	0	0	0.000	0	0	0	0.000	0	0
149	149	1249	1280.943	815.090	0.902	127	627	432	23	11	127	627	432	23	11	111.582	122.172	131	126	125	124	123	122	121	120	119	118	114	106.993	116.119	133	122	118	117	116	115	115	114	113	112	107	0	0	0.000	0.000	0	0	0	0	0.000	0	0	0	0.000	0	0	1	13	1268.038	809.499	0	0	0	121	120.538	0	0	120	119.538	0	0
150	150	359	1552.722	809.963	0.931	183	120	24	11	11	183	120	24	11	11	108.989	121.209	129	126	125	123	122	121	120	119	118	117	115	105.000	110.908	117	114	113	112	111	111	110	110	109	108	106	0	0	0.000	0.000	0	0	0	0	0.000	0	0	0	0.000	0	0	0	0	0.000	0.000	0	0	0	0	0.000	0	0	0	0.000	0	0
151	151	1638	942.754	826.444	0.898	120	1286	170	36	11	120	1286	170	36	11	110.000	247.114	1676	380	258	222	206	194	182	172	162	152	129	107.681	127.455	142	134	131	130	129	127	126	125	123	121	113	1	90	938.317	814.313	0	0	0	784	821.167	0	0	135	134.911	0	0	0	0	0.000	0.000	0	0	0	0	0.000	0	0	0	0.000	0	0
152	152	1613	1095.996	829.270	0.874	18	64	378	948	183	18	64	378	948	183	111.000	145.949	341	160	155	150	146	142	138	135	132	129	122	110.014	497.172	781	669	610	568	531	503	466	418	371	323	245	1	35	1093.743	842.259	0	0	0	252	249.571	0	0	729	727.514	0	0	0	0	0.000	0.000	0	0	0	0	0.000	0	0	0	0.000	0	0
153	153	3030	1329.767	836.908	0.877	87	1412	1332	134	7	87	1412	1332	134	7	111.369	524.899	4059	1353	617	353	255	223	208	193	182	168	136	105.685	355.689	604	501	464	422	385	351	316	279	250	214	160	1	414	1315.372	841.574	0	0	0	1862	2029.901	0	0	454	426.995	0	0	0	0	0.000	0.000	0	0	0	0	0.000	0	0	0	0.000	0	0
154	154	640	1244.676	828.048	0.899	14	145	311	138	24	14	145	311	138	24	111.297	123.664	135	129	127	126	125	124	122	121	120	119	115	107.000	116.839	136	122	120	119	118	117	116	115	113	112	106	0	0	0.000	0.000	0	0	0	0	0.000	0	0	0	0.000	0	0	0	0	0.000	0.000	0	0	0	0	0.000	0	0	0	0.000	0	0
155	155	2259	1760.999	851.189	0.884	253	1166	672	116	16	253	1166	672	116	16	110.000	135.919	189	154	144	138	136	133	130	128	126	123	116	103.000	123.184	171	133	128	125	122	121	119	118	116	114	108	0	0	0.000	0.000	0	0	0	0	0.000	0	0	0	0.000	0	0	1	28	1762.495	829.670	0	0	0	179	178.643	0	0	160	159.429	0	0
156	156	1911	1536.162	851.390	0.896	102	553	863	323	33	102	553	863	323	33	109.916	447.638	803	585	534	504	475	443	414	385	353	311	205	104.275	120.997	133	127	125	124	123	121	120	119	117	115	107	0	0	0.000	0.000	0	0	0	0	0.000	0	0	0	0.000	0	0	0	0	0.000	0.000	0	0	0	0	0.000	0	0	0	0.000	0	0
157	157	1437	1439.305	852.235	0.894	303	944	147	11	6	303	944	147	11	6	110.000	175.750	301	255	219	191	174	161	149	140	134	130	124	104.251	142.617	207	171	157	147	140	136	134	131	129	126	111	0	0	0.000	0.000	0	0	0	0	0.000	0	0	0	0.000	0	0	0	0	0.000	0.000	0	0	0	0	0.000	0	0	0	0.000	0	0
158	158	1808	686.829	859.402	0.919	1699	60	20	14	11	1699	60	20	14	11	109.846	137.213	673	140	135	131	129	127	125	123	121	119	114	105.046	725.655	1055	936	884	846	810	763	703	630	545	462	292	1	70	680.097	869.082	0	0	0	334	340.171	0	0	803	791.071	0	0	0	0	0.000	0.000	0	0	0	0	0.000	0	0	0	0.000	0	0
159	159	2044	1219.915	862.566	0.869	54	74	501	1286	84	54	74	501	1286	84	110.815	246.892	313	288	277	266	256	248	239	230	219	206	155	106.085	796.438	1067	1005	951	901	852	805	764	719	660	566	385	0	0	0.000	0.000	0	0	0	0	0.000	0	0	0	0.000	0	0	0	0	0.000	0.000	0	0	0	0	0.000	0	0	0	0.000	0	0
160	160	1635	1277.507	867.899	0.814	163	908	368	119	49	163	908	368	119	49	111.395	191.068	225	210	206	202	199	195	190	184	176	166	133	105.927	481.013	694	593	565	542	521	499	473	439	392	338	221	0	0	0.000	0.000	0	0	0	0	0.000	0	0	0	0.000	0	0	0	0	0.000	0.000	0	0	0	0	0.000	0	0	0	0.000	0	0
161	161	2070	1057.821	864.988	0.892	688	1255	67	10	11	688	1255	67	10	11	110.943	120.375	134	128	124	122	120	119	118	118	117	116	112	109.137	1557.059	2659	2357	2182	2010	1837	1638	1420	1106	834	655	489	0	0	0.000	0.000	0	0	0	0	0.000	0	0	0	0.000	0	0	0	0	0.000	0.000	0	0	0	0	0.000	0	0	0	0.000	0	0
162	162	1521	1004.357	858.826	0.921	808	389	181	88	33	808	389	181	88	33	110.142	122.423	146	136	130	125	122	119	118	116	116	115	111	108.962	409.552	639	583	525	470	427	390	359	330	301	274	246	1	21	998.212	872.792	0	0	0	124	124.000	0	0	588	587.952	0	0	0	0	0.000	0.000	0	0	0	0	0.000	0	0	0	0.000	0	0
163	163	290	764.764	854.007	0.925	36	75	68	57	48	36	75	68	57	48	110.000	118.852	124	122	121	120	120	119	119	118	117	115	112	105.097	343.121	455	424	404	383	362	340	321	306	288	272	211	0	0	0.000	0.000	0	0	0	0	0.000	0	0	0	0.000	0	0	0	0	0.000	0.000	0	0	0	0	0.000	0	0	0	0.000	0	0
164	164	1446	1146.202	863.445	0.840	27	226	752	386	32	27	226	752	386	32	110.000	190.710	1328	200	167	163	160	157	154	152	149	144	133	106.820	590.259	811	687	653	630	613	593	573	548	525	486	377	1	72	1135.517	861.457	0	0	0	649	694.611	0	0	658	657.583	0	0	0	0	0.000	0.000	0	0	0	0	0.000	0	0	0	0.000	0	0
165	165	477	1363.080	863.095	0.902	39	109	264	51	5	39	109	264	51	5	110.375	194.440	237	224	217	211	207	201	191	180	170	158	135	104.505	407.637	555	516	488	469	448	427	403	374	326	260	174	0	0	0.000	0.000	0	0	0	0	0.000	0	0	0	0.000	0	0	0	0	0.000	0.000	0	0	0	0	0.000	0	0	0	0.000	0	0
166	166	1659	735.758	874.807	0.912	96	262	1072	172	32	96	262	1072	172	32	110.000	301.645	3825	524	161	138	134	131	128	125	123	120	115	105.175	637.996	985	899	807	723	662	617	580	539	492	425	287	1	145	725.681	881.521	0	0	0	1659	1801.200	0	0	895	871.924	0	0	0	0	0.000	0.000	0	0	0	0	0.000	0	0	0	0.000	0	0
167	167	1670	85.911	879.300	0.894	1456	148	23	12	9	1456	148	23	12	9	106.002	188.360	1756	190	159	156	153	150	147	143	138	132	123	103.000	494.843	675	617	594	566	541	509	469	433	398	357	219	1	89	83.472	885.660	0	0	0	702	797.135	0	0	553	532.292	0	0	0	0	0.000	0.000	0	0	0	0	0.000	0	0	0	0.000	0	0
168	168	1776	922.824	884.696	0.877	40	369	1157	169	8	40	369	1157	169	8	109.965	147.262	170	162	159	156	153	148	144	140	135	130	123	105.107	418.100	588	535	516	488	463	439	408	370	316	257	201	0	0	0.000	0.000	0	0	0	0	0.000	0	0	0	0.000	0	0	0	0	0.000	0.000	0	0	0	0	0.000	0	0	0	0.000	0	0
169	169	1084	1016.303	910.763	0.748	73	195	536	221	32	73	195	536	221	32	110.000	118.195	123	120	119	119	119	118	118	117	117	116	114	105.543	1473.597	1956	1759	1682	1627	1570	1508	1436	1354	1274	1131	837	0	0	0.000	0.000	0	0	0	0	0.000	0	0	0	0.000	0	0	0	0	0.000	0.000	0	0	0	0	0.000	0	0	0	0.000	0	0
170	170	1630	771.319	918.367	0.896	301	1050	205	26	14	301	1050	205	26	14	110.026	154.720	518	202	153	145	138	134	131	129	128	124	115	104.975	579.286	1001	872	773	678	617	554	495	438	382	347	238	1	141	773.492	928.319	0	0	0	312	322.972	0	0	724	712.638	0	0	0	0	0.000	0.000	0	0	0	0	0.000	0	0	0	0.000	0	0
171	171	1525	822.007	919.049	0.919	25	508	745	196	28	25	508	745	196	28	110.000	128.703	140	135	134	132	131	129	127	126	124	122	117	104.076	488.319	752	637	594	564	528	493	458	416	375	320	266	0	0	0.000	0.000	0	0	0	0	0.000	0	0	0	0.000	0	0	0	0	0.000	0.000	0	0	0	0	0.000	0	0	0	0.000	0	0
172	172	2156	84.613	931.287	0.881	26	153	1396	512	22	26	153	1396	512	22	106.683	182.168	344	208	196	190	185	180	176	169	160	145	125	102.955	447.278	681	602	560	529	497	463	418	380	327	266	191	0	0	0.000	0.000	0	0	0	0	0.000	0	0	0	0.000	0	0	0	0	0.000	0.000	0	0	0	0	0.000	0	0	0	0.000	0	0
173	173	2063	141.726	931.375	0.898	52	329	1456	161	25	52	329	1456	161	25	107.000	175.903	224	202	196	191	185	180	172	163	154	144	125	102.184	523.556	749	694	654	612	577	544	506	458	393	311	208	0	0	0.000	0.000	0	0	0	0	0.000	0	0	0	0.000	0	0	0	0	0.000	0.000	0	0	0	0	0.000	0	0	0	0.000	0	0
174	174	582	858.229	931.310	0.918	20	35	128	346	47	20	35	128	346	47	109.058	153.564	675	215	133	128	127	126	124	123	121	118	114	104.000	459.557	624	582	550	521	491	465	435	406	373	328	267	1	62	848.843	936.861	0	0	0	360	362.758	0	0	404	395.952	0	0	0	0	0.000	0.000	0	0	0	0	0.000	0	0	0	0.000	0	0
175	175	1480	1805.111	943.526	0.895	62	265	1011	108	13	62	265	1011	108	13	109.316	115.060	120	117	116	116	115	115	115	114	114	113	110	103.000	264.568	381	321	295	282	272	263	253	242	231	216	164	0	0	0.000	0.000	0	0	0	0	0.000	0	0	0	0.000	0	0	0	0	0.000	0.000	0	0	0	0	0.000	0	0	0	0.000	0	0
176	176	1395	39.472	946.084	0.887	20	124	968	235	24	20	124	968	235	24	105.254	227.118	2216	292	167	162	158	152	145	139	132	127	122	102.000	484.463	756	664	627	590	548	502	452	400	330	263	203	1	96	35.411	930.872	0	0	0	1043	1094.604	0	0	584	572.104	0	0	0	0	0.000	0.000	0	0	0	0	0.000	0	0	0	0.000	0	0
177	177	1810	933.432	950.953	0.859	12	99	789	821	65	12	99	789	821	65	109.945	223.940	2775	261	142	134	132	131	129	128	126	122	115	103.666	463.479	643	590	555	517	493	468	441	412	378	341	227	1	127	946.232	961.538	0	0	0	1209	1277.732	0	0	557	551.323	0	0	0	0	0.000	0.000	0	0	0	0	0.000	0	0	0	0.000	0	0
178	178	695	1352.224	951.887	0.864	63	358	216	29	7	63	358	216	29	7	111.000	246.879	391	329	307	289	274	252	225	200	178	160	136	103.000	153.147	203	181	172	166	160	156	148	139	131	124	114	0	0	0.000	0.000	0	0	0	0	0.000	0	0	0	0.000	0	0	0	0	0.000	0.000	0	0	0	0	0.000	0	0	0	0.000	0	0
179	179	1985	1025.685	963.049	0.903	14	69	686	1033	146	14	69	686	1033	146	109.927	119.575	130	124	122	121	120	119	118	118	117	116	113	103.512	1663.256	2294	2119	1997	1866	1750	1668	1592	1494	1342	1195	771	0	0	0.000	0.000	0	0	0	0	0.000	0	0	0	0.000	0	0	0	0	0.000	0.000	0	0	0	0	0.000	0	0	0	0.000	0	0
180	180	1963	1971.297	958.635	0.883	168	613	778	316	55	168	613	778	316	55	108.947	190.637	1489	263	147	139	136	133	131	129	127	124	116	102.000	149.882	188	169	165	160	155	151	146	142	136	129	109	1	151	1977.703	948.201	0	0	0	700	764.298	0	0	168	167.987	0	0	0	0	0.000	0.000	0	0	0	0	0.000	0	0	0	0.000	0	0
181	181	1595	751.794	964.138	0.918	165	152	687	529	37	165	152	687	529	37	110.000	144.677	487	161	144	138	135	132	130	128	127	123	112	104.647	762.418	1195	1039	981	923	853	785	709	623	528	446	251	1	92	741.187	955.820	0	0	0	292	298.141	0	0	968	960.783	0	0	0	0	0.000	0.000	0	0	0	0	0.000	0	0	0	0.000	0	0
182	182	284	1934.005	955.569	0.930	20	41	118	71	30	20	41	118	71	30	109.000	120.722	127	125	124	123	122	121	120	119	118	117	112	102.000	129.113	151	141	137	135	132	130	128	125	121	116	107	0	0	0.000	0.000	0	0	0	0	0.000	0	0	0	0.000	0	0	0	0	0.000	0.000	0	0	0	0	0.000	0	0	0	0.000	0	0
183	183	1555	684.347	972.964	0.912	29	194	1030	251	25	29	194	1030	251	25	109.601	141.633	160	151	149	148	146	144	141	137	133	127	121	104.338	732.801	1014	931	882	839	797	758	708	647	573	499	303	0	0	0.000	0.000	0	0	0	0	0.000	0	0	0	0.000	0	0	0	0	0.000	0.000	0	0	0	0	0.000	0	0	0	0.000	0	0
184	184	1399	58.315	985.995	0.911	64	485	504	248	79	64	485	504	248	79	105.528	150.529	177	166	162	157	153	150	148	145	140	135	128	101.680	494.585	753	691	626	552	522	492	456	419	373	320	263	0	0	0.000	0.000	0	0	0	0	0.000	0	0	0	0.000	0	0	0	0	0.000	0.000	0	0	0	0	0.000	0	0	0	0.000	0	0
185	185	1300	415.762	999.653	0.897	71	433	631	116	21	71	433	631	116	21	108.343	126.241	157	144	135	128	125	123	121	119	118	116	112	102.000	184.374	468	242	210	193	180	171	165	158	145	128	108	0	0	0.000	0.000	0	0	0	0	0.000	0	0	0	0.000	0	0	1	54	420.344	1003.091	0	0	0	135	135.611	0	0	378	367.574	0	0
186	186	1810	2002.928	1011.407	0.876	16	191	908	587	72	16	191	908	587	72	108.080	130.320	339	136	131	130	128	127	125	123	121	119	115	102.000	148.754	179	166	161	157	154	151	147	142	137	130	108	1	52	2018.892	1010.178	0	0	0	229	228.519	0	0	157	154.250	0	0	0	0	0.000	0.000	0	0	0	0	0.000	0	0	0	0.000	0	0
187	187	1048	741.453	1005.734	0.911	651	275	66	27	16	651	275	66	27	16	110.000	134.051	148	144	141	139	138	136	133	130	126	121	115	104.894	998.229	1372	1292	1232	1160	1096	1033	961	878	769	656	365	0	0	0.000	0.000	0	0	0	0	0.000	0	0	0	0.000	0	0	0	0	0.000	0.000	0	0	0	0	0.000	0	0	0	0.000	0	0
188	188	2310	350.394	1077.711	0.897	67	1117	968	98	15	67	1117	968	98	15	108.855	116.222	124	120	118	117	116	116	115	115	114	113	110	102.848	576.954	847	760	711	659	611	575	540	506	465	392	271	0	0	0.000	0.000	0	0	0	0	0.000	0	0	0	0.000	0	0	0	0	0.000	0.000	0	0	0	0	0.000	0	0	0	0.000	0	0
189	189	1215	865.695	1078.312	0.894	530	590	62	7	7	530	590	62	7	7	110.000	403.049	4133	514	379	333	306	285	261	236	214	199	154	103.252	151.931	271	180	171	163	155	149	142	136	130	126	118	1	69	863.353	1086.847	0	0	0	1981	2033.609	0	0	202	202.899	0	0	0	0	0.000	0.000	0	0	0	0	0.000	0	0	0	0.000	0	0
190	190	1303	921.793	1096.571	0.888	52	55	436	670	71	52	55	436	670	71	110.989	152.774	172	166	162	160	157	154	150	146	143	138	131	103.297	826.592	1290	1164	1055	961	891	814	745	680	604	512	405	0	0	0.000	0.000	0	0	0	0	0.000	0	0	0	0.000	0	0	0	0	0.000	0.000	0	0	0	0	0.000	0	0	0	0.000	0	0
191	191	1544	530.311	1103.513	0.906	35	322	964	171	33	35	322	964	171	33	110.288	469.758	5424	971	297	212	198	188	181	176	171	159	138	103.000	122.865	143	128	126	124	123	122	121	120	119	118	112	1	146	522.806	1098.364	0	0	0	2549	2687.610	0	0	131	131.144	0	0	0	0	0.000	0.000	0	0	0	0	0.000	0	0	0	0.000	0	0
192	192	1070	1819.263	1096.191	0.909	31	43	556	329	90	31	43	556	329	90	110.000	128.316	137	135	133	132	131	129	127	125	124	121	115	105.687	2765.302	4211	3878	3648	3352	3083	2869	2592	2271	1889	1503	902	0	0	0.000	0.000	0	0	0	0	0.000	0	0	0	0.000	0	0	0	0	0.000	0.000	0	0	0	0	0.000	0	0	0	0.000	0	0
193	193	1438	1895.994	1101.091	0.905	259	811	250	67	22	259	811	250	67	22	110.000	173.129	276	225	202	186	172	163	156	151	145	138	128	105.255	190.399	298	255	221	206	195	182	171	162	156	147	124	0	0	0.000	0.000	0	0	0	0	0.000	0	0	0	0.000	0	0	0	0	0.000	0.000	0	0	0	0	0.000	0	0	0	0.000	0	0
194	194	277	752.931	1092.824	0.943	16	57	70	77	54	16	57	70	77	54	110.657	152.513	195	165	162	159	155	152	149	146	142	138	131	104.000	337.347	460	429	407	381	359	338	321	296	269	243	205	0	0	0.000	0.000	0	0	0	0	0.000	0	0	0	0.000	0	0	0	0	0.000	0.000	0	0	0	0	0.000	0	0	0	0.000	0	0
195	195	1986	1770.501	1109.456	0.817	64	371	1107	385	15	64	371	1107	385	15	110.270	126.476	138	133	131	130	128	126	125	123	122	120	115	105.930	2567.152	4991	4007	3486	3175	2831	2505	2210	1875	1535	1194	729	0	0	0.000	0.000	0	0	0	0	0.000	0	0	0	0.000	0	0	0	0	0.000	0.000	0	0	0	0	0.000	0	0	0	0.000	0	0
196	196	2122	1434.744	1118.889	0.902	1000	979	56	33	20	1000	979	56	33	20	111.331	132.073	163	145	140	137	134	131	128	125	124	122	115	104.000	1955.755	6317	3005	2604	2330	2050	1845	1680	1431	1145	824	381	0	0	0.000	0.000	0	0	0	0	0.000	0	0	0	0.000	0	0	1	14	1422.224	1122.011	0	0	0	158	156.857	0	0	5635	5550.429	0	0
197	197	2297	745.936	1131.104	0.852	40	677	1164	355	21	40	677	1164	355	21	110.999	254.840	532	302	278	266	257	248	239	230	219	206	150	103.397	792.377	1275	1071	975	898	833	781	728	672	611	541	270	0	0	0.000	0.000	0	0	0	0	0.000	0	0	0	0.000	0	0	0	0	0.000	0.000	0	0	0	0	0.000	0	0	0	0.000	0	0
198	198	1236	1966.177	1128.395	0.898	161	560	370	95	22	161	560	370	95	22	110.000	163.628	200	179	175	171	168	165	162	159	153	145	128	104.398	500.437	921	684	621	582	537	493	452	400	361	327	248	0	0	0.000	0.000	0	0	0	0	0.000	0	0	0	0.000	0	0	0	0	0.000	0.000	0	0	0	0	0.000	0	0	0	0.000	0	0
199	199	1535	1215.587	1129.497	0.893	43	820	588	41	10	43	820	588	41	10	111.257	123.753	132	128	126	126	125	124	123	122	121	119	117	104.000	536.967	794	719	665	615	581	546	512	474	420	333	242	0	0	0.000	0.000	0	0	0	0	0.000	0	0	0	0.000	0	0	0	0	0.000	0.000	0	0	0	0	0.000	0	0	0	0.000	0	0
200	200	1305	1711.931	1128.612	0.893	31	84	835	260	74	31	84	835	260	74	109.930	129.923	142	136	134	133	132	130	129	127	126	123	118	105.692	3504.490	5201	4642	4417	4202	4005	3678	3341	2940	2558	2060	1294	0	0	0.000	0.000	0	0	0	0	0.000	0	0	0	0.000	0	0	0	0	0.000	0.000	0	0	0	0	0.000	0	0	0	0.000	0	0
201	201	1942	337.749	1142.837	0.880	84	1022	734	59	6	84	1022	734	59	6	108.562	116.841	126	121	120	118	117	116	116	115	114	113	110	103.000	458.105	813	660	610	565	512	460	409	345	286	251	206	0	0	0.000	0.000	0	0	0	0	0.000	0	0	0	0.000	0	0	0	0	0.000	0.000	0	0	0	0	0.000	0	0	0	0.000	0	0
202	202	1585	930.446	1141.813	0.895	26	46	700	753	29	26	46	700	753	29	110.960	149.139	173	162	158	155	153	151	148	145	139	133	124	104.000	842.023	1312	1116	1038	982	930	872	820	762	640	483	312	0	0	0.000	0.000	0	0	0	0	0.000	0	0	0	0.000	0	0	0	0	0.000	0.000	0	0	0	0	0.000	0	0	0	0.000	0	0
203	203	2453	1894.092	1153.649	0.882	70	1042	1149	134	15	70	1042	1149	134	15	110.959	119.116	141	123	121	120	119	118	118	117	116	116	112	106.234	1360.174	1985	1840	1774	1677	1594	1473	1337	1151	898	654	441	1	115	1880.265	1148.648	0	0	0	129	129.652	0	0	1658	1650.583	0	0	0	0	0.000	0.000	0	0	0	0	0.000	0	0	0	0.000	0	0
204	204	2316	1755.114	1167.529	0.866	87	498	1050	588	45	87	498	1050	588	45	110.813	132.002	143	137	136	135	134	133	132	131	129	126	115	106.000	4297.617	6828	6227	5503	5076	4687	4397	4048	3638	3025	2324	1260	0	0	0.000	0.000	0	0	0	0	0.000	0	0	0	0.000	0	0	0	0	0.000	0.000	0	0	0	0	0.000	0	0	0	0.000	0	0
205	205	326	1810.376	1151.195	0.977	54	146	82	29	9	54	146	82	29	9	111.000	153.561	189	180	171	163	157	152	147	142	137	132	123	106.000	129.460	165	154	141	135	129	125	122	120	118	115	110	0	0	0.000	0.000	0	0	0	0	0.000	0	0	0	0.000	0	0	0	0	0.000	0.000	0	0	0	0	0.000	0	0	0	0.000	0	0
206	206	1593	701.037	1166.709	0.880	536	947	76	5	3	536	947	76	5	3	110.964	234.305	292	271	258	251	244	234	226	218	210	199	171	102.869	699.712	989	893	837	793	751	706	666	625	568	489	359	0	0	0.000	0.000	0	0	0	0	0.000	0	0	0	0.000	0	0	0	0	0.000	0.000	0	0	0	0	0.000	0	0	0	0.000	0	0
207	207	1575	537.745	1167.052	0.869	20	257	881	354	27	20	257	881	354	27	110.000	130.243	171	135	132	131	130	129	128	127	126	124	116	102.982	128.652	144	135	133	132	131	129	128	125	123	121	114	0	0	0.000	0.000	0	0	0	0	0.000	0	0	0	0.000	0	0	0	0	0.000	0.000	0	0	0	0	0.000	0	0	0	0.000	0	0
208	208	1255	1837.799	1171.985	0.892	34	125	846	187	43	34	125	846	187	43	111.000	200.757	236	224	219	212	205	201	198	193	187	175	150	106.000	640.451	861	811	768	728	697	656	619	574	519	436	298	0	0	0.000	0.000	0	0	0	0	0.000	0	0	0	0.000	0	0	0	0	0.000	0.000	0	0	0	0	0.000	0	0	0	0.000	0	0
209	209	298	392.335	1162.569	0.781	21	57	120	77	17	21	57	120	77	17	108.000	221.674	248	236	229	226	223	221	219	217	214	210	189	102.977	128.701	137	133	132	131	130	128	127	127	126	124	121	0	0	0.000	0.000	0	0	0	0	0.000	0	0	0	0.000	0	0	0	0	0.000	0.000	0	0	0	0	0.000	0	0	0	0.000	0	0
210	210	2169	1953.903	1183.193	0.883	25	1081	989	33	6	25	1081	989	33	6	109.712	119.518	145	128	122	120	119	118	117	116	116	115	111	105.403	1251.497	1838	1708	1630	1544	1431	1302	1174	1022	859	684	405	0	0	0.000	0.000	0	0	0	0	0.000	0	0	0	0.000	0	0	0	0	0.000	0.000	0	0	0	0	0.000	0	0	0	0.000	0	0
211	211	1492	1132.117	1188.845	0.892	179	354	774	142	18	179	354	774	142	18	112.000	396.245	1363	615	509	464	415	365	326	285	247	213	160	105.236	132.233	241	152	140	135	131	128	125	123	120	118	111	1	12	1143.030	1177.052	0	0	0	1065	1033.583	0	0	133	132.333	0	0	1	32	1136.319	1188.265	0	0	0	651	654.125	0	0	183	181.938	0	0
212	212	1859	1068.874	1193.301	0.896	68	899	757	92	14	68	899	757	92	14	110.830	116.783	124	120	119	118	117	117	116	116	115	114	111	104.283	120.521	131	125	124	123	122	121	120	119	118	116	108	0	0	0.000	0.000	0	0	0	0	0.000	0	0	0	0.000	0	0	0	0	0.000	0.000	0	0	0	0	0.000	0	0	0	0.000	0	0
213	213	1723	2008.664	1204.090	0.868	156	1143	340	39	10	156	1143	340	39	10	108.409	123.104	146	134	130	126	122	120	119	118	117	116	113	104.000	2033.670	3065	2704	2523	2370	2192	2022	1883	1753	1565	1283	926	0	0	0.000	0.000	0	0	0	0	0.000	0	0	0	0.000	0	0	0	0	0.000	0.000	0	0	0	0	0.000	0	0	0	0.000	0	0
214	214	1762	1869.246	1214.060	0.877	20	589	1010	94	9	20	589	1010	94	9	111.000	200.974	724	234	220	208	196	187	178	173	166	152	135	105.847	570.682	996	865	764	683	607	545	493	440	391	333	222	1	54	1865.901	1206.355	0	0	0	488	492.500	0	0	500	507.204	0	0	0	0	0.000	0.000	0	0	0	0	0.000	0	0	0	0.000	0	0
215	215	2023	1016.698	1211.020	0.893	1807	144	28	19	13	1807	144	28	19	13	110.516	117.812	125	122	120	119	118	117	117	116	115	115	112	105.470	122.057	136	128	126	124	123	122	121	120	118	117	108	0	0	0.000	0.000	0	0	0	0	0.000	0	0	0	0.000	0	0	0	0	0.000	0.000	0	0	0	0	0.000	0	0	0	0.000	0	0
216	216	455	326.926	1228.244	0.897	38	237	138	29	4	38	237	138	29	4	108.000	115.143	119	117	117	116	116	115	115	114	114	113	110	103.000	1291.910	1614	1540	1500	1438	1400	1365	1291	1214	1099	919	700	0	0	0.000	0.000	0	0	0	0	0.000	0	0	0	0.000	0	0	0	0	0.000	0.000	0	0	0	0	0.000	0	0	0	0.000	0	0
217	217	1575	1930.624	1233.329	0.892	22	164	715	584	61	22	164	715	584	61	110.201	215.121	266	248	240	234	227	221	214	204	191	169	144	105.121	647.072	920	838	784	749	714	673	619	578	518	407	257	0	0	0.000	0.000	0	0	0	0	0.000	0	0	0	0.000	0	0	0	0	0.000	0.000	0	0	0	0	0.000	0	0	0	0.000	0	0
218	218	1530	135.064	1252.408	0.887	63	130	706	539	58	63	130	706	539	58	106.955	168.188	197	189	184	179	175	170	165	161	153	143	128	102.941	388.460	526	487	468	446	416	387	366	343	316	285	203	0	0	0.000	0.000	0	0	0	0	0.000	0	0	0	0.000	0	0	0	0	0.000	0.000	0	0	0	0	0.000	0	0	0	0.000	0	0
219	219	2185	657.540	1260.031	0.871	114	508	1418	99	18	114	508	1418	99	18	110.690	376.716	3244	860	280	237	216	199	187	174	162	149	130	104.108	133.522	162	147	142	138	135	132	130	128	126	123	111	1	247	637.869	1255.860	0	0	0	1497	1616.032	0	0	136	135.964	0	0	0	0	0.000	0.000	0	0	0	0	0.000	0	0	0	0.000	0	0
220	220	588	596.331	1244.953	0.922	33	26	80	334	101	33	26	80	334	101	110.289	136.912	148	144	143	140	139	137	136	134	132	129	121	103.935	122.328	137	128	127	125	124	123	122	121	118	115	108	0	0	0.000	0.000	0	0	0	0	0.000	0	0	0	0.000	0	0	0	0	0.000	0.000	0	0	0	0	0.000	0	0	0	0.000	0	0
221	221	1147	702.665	1254.476	0.910	971	117	20	12	15	971	117	20	12	15	111.476	326.623	2364	722	269	194	182	177	171	167	162	157	143	104.826	123.405	145	130	128	126	124	123	122	120	119	116	110	1	145	700.448	1253.401	0	0	0	1102	1224.255	0	0	132	132.448	0	0	0	0	0.000	0.000	0	0	0	0	0.000	0	0	0	0.000	0	0
222	222	663	942.049	1254.618	0.732	194	213	158	72	18	194	213	158	72	18	112.665	366.861	613	532	490	463	426	380	332	284	224	177	145	109.338	182.836	248	218	212	206	196	187	176	160	148	140	129	0	0	0.000	0.000	0	0	0	0	0.000	0	0	0	0.000	0	0	0	0	0.000	0.000	0	0	0	0	0.000	0	0	0	0.000	0	0
223	223	2076	1889.457	1271.862	0.897	13	139	1092	756	42	13	139	1092	756	42	110.734	710.706	7027	2068	428	250	231	216	200	182	165	152	137	104.577	606.766	976	902	827	752	676	614	538	465	379	308	229	1	285	1890.248	1280.214	0	0	0	3351	3619.393	0	0	905	884.470	0	0	0	0	0.000	0.000	0	0	0	0	0.000	0	0	0	0.000	0	0
224	224	248	418.772	1252.954	0.902	27	71	82	52	11	27	71	82	52	11	108.714	119.500	125	123	122	121	120	119	119	118	118	117	115	103.000	116.532	121	119	118	118	117	117	116	116	115	114	111	0	0	0.000	0.000	0	0	0	0	0.000	0	0	0	0.000	0	0	0	0	0.000	0.000	0	0	0	0	0.000	0	0	0	0.000	0	0
225	225	2677	1300.209	1272.596	0.727	203	1992	417	16	4	203	1992	417	16	4	112.384	440.008	578	536	525	511	490	466	438	398	350	292	196	105.620	1734.265	2502	2274	2177	2103	1998	1859	1692	1481	1247	964	502	0	0	0.000	0.000	0	0	0	0	0.000	0	0	0	0.000	0	0	0	0	0.000	0.000	0	0	0	0	0.000	0	0	0	0.000	0	0
226	226	1339	303.187	1264.463	0.904	33	520	626	113	17	33	520	626	113	17	108.698	117.936	125	122	121	120	119	118	117	116	115	114	111	103.000	1355.715	2602	2083	1862	1632	1444	1296	1126	1001	878	770	572	0	0	0.000	0.000	0	0	0	0	0.000	0	0	0	0.000	0	0	0	0	0.000	0.000	0	0	0	0	0.000	0	0	0	0.000	0	0
227	227	1808	65.120	1276.581	0.861	101	1385	271	17	7	101	1385	271	17	7	105.873	114.972	124	120	118	117	115	114	113	113	112	111	108	101.897	992.963	1946	1349	1197	1113	1037	970	910	831	758	676	504	0	0	0.000	0.000	0	0	0	0	0.000	0	0	0	0.000	0	0	0	0	0.000	0.000	0	0	0	0	0.000	0	0	0	0.000	0	0
228	228	1635	1006.749	1275.223	0.909	864	569	93	42	44	864	569	93	42	44	113.038	171.171	197	189	185	178	174	171	167	164	160	155	137	109.849	886.470	1264	1174	1090	1003	946	895	827	762	685	608	400	0	0	0.000	0.000	0	0	0	0	0.000	0	0	0	0.000	0	0	0	0	0.000	0.000	0	0	0	0	0.000	0	0	0	0.000	0	0
229	229	1649	613.556	1285.502	0.870	10	327	1116	152	14	10	327	1116	152	14	110.919	143.051	177	155	152	149	146	143	140	137	134	131	123	103.962	128.605	145	137	134	132	130	128	126	124	123	121	114	0	0	0.000	0.000	0	0	0	0	0.000	0	0	0	0.000	0	0	0	0	0.000	0.000	0	0	0	0	0.000	0	0	0	0.000	0	0
230	230	2231	795.865	1300.128	0.869	23	533	1339	239	59	23	533	1339	239	59	111.584	123.531	136	129	127	126	124	123	122	121	120	118	113	106.195	787.026	1301	988	904	858	831	791	756	714	651	586	326	0	0	0.000	0.000	0	0	0	0	0.000	0	0	0	0.000	0	0	0	0	0.000	0.000	0	0	0	0	0.000	0	0	0	0.000	0	0
231	231	1200	427.330	1293.934	0.914	61	125	473	456	57	61	125	473	456	57	108.703	122.485	145	133	128	124	121	120	119	118	117	116	113	103.000	1513.974	2540	2144	1871	1718	1602	1499	1395	1289	1167	942	485	0	0	0.000	0.000	0	0	0	0	0.000	0	0	0	0.000	0	0	0	0	0.000	0.000	0	0	0	0	0.000	0	0	0	0.000	0	0
232	232	2721	701.514	1307.968	0.859	72	947	1502	122	17	72	947	1502	122	17	112.225	568.932	6766	959	383	330	295	275	256	235	216	193	150	104.705	128.819	148	136	135	133	131	130	127	125	123	120	110	1	224	710.545	1321.183	0	0	0	3147	3397.946	0	0	138	137.929	0	0	0	0	0.000	0.000	0	0	0	0	0.000	0	0	0	0.000	0	0
233	233	1808	112.450	1307.442	0.836	236	1255	264	14	10	236	1255	264	14	10	106.809	178.732	879	192	175	169	164	157	153	149	143	136	130	102.527	328.298	526	459	420	389	352	315	282	256	239	219	195	1	86	100.954	1294.584	0	0	0	508	518.128	0	0	482	475.314	0	0	0	0	0.000	0.000	0	0	0	0	0.000	0	0	0	0.000	0	0
234	234	1495	568.798	1309.098	0.875	215	1069	152	32	7	215	1069	152	32	7	110.876	122.126	139	130	127	123	121	120	119	119	118	117	114	104.000	118.452	131	123	122	120	119	118	117	116	115	113	107	0	0	0.000	0.000	0	0	0	0	0.000	0	0	0	0.000	0	0	0	0	0.000	0.000	0	0	0	0	0.000	0	0	0	0.000	0	0
235	235	1070	754.073	1326.588	0.921	37	224	648	124	19	37	224	648	124	19	112.290	122.634	139	128	126	124	122	121	121	120	119	118	116	105.215	793.794	1392	1154	1037	968	893	821	742	644	524	374	209	0	0	0.000	0.000	0	0	0	0	0.000	0	0	0	0.000	0	0	0	0	0.000	0.000	0	0	0	0	0.000	0	0	0	0.000	0	0
236	236	1692	963.546	1334.255	0.896	725	549	264	96	35	725	549	264	96	35	114.384	239.628	1054	345	224	215	208	202	191	183	175	164	151	112.000	1246.230	1879	1668	1549	1458	1385	1308	1225	1080	902	707	542	1	128	970.210	1329.855	0	0	0	657	662.688	0	0	1305	1322.852	0	0	0	0	0.000	0.000	0	0	0	0	0.000	0	0	0	0.000	0	0
237	237	1202	1118.343	1332.762	0.904	200	869	92	16	10	200	869	92	16	10	113.000	130.319	152	144	137	134	131	129	127	125	123	120	115	108.530	3830.770	7495	5482	5029	4517	4198	3915	3586	3197	2620	1943	695	0	0	0.000	0.000	0	0	0	0	0.000	0	0	0	0.000	0	0	0	0	0.000	0.000	0	0	0	0	0.000	0	0	0	0.000	0	0
238	238	1170	528.373	1332.784	0.899	85	569	442	42	12	85	569	442	42	12	110.527	128.473	140	135	133	131	129	128	127	126	125	122	117	103.219	119.785	135	126	124	123	121	120	118	117	116	113	107	0	0	0.000	0.000	0	0	0	0	0.000	0	0	0	0.000	0	0	0	0	0.000	0.000	0	0	0	0	0.000	0	0	0	0.000	0	0
239	239	2079	818.253	1349.752	0.890	28	88	935	941	41	28	88	935	941	41	112.214	858.406	9092	2802	760	277	163	143	138	134	131	127	121	106.778	986.405	1469	1277	1184	1119	1067	1017	948	866	769	661	465	1	311	822.880	1357.749	0	0	0	3921	4299.900	0	0	1040	1051.141	0	0	0	0	0.000	0.000	0	0	0	0	0.000	0	0	0	0.000	0	0
240	240	698	409.485	1341.223	0.929	278	317	47	26	14	278	317	47	26	14	109.348	124.004	136	130	129	127	126	124	123	121	119	117	115	103.000	118.212	130	125	122	121	120	118	117	116	114	111	105	0	0	0.000	0.000	0	0	0	0	0.000	0	0	0	0.000	0	0	0	0	0.000	0.000	0	0	0	0	0.000	0	0	0	0.000	0	0
241	241	1898	1063.011	1353.700	0.894	3	162	1134	511	43	3	162	1134	511	43	113.000	121.481	134	127	125	123	122	121	120	119	119	118	113	109.794	424.590	644	581	525	484	456	427	396	363	325	268	212	0	0	0.000	0.000	0	0	0	0	0.000	0	0	0	0.000	0	0	0	0	0.000	0.000	0	0	0	0	0.000	0	0	0	0.000	0	0
242	242	2753	1489.816	1370.275	0.870	130	1230	1178	141	26	130	1230	1178	141	26	112.674	122.361	132	127	125	124	123	122	121	120	119	118	113	104.530	383.518	958	569	500	446	394	350	316	287	262	239	153	0	0	0.000	0.000	0	0	0	0	0.000	0	0	0	0.000	0	0	1	16	1506.931	1355.993	0	0	0	123	123.688	0	0	897	887.375	0	0
243	243	737	1283.838	1362.147	0.926	30	30	103	434	127	30	30	103	434	127	112.047	127.685	137	132	131	130	129	128	127	126	124	122	116	105.000	550.541	780	726	666	619	581	544	517	494	464	378	240	0	0	0.000	0.000	0	0	0	0	0.000	0	0	0	0.000	0	0	0	0	0.000	0.000	0	0	0	0	0.000	0	0	0	0.000	0	0
244	244	1770	677.867	1374.119	0.907	40	135	1086	342	142	40	135	1086	342	142	111.738	156.760	174	168	165	164	162	159	156	152	148	141	130	104.000	170.741	203	191	187	185	181	176	170	161	151	142	126	0	0	0.000	0.000	0	0	0	0	0.000	0	0	0	0.000	0	0	0	0	0.000	0.000	0	0	0	0	0.000	0	0	0	0.000	0	0
245	245	2292	765.886	1379.903	0.904	70	271	1113	744	48	70	271	1113	744	48	112.000	140.628	450	144	140	138	136	134	133	130	128	126	120	105.045	1189.861	1743	1594	1505	1420	1327	1240	1143	1036	885	670	416	1	85	769.613	1369.588	0	0	0	271	280.565	0	0	1553	1522.929	0	0	0	0	0.000	0.000	0	0	0	0	0.000	0	0	0	0.000	0	0
246	246	1339	457.582	1380.592	0.854	116	533	481	154	25	116	533	481	154	25	110.972	220.615	305	268	252	240	228	218	209	202	191	176	136	103.035	145.270	174	159	155	151	148	145	143	140	137	132	112	0	0	0.000	0.000	0	0	0	0	0.000	0	0	0	0.000	0	0	0	0	0.000	0.000	0	0	0	0	0.000	0	0	0	0.000	0	0
247	247	2464	947.652	1387.472	0.905	1829	370	177	47	19	1829	370	177	47	19	114.246	307.966	491	387	360	335	316	302	290	275	262	236	165	110.917	206.063	274	239	229	221	214	206	198	191	182	171	148	0	0	0.000	0.000	0	0	0	0	0.000	0	0	0	0.000	0	0	0	0	0.000	0.000	0	0	0	0	0.000	0	0	0	0.000	0	0
248	248	1614	864.369	1388.149	0.905	1392	156	20	15	10	1392	156	20	15	10	112.949	184.305	232	215	205	197	190	184	178	172	164	156	132	108.174	136.565	156	147	144	142	139	137	134	132	130	126	114	0	0	0.000	0.000	0	0	0	0	0.000	0	0	0	0.000	0	0	0	0	0.000	0.000	0	0	0	0	0.000	0	0	0	0.000	0	0
249	249	324	1031.511	1375.676	0.913	89	55	68	76	28	89	55	68	76	28	113.784	121.265	125	124	123	122	122	121	121	120	120	119	117	110.985	273.417	352	325	313	304	294	276	263	248	233	219	184	0	0	0.000	0.000	0	0	0	0	0.000	0	0	0	0.000	0	0	0	0	0.000	0.000	0	0	0	0	0.000	0	0	0	0.000	0	0
250	250	1680	1434.373	1387.657	0.916	379	1054	179	28	4	379	1054	179	28	4	112.602	122.067	135	128	125	123	122	121	120	120	119	118	116	105.000	411.833	812	566	519	484	452	410	367	322	285	247	182	0	0	0.000	0.000	0	0	0	0	0.000	0	0	0	0.000	0	0	0	0	0.000	0.000	0	0	0	0	0.000	0	0	0	0.000	0	0
251	251	1875	1312.289	1395.108	0.904	58	515	1114	137	9	58	515	1114	137	9	112.000	152.232	779	169	135	132	131	130	129	127	125	123	118	104.185	604.081	941	817	758	690	636	589	547	508	468	421	250	1	117	1325.718	1398.621	0	0	0	402	433.598	0	0	705	695.376	0	0	0	0	0.000	0.000	0	0	0	0	0.000	0	0	0	0.000	0	0
252	252	1676	1538.279	1397.232	0.901	780	789	53	7	5	780	789	53	7	5	113.159	196.930	249	229	222	218	211	203	194	181	166	154	141	104.717	579.207	834	769	729	690	653	608	563	487	398	347	261	0	0	0.000	0.000	0	0	0	0	0.000	0	0	0	0.000	0	0	0	0	0.000	0.000	0	0	0	0	0.000	0	0	0	0.000	0	0
253	253	1325	1052.413	1404.611	0.905	39	117	582	471	92	39	117	582	471	92	114.059	120.979	127	124	123	122	122	121	120	120	119	118	116	109.917	426.141	623	565	527	484	457	435	408	371	325	277	188	0	0	0.000	0.000	0	0	0	0	0.000	0	0	0	0.000	0	0	0	0	0.000	0.000	0	0	0	0	0.000	0	0	0	0.000	0	0
254	254	1347	71.856	1405.546	0.910	13	103	669	473	65	13	103	669	473	65	105.784	152.209	172	165	161	158	155	153	150	148	144	138	126	101.086	808.126	1251	1080	1018	953	886	828	758	673	581	493	367	0	0	0.000	0.000	0	0	0	0	0.000	0	0	0	0.000	0	0	0	0	0.000	0.000	0	0	0	0	0.000	0	0	0	0.000	0	0
255	255	1847	368.264	1408.712	0.897	231	930	582	55	16	231	930	582	55	16	109.428	209.155	1976	271	159	149	146	144	142	139	136	132	120	103.148	125.057	138	131	129	128	127	126	125	123	121	117	108	1	121	377.794	1412.651	0	0	0	877	958.240	0	0	128	128.702	0	0	0	0	0.000	0.000	0	0	0	0	0.000	0	0	0	0.000	0	0
256	256	1272	420.537	1408.862	0.885	116	635	390	81	22	116	635	390	81	22	109.947	171.365	1570	186	137	135	133	131	128	123	122	120	116	104.000	118.834	134	126	123	121	120	119	117	116	115	112	106	1	77	418.473	1403.083	0	0	0	642	710.052	0	0	126	126.052	0	0	0	0	0.000	0.000	0	0	0	0	0.000	0	0	0	0.000	0	0
257	257	2293	695.844	1427.938	0.868	65	278	1359	494	40	65	278	1359	494	40	110.932	149.058	221	161	156	154	152	150	147	143	138	133	125	103.649	161.451	213	184	177	173	169	165	160	149	140	134	121	0	0	0.000	0.000	0	0	0	0	0.000	0	0	0	0.000	0	0	0	0	0.000	0.000	0	0	0	0	0.000	0	0	0	0.000	0	0
258	258	1253	1390.814	1418.931	0.883	8	53	604	519	40	8	53	604	519	40	112.970	126.532	135	131	129	128	128	127	126	125	124	122	117	104.934	616.670	826	768	733	699	666	637	604	561	510	430	259	0	0	0.000	0.000	0	0	0	0	0.000	0	0	0	0.000	0	0	0	0	0.000	0.000	0	0	0	0	0.000	0	0	0	0.000	0	0
259	259	1401	1972.407	1423.935	0.901	907	370	78	15	6	907	370	78	15	6	109.830	124.360	142	136	133	127	123	122	121	120	118	117	113	102.000	117.300	134	124	122	121	119	118	116	115	113	108	103	0	0	0.000	0.000	0	0	0	0	0.000	0	0	0	0.000	0	0	0	0	0.000	0.000	0	0	0	0	0.000	0	0	0	0.000	0	0
260	260	1233	458.975	1435.643	0.866	26	490	438	203	57	26	490	438	203	57	109.715	134.192	144	140	139	138	136	135	134	132	129	126	120	102.845	121.476	134	127	126	125	123	122	120	119	117	115	109	0	0	0.000	0.000	0	0	0	0	0.000	0	0	0	0.000	0	0	0	0	0.000	0.000	0	0	0	0	0.000	0	0	0	0.000	0	0
261	261	1661	1346.721	1440.724	0.873	91	570	759	201	19	91	570	759	201	19	112.507	143.980	458	179	140	133	130	128	125	124	122	120	114	104.029	480.950	764	630	578	533	500	468	443	414	383	350	254	1	140	1332.317	1446.047	0	0	0	277	287.100	0	0	404	432.721	0	0	0	0	0.000	0.000	0	0	0	0	0.000	0	0	0	0.000	0	0
262	262	1501	407.311	1448.215	0.890	337	412	509	121	95	337	412	509	121	95	108.620	145.925	390	159	149	146	144	141	137	134	130	127	116	103.231	127.150	143	135	133	131	130	128	126	124	121	119	108	1	48	415.270	1438.178	0	0	0	274	278.000	0	0	131	131.646	0	0	0	0	0.000	0.000	0	0	0	0	0.000	0	0	0	0.000	0	0
263	263	1914	1071.596	1459.329	0.894	1097	654	102	27	12	1097	654	102	27	12	114.446	166.823	221	194	185	179	171	164	160	154	147	141	132	109.452	457.195	940	691	598	529	479	436	402	370	315	250	202	0	0	0.000	0.000	0	0	0	0	0.000	0	0	0	0.000	0	0	0	0	0.000	0.000	0	0	0	0	0.000	0	0	0	0.000	0	0
264	264	1879	1405.238	1466.565	0.885	76	101	1214	404	53	76	101	1214	404	53	113.473	263.876	319	301	293	283	275	268	261	253	240	216	161	105.381	564.209	733	675	646	618	596	578	557	533	493	431	247	0	0	0.000	0.000	0	0	0	0	0.000	0	0	0	0.000	0	0	0	0	0.000	0.000	0	0	0	0	0.000	0	0	0	0.000	0	0
265	265	948	1948.594	1464.956	0.905	65	774	72	21	9	65	774	72	21	9	109.935	129.612	151	140	135	132	130	128	127	125	124	122	117	102.000	119.481	136	125	123	122	120	119	118	117	116	114	108	0	0	0.000	0.000	0	0	0	0	0.000	0	0	0	0.000	0	0	0	0	0.000	0.000	0	0	0	0	0.000	0	0	0	0.000	0	0
266	266	870	964.718	1467.006	0.923	390	206	164	67	29	390	206	164	67	29	114.877	144.049	170	159	153	148	145	142	139	137	136	133	129	109.948	152.944	183	170	164	158	154	151	148	146	143	139	133	0	0	0.000	0.000	0	0	0	0	0.000	0	0	0	0.000	0	0	0	0	0.000	0.000	0	0	0	0	0.000	0	0	0	0.000	0	0
267	267	1646	1798.496	1473.785	0.902	133	1146	318	23	6	133	1146	318	23	6	111.000	1262.126	21071	1990	912	657	550	473	421	385	337	290	185	103.000	122.134	182	129	125	123	122	121	120	118	116	114	107	2	14	1787.717	1483.880	123	1807.151	1467.288	1349	1325.786	8252	9012.520	124	124.071	144	146.650	1	28	1807.280	1466.252	0	0	0	15583	15095.607	0	0	168	166.321	0	0
268	268	1875	697.644	1495.270	0.813	697	1058	37	15	9	697	1058	37	15	9	110.000	147.321	269	203	171	149	136	131	128	126	124	122	114	103.013	145.746	165	157	154	152	151	149	146	143	136	129	111	0	0	0.000	0.000	0	0	0	0	0.000	0	0	0	0.000	0	0	0	0	0.000	0.000	0	0	0	0	0.000	0	0	0	0.000	0	0
269	269	1779	1084.929	1512.798	0.885	350	395	449	420	123	350	395	449	420	123	113.121	163.323	191	180	174	171	168	166	163	159	153	142	122	107.730	670.290	904	837	803	765	728	694	661	622	568	461	189	0	0	0.000	0.000	0	0	0	0	0.000	0	0	0	0.000	0	0	0	0	0.000	0.000	0	0	0	0	0.000	0	0	0	0.000	0	0
270	270	1943	998.971	1512.735	0.872	106	520	1092	163	25	106	520	1092	163	25	114.254	306.385	3607	466	155	151	147	144	142	139	137	132	124	108.671	549.574	845	758	715	673	618	562	515	460	392	295	217	1	183	982.344	1510.110	0	0	0	1585	1751.475	0	0	750	729.475	0	0	0	0	0.000	0.000	0	0	0	0	0.000	0	0	0	0.000	0	0
271	271	1478	1425.705	1525.174	0.875	132	208	884	200	33	132	208	884	200	33	113.170	363.475	1373	595	390	331	315	301	289	276	256	222	166	105.291	454.106	670	580	546	521	496	462	430	398	359	310	203	1	98	1419.345	1521.949	0	0	0	984	982.582	0	0	390	412.735	0	0	0	0	0.000	0.000	0	0	0	0	0.000	0	0	0	0.000	0	0
272	272	1707	1214.663	1527.410	0.897	23	135	716	736	60	23	135	716	736	60	111.000	124.133	141	134	129	125	124	123	122	121	120	119	115	104.813	518.729	818	724	656	589	538	504	469	433	391	346	279	0	0	0.000	0.000	0	0	0	0	0.000	0	0	0	0.000	0	0	0	0	0.000	0.000	0	0	0	0	0.000	0	0	0	0.000	0	0
273	273	1756	666.413	1537.597	0.909	24	623	975	54	21	24	623	975	54	21	109.845	127.144	196	135	131	128	127	125	123	122	121	119	115	103.005	152.108	180	171	165	161	157	155	150	145	137	130	114	1	41	656.065	1522.883	0	0	0	170	171.878	0	0	160	156.537	0	0	0	0	0.000	0.000	0	0	0	0	0.000	0	0	0	0.000	0	0
274	274	1967	948.249	1540.294	0.883	9	47	505	1254	120	9	47	505	1254	120	112.225	157.601	188	177	171	166	162	157	153	148	144	139	131	107.246	538.414	874	762	705	649	594	536	484	419	364	317	268	0	0	0.000	0.000	0	0	0	0	0.000	0	0	0	0.000	0	0	0	0	0.000	0.000	0	0	0	0	0.000	0	0	0	0.000	0	0
275	275	873	1469.870	1556.723	0.867	159	458	216	26	4	159	458	216	26	4	112.254	179.829	239	203	194	188	185	182	178	171	164	154	133	104.328	133.554	156	143	140	137	135	133	132	130	128	124	112	0	0	0.000	0.000	0	0	0	0	0.000	0	0	0	0.000	0	0	0	0	0.000	0.000	0	0	0	0	0.000	0	0	0	0.000	0	0
276	276	779	999.322	1561.692	0.862	22	306	350	79	22	22	306	350	79	22	112.116	190.611	981	326	182	145	137	135	133	132	130	128	125	106.438	627.375	748	718	703	691	674	651	621	585	545	501	409	1	96	1000.298	1567.055	0	0	0	477	509.729	0	0	685	680.562	0	0	0	0	0.000	0.000	0	0	0	0	0.000	0	0	0	0.000	0	0
277	277	645	1230.609	1568.579	0.895	18	68	287	240	25	18	68	287	240	25	110.926	118.980	127	122	120	120	119	119	118	118	117	117	115	103.833	386.059	524	484	466	444	419	396	370	342	304	267	200	0	0	0.000	0.000	0	0	0	0	0.000	0	0	0	0.000	0	0	0	0	0.000	0.000	0	0	0	0	0.000	0	0	0	0.000	0	0
278	278	1331	1425.110	1579.550	0.906	32	414	745	102	5	32	414	745	102	5	112.000	316.452	694	375	359	347	336	320	302	281	259	233	173	103.846	567.589	780	709	677	648	620	586	542	503	454	405	252	0	0	0.000	0.000	0	0	0	0	0.000	0	0	0	0.000	0	0	0	0	0.000	0.000	0	0	0	0	0.000	0	0	0	0.000	0	0
279	279	2195	603.500	1591.816	0.869	432	1484	185	40	14	432	1484	185	40	14	110.000	317.274	3582	374	320	299	282	264	245	225	209	186	135	102.457	121.145	133	126	125	124	123	122	121	120	118	115	106	1	63	609.157	1612.536	0	0	0	1568	1722.016	0	0	126	124.794	0	0	0	0	0.000	0.000	0	0	0	0	0.000	0	0	0	0.000	0	0
280	280	1740	958.996	1590.218	0.893	285	1002	354	38	8	285	1002	354	38	8	111.999	406.902	879	548	500	459	427	398	373	346	305	266	178	104.481	128.232	163	140	134	131	129	127	126	124	122	118	109	0	0	0.000	0.000	0	0	0	0	0.000	0	0	0	0.000	0	0	0	0	0.000	0.000	0	0	0	0	0.000	0	0	0	0.000	0	0
281	281	1991	1980.217	1600.496	0.862	263	1338	274	78	8	263	1338	274	78	8	109.772	598.848	13955	570	303	243	224	210	197	187	179	170	144	101.979	118.633	150	124	122	121	119	118	117	116	115	113	104	1	109	1997.824	1591.279	0	0	0	5471	6115.257	0	0	130	130.257	0	0	0	0	0.000	0.000	0	0	0	0	0.000	0	0	0	0.000	0	0
282	282	889	1106.725	1600.779	0.825	27	271	388	166	28	27	271	388	166	28	111.000	225.936	353	269	253	241	231	221	212	204	195	185	170	103.541	130.751	152	141	137	135	133	131	129	126	124	120	113	0	0	0.000	0.000	0	0	0	0	0.000	0	0	0	0.000	0	0	0	0	0.000	0.000	0	0	0	0	0.000	0	0	0	0.000	0	0
283	283	766	1825.788	1627.944	0.896	9	53	275	375	50	9	53	275	375	50	110.080	118.644	127	122	121	120	119	118	118	117	117	116	113	103.000	117.161	134	124	121	119	117	116	115	115	113	112	106	0	0	0.000	0.000	0	0	0	0	0.000	0	0	0	0.000	0	0	0	0	0.000	0.000	0	0	0	0	0.000	0	0	0	0.000	0	0
284	284	2022	1918.992	1649.409	0.794	35	942	892	107	17	35	942	892	107	17	110.105	253.795	1674	329	291	265	244	227	211	196	184	175	157	102.333	122.447	148	131	128	125	123	121	120	118	117	115	109	1	43	1930.679	1631.983	0	0	0	922	950.000	0	0	120	119.651	0	0	0	0	0.000	0.000	0	0	0	0	0.000	0	0	0	0.000	0	0
285	285	1651	1084.316	1643.442	0.840	69	388	718	380	63	69	388	718	380	63	110.999	229.313	793	398	241	196	189	184	177	171	164	156	138	104.000	133.131	147	139	137	136	135	133	132	131	129	127	114	1	179	1091.263	1648.173	0	0	0	538	544.598	0	0	139	138.631	0	0	0	0	0.000	0.000	0	0	0	0	0.000	0	0	0	0.000	0	0
286	286	2107	1145.047	1652.961	0.875	33	232	1072	698	35	33	232	1072	698	35	109.720	177.572	213	201	197	193	188	182	174	166	157	147	129	104.000	134.132	151	144	141	139	138	136	133	130	127	123	110	0	0	0.000	0.000	0	0	0	0	0.000	0	0	0	0.000	0	0	0	0	0.000	0.000	0	0	0	0	0.000	0	0	0	0.000	0	0
287	287	1864	142.953	1670.788	0.883	9	293	1369	145	19	9	293	1369	145	19	106.150	112.560	121	116	114	113	113	112	112	111	111	110	107	102.000	484.254	707	639	605	568	525	487	453	415	369	316	238	0	0	0.000	0.000	0	0	0	0	0.000	0	0	0	0.000	0	0	0	0	0.000	0.000	0	0	0	0	0.000	0	0	0	0.000	0	0
288	288	1855	1726.429	1667.114	0.914	96	798	872	45	8	96	798	872	45	8	110.762	128.755	141	136	134	133	132	130	127	125	123	120	116	103.631	2450.155	3864	3562	3346	3135	2884	2634	2288	1858	1428	1117	704	0	0	0.000	0.000	0	0	0	0	0.000	0	0	0	0.000	0	0	0	0	0.000	0.000	0	0	0	0	0.000	0	0	0	0.000	0	0
289	289	1324	1834.728	1670.258	0.887	176	957	132	32	12	176	957	132	32	12	110.000	123.134	133	128	126	125	124	123	122	121	120	119	115	103.000	2117.090	3807	3144	2648	2421	2268	2069	1858	1671	1477	1302	797	0	0	0.000	0.000	0	0	0	0	0.000	0	0	0	0.000	0	0	0	0	0.000	0.000	0	0	0	0	0.000	0	0	0	0.000	0	0
290	290	2132	1675.094	1689.780	0.892	4	95	713	1102	181	4	95	713	1102	181	109.742	132.518	144	140	138	137	136	134	132	129	126	123	119	103.455	2714.630	4401	3777	3475	3283	3078	2850	2627	2329	1831	1322	838	0	0	0.000	0.000	0	0	0	0	0.000	0	0	0	0.000	0	0	0	0	0.000	0.000	0	0	0	0	0.000	0	0	0	0.000	0	0
291	291	1145	1908.712	1701.434	0.908	90	663	309	43	14	90	663	309	43	14	110.000	149.400	173	165	160	158	155	151	146	142	137	133	122	101.983	123.783	146	133	129	127	125	124	122	121	118	114	107	0	0	0.000	0.000	0	0	0	0	0.000	0	0	0	0.000	0	0	0	0	0.000	0.000	0	0	0	0	0.000	0	0	0	0.000	0	0
292	292	777	380.386	1706.036	0.933	21	32	246	434	24	21	32	246	434	24	109.000	137.448	155	149	147	144	142	138	134	131	128	124	117	102.014	134.165	152	145	143	141	139	137	134	131	126	118	108	0	0	0.000	0.000	0	0	0	0	0.000	0	0	0	0.000	0	0	0	0	0.000	0.000	0	0	0	0	0.000	0	0	0	0.000	0	0
293	293	310	131.154	1712.396	0.922	15	51	94	122	23	15	51	94	122	23	106.000	111.081	115	113	112	112	111	111	111	110	110	110	108	102.000	268.710	335	316	308	296	287	276	263	249	231	206	176	0	0	0.000	0.000	0	0	0	0	0.000	0	0	0	0.000	0	0	0	0	0.000	0.000	0	0	0	0	0.000	0	0	0	0.000	0	0
294	294	1958	340.746	1725.051	0.912	158	654	969	122	14	158	654	969	122	14	108.869	179.867	570	238	185	174	167	162	155	149	142	136	123	102.103	140.327	165	154	150	146	144	141	137	135	132	127	109	1	127	335.377	1722.792	0	0	0	388	395.709	0	0	140	139.394	0	0	0	0	0.000	0.000	0	0	0	0	0.000	0	0	0	0.000	0	0
295	295	2091	161.400	1737.468	0.889	15	285	1079	634	24	15	285	1079	634	24	106.719	112.633	119	116	115	114	113	112	112	111	111	110	107	102.000	422.684	632	557	526	497	467	433	394	356	315	269	206	0	0	0.000	0.000	0	0	0	0	0.000	0	0	0	0.000	0	0	0	0	0.000	0.000	0	0	0	0	0.000	0	0	0	0.000	0	0
296	296	663	1648.062	1722.404	0.868	40	127	172	224	94	40	127	172	224	94	109.403	118.009	127	123	121	120	119	118	117	116	115	114	111	103.000	118.436	244	126	122	119	118	116	115	114	112	110	105	0	0	0.000	0.000	0	0	0	0	0.000	0	0	0	0.000	0	0	0	0	0.000	0.000	0	0	0	0	0.000	0	0	0	0.000	0	0
297	297	1892	922.535	1746.481	0.861	580	1187	47	46	7	580	1187	47	46	7	111.799	352.615	2762	796	278	200	188	181	175	170	165	158	140	103.000	391.344	613	533	490	453	416	385	357	328	293	253	219	1	230	917.575	1737.190	0	0	0	1310	1427.126	0	0	324	341.743	0	0	0	0	0.000	0.000	0	0	0	0	0.000	0	0	0	0.000	0	0
298	298	1706	393.419	1746.507	0.894	152	858	564	89	13	152	858	564	89	13	109.000	190.709	1664	194	180	172	167	161	157	153	147	138	127	102.059	149.047	173	163	159	156	153	150	146	143	138	134	124	1	67	407.997	1745.031	0	0	0	716	758.701	0	0	163	163.104	0	0	0	0	0.000	0.000	0	0	0	0	0.000	0	0	0	0.000	0	0
299	299	312	475.631	1757.793	0.911	111	116	48	24	12	111	116	48	24	12	110.000	129.737	160	138	132	131	129	129	127	126	125	124	122	104.000	174.288	335	228	187	174	166	162	159	157	154	146	134	0	0	0.000	0.000	0	0	0	0	0.000	0	0	0	0.000	0	0	0	0	0.000	0.000	0	0	0	0	0.000	0	0	0	0.000	0	0
300	300	1633	1329.460	1769.854	0.919	467	1071	31	19	7	467	1071	31	19	7	112.105	163.222	182	176	173	171	169	166	162	158	153	145	132	106.771	2562.700	3842	3408	3110	2925	2770	2571	2381	2204	2031	1751	926	0	0	0.000	0.000	0	0	0	0	0.000	0	0	0	0.000	0	0	0	0	0.000	0.000	0	0	0	0	0.000	0	0	0	0.000	0	0
301	301	1731	867.826	1779.390	0.896	227	1433	45	9	4	227	1433	45	9	4	111.136	150.059	523	181	144	139	136	134	132	130	127	124	119	103.624	542.946	909	771	699	650	599	553	501	442	372	300	234	1	121	862.945	1781.894	0	0	0	318	325.364	0	0	575	574.413	0	0	0	0	0.000	0.000	0	0	0	0	0.000	0	0	0	0.000	0	0
302	302	1766	496.580	1786.798	0.877	496	869	259	75	39	496	869	259	75	39	110.078	187.840	242	212	200	193	190	186	183	179	174	168	155	104.817	438.141	578	530	509	485	463	443	427	405	373	335	240	0	0	0.000	0.000	0	0	0	0	0.000	0	0	0	0.000	0	0	0	0	0.000	0.000	0	0	0	0	0.000	0	0	0	0.000	0	0
303	303	1494	917.133	1797.856	0.911	562	620	174	99	20	562	620	174	99	20	110.928	186.629	681	269	177	165	159	155	153	150	147	141	128	103.225	520.072	806	733	681	613	558	507	463	420	372	328	267	1	140	909.259	1802.166	0	0	0	411	431.329	0	0	377	402.379	0	0	0	0	0.000	0.000	0	0	0	0	0.000	0	0	0	0.000	0	0
304	304	597	187.404	1805.810	0.824	163	223	147	47	7	163	223	147	47	7	107.000	239.781	321	295	285	274	259	241	224	208	197	179	149	102.000	152.734	199	182	174	166	160	153	145	138	130	125	116	0	0	0.000	0.000	0	0	0	0	0.000	0	0	0	0.000	0	0	0	0	0.000	0.000	0	0	0	0	0.000	0	0	0	0.000	0	0
305	305	2039	1329.078	1819.001	0.875	378	573	886	148	19	378	573	886	148	19	112.826	205.085	1659	283	199	176	163	152	145	135	129	126	121	107.954	1514.292	2730	2212	2078	1957	1850	1694	1436	1107	770	555	416	1	122	1327.703	1819.814	0	0	0	763	819.844	0	0	2113	2093.295	0	0	0	0	0.000	0.000	0	0	0	0	0.000	0	0	0	0.000	0	0
306	306	2066	551.484	1818.837	0.816	1853	174	15	5	3	1853	174	15	5	3	110.448	190.843	2001	177	152	150	148	146	144	141	138	135	126	104.418	727.606	1026	917	869	829	783	743	698	638	581	519	337	1	102	551.419	1818.287	0	0	0	855	930.373	0	0	745	743.873	0	0	0	0	0.000	0.000	0	0	0	0	0.000	0	0	0	0.000	0	0
307	307	1023	659.297	1820.198	0.874	55	348	495	99	6	55	348	495	99	6	109.222	116.708	124	120	119	118	117	117	116	115	114	113	110	103.000	119.841	129	124	122	122	121	120	119	118	117	116	110	0	0	0.000	0.000	0	0	0	0	0.000	0	0	0	0.000	0	0	0	0	0.000	0.000	0	0	0	0	0.000	0	0	0	0.000	0	0
308	308	1479	1940.441	1832.396	0.892	282	1077	84	9	6	282	1077	84	9	6	109.473	524.987	12811	501	354	316	290	264	237	218	201	183	154	102.000	195.395	417	274	229	201	188	181	175	168	159	145	120	2	18	1937.752	1847.513	71	1923.324	1846.160	653	635.778	5016	5468.310	226	235.556	170	167.620	0	0	0.000	0.000	0	0	0	0	0.000	0	0	0	0.000	0	0
309	309	1473	239.956	1831.637	0.913	44	605	689	88	16	44	605	689	88	16	107.000	115.212	124	120	118	116	115	114	114	113	113	112	108	102.435	112.379	120	115	114	114	113	112	112	111	110	109	104	0	0	0.000	0.000	0	0	0	0	0.000	0	0	0	0.000	0	0	0	0	0.000	0.000	0	0	0	0	0.000	0	0	0	0.000	0	0
310	310	2253	612.667	1840.757	0.884	83	1086	930	97	6	83	1086	930	97	6	110.000	151.099	1084	145	142	141	139	138	136	133	130	126	120	103.053	723.891	1040	954	899	853	807	757	700	620	537	447	300	1	72	623.250	1858.275	0	0	0	507	528.069	0	0	898	876.639	0	0	0	0	0.000	0.000	0	0	0	0	0.000	0	0	0	0.000	0	0
311	311	2515	1382.194	1846.371	0.886	1093	881	477	16	6	1093	881	477	16	6	112.135	190.157	1349	221	170	164	157	151	147	143	139	132	121	107.138	1533.082	2535	2138	1940	1811	1656	1504	1383	1264	1166	948	390	1	148	1381.996	1829.270	0	0	0	658	698.919	0	0	1879	1835.581	0	0	0	0	0.000	0.000	0	0	0	0	0.000	0	0	0	0.000	0	0
312	312	2107	1854.046	1847.691	0.853	390	1111	469	84	10	390	1111	469	84	10	110.233	1090.890	11083	2806	1006	583	497	440	393	355	320	283	188	102.000	122.978	137	129	127	126	125	124	123	121	119	115	106	1	239	1860.766	1846.652	0	0	0	4769	5295.142	0	0	127	126.887	0	0	0	0	0.000	0.000	0	0	0	0	0.000	0	0	0	0.000	0	0
313	313	1506	698.414	1850.542	0.876	155	930	346	38	17	155	930	346	38	17	109.000	115.564	122	118	117	116	116	115	115	114	114	113	111	103.000	122.408	131	126	125	124	123	123	122	121	119	118	110	0	0	0.000	0.000	0	0	0	0	0.000	0	0	0	0.000	0	0	0	0	0.000	0.000	0	0	0	0	0.000	0	0	0	0.000	0	0
314	314	1574	1800.436	1858.069	0.896	125	745	581	82	17	125	745	581	82	17	110.870	380.087	2553	475	402	360	334	309	289	266	245	228	166	101.759	124.731	139	131	129	128	127	125	124	123	122	117	106	1	74	1815.573	1867.151	0	0	0	1369	1456.000	0	0	134	132.959	0	0	0	0	0.000	0.000	0	0	0	0	0.000	0	0	0	0.000	0	0
315	315	317	651.101	1851.884	0.950	38	41	95	124	17	38	41	95	124	17	109.148	128.798	138	135	134	132	131	129	127	126	124	122	117	103.000	558.435	753	716	693	672	638	597	541	495	439	318	203	0	0	0.000	0.000	0	0	0	0	0.000	0	0	0	0.000	0	0	0	0	0.000	0.000	0	0	0	0	0.000	0	0	0	0.000	0	0
316	316	1519	527.951	1882.882	0.894	437	469	522	46	8	437	469	522	46	8	110.825	136.149	150	142	141	140	138	137	135	133	131	129	122	104.177	182.773	226	207	199	194	189	183	178	172	165	157	139	0	0	0.000	0.000	0	0	0	0	0.000	0	0	0	0.000	0	0	0	0	0.000	0.000	0	0	0	0	0.000	0	0	0	0.000	0	0
317	317	865	206.330	1878.906	0.918	39	50	173	450	134	39	50	173	450	134	106.577	117.985	126	122	120	119	119	118	117	117	116	114	111	102.044	119.398	131	125	124	123	121	120	119	117	116	112	104	0	0	0.000	0.000	0	0	0	0	0.000	0	0	0	0.000	0	0	0	0	0.000	0.000	0	0	0	0	0.000	0	0	0	0.000	0	0
318	318	1792	280.093	1894.056	0.890	137	913	691	13	2	137	913	691	13	2	106.996	119.559	132	125	123	122	121	120	119	117	115	114	108	102.000	119.652	132	126	125	123	122	120	119	117	116	111	105	0	0	0.000	0.000	0	0	0	0	0.000	0	0	0	0.000	0	0	0	0	0.000	0.000	0	0	0	0	0.000	0	0	0	0.000	0	0
319	319	1739	228.866	1916.128	0.904	330	1279	79	18	7	330	1279	79	18	7	106.130	281.923	2996	568	163	128	122	120	118	116	115	114	109	101.631	120.819	147	129	125	123	122	121	119	118	116	113	103	1	196	238.981	1909.472	0	0	0	1284	1407.291	0	0	132	131.684	0	0	0	0	0.000	0.000	0	0	0	0	0.000	0	0	0	0.000	0	0
320	320	1849	500.737	1929.340	0.893	31	372	1092	310	17	31	372	1092	310	17	109.396	133.076	151	140	137	135	134	133	132	131	129	127	118	104.000	172.281	223	202	193	185	177	169	163	158	153	147	136	0	0	0.000	0.000	0	0	0	0	0.000	0	0	0	0.000	0	0	0	0	0.000	0.000	0	0	0	0	0.000	0	0	0	0.000	0	0
321	321	2018	616.504	1933.044	0.897	199	794	716	241	30	199	794	716	241	30	109.032	640.687	14485	673	511	425	381	361	333	294	254	211	130	102.972	122.626	157	133	129	127	125	123	120	118	115	112	105	1	80	603.851	1945.259	0	0	0	5712	6181.700	0	0	135	134.300	0	0	0	0	0.000	0.000	0	0	0	0	0.000	0	0	0	0.000	0	0
322	322	1917	127.870	1951.364	0.896	109	1431	264	54	32	109	1431	264	54	32	103.913	134.550	577	159	122	118	117	116	116	115	114	112	109	100.885	253.608	409	345	315	291	269	244	224	208	196	173	141	1	145	129.264	1957.014	0	0	0	298	320.124	0	0	201	201.579	0	0	0	0	0.000	0.000	0	0	0	0	0.000	0	0	0	0.000	0	0
323	323	1733	68.671	1955.148	0.895	16	204	1177	284	11	16	204	1177	284	11	102.860	113.846	121	117	116	115	114	114	113	112	112	111	108	99.610	295.291	415	374	352	333	315	299	281	261	240	210	152	0	0	0.000	0.000	0	0	0	0	0.000	0	0	0	0.000	0	0	0	0	0.000	0.000	0	0	0	0	0.000	0	0	0	0.000	0	0
324	324	1249	581.513	1965.529	0.894	42	682	268	208	36	42	682	268	208	36	108.335	119.982	131	124	123	121	120	120	119	118	117	116	114	103.000	158.836	199	184	175	167	161	156	152	148	143	139	127	0	0	0.000	0.000	0	0	0	0	0.000	0	0	0	0.000	0	0	0	0	0.000	0.000	0	0	0	0	0.000	0	0	0	0.000	0	0
325	325	2507	929.451	1980.335	0.834	268	1923	262	15	3	268	1923	262	15	3	108.943	225.489	290	272	260	248	238	225	213	202	191	181	155	102.000	192.481	249	226	216	208	200	192	184	175	167	160	139	0	0	0.000	0.000	0	0	0	0	0.000	0	0	0	0.000	0	0	0	0	0.000	0.000	0	0	0	0	0.000	0	0	0	0.000	0	0
326	326	1211	1299.653	1975.313	0.880	873	289	18	7	6	873	289	18	7	6	109.627	174.389	269	222	202	185	174	165	159	154	148	143	128	103.367	120.233	147	130	125	123	120	119	117	116	115	113	109	0	0	0.000	0.000	0	0	0	0	0.000	0	0	0	0.000	0	0	0	0	0.000	0.000	0	0	0	0	0.000	0	0	0	0.000	0	0
327	327	1683	1798.280	1989.432	0.901	971	638	33	10	7	971	638	33	10	7	108.777	386.096	1017	681	523	438	372	325	284	259	241	211	163	101.542	119.629	146	131	126	123	121	119	117	115	113	110	102	0	0	0.000	0.000	0	0	0	0	0.000	0	0	0	0.000	0	0	0	0	0.000	0.000	0	0	0	0	0.000	0	0	0	0.000	0	0
328	328	688	463.373	1988.420	0.896	19	69	177	357	55	19	69	177	357	55	105.842	171.510	212	198	191	184	179	173	168	160	151	142	129	103.000	952.315	1450	1244	1168	1092	1031	967	907	857	760	605	387	0	0	0.000	0.000	0	0	0	0	0.000	0	0	0	0.000	0	0	0	0	0.000	0.000	0	0	0	0	0.000	0	0	0	0.000	0	0
329	329	1902	1751.028	2008.447	0.882	266	1204	337	49	15	266	1204	337	49	15	107.957	340.456	2848	499	350	285	254	238	224	213	201	181	130	102.000	116.312	130	123	121	119	118	116	115	114	112	109	104	1	115	1745.920	1998.277	0	0	0	1346	1463.496	0	0	122	121.339	0	0	0	0	0.000	0.000	0	0	0	0	0.000	0	0	0	0.000	0	0
330	330	420	1085.457	2001.378	0.953	28	48	125	193	22	28	48	125	193	22	108.755	154.933	175	170	167	164	160	156	152	148	143	137	130	101.367	147.495	165	160	157	155	151	149	147	144	139	133	120	0	0	0.000	0.000	0	0	0	0	0.000	0	0	0	0.000	0	0	0	0	0.000	0.000	0	0	0	0	0.000	0	0	0	0.000	0	0
331	331	1763	1267.657	2018.168	0.878	40	523	1019	114	23	40	523	1019	114	23	108.686	125.950	137	132	130	129	127	126	125	124	122	120	114	103.766	2625.736	4251	3746	3376	3085	2837	2581	2364	2123	1842	1613	1246	0	0	0.000	0.000	0	0	0	0	0.000	0	0	0	0.000	0	0	0	0	0.000	0.000	0	0	0	0	0.000	0	0	0	0.000	0	0
332	332	1950	1050.680	2022.705	0.869	174	1277	409	47	11	174	1277	409	47	11	108.334	206.910	280	253	242	231	218	206	196	187	173	154	135	102.174	183.276	245	216	207	198	190	181	174	169	163	150	133	0	0	0.000	0.000	0	0	0	0	0.000	0	0	0	0.000	0	0	0	0	0.000	0.000	0	0	0	0	0.000	0	0	0	0.000	0	0
