 	cell	area	x	y	circ	BFI_lev_b1	BFI_lev_b2	BFI_lev_b3	BFI_lev_b4	BFI_lev_b5	BFO_lev_b1	BFO_lev_b2	BFO_lev_b3	BFO_lev_b4	BFO_lev_b5	RFP_int_bg	RFP_int_mean	RFP_int_b0	RFP_int_b1	RFP_int_b2	RFP_int_b3	RFP_int_b4	RFP_int_b5	RFP_int_b6	RFP_int_b7	RFP_int_b8	RFP_int_b9	RFP_int_b10	GFP_int_bg	GFP_int_mean	GFP_int_b0	GFP_int_b1	GFP_int_b2	GFP_int_b3	GFP_int_b4	GFP_int_b5	GFP_int_b6	GFP_int_b7	GFP_int_b8	GFP_int_b9	GFP_int_b10	inRFPnfoci	f1_inRFParea	f1_inRFPx	f1_inRFPy	f2_inRFParea	f2_inRFPx	f2_inRFPy	f1_inRFP_toRFPmed	f1_inRFP_toRFPmean	f2_inRFP_toRFPmed	f2_inRFP_toRFPmean	f1_inRFP_toGFPmed	f1_inRFP_toGFPmean	f2_inRFP_toGFPmed	f2_inRFP_toGFPmean	inGFPnfoci	f1_inGFParea	f1_inGFPx	f1_inGFPy	f2_inGFParea	f2_inGFPx	f2_inGFPy	f1_inGFP_toRFPmed	f1_inGFP_toRFPmean	f2_inGFP_toRFPmed	f2_inGFP_toRFPmean	f1_inGFP_toGFPmed	f1_inGFP_toGFPmean	f2_inGFP_toGFPmed	f2_inGFP_toGFPmean
1	1	1753	1537.356	31.928	0.894	14	135	768	707	95	14	135	768	707	95	103.000	114.695	142	120	116	115	114	114	113	112	111	109	104	104.153	1052.450	1567	1423	1334	1260	1191	1114	1016	906	743	561	377	1	22	1542.419	17.002	0	0	0	139	138.182	0	0	1179	1159.091	0	0	0	0	0	0	0	0	0	0	0	0	0	0	0	0	0
2	2	479	423.462	23.253	0.886	90	190	120	54	15	90	190	120	54	15	101.511	126.547	142	136	132	130	129	127	125	123	121	117	109	100.618	114.916	126	122	120	119	118	116	114	112	109	107	103	0	0	0.000	0.000	0	0	0	0	0.000	0	0	0	0.000	0	0	0	0	0	0	0	0	0	0	0	0	0	0	0	0	0
3	3	1831	233.370	33.355	0.893	65	276	1115	321	26	65	276	1115	321	26	101.553	159.640	234	176	170	166	162	158	155	152	148	140	122	101.827	663.641	918	847	795	749	706	668	629	588	538	484	350	0	0	0.000	0.000	0	0	0	0	0.000	0	0	0	0.000	0	0	0	0	0	0	0	0	0	0	0	0	0	0	0	0	0
4	4	1264	1492.623	35.696	0.883	41	141	606	405	43	41	141	606	405	43	102.787	115.934	253	118	114	113	113	112	111	111	110	109	105	103.753	935.324	1453	1296	1215	1126	1030	947	847	750	658	555	355	1	69	1497.861	28.272	0	0	0	168	173.232	0	0	1303	1265.870	0	0	0	0	0	0	0	0	0	0	0	0	0	0	0	0	0
5	5	983	1667.760	30.325	0.924	304	621	19	9	15	304	621	19	9	15	101.686	106.490	110	108	108	107	107	107	106	106	105	105	101	102.000	118.627	135	125	122	121	120	119	118	116	115	112	104	0	0	0.000	0.000	0	0	0	0	0.000	0	0	0	0.000	0	0	0	0	0	0	0	0	0	0	0	0	0	0	0	0	0
6	6	274	267.131	22.416	0.907	34	36	74	98	27	34	36	74	98	27	101.748	146.131	159	156	154	151	150	148	146	144	139	133	122	101.500	360.493	500	459	435	421	402	386	362	313	270	238	171	0	0	0.000	0.000	0	0	0	0	0.000	0	0	0	0.000	0	0	0	0	0	0	0	0	0	0	0	0	0	0	0	0	0
7	7	1909	1728.976	44.848	0.884	56	601	887	291	29	56	601	887	291	29	102.026	109.753	117	113	112	111	110	109	109	108	108	107	105	103.000	966.434	1441	1281	1199	1129	1061	983	910	826	737	622	360	0	0	0.000	0.000	0	0	0	0	0.000	0	0	0	0.000	0	0	0	0	0	0	0	0	0	0	0	0	0	0	0	0	0
8	8	1092	1167.798	60.066	0.903	68	81	507	392	28	68	81	507	392	28	103.463	108.966	113	111	110	110	109	109	109	108	108	107	104	101.658	386.216	539	501	469	445	418	396	364	332	303	265	190	0	0	0.000	0.000	0	0	0	0	0.000	0	0	0	0.000	0	0	0	0	0	0	0	0	0	0	0	0	0	0	0	0	0
9	9	2380	1304.420	65.732	0.869	63	391	1705	163	26	63	391	1705	163	26	104.789	120.014	131	126	124	123	121	120	118	117	116	114	108	103.932	1952.201	3522	3218	2915	2572	2227	1868	1553	1306	1042	795	559	0	0	0.000	0.000	0	0	0	0	0.000	0	0	0	0.000	0	0	0	0	0	0	0	0	0	0	0	0	0	0	0	0	0
10	10	1054	1048.927	70.776	0.873	90	323	356	197	65	90	323	356	197	65	103.779	157.925	293	236	191	170	157	146	135	126	118	112	107	101.723	237.307	428	341	282	265	245	230	211	196	178	159	123	0	0	0.000	0.000	0	0	0	0	0.000	0	0	0	0.000	0	0	0	0	0	0	0	0	0	0	0	0	0	0	0	0	0
11	11	438	408.633	59.915	0.922	53	174	107	62	32	53	174	107	62	32	101.384	133.285	156	150	146	142	138	134	130	125	120	116	110	102.000	125.703	159	141	138	135	132	130	122	115	110	107	105	0	0	0.000	0.000	0	0	0	0	0.000	0	0	0	0.000	0	0	0	0	0	0	0	0	0	0	0	0	0	0	0	0	0
12	12	1776	1817.385	71.463	0.907	94	244	1104	274	35	94	244	1104	274	35	102.113	162.145	212	189	181	174	166	160	154	149	144	138	124	102.693	180.029	264	225	212	198	189	178	168	158	149	135	123	0	0	0.000	0.000	0	0	0	0	0.000	0	0	0	0.000	0	0	0	0	0	0	0	0	0	0	0	0	0	0	0	0	0
13	13	1619	172.563	69.863	0.890	218	1030	252	69	12	218	1030	252	69	12	102.440	109.024	116	112	111	110	109	109	108	108	107	107	105	102.746	843.573	1352	1175	1076	986	910	857	783	695	609	498	357	0	0	0.000	0.000	0	0	0	0	0.000	0	0	0	0.000	0	0	0	0	0	0	0	0	0	0	0	0	0	0	0	0	0
14	14	1467	250.716	81.398	0.865	287	1040	100	11	5	287	1040	100	11	5	102.958	110.306	116	113	112	111	111	110	110	109	109	108	106	102.168	1318.111	2176	1877	1752	1631	1511	1373	1214	1024	838	667	426	0	0	0.000	0.000	0	0	0	0	0.000	0	0	0	0.000	0	0	0	0	0	0	0	0	0	0	0	0	0	0	0	0	0
15	15	1716	1196.682	96.619	0.884	837	776	24	7	5	837	776	24	7	5	104.023	109.709	118	112	111	110	110	109	109	108	108	108	106	102.663	410.626	607	544	516	495	466	430	386	339	290	243	191	0	0	0.000	0.000	0	0	0	0	0.000	0	0	0	0.000	0	0	0	0	0	0	0	0	0	0	0	0	0	0	0	0	0
16	16	1387	1442.772	87.655	0.914	45	136	951	213	11	45	136	951	213	11	104.000	111.213	117	114	113	112	112	111	111	110	109	109	106	104.147	868.095	1369	1162	1068	975	905	857	805	743	678	601	360	0	0	0.000	0.000	0	0	0	0	0.000	0	0	0	0.000	0	0	0	0	0	0	0	0	0	0	0	0	0	0	0	0	0
17	17	1948	633.883	97.321	0.883	19	130	820	875	68	19	130	820	875	68	103.812	115.892	124	120	119	118	117	116	115	114	113	111	107	103.747	2067.347	2977	2701	2562	2429	2277	2122	1972	1762	1550	1349	747	0	0	0.000	0.000	0	0	0	0	0.000	0	0	0	0.000	0	0	0	0	0	0	0	0	0	0	0	0	0	0	0	0	0
18	18	1937	1385.459	98.998	0.899	54	190	1135	481	40	54	190	1135	481	40	104.538	112.969	119	116	115	114	114	113	112	112	111	110	107	104.134	888.263	1369	1216	1120	1043	974	898	829	742	648	537	383	0	0	0.000	0.000	0	0	0	0	0.000	0	0	0	0.000	0	0	0	0	0	0	0	0	0	0	0	0	0	0	0	0	0
19	19	1790	1261.089	101.342	0.907	89	581	1021	56	3	89	581	1021	56	3	104.707	120.561	134	128	125	124	122	120	119	117	116	114	110	104.216	2370.263	3575	3285	3097	2899	2730	2571	2348	2009	1574	1088	657	0	0	0.000	0.000	0	0	0	0	0.000	0	0	0	0.000	0	0	0	0	0	0	0	0	0	0	0	0	0	0	0	0	0
20	20	1125	1508.093	99.380	0.934	159	682	228	34	7	159	682	228	34	7	103.977	147.601	175	162	155	152	150	148	145	142	138	135	123	106.452	1079.836	1726	1424	1313	1234	1169	1095	1025	948	843	679	385	0	0	0.000	0.000	0	0	0	0	0.000	0	0	0	0.000	0	0	0	0	0	0	0	0	0	0	0	0	0	0	0	0	0
21	21	1214	488.250	112.523	0.921	78	188	725	195	8	78	188	725	195	8	104.000	129.473	148	141	138	135	133	131	128	124	120	117	110	103.000	1237.480	1811	1665	1563	1453	1359	1267	1163	1050	915	769	495	0	0	0.000	0.000	0	0	0	0	0.000	0	0	0	0.000	0	0	0	0	0	0	0	0	0	0	0	0	0	0	0	0	0
22	22	2147	303.241	114.885	0.900	591	1390	59	61	18	591	1390	59	61	18	103.030	109.313	115	111	111	110	110	109	109	108	108	107	105	103.651	1319.529	2679	2180	1812	1552	1389	1239	1092	938	795	674	416	0	0	0.000	0.000	0	0	0	0	0.000	0	0	0	0.000	0	0	0	0	0	0	0	0	0	0	0	0	0	0	0	0	0
23	23	1784	2000.964	117.759	0.888	335	980	341	66	20	335	980	341	66	20	101.989	106.966	113	109	108	108	107	107	106	106	106	105	103	101.000	213.340	291	265	251	234	223	214	203	191	178	163	137	0	0	0.000	0.000	0	0	0	0	0.000	0	0	0	0.000	0	0	0	0	0	0	0	0	0	0	0	0	0	0	0	0	0
24	24	1972	574.586	119.267	0.820	53	388	1318	175	8	53	388	1318	175	8	104.087	116.299	134	124	120	118	117	115	114	113	112	111	108	103.904	1604.448	2559	2248	2094	1960	1812	1652	1468	1280	1087	870	613	0	0	0.000	0.000	0	0	0	0	0.000	0	0	0	0.000	0	0	0	0	0	0	0	0	0	0	0	0	0	0	0	0	0
25	25	1609	1552.975	120.172	0.923	419	851	247	45	27	419	851	247	45	27	104.975	152.570	178	170	164	159	155	152	150	147	142	136	122	107.147	1349.333	1993	1812	1690	1576	1459	1354	1258	1138	1014	894	544	0	0	0.000	0.000	0	0	0	0	0.000	0	0	0	0.000	0	0	0	0	0	0	0	0	0	0	0	0	0	0	0	0	0
26	26	1984	1325.313	120.587	0.770	46	392	1119	369	22	46	392	1119	369	22	105.000	276.231	1956	362	264	247	238	230	216	197	177	159	129	105.000	911.251	1684	1343	1190	1080	982	879	789	716	641	510	241	1	101	1333.966	114.445	0	0	0	1015	1072.228	0	0	1440	1420.040	0	0	0	0	0	0	0	0	0	0	0	0	0	0	0	0	0
27	27	1536	85.654	126.264	0.904	57	290	1076	79	10	57	290	1076	79	10	102.269	122.059	139	132	129	127	125	122	120	117	115	112	107	101.689	171.636	225	203	194	186	178	170	163	157	150	141	124	0	0	0.000	0.000	0	0	0	0	0.000	0	0	0	0.000	0	0	0	0	0	0	0	0	0	0	0	0	0	0	0	0	0
28	28	2001	1759.372	141.778	0.861	61	153	1058	669	24	61	153	1058	669	24	103.903	109.931	115	112	111	111	110	110	109	109	108	108	105	104.271	1555.397	2675	2433	2120	1877	1695	1552	1434	1203	971	727	464	0	0	0.000	0.000	0	0	0	0	0.000	0	0	0	0.000	0	0	0	0	0	0	0	0	0	0	0	0	0	0	0	0	0
29	29	2452	729.613	142.643	0.866	126	793	1160	280	33	126	793	1160	280	33	104.950	112.911	123	119	116	115	113	112	111	110	110	109	106	103.095	197.345	267	242	228	214	203	195	185	176	168	160	135	0	0	0.000	0.000	0	0	0	0	0.000	0	0	0	0.000	0	0	0	0	0	0	0	0	0	0	0	0	0	0	0	0	0
30	30	1866	459.492	154.044	0.904	57	339	1190	233	14	57	339	1190	233	14	104.000	135.991	157	149	146	143	140	137	133	130	126	121	113	103.000	1236.572	2056	1786	1572	1465	1352	1234	1117	996	857	722	479	0	0	0.000	0.000	0	0	0	0	0.000	0	0	0	0.000	0	0	0	0	0	0	0	0	0	0	0	0	0	0	0	0	0
31	31	2074	618.825	154.186	0.888	28	263	1084	600	55	28	263	1084	600	55	104.991	392.931	4665	764	145	125	122	121	119	117	115	112	108	104.000	571.686	853	769	734	694	645	588	527	470	419	336	186	1	247	609.732	159.929	0	0	0	2032	2289.243	0	0	761	744.113	0	0	0	0	0	0	0	0	0	0	0	0	0	0	0	0	0
32	32	1970	1809.864	160.978	0.857	46	194	1103	562	11	46	194	1103	562	11	104.213	109.818	116	112	111	111	110	110	109	109	108	108	105	105.083	1419.507	2370	2091	1849	1681	1531	1400	1294	1149	984	795	524	0	0	0.000	0.000	0	0	0	0	0.000	0	0	0	0.000	0	0	0	0	0	0	0	0	0	0	0	0	0	0	0	0	0
33	33	2330	1423.033	166.619	0.846	97	897	1168	97	16	97	897	1168	97	16	104.323	114.912	131	124	119	116	114	113	112	111	111	110	105	104.719	143.193	160	151	149	147	146	144	143	141	139	133	115	1	544	1423.448	171.304	0	0	0	123	122.954	0	0	146	145.983	0	0	0	0	0	0	0	0	0	0	0	0	0	0	0	0	0
34	34	1942	43.843	164.684	0.914	61	268	1349	224	10	61	268	1349	224	10	101.927	123.502	141	133	130	128	125	123	121	119	117	114	107	100.705	173.423	232	215	203	192	182	173	163	153	143	135	123	0	0	0.000	0.000	0	0	0	0	0.000	0	0	0	0.000	0	0	0	0	0	0	0	0	0	0	0	0	0	0	0	0	0
35	35	1930	1527.935	162.835	0.892	612	1096	156	34	4	612	1096	156	34	4	105.000	180.595	221	212	203	197	192	186	178	168	155	144	121	107.829	2377.354	4016	3704	3329	2991	2716	2447	2173	1819	1341	934	516	0	0	0.000	0.000	0	0	0	0	0.000	0	0	0	0.000	0	0	0	0	0	0	0	0	0	0	0	0	0	0	0	0	0
36	36	1626	1358.988	169.754	0.891	161	468	873	89	8	161	468	873	89	8	104.756	261.577	362	332	318	301	284	266	247	228	209	182	141	104.043	1209.268	1952	1696	1562	1460	1368	1253	1117	967	813	670	391	0	0	0.000	0.000	0	0	0	0	0.000	0	0	0	0.000	0	0	0	0	0	0	0	0	0	0	0	0	0	0	0	0	0
37	37	1748	2011.273	171.653	0.898	60	205	1029	390	31	60	205	1029	390	31	102.037	106.930	111	109	108	108	107	107	107	106	106	105	103	101.253	189.905	254	221	211	203	197	191	184	176	168	157	134	0	0	0.000	0.000	0	0	0	0	0.000	0	0	0	0.000	0	0	0	0	0	0	0	0	0	0	0	0	0	0	0	0	0
38	38	2337	301.432	174.962	0.895	34	532	1490	227	5	34	532	1490	227	5	104.000	112.119	118	115	114	113	113	112	112	111	110	109	107	103.807	2157.679	4569	3079	2773	2474	2248	2053	1894	1707	1472	1290	658	0	0	0.000	0.000	0	0	0	0	0.000	0	0	0	0.000	0	0	0	0	0	0	0	0	0	0	0	0	0	0	0	0	0
39	39	1713	206.907	169.380	0.907	87	531	955	72	41	87	531	955	72	41	103.000	121.514	135	129	127	126	124	123	121	118	116	112	104	103.000	548.123	853	777	735	675	611	547	480	427	367	312	249	0	0	0.000	0.000	0	0	0	0	0.000	0	0	0	0.000	0	0	0	0	0	0	0	0	0	0	0	0	0	0	0	0	0
40	40	2198	678.139	172.365	0.892	51	174	1159	729	31	51	174	1159	729	31	104.971	120.823	129	125	124	123	123	122	121	119	117	115	109	103.622	625.681	907	817	775	729	682	632	584	529	483	417	277	0	0	0.000	0.000	0	0	0	0	0.000	0	0	0	0.000	0	0	0	0	0	0	0	0	0	0	0	0	0	0	0	0	0
41	41	320	82.461	167.441	0.895	13	105	103	80	15	13	105	103	80	15	102.763	107.441	111	109	109	108	108	107	107	107	106	106	105	101.000	121.384	138	133	131	127	124	122	119	116	113	109	104	0	0	0.000	0.000	0	0	0	0	0.000	0	0	0	0.000	0	0	0	0	0	0	0	0	0	0	0	0	0	0	0	0	0
42	42	464	340.431	170.097	0.928	65	173	177	31	9	65	173	177	31	9	104.000	110.541	114	113	112	112	111	110	110	109	109	108	106	104.000	1602.752	2552	2265	2070	1854	1752	1618	1486	1333	1151	966	526	0	0	0.000	0.000	0	0	0	0	0.000	0	0	0	0.000	0	0	0	0	0	0	0	0	0	0	0	0	0	0	0	0	0
43	43	1540	1267.996	182.810	0.869	51	210	888	305	54	51	210	888	305	54	104.997	111.324	119	115	113	112	111	111	110	110	109	109	107	103.438	413.744	611	530	493	471	449	426	394	364	322	277	197	0	0	0.000	0.000	0	0	0	0	0.000	0	0	0	0.000	0	0	0	0	0	0	0	0	0	0	0	0	0	0	0	0	0
44	44	2216	552.320	188.893	0.894	46	330	1255	509	30	46	330	1255	509	30	104.459	687.380	9282	1911	281	142	129	125	122	120	117	115	109	103.622	594.331	879	747	716	688	653	617	573	522	471	409	246	1	263	549.198	196.201	0	0	0	4170	4373.901	0	0	697	688.452	0	0	0	0	0	0	0	0	0	0	0	0	0	0	0	0	0
45	45	1409	928.095	186.161	0.899	16	208	670	426	58	16	208	670	426	58	105.000	121.737	419	120	117	116	115	115	114	113	113	112	108	102.000	500.959	714	657	615	579	544	504	466	421	381	347	249	1	67	925.873	193.998	0	0	0	230	235.731	0	0	522	523.821	0	0	0	0	0	0	0	0	0	0	0	0	0	0	0	0	0
46	46	2236	1857.649	191.932	0.891	53	193	1193	716	49	53	193	1193	716	49	104.023	112.165	123	116	114	113	112	112	111	111	110	109	106	104.464	1982.323	3227	2814	2547	2349	2175	1992	1829	1636	1397	1138	567	0	0	0.000	0.000	0	0	0	0	0.000	0	0	0	0.000	0	0	0	0	0	0	0	0	0	0	0	0	0	0	0	0	0
47	47	1988	1472.484	193.177	0.886	44	185	941	676	97	44	185	941	676	97	105.000	176.873	219	205	199	194	189	182	174	163	151	140	124	106.335	2441.805	3791	3427	3210	2962	2744	2515	2286	2059	1742	1224	654	0	0	0.000	0.000	0	0	0	0	0.000	0	0	0	0.000	0	0	0	0	0	0	0	0	0	0	0	0	0	0	0	0	0
48	48	1850	1025.082	204.828	0.905	47	609	1003	140	14	47	609	1003	140	14	105.000	109.894	115	112	111	111	110	110	109	109	108	108	106	102.000	130.452	148	140	138	135	133	131	129	126	123	120	110	0	0	0.000	0.000	0	0	0	0	0.000	0	0	0	0.000	0	0	0	0	0	0	0	0	0	0	0	0	0	0	0	0	0
49	49	607	241.054	193.287	0.940	64	115	241	162	13	64	115	241	162	13	103.988	111.934	117	115	114	113	113	112	111	110	110	109	107	103.000	343.992	497	455	431	405	382	352	321	286	258	227	163	0	0	0.000	0.000	0	0	0	0	0.000	0	0	0	0.000	0	0	0	0	0	0	0	0	0	0	0	0	0	0	0	0	0
50	50	2091	350.804	206.832	0.883	108	966	892	67	22	108	966	892	67	22	103.984	111.951	118	115	114	113	113	112	111	111	110	109	106	103.285	2130.039	4158	3440	3066	2657	2305	2011	1735	1470	1251	1042	639	0	0	0.000	0.000	0	0	0	0	0.000	0	0	0	0.000	0	0	0	0	0	0	0	0	0	0	0	0	0	0	0	0	0
51	51	2049	607.154	207.428	0.881	54	483	1094	352	24	54	483	1094	352	24	105.000	121.775	131	127	126	124	123	122	121	119	118	116	111	103.428	572.565	808	754	709	667	621	577	540	499	449	368	277	0	0	0.000	0.000	0	0	0	0	0.000	0	0	0	0.000	0	0	0	0	0	0	0	0	0	0	0	0	0	0	0	0	0
52	52	2078	1744.789	212.082	0.880	13	149	730	963	184	13	149	730	963	184	104.772	111.671	129	117	113	112	111	111	110	110	109	109	106	105.369	1237.030	1789	1592	1511	1447	1389	1315	1210	1081	934	750	513	1	178	1741.446	214.869	0	0	0	121	121.629	0	0	1132	1131.933	0	0	0	0	0	0	0	0	0	0	0	0	0	0	0	0	0
53	53	1294	1964.972	207.787	0.888	74	147	560	445	44	74	147	560	445	44	102.828	106.898	111	109	108	108	107	107	107	106	106	105	103	101.301	195.148	263	236	222	214	207	198	187	175	163	152	139	0	0	0.000	0.000	0	0	0	0	0.000	0	0	0	0.000	0	0	0	0	0	0	0	0	0	0	0	0	0	0	0	0	0
54	54	1831	211.818	226.062	0.896	32	303	1270	172	22	32	303	1270	172	22	103.490	122.836	139	131	129	127	126	123	121	118	116	114	107	102.705	574.705	876	815	775	736	681	607	527	449	352	267	188	0	0	0.000	0.000	0	0	0	0	0.000	0	0	0	0.000	0	0	0	0	0	0	0	0	0	0	0	0	0	0	0	0	0
55	55	1545	692.535	225.031	0.767	160	190	777	294	86	160	190	777	294	86	105.000	147.349	925	150	126	123	121	120	118	116	114	112	108	102.930	150.745	197	170	164	159	155	151	146	141	136	130	121	1	126	694.912	205.956	0	0	0	431	456.722	0	0	152	149.587	0	0	0	0	0	0	0	0	0	0	0	0	0	0	0	0	0
56	56	1756	891.056	225.152	0.880	54	106	854	669	33	54	106	854	669	33	105.000	117.846	185	127	118	116	115	114	114	113	112	111	108	102.000	441.520	704	573	539	508	476	442	409	376	346	303	200	1	160	880.324	223.152	0	0	0	145	148.575	0	0	595	566.331	0	0	0	0	0	0	0	0	0	0	0	0	0	0	0	0	0
57	57	987	1063.321	238.867	0.914	25	315	524	88	9	25	315	524	88	9	105.000	110.633	119	114	112	112	111	110	109	109	109	108	105	101.547	133.922	148	142	139	138	136	135	133	131	129	125	115	0	0	0.000	0.000	0	0	0	0	0.000	0	0	0	0.000	0	0	0	0	0	0	0	0	0	0	0	0	0	0	0	0	0
58	58	1898	1796.158	267.436	0.872	34	121	916	733	57	34	121	916	733	57	104.943	121.067	133	128	126	125	123	122	120	118	116	114	108	104.965	2273.736	3559	3159	2885	2658	2423	2227	2039	1881	1713	1483	973	0	0	0.000	0.000	0	0	0	0	0.000	0	0	0	0.000	0	0	0	0	0	0	0	0	0	0	0	0	0	0	0	0	0
59	59	1357	699.273	270.548	0.901	42	316	819	134	26	42	316	819	134	26	105.535	122.405	219	127	124	123	122	120	119	117	116	114	109	102.228	161.966	199	185	178	172	166	162	157	152	146	139	124	1	49	711.207	265.060	0	0	0	175	175.102	0	0	178	177.041	0	0	0	0	0	0	0	0	0	0	0	0	0	0	0	0	0
60	60	1618	2000.895	304.030	0.913	175	749	596	60	12	175	749	596	60	12	103.509	123.133	143	133	128	126	124	122	121	119	117	115	109	101.000	688.766	1006	877	842	802	753	705	648	585	530	473	330	0	0	0.000	0.000	0	0	0	0	0.000	0	0	0	0.000	0	0	0	0	0	0	0	0	0	0	0	0	0	0	0	0	0
61	61	1159	1834.139	308.253	0.884	20	191	648	253	20	20	191	648	253	20	105.000	118.230	127	124	122	120	119	118	117	116	115	113	109	103.470	1800.759	2959	2495	2233	2088	1947	1815	1653	1472	1305	1139	733	0	0	0.000	0.000	0	0	0	0	0.000	0	0	0	0.000	0	0	0	0	0	0	0	0	0	0	0	0	0	0	0	0	0
62	62	664	124.139	307.979	0.926	43	234	193	141	48	43	234	193	141	48	103.518	108.771	114	111	111	110	109	109	108	108	107	106	105	101.565	364.245	510	484	465	442	410	379	343	301	264	223	167	0	0	0.000	0.000	0	0	0	0	0.000	0	0	0	0.000	0	0	0	0	0	0	0	0	0	0	0	0	0	0	0	0	0
63	63	1800	710.021	323.284	0.874	66	572	966	161	9	66	572	966	161	9	106.000	123.844	155	131	128	126	125	123	122	121	118	116	110	102.450	179.313	214	200	195	191	187	182	177	171	164	155	125	0	0	0.000	0.000	0	0	0	0	0.000	0	0	0	0.000	0	0	0	0	0	0	0	0	0	0	0	0	0	0	0	0	0
64	64	2062	369.705	328.277	0.879	7	258	943	724	84	7	258	943	724	84	104.799	130.200	399	132	126	125	124	123	121	120	119	116	109	104.000	1583.460	2565	2209	2084	1971	1826	1656	1439	1232	1033	859	625	1	113	363.735	309.155	0	0	0	250	259.496	0	0	1947	1747.062	0	0	0	0	0	0	0	0	0	0	0	0	0	0	0	0	0
65	65	1868	429.498	330.925	0.888	82	886	820	32	10	82	886	820	32	10	105.000	125.130	138	132	130	129	128	126	124	122	119	116	110	103.926	1909.483	2993	2668	2481	2283	2106	1944	1781	1591	1339	1042	696	0	0	0.000	0.000	0	0	0	0	0.000	0	0	0	0.000	0	0	0	0	0	0	0	0	0	0	0	0	0	0	0	0	0
66	66	2013	502.320	329.913	0.873	7	148	1211	516	88	7	148	1211	516	88	104.865	122.812	134	130	127	126	125	123	122	120	118	115	110	103.758	1597.085	2469	2246	2032	1888	1810	1715	1590	1359	1101	760	486	0	0	0.000	0.000	0	0	0	0	0.000	0	0	0	0.000	0	0	0	0	0	0	0	0	0	0	0	0	0	0	0	0	0
67	67	372	544.676	328.728	0.949	14	103	158	70	24	14	103	158	70	24	105.000	112.172	122	115	114	113	112	112	111	111	110	109	107	103.000	677.836	1063	917	854	791	732	682	638	580	512	431	293	0	0	0.000	0.000	0	0	0	0	0.000	0	0	0	0.000	0	0	0	0	0	0	0	0	0	0	0	0	0	0	0	0	0
68	68	1589	113.907	348.289	0.897	50	359	1065	79	7	50	359	1065	79	7	103.556	108.103	112	110	109	109	108	108	108	107	107	107	104	101.393	498.590	799	745	660	609	570	521	460	384	306	241	172	0	0	0.000	0.000	0	0	0	0	0.000	0	0	0	0.000	0	0	0	0	0	0	0	0	0	0	0	0	0	0	0	0	0
69	69	304	625.722	342.197	0.904	34	56	100	92	16	34	56	100	92	16	105.000	110.891	113	112	112	111	111	111	111	110	110	109	108	102.000	135.849	154	148	145	142	140	137	134	131	127	124	114	0	0	0.000	0.000	0	0	0	0	0.000	0	0	0	0.000	0	0	0	0	0	0	0	0	0	0	0	0	0	0	0	0	0
70	70	1882	664.208	357.161	0.862	63	1024	729	21	5	63	1024	729	21	5	105.584	118.767	143	126	122	120	119	118	117	116	114	113	108	102.000	166.737	214	194	186	180	174	169	163	157	146	134	114	0	0	0.000	0.000	0	0	0	0	0.000	0	0	0	0.000	0	0	0	0	0	0	0	0	0	0	0	0	0	0	0	0	0
71	71	2032	514.870	384.918	0.872	36	142	722	979	119	36	142	722	979	119	104.345	125.749	140	133	132	130	129	128	125	123	119	115	108	102.968	1662.014	2607	2275	2100	1940	1809	1669	1554	1439	1264	1012	464	0	0	0.000	0.000	0	0	0	0	0.000	0	0	0	0.000	0	0	0	0	0	0	0	0	0	0	0	0	0	0	0	0	0
72	72	852	302.542	370.145	0.838	57	237	270	210	59	57	237	270	210	59	104.000	249.093	391	359	317	280	249	229	215	206	195	176	144	103.435	124.847	144	134	130	128	126	125	123	121	119	117	109	0	0	0.000	0.000	0	0	0	0	0.000	0	0	0	0.000	0	0	0	0	0	0	0	0	0	0	0	0	0	0	0	0	0
73	73	2671	719.510	386.595	0.886	88	1589	852	58	30	88	1589	852	58	30	105.815	319.769	5706	491	149	129	127	125	124	122	120	117	111	102.065	171.182	220	195	187	181	177	172	168	163	156	143	117	1	178	733.576	395.246	0	0	0	2231	2506.202	0	0	188	186.309	0	0	0	0	0	0	0	0	0	0	0	0	0	0	0	0	0
74	74	1842	1173.401	390.336	0.897	173	474	796	323	43	173	474	796	323	43	105.931	315.227	2835	579	266	212	197	188	179	170	159	146	127	103.386	124.694	141	132	129	128	126	125	124	122	120	117	108	1	160	1184.885	385.994	0	0	0	1275	1401.331	0	0	133	132.688	0	0	0	0	0	0	0	0	0	0	0	0	0	0	0	0	0
75	75	2176	133.786	397.792	0.889	45	257	1044	738	54	45	257	1044	738	54	103.922	109.818	121	114	112	111	110	109	108	108	108	107	105	102.000	447.460	786	671	592	528	479	432	382	334	296	268	207	0	0	0.000	0.000	0	0	0	0	0.000	0	0	0	0.000	0	0	0	0	0	0	0	0	0	0	0	0	0	0	0	0	0
76	76	331	98.511	386.118	0.933	29	50	154	77	16	29	50	154	77	16	103.000	108.755	112	111	110	110	109	109	108	108	107	107	106	102.000	349.719	484	460	418	389	370	353	331	310	281	246	181	0	0	0.000	0.000	0	0	0	0	0.000	0	0	0	0.000	0	0	0	0	0	0	0	0	0	0	0	0	0	0	0	0	0
77	77	742	28.100	398.910	0.911	19	251	255	166	34	19	251	255	166	34	102.155	120.255	129	125	123	122	121	120	119	118	117	116	112	100.481	121.763	132	128	126	124	123	122	120	119	118	115	111	0	0	0.000	0.000	0	0	0	0	0.000	0	0	0	0.000	0	0	0	0	0	0	0	0	0	0	0	0	0	0	0	0	0
78	78	1579	1118.112	405.312	0.898	345	537	571	77	19	345	537	571	77	19	106.313	270.956	427	354	328	308	293	274	254	230	204	182	155	104.000	341.073	545	451	427	405	381	354	320	282	241	205	183	0	0	0.000	0.000	0	0	0	0	0.000	0	0	0	0.000	0	0	0	0	0	0	0	0	0	0	0	0	0	0	0	0	0
79	79	1479	320.321	409.199	0.909	41	208	899	284	23	41	208	899	284	23	104.728	138.521	161	154	149	144	142	139	136	133	129	123	113	103.354	1744.654	2526	2323	2191	2069	1945	1803	1655	1482	1311	1082	577	0	0	0.000	0.000	0	0	0	0	0.000	0	0	0	0.000	0	0	0	0	0	0	0	0	0	0	0	0	0	0	0	0	0
80	80	1521	83.373	415.974	0.899	31	133	817	473	37	31	133	817	473	37	103.007	108.194	114	111	110	109	108	108	108	107	107	106	104	102.000	503.107	755	678	639	594	551	503	469	426	379	310	232	0	0	0.000	0.000	0	0	0	0	0.000	0	0	0	0.000	0	0	0	0	0	0	0	0	0	0	0	0	0	0	0	0	0
81	81	2623	1090.509	457.545	0.895	992	1338	133	87	10	992	1338	133	87	10	106.954	2100.315	32546	4573	415	380	355	332	305	276	251	222	166	104.002	357.596	548	478	448	424	396	365	329	293	257	223	172	1	292	1074.503	449.558	0	0	0	14312	15435.370	0	0	479	449.890	0	0	0	0	0	0	0	0	0	0	0	0	0	0	0	0	0
82	82	2078	353.137	461.182	0.904	36	321	1123	535	22	36	321	1123	535	22	105.000	128.269	143	136	134	132	130	128	127	125	122	120	113	103.356	1608.116	2976	2564	2287	2094	1864	1622	1386	1157	888	594	410	0	0	0.000	0.000	0	0	0	0	0.000	0	0	0	0.000	0	0	0	0	0	0	0	0	0	0	0	0	0	0	0	0	0
83	83	1683	117.595	462.498	0.875	35	442	1007	152	17	35	442	1007	152	17	103.775	170.524	212	201	192	184	176	168	161	156	151	144	125	102.497	431.841	862	714	629	545	459	383	329	283	253	231	193	0	0	0.000	0.000	0	0	0	0	0.000	0	0	0	0.000	0	0	0	0	0	0	0	0	0	0	0	0	0	0	0	0	0
84	84	1681	557.469	460.835	0.910	742	794	74	21	9	742	794	74	21	9	106.022	142.057	173	159	152	148	144	141	138	135	131	127	119	103.754	124.077	137	131	129	127	126	124	123	121	119	117	111	0	0	0.000	0.000	0	0	0	0	0.000	0	0	0	0.000	0	0	0	0	0	0	0	0	0	0	0	0	0	0	0	0	0
85	85	1477	652.395	465.845	0.923	30	138	572	594	113	30	138	572	594	113	105.756	137.070	158	151	147	144	141	138	134	130	126	122	115	102.686	123.222	136	130	128	126	125	123	122	121	119	116	108	0	0	0.000	0.000	0	0	0	0	0.000	0	0	0	0.000	0	0	0	0	0	0	0	0	0	0	0	0	0	0	0	0	0
86	86	1063	608.322	464.759	0.912	285	440	196	107	16	285	440	196	107	16	106.363	134.805	151	145	142	139	136	134	133	131	129	126	119	103.558	118.763	129	124	123	122	120	119	118	117	115	113	106	0	0	0.000	0.000	0	0	0	0	0.000	0	0	0	0.000	0	0	0	0	0	0	0	0	0	0	0	0	0	0	0	0	0
87	87	948	70.130	468.387	0.896	46	185	444	234	25	46	185	444	234	25	102.844	109.102	115	112	111	110	109	109	108	108	107	107	104	101.723	156.042	186	173	169	164	160	157	154	150	143	136	121	0	0	0.000	0.000	0	0	0	0	0.000	0	0	0	0.000	0	0	0	0	0	0	0	0	0	0	0	0	0	0	0	0	0
88	88	1650	167.892	474.589	0.897	44	441	922	190	16	44	441	922	190	16	103.724	186.213	235	220	212	206	199	193	184	171	155	142	127	101.945	692.359	989	905	868	816	764	722	670	608	520	418	276	0	0	0.000	0.000	0	0	0	0	0.000	0	0	0	0.000	0	0	0	0	0	0	0	0	0	0	0	0	0	0	0	0	0
89	89	1862	1707.914	485.809	0.896	597	452	457	251	72	597	452	457	251	72	105.998	262.963	4016	307	130	126	124	123	122	121	119	117	112	106.000	1117.748	1674	1518	1417	1309	1237	1158	1065	955	816	669	322	1	128	1702.436	475.176	0	0	0	1783	1852.414	0	0	1379	1322.023	0	0	0	0	0	0	0	0	0	0	0	0	0	0	0	0	0
90	90	1452	1651.900	488.481	0.893	555	591	203	57	16	555	591	203	57	16	105.999	124.258	191	130	125	123	122	121	121	120	119	118	114	105.585	389.832	683	561	523	475	408	358	325	299	272	246	204	1	57	1662.572	491.705	0	0	0	168	167.263	0	0	494	473.895	0	0	0	0	0	0	0	0	0	0	0	0	0	0	0	0	0
91	91	1125	395.418	483.383	0.905	116	284	636	59	9	116	284	636	59	9	105.000	133.452	153	145	143	141	138	135	132	128	123	119	113	104.344	2565.622	3787	3503	3352	3206	3038	2812	2518	2141	1707	1235	522	0	0	0.000	0.000	0	0	0	0	0.000	0	0	0	0.000	0	0	0	0	0	0	0	0	0	0	0	0	0	0	0	0	0
92	92	1261	544.481	501.390	0.884	6	56	679	377	130	6	56	679	377	130	106.351	135.522	479	136	132	130	129	128	127	126	124	123	115	104.010	125.894	139	131	129	128	127	126	125	124	122	120	111	1	49	530.378	499.993	0	0	0	276	277.408	0	0	131	130.041	0	0	0	0	0	0	0	0	0	0	0	0	0	0	0	0	0
93	93	735	1595.828	502.656	0.874	304	311	89	13	6	304	311	89	13	6	105.238	127.084	449	128	126	124	123	122	121	120	120	119	116	103.590	476.156	876	675	586	528	484	458	434	397	356	304	258	0	0	0.000	0.000	0	0	0	0	0.000	0	0	0	0.000	0	0	0	0	0	0	0	0	0	0	0	0	0	0	0	0	0
94	94	1755	139.062	511.739	0.871	96	758	752	116	7	96	758	752	116	7	103.929	181.093	241	212	203	193	186	180	175	168	160	150	127	102.000	614.695	1040	881	805	727	658	593	534	490	441	374	283	0	0	0.000	0.000	0	0	0	0	0.000	0	0	0	0.000	0	0	0	0	0	0	0	0	0	0	0	0	0	0	0	0	0
95	95	2643	369.119	519.858	0.877	246	1851	447	28	12	246	1851	447	28	12	105.386	251.270	887	439	269	228	215	205	195	186	178	168	146	104.802	1559.676	2541	2151	1953	1809	1663	1534	1418	1312	1176	1006	701	1	236	349.268	527.979	0	0	0	580	604.559	0	0	1682	1600.636	0	0	0	0	0	0	0	0	0	0	0	0	0	0	0	0	0
96	96	1560	596.873	510.003	0.893	93	234	520	591	95	93	234	520	591	95	107.000	127.386	201	153	134	126	123	121	119	118	116	115	110	104.653	124.404	137	131	129	128	126	125	123	122	120	117	108	1	154	596.844	503.115	0	0	0	170	171.182	0	0	128	127.162	0	0	0	0	0	0	0	0	0	0	0	0	0	0	0	0	0
97	97	1877	1723.283	541.998	0.870	557	710	387	162	33	557	710	387	162	33	106.066	135.630	197	147	141	137	135	133	131	129	127	125	118	106.000	1481.676	2154	1996	1874	1754	1651	1542	1428	1290	1119	844	540	0	0	0.000	0.000	0	0	0	0	0.000	0	0	0	0.000	0	0	0	0	0	0	0	0	0	0	0	0	0	0	0	0	0
98	98	608	558.936	529.771	0.859	48	123	193	185	49	48	123	193	185	49	106.865	113.000	124	116	115	114	114	113	112	112	111	110	109	104.890	118.911	178	124	122	121	120	119	117	116	114	113	109	0	0	0.000	0.000	0	0	0	0	0.000	0	0	0	0.000	0	0	0	0	0	0	0	0	0	0	0	0	0	0	0	0	0
99	99	2541	557.163	572.052	0.878	238	212	1705	324	21	238	212	1705	324	21	106.111	224.425	479	266	248	239	231	224	215	206	191	167	143	105.347	895.540	1299	1144	1094	1052	1009	955	893	823	707	488	327	0	0	0.000	0.000	0	0	0	0	0.000	0	0	0	0.000	0	0	0	0	0	0	0	0	0	0	0	0	0	0	0	0	0
100	100	2627	1847.585	578.495	0.844	42	405	1869	259	9	42	405	1869	259	9	104.814	130.864	437	136	134	132	131	130	128	127	125	121	110	103.394	1447.220	2225	1910	1807	1690	1563	1431	1311	1218	1122	996	629	1	48	1853.293	602.477	0	0	0	271	276.354	0	0	1368	1271.042	0	0	0	0	0	0	0	0	0	0	0	0	0	0	0	0	0
101	101	838	1422.266	586.968	0.917	19	90	375	301	43	19	90	375	301	43	105.177	110.846	114	113	112	112	111	111	110	110	110	109	108	103.000	825.443	1286	1140	1030	943	871	811	750	692	625	551	384	0	0	0.000	0.000	0	0	0	0	0.000	0	0	0	0.000	0	0	0	0	0	0	0	0	0	0	0	0	0	0	0	0	0
102	102	408	1802.937	584.924	0.947	36	114	152	80	20	36	114	152	80	20	105.559	130.922	139	137	136	134	132	131	129	128	127	125	120	103.983	1108.395	1486	1425	1343	1267	1195	1112	1039	973	893	776	611	0	0	0.000	0.000	0	0	0	0	0.000	0	0	0	0.000	0	0	0	0	0	0	0	0	0	0	0	0	0	0	0	0	0
103	103	618	613.528	607.763	0.911	25	113	294	153	20	25	113	294	153	20	106.000	111.696	119	115	113	112	112	111	111	111	110	109	108	105.867	189.060	211	204	201	198	195	191	188	183	177	171	155	0	0	0.000	0.000	0	0	0	0	0.000	0	0	0	0.000	0	0	0	0	0	0	0	0	0	0	0	0	0	0	0	0	0
104	104	1613	657.506	622.560	0.887	8	142	779	610	49	8	142	779	610	49	105.376	111.131	121	115	113	112	111	110	110	110	109	108	106	104.779	176.058	226	205	198	191	183	176	169	162	155	147	133	0	0	0.000	0.000	0	0	0	0	0.000	0	0	0	0.000	0	0	0	0	0	0	0	0	0	0	0	0	0	0	0	0	0
105	105	1208	522.737	623.877	0.905	41	139	707	288	18	41	139	707	288	18	105.180	110.862	116	113	112	112	111	111	110	110	109	109	106	104.870	659.002	926	861	805	757	714	668	616	564	511	456	306	0	0	0.000	0.000	0	0	0	0	0.000	0	0	0	0.000	0	0	0	0	0	0	0	0	0	0	0	0	0	0	0	0	0
106	106	1898	329.158	645.993	0.878	881	896	56	12	8	881	896	56	12	8	104.561	110.477	116	113	112	111	111	110	110	109	109	108	106	102.583	601.279	909	827	778	734	689	643	577	498	403	297	246	0	0	0.000	0.000	0	0	0	0	0.000	0	0	0	0.000	0	0	0	0	0	0	0	0	0	0	0	0	0	0	0	0	0
107	107	1512	603.924	652.949	0.884	53	114	748	546	19	53	114	748	546	19	105.969	110.649	116	113	112	111	111	111	110	110	109	109	107	104.882	187.009	239	224	215	205	197	188	178	167	158	150	135	0	0	0.000	0.000	0	0	0	0	0.000	0	0	0	0.000	0	0	0	0	0	0	0	0	0	0	0	0	0	0	0	0	0
108	108	1629	276.324	656.677	0.879	51	346	1070	127	10	51	346	1070	127	10	104.314	110.649	124	115	112	111	110	110	109	109	108	108	105	101.195	604.114	898	805	765	722	676	618	556	496	441	379	256	1	133	275.964	640.058	0	0	0	120	119.398	0	0	484	495.451	0	0	0	0	0	0	0	0	0	0	0	0	0	0	0	0	0
109	109	1581	552.752	655.386	0.900	21	247	1168	115	5	21	247	1168	115	5	106.000	111.655	117	114	113	113	112	112	111	111	110	109	107	104.818	552.219	869	742	685	645	621	591	541	463	387	311	199	0	0	0.000	0.000	0	0	0	0	0.000	0	0	0	0.000	0	0	0	0	0	0	0	0	0	0	0	0	0	0	0	0	0
110	110	1267	645.729	673.361	0.885	17	126	528	540	38	17	126	528	540	38	105.081	113.794	124	118	116	115	114	114	113	112	111	110	108	104.238	1155.120	1718	1481	1380	1299	1229	1158	1092	1022	944	818	546	0	0	0.000	0.000	0	0	0	0	0.000	0	0	0	0.000	0	0	0	0	0	0	0	0	0	0	0	0	0	0	0	0	0
111	111	1424	500.291	671.469	0.908	56	706	569	65	9	56	706	569	65	9	105.532	111.307	119	116	113	112	111	111	110	110	109	109	107	103.611	611.398	977	862	799	733	670	613	553	498	430	346	254	0	0	0.000	0.000	0	0	0	0	0.000	0	0	0	0.000	0	0	0	0	0	0	0	0	0	0	0	0	0	0	0	0	0
112	112	1834	698.237	677.630	0.878	13	167	1313	305	10	13	167	1313	305	10	105.000	113.278	126	118	115	114	113	113	112	112	111	110	108	103.498	1429.516	2111	1970	1832	1725	1591	1490	1369	1207	1001	785	458	0	0	0.000	0.000	0	0	0	0	0.000	0	0	0	0.000	0	0	0	0	0	0	0	0	0	0	0	0	0	0	0	0	0
113	113	1561	421.857	775.561	0.874	137	416	659	295	18	137	416	659	295	18	105.370	190.154	246	218	209	203	197	192	186	181	170	155	129	102.976	230.905	318	283	261	249	240	230	219	209	198	184	157	0	0	0.000	0.000	0	0	0	0	0.000	0	0	0	0.000	0	0	0	0	0	0	0	0	0	0	0	0	0	0	0	0	0
114	114	1660	499.848	785.556	0.879	18	42	497	921	152	18	42	497	921	152	105.290	135.420	167	146	144	142	139	137	133	130	126	123	114	102.914	1027.718	1608	1443	1351	1257	1146	1039	924	814	723	593	393	0	0	0.000	0.000	0	0	0	0	0.000	0	0	0	0.000	0	0	0	0	0	0	0	0	0	0	0	0	0	0	0	0	0
115	115	1469	756.077	806.148	0.915	250	812	341	27	10	250	812	341	27	10	107.000	177.806	243	214	200	190	182	176	170	164	155	143	132	103.954	205.657	289	259	237	227	218	206	196	183	170	150	135	0	0	0.000	0.000	0	0	0	0	0.000	0	0	0	0.000	0	0	0	0	0	0	0	0	0	0	0	0	0	0	0	0	0
116	116	1676	452.158	825.208	0.881	47	243	789	531	37	47	243	789	531	37	104.988	135.339	149	143	141	139	137	136	135	133	131	127	114	103.860	1060.249	1452	1355	1293	1224	1146	1077	1013	931	829	728	552	0	0	0.000	0.000	0	0	0	0	0.000	0	0	0	0.000	0	0	0	0	0	0	0	0	0	0	0	0	0	0	0	0	0
117	117	1616	705.403	836.593	0.883	67	222	667	570	52	67	222	667	570	52	106.793	123.393	159	132	127	125	124	122	121	119	118	116	109	104.819	545.400	871	806	707	641	603	560	502	437	368	286	207	0	0	0.000	0.000	0	0	0	0	0.000	0	0	0	0.000	0	0	0	0	0	0	0	0	0	0	0	0	0	0	0	0	0
118	118	2285	674.386	875.754	0.906	131	158	1159	758	39	131	158	1159	758	39	106.325	198.158	2624	176	136	132	129	127	125	123	121	118	112	104.330	435.564	759	648	591	529	471	425	372	323	280	252	205	1	127	687.203	866.660	0	0	0	1137	1240.150	0	0	674	649.449	0	0	0	0	0	0	0	0	0	0	0	0	0	0	0	0	0
119	119	1770	469.445	892.471	0.853	20	194	1096	399	22	20	194	1096	399	22	105.086	111.973	121	115	114	113	112	112	111	110	110	109	107	104.000	808.618	1254	1132	1066	992	906	818	736	644	557	457	320	0	0	0.000	0.000	0	0	0	0	0.000	0	0	0	0.000	0	0	0	0	0	0	0	0	0	0	0	0	0	0	0	0	0
120	120	1217	1396.624	903.056	0.892	87	627	453	21	10	87	627	453	21	10	107.000	594.199	10820	772	233	215	200	190	181	172	164	155	138	103.954	493.528	785	682	624	577	533	486	440	397	366	330	246	1	98	1411.914	897.218	0	0	0	4225	4688.245	0	0	591	529.582	0	0	0	0	0	0	0	0	0	0	0	0	0	0	0	0	0
121	121	791	689.423	917.293	0.899	83	188	289	179	39	83	188	289	179	39	106.000	124.011	133	130	128	127	126	125	123	122	120	118	111	104.000	483.402	656	575	543	530	512	493	471	444	418	386	269	0	0	0.000	0.000	0	0	0	0	0.000	0	0	0	0.000	0	0	0	0	0	0	0	0	0	0	0	0	0	0	0	0	0
122	122	1172	450.423	936.540	0.933	7	28	190	741	182	7	28	190	741	182	105.000	111.877	119	115	114	113	112	112	111	110	110	109	107	104.000	958.967	1491	1290	1152	1070	1004	950	891	831	757	662	448	0	0	0.000	0.000	0	0	0	0	0.000	0	0	0	0.000	0	0	0	0	0	0	0	0	0	0	0	0	0	0	0	0	0
123	123	1783	501.408	945.489	0.894	43	272	906	502	30	43	272	906	502	30	105.197	112.978	119	116	115	114	114	113	112	112	111	110	108	104.000	1052.466	1839	1560	1425	1308	1207	1101	935	799	653	494	335	0	0	0.000	0.000	0	0	0	0	0.000	0	0	0	0.000	0	0	0	0	0	0	0	0	0	0	0	0	0	0	0	0	0
124	124	936	2004.309	946.368	0.880	29	54	283	461	95	29	54	283	461	95	104.141	113.107	119	116	115	114	114	113	113	112	111	110	108	104.161	1105.787	1586	1435	1319	1223	1155	1099	1050	990	905	786	542	0	0	0.000	0.000	0	0	0	0	0.000	0	0	0	0.000	0	0	0	0	0	0	0	0	0	0	0	0	0	0	0	0	0
125	125	2287	1155.544	982.010	0.904	336	1709	151	39	26	336	1709	151	39	26	107.148	273.958	2700	266	225	218	211	201	190	178	166	157	134	106.295	2212.120	3386	3045	2874	2706	2536	2336	2058	1766	1491	1250	612	1	140	1171.035	986.390	0	0	0	1269	1359.314	0	0	2702	2534.307	0	0	0	0	0	0	0	0	0	0	0	0	0	0	0	0	0
126	126	2022	1378.839	996.659	0.846	26	327	1212	394	20	26	327	1212	394	20	106.309	115.809	122	119	118	117	116	116	115	114	114	113	108	105.000	942.530	1488	1271	1172	1104	1030	965	884	790	683	581	463	0	0	0.000	0.000	0	0	0	0	0.000	0	0	0	0.000	0	0	0	0	0	0	0	0	0	0	0	0	0	0	0	0	0
127	127	2156	1967.866	997.235	0.884	44	298	1137	561	64	44	298	1137	561	64	105.660	114.908	125	120	118	117	116	115	114	113	112	111	107	105.076	1214.733	1956	1716	1541	1429	1334	1233	1140	1004	871	700	429	0	0	0.000	0.000	0	0	0	0	0.000	0	0	0	0.000	0	0	0	0	0	0	0	0	0	0	0	0	0	0	0	0	0
128	128	1768	1102.647	999.498	0.874	19	148	942	570	62	19	148	942	570	62	107.101	117.074	149	120	119	118	118	117	116	116	115	114	110	106.285	186.526	247	225	212	201	191	183	176	170	163	155	128	0	0	0.000	0.000	0	0	0	0	0.000	0	0	0	0.000	0	0	0	0	0	0	0	0	0	0	0	0	0	0	0	0	0
129	129	1114	1037.282	997.313	0.830	46	399	490	138	19	46	399	490	138	19	106.000	122.074	145	133	127	124	122	121	120	118	117	115	110	103.793	121.940	145	133	129	125	123	121	119	118	115	113	107	0	0	0.000	0.000	0	0	0	0	0.000	0	0	0	0.000	0	0	0	0	0	0	0	0	0	0	0	0	0	0	0	0	0
130	130	1166	1873.345	1007.661	0.925	46	207	653	211	30	46	207	653	211	30	105.844	119.016	126	123	122	122	121	120	118	117	115	114	109	103.547	1142.402	1607	1444	1378	1324	1254	1177	1087	994	895	791	495	0	0	0.000	0.000	0	0	0	0	0.000	0	0	0	0.000	0	0	0	0	0	0	0	0	0	0	0	0	0	0	0	0	0
131	131	2093	1486.713	1019.789	0.910	18	95	937	960	44	18	95	937	960	44	106.907	199.060	2409	229	130	125	123	122	119	117	115	114	111	104.993	674.002	1110	1024	924	846	770	690	608	494	388	318	250	1	136	1479.521	1017.085	0	0	0	1050	1149.941	0	0	1067	1051.699	0	0	0	0	0	0	0	0	0	0	0	0	0	0	0	0	0
132	132	1676	501.835	1027.508	0.888	196	927	403	97	19	196	927	403	97	19	105.988	292.881	377	342	333	322	310	297	285	274	259	230	166	104.703	1179.666	1771	1546	1470	1383	1288	1206	1106	999	891	771	458	0	0	0.000	0.000	0	0	0	0	0.000	0	0	0	0.000	0	0	0	0	0	0	0	0	0	0	0	0	0	0	0	0	0
133	133	1858	450.276	1028.523	0.909	666	957	126	37	33	666	957	126	37	33	105.941	318.757	1094	384	355	338	326	315	302	281	252	220	154	104.274	988.865	1701	1332	1241	1172	1099	1021	931	811	688	599	316	1	23	451.222	1037.790	0	0	0	853	854.565	0	0	615	621.174	0	0	0	0	0	0	0	0	0	0	0	0	0	0	0	0	0
134	134	2682	1143.957	1040.307	0.910	53	1202	1243	90	29	53	1202	1243	90	29	107.445	3203.654	31345	11963	3465	987	321	259	226	201	180	160	144	106.963	1651.478	3467	2739	2385	2100	1866	1613	1338	1095	863	677	491	1	466	1133.309	1030.172	0	0	0	14184	15401.474	0	0	2350	2313.571	0	0	0	0	0	0	0	0	0	0	0	0	0	0	0	0	0
135	135	1264	1059.348	1033.048	0.891	34	45	476	606	73	34	45	476	606	73	106.710	116.865	123	120	119	118	118	117	116	115	115	113	110	105.167	199.216	255	233	223	215	207	201	192	183	174	165	145	0	0	0.000	0.000	0	0	0	0	0.000	0	0	0	0.000	0	0	0	0	0	0	0	0	0	0	0	0	0	0	0	0	0
136	136	687	1943.601	1036.794	0.915	56	144	355	101	24	56	144	355	101	24	106.000	112.994	120	116	115	114	114	113	112	112	111	110	106	106.000	963.013	1388	1297	1244	1185	1124	1032	926	795	662	513	247	0	0	0.000	0.000	0	0	0	0	0.000	0	0	0	0.000	0	0	0	0	0	0	0	0	0	0	0	0	0	0	0	0	0
137	137	1431	1899.515	1051.000	0.887	22	287	850	218	28	22	287	850	218	28	105.898	137.982	784	149	125	122	119	118	117	116	114	113	110	104.849	1038.743	1726	1537	1416	1297	1188	1048	885	733	629	569	431	1	83	1903.624	1047.388	0	0	0	373	397.723	0	0	1594	1520.169	0	0	0	0	0	0	0	0	0	0	0	0	0	0	0	0	0
138	138	527	546.420	1040.514	0.822	41	139	196	108	34	41	139	196	108	34	106.000	303.444	350	337	323	313	309	305	301	296	287	270	231	104.000	1417.806	1752	1627	1565	1512	1454	1404	1362	1322	1281	1228	1088	0	0	0.000	0.000	0	0	0	0	0.000	0	0	0	0.000	0	0	0	0	0	0	0	0	0	0	0	0	0	0	0	0	0
139	139	1820	1505.057	1072.887	0.870	77	219	890	530	73	77	219	890	530	73	107.000	122.752	130	127	126	125	124	124	123	121	120	117	111	105.160	875.749	1242	1138	1054	991	931	873	818	771	725	627	359	0	0	0.000	0.000	0	0	0	0	0.000	0	0	0	0.000	0	0	0	0	0	0	0	0	0	0	0	0	0	0	0	0	0
140	140	516	1356.663	1060.766	0.919	188	232	38	28	22	188	232	38	28	22	106.087	113.576	119	116	115	114	114	113	113	113	112	111	109	105.000	718.074	1098	947	892	821	756	719	693	630	549	474	371	0	0	0.000	0.000	0	0	0	0	0.000	0	0	0	0.000	0	0	0	0	0	0	0	0	0	0	0	0	0	0	0	0	0
141	141	1509	1444.998	1069.682	0.892	18	247	719	421	64	18	247	719	421	64	106.977	117.111	128	122	120	118	117	116	116	115	114	114	110	105.309	1028.476	1378	1286	1221	1162	1104	1048	986	910	828	744	536	0	0	0.000	0.000	0	0	0	0	0.000	0	0	0	0.000	0	0	0	0	0	0	0	0	0	0	0	0	0	0	0	0	0
142	142	2741	1252.973	1079.493	0.871	374	2212	94	20	10	374	2212	94	20	10	106.701	117.899	129	123	121	120	119	118	117	116	115	113	110	104.945	1196.460	1881	1590	1519	1444	1354	1255	1138	994	841	684	374	0	0	0.000	0.000	0	0	0	0	0.000	0	0	0	0.000	0	0	0	0	0	0	0	0	0	0	0	0	0	0	0	0	0
143	143	2571	1985.652	1086.503	0.899	329	1584	568	39	5	329	1584	568	39	5	105.079	125.628	140	132	130	129	127	126	125	123	121	119	111	105.011	3693.133	5662	4881	4580	4376	4186	3907	3552	3168	2721	2119	1210	0	0	0.000	0.000	0	0	0	0	0.000	0	0	0	0.000	0	0	0	0	0	0	0	0	0	0	0	0	0	0	0	0	0
144	144	2662	1320.504	1092.792	0.837	25	757	1675	127	23	25	757	1675	127	23	107.022	118.453	128	123	121	120	119	118	117	117	116	115	110	105.191	1079.426	1987	1569	1442	1328	1198	1086	985	859	690	541	346	0	0	0.000	0.000	0	0	0	0	0.000	0	0	0	0.000	0	0	0	0	0	0	0	0	0	0	0	0	0	0	0	0	0
145	145	2308	1390.638	1089.065	0.894	90	1649	443	62	14	90	1649	443	62	14	106.848	115.843	127	120	119	118	117	116	115	114	113	112	108	104.808	660.350	1252	1024	910	805	734	652	567	483	405	318	224	0	0	0.000	0.000	0	0	0	0	0.000	0	0	0	0.000	0	0	0	0	0	0	0	0	0	0	0	0	0	0	0	0	0
146	146	1651	991.685	1091.608	0.862	467	1072	74	13	7	467	1072	74	13	7	106.147	280.572	1441	346	321	302	288	262	244	220	196	174	148	104.784	914.363	1486	1346	1203	1089	998	936	857	740	602	474	327	1	42	984.197	1102.848	0	0	0	945	872.262	0	0	1180	1156.905	0	0	0	0	0	0	0	0	0	0	0	0	0	0	0	0	0
147	147	1584	1122.619	1089.853	0.891	13	25	489	968	59	13	25	489	968	59	107.000	264.220	367	323	303	283	273	262	255	245	229	204	157	105.681	2440.660	3841	3411	3074	2810	2586	2387	2211	2056	1866	1591	820	0	0	0.000	0.000	0	0	0	0	0.000	0	0	0	0.000	0	0	0	0	0	0	0	0	0	0	0	0	0	0	0	0	0
148	148	1870	1886.736	1105.026	0.892	50	458	1106	216	9	50	458	1106	216	9	105.964	136.471	523	144	130	129	127	125	122	120	118	116	108	104.480	811.435	1268	1135	1061	984	905	828	735	654	563	454	317	1	109	1882.702	1087.074	0	0	0	292	307.706	0	0	1004	977.761	0	0	0	0	0	0	0	0	0	0	0	0	0	0	0	0	0
149	149	1354	461.601	1121.425	0.886	35	150	619	472	51	35	150	619	472	51	106.000	111.878	118	114	113	113	112	112	111	111	110	110	108	103.898	971.624	1465	1252	1171	1122	1064	1018	958	881	759	576	410	0	0	0.000	0.000	0	0	0	0	0.000	0	0	0	0.000	0	0	0	0	0	0	0	0	0	0	0	0	0	0	0	0	0
150	150	1169	1471.947	1120.179	0.883	15	85	391	548	105	15	85	391	548	105	107.458	115.268	125	120	118	116	115	115	114	113	113	112	110	104.920	127.754	142	135	133	131	129	128	126	125	123	120	113	0	0	0.000	0.000	0	0	0	0	0.000	0	0	0	0.000	0	0	0	0	0	0	0	0	0	0	0	0	0	0	0	0	0
151	151	1724	1025.737	1130.830	0.903	824	461	235	133	47	824	461	235	133	47	106.966	344.416	3060	417	340	302	279	258	235	217	196	171	138	104.950	1140.295	1931	1773	1620	1439	1317	1161	1003	836	679	478	333	1	99	1022.171	1134.864	0	0	0	1487	1588.909	0	0	1498	1407.242	0	0	0	0	0	0	0	0	0	0	0	0	0	0	0	0	0
152	152	1824	851.563	1136.549	0.911	378	1401	21	8	5	378	1401	21	8	5	106.505	150.338	173	165	162	157	153	150	147	145	142	135	121	104.564	1125.089	1782	1603	1462	1357	1221	1114	1024	923	782	640	370	0	0	0.000	0.000	0	0	0	0	0.000	0	0	0	0.000	0	0	0	0	0	0	0	0	0	0	0	0	0	0	0	0	0
153	153	1695	1281.770	1140.191	0.879	46	1031	497	68	9	46	1031	497	68	9	108.000	118.171	130	124	121	120	118	118	117	116	115	114	109	105.650	726.404	1200	1057	951	848	771	719	669	599	510	410	305	0	0	0.000	0.000	0	0	0	0	0.000	0	0	0	0.000	0	0	0	0	0	0	0	0	0	0	0	0	0	0	0	0	0
154	154	1549	910.429	1150.790	0.884	85	462	667	273	38	85	462	667	273	38	106.478	124.461	137	131	129	127	125	124	123	122	121	119	111	104.000	365.895	596	523	484	446	400	349	306	279	254	232	196	0	0	0.000	0.000	0	0	0	0	0.000	0	0	0	0.000	0	0	0	0	0	0	0	0	0	0	0	0	0	0	0	0	0
155	155	1111	1914.812	1145.387	0.906	64	167	621	215	29	64	167	621	215	29	106.000	131.815	282	142	135	133	130	128	125	123	121	118	113	104.000	773.698	1162	1017	938	876	809	760	720	675	621	544	361	1	42	1908.631	1146.259	0	0	0	213	211.857	0	0	849	831.833	0	0	0	0	0	0	0	0	0	0	0	0	0	0	0	0	0
156	156	2277	1600.251	1156.832	0.887	55	665	1245	216	34	55	665	1245	216	34	107.654	114.755	121	118	117	116	115	115	114	113	113	112	109	105.018	794.138	1481	1195	1043	960	878	794	703	617	514	418	258	0	0	0.000	0.000	0	0	0	0	0.000	0	0	0	0.000	0	0	0	0	0	0	0	0	0	0	0	0	0	0	0	0	0
157	157	1452	1662.286	1156.091	0.890	21	287	829	248	38	21	287	829	248	38	107.507	139.403	152	147	145	144	143	141	139	136	133	129	120	105.000	675.125	923	849	807	778	737	694	653	601	531	459	301	0	0	0.000	0.000	0	0	0	0	0.000	0	0	0	0.000	0	0	0	0	0	0	0	0	0	0	0	0	0	0	0	0	0
158	158	1632	1340.778	1161.257	0.887	63	659	728	109	37	63	659	728	109	37	107.526	117.040	138	124	119	118	117	116	115	114	113	113	109	104.588	224.989	278	256	250	244	237	229	222	212	202	185	148	1	281	1340.270	1167.650	0	0	0	124	124.423	0	0	243	238.477	0	0	0	0	0	0	0	0	0	0	0	0	0	0	0	0	0
159	159	1730	800.447	1164.145	0.897	401	1217	61	25	12	401	1217	61	25	12	107.000	141.947	168	157	153	149	145	142	138	135	131	127	119	104.470	777.754	1245	1146	1029	923	831	751	676	610	556	476	342	0	0	0.000	0.000	0	0	0	0	0.000	0	0	0	0.000	0	0	0	0	0	0	0	0	0	0	0	0	0	0	0	0	0
160	160	1562	1459.063	1170.672	0.882	144	759	489	118	27	144	759	489	118	27	108.000	117.145	126	122	120	119	118	117	116	115	114	113	110	104.000	128.061	149	139	136	133	130	127	125	123	121	119	108	0	0	0.000	0.000	0	0	0	0	0.000	0	0	0	0.000	0	0	0	0	0	0	0	0	0	0	0	0	0	0	0	0	0
161	161	1665	965.445	1175.783	0.863	37	51	637	833	76	37	51	637	833	76	106.524	126.405	137	132	131	130	128	127	126	124	121	119	114	104.253	490.045	764	652	607	569	532	496	455	414	375	306	251	0	0	0.000	0.000	0	0	0	0	0.000	0	0	0	0.000	0	0	0	0	0	0	0	0	0	0	0	0	0	0	0	0	0
162	162	1847	491.932	1177.976	0.879	85	758	898	62	5	85	758	898	62	5	106.000	113.029	121	116	115	115	114	113	112	111	111	110	107	103.000	1086.491	1784	1532	1364	1237	1141	1065	993	922	831	675	483	0	0	0.000	0.000	0	0	0	0	0.000	0	0	0	0.000	0	0	0	0	0	0	0	0	0	0	0	0	0	0	0	0	0
163	163	1524	1238.746	1175.173	0.904	1327	139	17	12	10	1327	139	17	12	10	107.928	119.614	131	126	123	122	120	119	118	117	116	115	111	104.585	759.506	1160	1008	949	900	840	793	733	660	559	440	316	0	0	0.000	0.000	0	0	0	0	0.000	0	0	0	0.000	0	0	0	0	0	0	0	0	0	0	0	0	0	0	0	0	0
164	164	1811	1885.487	1186.274	0.909	64	363	1041	280	33	64	363	1041	280	33	105.999	139.555	207	153	147	144	141	139	136	133	129	126	115	103.526	177.440	241	214	204	195	187	178	169	159	151	142	120	0	0	0.000	0.000	0	0	0	0	0.000	0	0	0	0.000	0	0	0	0	0	0	0	0	0	0	0	0	0	0	0	0	0
165	165	280	1001.828	1179.655	0.953	40	37	57	100	34	40	37	57	100	34	106.525	124.475	133	130	128	127	126	125	124	122	120	118	114	104.000	388.754	532	495	460	441	424	409	388	357	304	251	198	0	0	0.000	0.000	0	0	0	0	0.000	0	0	0	0.000	0	0	0	0	0	0	0	0	0	0	0	0	0	0	0	0	0
166	166	949	1280.175	1183.985	0.896	11	106	232	491	95	11	106	232	491	95	108.000	116.792	126	121	120	118	117	116	116	115	114	113	109	104.887	682.157	1040	915	863	823	768	707	640	587	534	391	171	0	0	0.000	0.000	0	0	0	0	0.000	0	0	0	0.000	0	0	0	0	0	0	0	0	0	0	0	0	0	0	0	0	0
167	167	1851	1686.412	1203.696	0.890	101	148	1046	487	30	101	148	1046	487	30	107.112	135.302	156	149	144	140	138	135	133	130	127	122	111	105.714	615.672	1015	915	831	757	686	618	547	480	403	319	213	0	0	0.000	0.000	0	0	0	0	0.000	0	0	0	0.000	0	0	0	0	0	0	0	0	0	0	0	0	0	0	0	0	0
168	168	1052	925.289	1195.695	0.902	24	32	291	565	118	24	32	291	565	118	107.000	122.662	131	128	127	125	124	123	122	121	119	117	110	103.878	376.579	545	481	456	435	405	376	347	321	300	272	210	0	0	0.000	0.000	0	0	0	0	0.000	0	0	0	0.000	0	0	0	0	0	0	0	0	0	0	0	0	0	0	0	0	0
169	169	1163	1564.601	1198.977	0.926	28	187	577	306	36	28	187	577	306	36	107.535	113.166	119	116	115	114	113	113	113	112	112	111	109	105.000	808.279	1169	1032	977	938	895	839	780	715	636	516	344	0	0	0.000	0.000	0	0	0	0	0.000	0	0	0	0.000	0	0	0	0	0	0	0	0	0	0	0	0	0	0	0	0	0
170	170	1140	1851.964	1216.478	0.913	53	116	556	370	24	53	116	556	370	24	106.683	135.919	156	148	144	142	139	136	134	131	127	123	115	103.139	184.268	236	216	209	201	195	186	179	169	159	147	132	0	0	0.000	0.000	0	0	0	0	0.000	0	0	0	0.000	0	0	0	0	0	0	0	0	0	0	0	0	0	0	0	0	0
171	171	290	486.989	1214.035	0.950	28	51	71	81	53	28	51	71	81	53	106.000	111.255	114	113	113	112	112	111	111	110	110	109	107	102.183	687.769	1070	974	914	860	808	736	642	544	427	334	246	0	0	0.000	0.000	0	0	0	0	0.000	0	0	0	0.000	0	0	0	0	0	0	0	0	0	0	0	0	0	0	0	0	0
172	172	1429	817.492	1226.719	0.904	113	734	445	91	24	113	734	445	91	24	107.435	164.400	850	170	165	160	155	151	148	143	136	128	123	103.270	166.635	204	191	185	181	177	171	166	156	145	134	124	1	52	820.504	1237.595	0	0	0	462	469.769	0	0	186	184.038	0	0	0	0	0	0	0	0	0	0	0	0	0	0	0	0	0
173	173	1174	860.947	1230.154	0.917	355	659	80	52	12	355	659	80	52	12	107.000	141.051	155	151	147	145	143	141	139	138	135	131	121	103.023	156.824	189	174	169	164	161	156	153	149	145	141	126	0	0	0.000	0.000	0	0	0	0	0.000	0	0	0	0.000	0	0	0	0	0	0	0	0	0	0	0	0	0	0	0	0	0
174	174	1674	1891.734	1240.837	0.887	71	490	914	154	23	71	490	914	154	23	106.091	144.548	167	159	155	152	149	145	142	138	135	130	114	103.000	206.105	264	246	235	228	220	210	199	186	174	162	132	0	0	0.000	0.000	0	0	0	0	0.000	0	0	0	0.000	0	0	0	0	0	0	0	0	0	0	0	0	0	0	0	0	0
175	175	2479	1651.820	1247.033	0.883	955	1385	30	19	20	955	1385	30	19	20	108.000	132.252	149	141	139	137	135	133	131	128	125	122	115	106.414	374.281	656	524	477	440	403	371	336	299	272	236	164	0	0	0.000	0.000	0	0	0	0	0.000	0	0	0	0.000	0	0	0	0	0	0	0	0	0	0	0	0	0	0	0	0	0
176	176	1171	44.402	1253.599	0.900	29	165	799	143	10	29	165	799	143	10	103.000	125.055	133	131	130	129	128	127	126	123	120	116	110	101.517	2273.808	3147	2973	2792	2577	2410	2253	2075	1942	1807	1697	985	0	0	0.000	0.000	0	0	0	0	0.000	0	0	0	0.000	0	0	0	0	0	0	0	0	0	0	0	0	0	0	0	0	0
177	177	1651	1708.547	1262.702	0.884	521	721	217	143	28	521	721	217	143	28	107.048	141.085	159	151	148	146	144	142	139	137	134	131	121	107.718	582.451	860	795	726	662	611	569	528	486	445	404	309	0	0	0.000	0.000	0	0	0	0	0.000	0	0	0	0.000	0	0	0	0	0	0	0	0	0	0	0	0	0	0	0	0	0
178	178	1406	840.510	1270.385	0.915	711	503	113	25	32	711	503	113	25	32	107.113	169.150	222	194	189	185	177	170	162	154	148	142	127	103.594	169.157	207	195	190	186	181	173	164	156	146	137	121	0	0	0.000	0.000	0	0	0	0	0.000	0	0	0	0.000	0	0	0	0	0	0	0	0	0	0	0	0	0	0	0	0	0
179	179	1609	541.328	1278.711	0.850	44	736	602	171	29	44	736	602	171	29	106.000	120.193	138	131	125	122	120	119	117	116	115	113	109	102.000	134.034	155	145	142	140	138	136	134	131	126	118	105	0	0	0.000	0.000	0	0	0	0	0.000	0	0	0	0.000	0	0	0	0	0	0	0	0	0	0	0	0	0	0	0	0	0
180	180	1756	789.400	1277.367	0.854	32	272	1073	318	33	32	272	1073	318	33	107.080	223.704	1298	296	201	193	188	183	176	170	163	149	129	102.623	171.593	207	193	187	182	177	172	168	163	158	150	120	1	112	804.465	1271.340	0	0	0	720	740.571	0	0	182	180.393	0	0	0	0	0	0	0	0	0	0	0	0	0	0	0	0	0
181	181	1892	81.629	1287.460	0.900	9	117	853	844	38	9	117	853	844	38	103.105	130.109	341	136	132	130	127	126	124	122	119	115	108	102.000	1704.382	3029	2738	2472	2206	1939	1683	1402	1173	967	733	461	1	62	87.307	1277.530	0	0	0	232	236.565	0	0	2730	2647.242	0	0	0	0	0	0	0	0	0	0	0	0	0	0	0	0	0
182	182	1875	939.296	1290.925	0.871	181	397	1126	141	7	181	397	1126	141	7	106.998	143.575	164	157	154	152	149	145	141	136	133	129	117	103.524	133.513	154	141	139	137	136	135	133	131	129	125	112	0	0	0.000	0.000	0	0	0	0	0.000	0	0	0	0.000	0	0	0	0	0	0	0	0	0	0	0	0	0	0	0	0	0
183	183	1315	1754.786	1295.145	0.843	36	75	605	491	76	36	75	605	491	76	107.000	140.597	160	153	150	147	143	140	137	135	133	129	122	109.821	526.018	853	760	698	628	561	507	459	428	377	307	233	0	0	0.000	0.000	0	0	0	0	0.000	0	0	0	0.000	0	0	0	0	0	0	0	0	0	0	0	0	0	0	0	0	0
184	184	1775	1153.088	1316.811	0.859	36	169	1106	413	23	36	169	1106	413	23	107.672	121.235	129	125	124	123	123	122	121	120	118	116	111	105.937	1001.846	1582	1401	1272	1140	1049	982	906	834	764	659	401	0	0	0.000	0.000	0	0	0	0	0.000	0	0	0	0.000	0	0	0	0	0	0	0	0	0	0	0	0	0	0	0	0	0
185	185	236	809.777	1300.992	0.894	16	44	68	70	35	16	44	68	70	35	107.000	149.839	183	176	171	166	159	152	143	135	128	122	115	103.000	143.869	178	172	165	159	151	144	136	129	124	119	108	0	0	0.000	0.000	0	0	0	0	0.000	0	0	0	0.000	0	0	0	0	0	0	0	0	0	0	0	0	0	0	0	0	0
186	186	1451	979.821	1313.729	0.900	16	126	691	538	38	16	126	691	538	38	107.563	138.837	157	151	149	147	144	141	138	134	128	122	112	104.012	1183.380	1788	1687	1590	1480	1373	1243	1115	1010	803	525	210	0	0	0.000	0.000	0	0	0	0	0.000	0	0	0	0.000	0	0	0	0	0	0	0	0	0	0	0	0	0	0	0	0	0
187	187	1392	1635.726	1324.503	0.906	78	425	778	81	11	78	425	778	81	11	107.006	117.914	129	125	122	119	118	117	116	115	114	113	111	112.622	1898.033	3334	2854	2542	2271	2023	1836	1701	1550	1269	987	661	0	0	0.000	0.000	0	0	0	0	0.000	0	0	0	0.000	0	0	0	0	0	0	0	0	0	0	0	0	0	0	0	0	0
188	188	1495	827.175	1335.957	0.881	13	113	854	461	24	13	113	854	461	24	107.000	150.781	893	167	130	127	125	123	122	121	119	118	114	104.649	790.625	1173	1037	955	897	830	781	732	674	623	562	380	1	108	834.253	1328.319	0	0	0	422	450.278	0	0	1022	1014.741	0	0	0	0	0	0	0	0	0	0	0	0	0	0	0	0	0
189	189	1802	935.765	1342.341	0.879	372	1071	300	15	7	372	1071	300	15	7	107.339	134.475	150	146	143	140	138	135	133	129	126	122	113	105.036	964.443	1634	1374	1277	1182	1067	975	873	784	679	500	286	0	0	0.000	0.000	0	0	0	0	0.000	0	0	0	0.000	0	0	0	0	0	0	0	0	0	0	0	0	0	0	0	0	0
190	190	1746	1425.824	1350.702	0.876	53	214	1209	237	9	53	214	1209	237	9	107.000	162.845	1306	186	124	121	120	119	118	117	116	115	111	106.620	888.761	1584	1377	1192	1057	936	828	741	680	603	512	352	1	127	1422.221	1340.763	0	0	0	597	637.512	0	0	881	887.331	0	0	0	0	0	0	0	0	0	0	0	0	0	0	0	0	0
191	191	1541	882.043	1366.431	0.897	213	178	337	694	91	213	178	337	694	91	107.000	141.518	167	156	150	147	145	142	139	135	131	128	123	105.853	1122.534	2010	1649	1497	1342	1219	1109	992	866	738	616	465	0	0	0.000	0.000	0	0	0	0	0.000	0	0	0	0.000	0	0	0	0	0	0	0	0	0	0	0	0	0	0	0	0	0
192	192	1303	1122.356	1366.923	0.852	72	59	561	544	49	72	59	561	544	49	107.652	120.722	129	125	124	123	122	121	120	119	118	116	112	107.464	1021.779	1601	1386	1281	1195	1111	1043	955	870	765	622	397	0	0	0.000	0.000	0	0	0	0	0.000	0	0	0	0.000	0	0	0	0	0	0	0	0	0	0	0	0	0	0	0	0	0
193	193	1971	716.817	1372.668	0.892	32	202	1230	453	20	32	202	1230	453	20	107.000	140.538	784	153	125	123	121	120	119	118	117	116	111	103.782	597.234	958	831	744	685	640	602	567	525	458	336	228	1	114	718.377	1377.640	0	0	0	384	409.947	0	0	557	510.649	0	0	0	0	0	0	0	0	0	0	0	0	0	0	0	0	0
194	194	546	811.704	1372.581	0.921	137	179	176	31	13	137	179	176	31	13	106.899	116.965	123	120	119	119	118	117	116	115	114	114	111	105.007	546.288	729	685	662	638	610	581	529	478	422	362	278	0	0	0.000	0.000	0	0	0	0	0.000	0	0	0	0.000	0	0	0	0	0	0	0	0	0	0	0	0	0	0	0	0	0
195	195	1568	603.353	1390.568	0.889	807	413	195	91	33	807	413	195	91	33	106.505	272.732	2826	315	221	210	200	189	179	167	157	146	128	104.970	957.852	1568	1381	1299	1213	1112	994	873	731	588	466	310	1	100	605.075	1403.150	0	0	0	1279	1368.240	0	0	1353	1273.140	0	0	0	0	0	0	0	0	0	0	0	0	0	0	0	0	0
196	196	958	837.477	1386.402	0.873	91	450	314	82	11	91	450	314	82	11	107.000	324.233	1856	959	422	204	138	127	124	123	121	120	117	106.000	621.228	918	834	749	706	654	595	554	521	493	464	370	1	210	844.516	1382.639	0	0	0	878	938.814	0	0	786	771.567	0	0	0	0	0	0	0	0	0	0	0	0	0	0	0	0	0
197	197	860	1444.407	1390.529	0.907	46	423	228	112	32	46	423	228	112	32	107.857	119.207	127	122	121	120	120	119	119	118	117	117	112	107.235	942.306	1420	1302	1219	1136	1053	957	858	756	653	558	439	0	0	0.000	0.000	0	0	0	0	0.000	0	0	0	0.000	0	0	0	0	0	0	0	0	0	0	0	0	0	0	0	0	0
198	198	2385	977.123	1415.726	0.900	135	360	1581	250	28	135	360	1581	250	28	108.023	133.883	148	141	140	139	137	136	134	131	127	123	114	107.504	1381.132	2065	1821	1719	1625	1512	1412	1315	1199	1077	876	480	0	0	0.000	0.000	0	0	0	0	0.000	0	0	0	0.000	0	0	0	0	0	0	0	0	0	0	0	0	0	0	0	0	0
199	199	1333	1378.958	1416.213	0.901	336	713	159	81	27	336	713	159	81	27	108.000	143.602	158	154	152	150	148	146	144	140	135	129	117	109.003	1101.003	1442	1342	1319	1281	1235	1190	1127	1021	891	695	367	0	0	0.000	0.000	0	0	0	0	0.000	0	0	0	0.000	0	0	0	0	0	0	0	0	0	0	0	0	0	0	0	0	0
200	200	1509	1030.485	1433.485	0.910	71	366	847	183	16	71	366	847	183	16	107.693	118.048	126	122	121	120	119	118	117	116	115	114	111	107.930	1182.867	1948	1819	1674	1512	1374	1233	1087	911	672	447	279	0	0	0.000	0.000	0	0	0	0	0.000	0	0	0	0.000	0	0	0	0	0	0	0	0	0	0	0	0	0	0	0	0	0
201	201	1627	1237.127	1440.100	0.898	666	463	285	160	33	666	463	285	160	33	108.299	138.976	155	149	146	144	142	140	138	135	131	128	117	112.000	1387.320	2202	1951	1724	1578	1458	1365	1257	1162	1043	890	560	0	0	0.000	0.000	0	0	0	0	0.000	0	0	0	0.000	0	0	0	0	0	0	0	0	0	0	0	0	0	0	0	0	0
202	202	1216	1286.286	1444.085	0.899	830	217	96	38	27	830	217	96	38	27	108.938	145.600	247	156	149	146	144	143	142	140	138	136	131	111.970	1835.939	2729	2271	2127	2016	1932	1855	1753	1639	1503	1384	1191	0	0	0.000	0.000	0	0	0	0	0.000	0	0	0	0.000	0	0	0	0	0	0	0	0	0	0	0	0	0	0	0	0	0
203	203	1433	914.189	1454.298	0.899	44	334	852	163	12	44	334	852	163	12	107.920	131.320	150	141	138	136	133	131	128	126	125	122	114	107.271	601.159	908	816	764	717	669	617	562	503	431	352	273	0	0	0.000	0.000	0	0	0	0	0.000	0	0	0	0.000	0	0	0	0	0	0	0	0	0	0	0	0	0	0	0	0	0
204	204	2531	1725.263	1465.485	0.877	862	1362	167	72	37	862	1362	167	72	37	108.383	192.710	3096	149	145	141	139	136	134	132	128	124	118	120.856	3236.040	5294	4702	4394	4004	3595	3267	3032	2699	2191	1505	901	1	102	1732.172	1485.423	0	0	0	1237	1330.245	0	0	4437	4344.020	0	0	0	0	0	0	0	0	0	0	0	0	0	0	0	0	0
205	205	2486	110.832	1468.103	0.883	876	1482	50	22	6	876	1482	50	22	6	104.006	141.772	287	187	154	138	132	130	128	126	122	118	110	102.150	132.690	149	142	140	137	135	133	131	128	126	123	107	1	170	107.802	1483.077	0	0	0	228	228.100	0	0	139	138.300	0	0	0	0	0	0	0	0	0	0	0	0	0	0	0	0	0
206	206	356	1193.139	1451.597	0.842	42	49	141	91	24	42	49	141	91	24	108.000	114.829	118	117	116	116	115	115	114	114	113	113	112	111.744	680.205	864	822	782	749	725	689	657	624	587	531	427	0	0	0.000	0.000	0	0	0	0	0.000	0	0	0	0.000	0	0	0	0	0	0	0	0	0	0	0	0	0	0	0	0	0
207	207	1308	867.421	1461.133	0.903	8	54	511	617	98	8	54	511	617	98	106.942	192.994	2033	218	139	136	135	133	132	130	127	123	114	106.268	519.229	851	751	669	602	536	496	463	418	376	331	226	1	86	872.507	1447.888	0	0	0	833	913.267	0	0	596	584.116	0	0	0	0	0	0	0	0	0	0	0	0	0	0	0	0	0
208	208	2148	1079.086	1482.238	0.922	565	1431	71	25	17	565	1431	71	25	17	107.768	119.829	158	126	122	121	120	119	118	117	116	114	110	108.654	1192.870	2352	1956	1692	1490	1307	1135	979	813	671	537	402	1	44	1077.644	1472.478	0	0	0	145	145.318	0	0	478	505.841	0	0	0	0	0	0	0	0	0	0	0	0	0	0	0	0	0
209	209	1747	1799.384	1491.614	0.855	24	68	806	765	39	24	68	806	765	39	107.620	130.287	146	137	135	134	132	131	130	128	125	122	110	117.841	1135.777	1793	1520	1407	1329	1257	1158	1060	952	841	723	433	0	0	0.000	0.000	0	0	0	0	0.000	0	0	0	0.000	0	0	0	0	0	0	0	0	0	0	0	0	0	0	0	0	0
210	210	917	608.784	1481.862	0.925	86	232	411	145	24	86	232	411	145	24	106.000	115.375	129	124	120	117	115	113	113	112	112	111	108	104.184	165.365	196	183	179	175	172	169	164	159	152	143	122	0	0	0.000	0.000	0	0	0	0	0.000	0	0	0	0.000	0	0	0	0	0	0	0	0	0	0	0	0	0	0	0	0	0
211	211	494	1012.328	1477.569	0.849	87	54	108	175	58	87	54	108	175	58	108.830	136.330	183	168	155	145	136	130	125	123	119	116	113	108.964	833.314	1063	1026	986	933	890	847	811	762	688	613	463	0	0	0.000	0.000	0	0	0	0	0.000	0	0	0	0.000	0	0	0	0	0	0	0	0	0	0	0	0	0	0	0	0	0
212	212	1489	59.839	1493.539	0.905	111	371	739	219	26	111	371	739	219	26	103.584	121.203	130	127	125	124	123	121	120	119	117	115	112	102.740	132.041	149	141	139	137	135	133	131	128	124	121	112	0	0	0.000	0.000	0	0	0	0	0.000	0	0	0	0.000	0	0	0	0	0	0	0	0	0	0	0	0	0	0	0	0	0
213	213	1409	931.943	1497.453	0.905	692	633	19	14	12	692	633	19	14	12	108.424	133.820	153	144	141	138	136	135	133	130	127	122	113	107.607	695.873	1166	1005	903	815	744	680	624	576	509	426	199	0	0	0.000	0.000	0	0	0	0	0.000	0	0	0	0.000	0	0	0	0	0	0	0	0	0	0	0	0	0	0	0	0	0
214	214	907	889.742	1495.387	0.932	34	48	294	465	49	34	48	294	465	49	107.086	128.366	143	137	135	132	130	128	126	124	123	120	114	106.343	542.517	813	738	692	646	594	539	484	440	404	365	226	0	0	0.000	0.000	0	0	0	0	0.000	0	0	0	0.000	0	0	0	0	0	0	0	0	0	0	0	0	0	0	0	0	0
215	215	2591	636.701	1519.975	0.867	323	1879	307	36	6	323	1879	307	36	6	105.846	115.186	131	122	118	116	115	114	113	113	112	111	106	104.000	183.922	249	217	206	198	189	183	177	170	163	150	122	0	0	0.000	0.000	0	0	0	0	0.000	0	0	0	0.000	0	0	0	0	0	0	0	0	0	0	0	0	0	0	0	0	0
216	216	1984	1033.962	1512.960	0.899	1753	124	42	28	22	1753	124	42	28	22	107.586	118.080	128	123	121	120	119	118	117	116	115	114	110	108.029	235.327	341	309	281	261	249	233	217	200	185	173	139	0	0	0.000	0.000	0	0	0	0	0.000	0	0	0	0.000	0	0	0	0	0	0	0	0	0	0	0	0	0	0	0	0	0
217	217	1338	134.619	1515.375	0.898	394	623	230	38	24	394	623	230	38	24	104.129	123.556	136	131	128	127	125	124	122	121	119	116	108	102.000	133.277	151	144	142	139	136	134	132	129	126	122	106	0	0	0.000	0.000	0	0	0	0	0.000	0	0	0	0.000	0	0	0	0	0	0	0	0	0	0	0	0	0	0	0	0	0
218	218	1717	1202.141	1521.334	0.869	61	586	936	65	15	61	586	936	65	15	107.159	126.440	137	131	130	129	128	127	126	124	123	121	115	110.556	2608.514	3770	3427	3258	3025	2831	2614	2417	2212	2012	1779	1075	0	0	0.000	0.000	0	0	0	0	0.000	0	0	0	0.000	0	0	0	0	0	0	0	0	0	0	0	0	0	0	0	0	0
219	219	760	93.872	1514.637	0.883	262	242	179	58	10	262	242	179	58	10	104.042	117.241	129	123	121	120	118	117	116	115	114	111	106	102.488	129.308	149	140	138	136	134	131	128	124	120	115	108	0	0	0.000	0.000	0	0	0	0	0.000	0	0	0	0.000	0	0	0	0	0	0	0	0	0	0	0	0	0	0	0	0	0
220	220	1956	524.077	1529.383	0.868	7	73	876	848	99	7	73	876	848	99	106.000	113.688	120	117	116	115	114	113	113	112	112	111	109	103.658	1160.997	2045	1688	1510	1374	1240	1147	1051	946	835	627	403	0	0	0.000	0.000	0	0	0	0	0.000	0	0	0	0.000	0	0	0	0	0	0	0	0	0	0	0	0	0	0	0	0	0
221	221	1537	1100.527	1531.149	0.903	340	867	217	55	26	340	867	217	55	26	107.050	120.785	126	124	123	123	122	121	121	120	118	116	111	108.347	505.044	795	693	641	580	532	491	448	421	391	345	234	0	0	0.000	0.000	0	0	0	0	0.000	0	0	0	0.000	0	0	0	0	0	0	0	0	0	0	0	0	0	0	0	0	0
222	222	1068	1261.090	1531.690	0.925	363	571	106	15	5	363	571	106	15	5	107.596	151.719	170	164	160	157	155	153	151	147	143	138	129	110.264	1028.845	1524	1367	1290	1195	1118	1061	988	884	763	626	477	0	0	0.000	0.000	0	0	0	0	0.000	0	0	0	0.000	0	0	0	0	0	0	0	0	0	0	0	0	0	0	0	0	0
223	223	398	995.133	1523.543	0.813	83	167	69	44	30	83	167	69	44	30	108.038	115.304	120	118	118	117	116	115	115	114	113	112	109	107.977	195.329	227	216	211	208	205	199	191	186	179	171	150	0	0	0.000	0.000	0	0	0	0	0.000	0	0	0	0.000	0	0	0	0	0	0	0	0	0	0	0	0	0	0	0	0	0
224	224	1247	1345.002	1535.582	0.906	202	825	185	13	7	202	825	185	13	7	107.633	145.202	161	157	153	151	149	146	143	140	136	133	123	107.966	1104.732	1761	1490	1399	1333	1246	1152	1053	921	764	618	455	0	0	0.000	0.000	0	0	0	0	0.000	0	0	0	0.000	0	0	0	0	0	0	0	0	0	0	0	0	0	0	0	0	0
225	225	2277	1853.238	1542.961	0.898	1047	828	186	151	19	1047	828	186	151	19	107.435	524.594	4902	2032	351	146	136	134	132	129	125	122	115	112.013	2690.233	4298	3899	3611	3353	3077	2765	2439	2142	1748	1327	751	0	0	0.000	0.000	0	0	0	0	0.000	0	0	0	0.000	0	0	0	0	0	0	0	0	0	0	0	0	0	0	0	0	0
226	226	1392	1798.848	1546.096	0.903	85	412	634	190	36	85	412	634	190	36	108.000	125.969	138	132	130	128	127	126	125	124	123	120	112	115.977	1086.251	1695	1466	1325	1248	1151	1087	1015	935	835	714	415	0	0	0.000	0.000	0	0	0	0	0.000	0	0	0	0.000	0	0	0	0	0	0	0	0	0	0	0	0	0	0	0	0	0
227	227	625	565.972	1537.442	0.887	170	263	138	25	14	170	263	138	25	14	105.966	111.821	117	114	113	113	112	112	111	111	110	110	107	104.000	758.798	1109	1030	970	897	844	781	708	650	570	449	276	0	0	0.000	0.000	0	0	0	0	0.000	0	0	0	0.000	0	0	0	0	0	0	0	0	0	0	0	0	0	0	0	0	0
228	228	1663	153.438	1567.051	0.862	421	808	259	107	48	421	808	259	107	48	104.000	403.996	8508	447	253	209	176	160	150	142	135	128	112	102.000	125.667	161	136	132	130	128	126	123	122	119	115	107	1	96	164.106	1570.987	0	0	0	3323	3561.677	0	0	140	140.740	0	0	0	0	0	0	0	0	0	0	0	0	0	0	0	0	0
229	229	1862	1183.525	1574.992	0.735	20	296	1010	460	42	20	296	1010	460	42	107.000	122.952	286	128	127	125	124	122	120	118	116	114	111	108.606	1821.706	3291	2904	2512	2261	2045	1857	1693	1474	1115	622	348	0	0	0.000	0.000	0	0	0	0	0.000	0	0	0	0.000	0	0	0	0	0	0	0	0	0	0	0	0	0	0	0	0	0
230	230	1365	1129.540	1568.239	0.896	108	1176	60	4	1	108	1176	60	4	1	106.988	120.435	129	125	124	123	122	120	119	118	117	116	112	108.039	529.700	829	764	709	637	566	508	452	406	377	335	254	0	0	0.000	0.000	0	0	0	0	0.000	0	0	0	0.000	0	0	0	0	0	0	0	0	0	0	0	0	0	0	0	0	0
231	231	1445	891.295	1575.577	0.886	16	119	860	403	9	16	119	860	403	9	106.855	136.873	152	146	144	141	139	137	135	133	130	128	117	104.557	675.257	1013	924	866	808	763	717	653	561	458	357	275	0	0	0.000	0.000	0	0	0	0	0.000	0	0	0	0.000	0	0	0	0	0	0	0	0	0	0	0	0	0	0	0	0	0
232	232	2515	1823.579	1598.874	0.894	138	311	972	998	51	138	311	972	998	51	107.548	132.699	190	145	138	136	133	131	129	126	123	120	113	111.517	3017.034	4884	4447	4052	3728	3422	3136	2791	2446	1956	1356	707	1	13	1820.121	1608.113	0	0	0	182	183.000	0	0	4798	4791.615	0	0	0	0	0	0	0	0	0	0	0	0	0	0	0	0	0
233	233	1298	1765.379	1599.393	0.915	31	54	393	690	109	31	54	393	690	109	107.082	148.483	178	169	164	158	153	150	145	139	133	127	112	114.029	142.638	163	152	149	147	145	143	141	139	135	132	125	0	0	0.000	0.000	0	0	0	0	0.000	0	0	0	0.000	0	0	0	0	0	0	0	0	0	0	0	0	0	0	0	0	0
234	234	2339	1212.144	1635.189	0.872	140	1110	922	123	14	140	1110	922	123	14	106.732	300.483	4776	386	141	130	128	127	125	123	120	117	110	107.000	1473.300	2921	2328	2052	1859	1675	1451	1232	1069	908	582	376	1	175	1196.146	1624.012	0	0	0	1912	2171.103	0	0	2371	2276.526	0	0	0	0	0	0	0	0	0	0	0	0	0	0	0	0	0
235	235	1661	1800.932	1649.807	0.833	24	71	836	652	34	24	71	836	652	34	106.840	160.240	401	173	166	161	159	157	154	152	148	143	130	108.966	141.539	159	150	147	146	144	142	140	138	136	132	125	1	20	1803.254	1645.699	0	0	0	312	313.850	0	0	137	136.700	0	0	0	0	0	0	0	0	0	0	0	0	0	0	0	0	0
236	236	1036	1372.713	1670.794	0.906	9	174	655	167	9	9	174	655	167	9	107.016	129.604	176	139	134	132	130	128	127	125	123	120	113	105.000	1270.681	1944	1713	1608	1480	1381	1259	1149	1040	937	842	584	0	0	0.000	0.000	0	0	0	0	0.000	0	0	0	0.000	0	0	0	0	0	0	0	0	0	0	0	0	0	0	0	0	0
237	237	1291	1417.638	1676.563	0.906	30	218	690	309	23	30	218	690	309	23	107.180	137.285	508	150	130	128	127	125	124	123	121	118	112	105.000	1232.371	1895	1763	1616	1482	1364	1235	1102	991	837	719	450	1	74	1415.153	1663.059	0	0	0	297	299.270	0	0	1657	1545.392	0	0	0	0	0	0	0	0	0	0	0	0	0	0	0	0	0
238	238	1608	1244.415	1683.279	0.895	53	521	860	143	8	53	521	860	143	8	105.937	131.357	140	136	135	134	133	133	132	130	128	124	113	106.834	2403.787	3451	3111	2889	2742	2602	2441	2281	2069	1912	1666	1094	0	0	0.000	0.000	0	0	0	0	0.000	0	0	0	0.000	0	0	0	0	0	0	0	0	0	0	0	0	0	0	0	0	0
239	239	1619	1716.943	1690.399	0.907	82	717	699	80	15	82	717	699	80	15	107.000	116.251	129	120	119	117	116	116	115	114	114	113	110	107.194	1259.505	1984	1743	1628	1514	1421	1312	1172	1023	866	711	503	0	0	0.000	0.000	0	0	0	0	0.000	0	0	0	0.000	0	0	0	0	0	0	0	0	0	0	0	0	0	0	0	0	0
240	240	1283	1320.888	1692.298	0.915	139	439	486	180	22	139	439	486	180	22	106.963	163.280	196	185	179	174	170	164	157	152	147	140	133	105.264	965.906	1445	1326	1256	1195	1118	1015	912	802	643	491	375	0	0	0.000	0.000	0	0	0	0	0.000	0	0	0	0.000	0	0	0	0	0	0	0	0	0	0	0	0	0	0	0	0	0
241	241	1522	71.703	1719.777	0.876	23	97	928	441	10	23	97	928	441	10	102.974	139.944	181	152	147	144	142	140	138	136	132	127	115	100.100	664.116	1025	898	822	776	729	670	613	558	490	427	321	0	0	0.000	0.000	0	0	0	0	0.000	0	0	0	0.000	0	0	0	0	0	0	0	0	0	0	0	0	0	0	0	0	0
242	242	1758	1897.991	1714.947	0.882	10	86	464	1053	109	10	86	464	1053	109	105.948	122.258	188	128	124	123	121	120	119	118	116	114	110	103.972	751.832	1244	1057	975	902	831	761	683	610	529	426	288	1	61	1891.750	1724.532	0	0	0	163	163.262	0	0	1037	1014.262	0	0	0	0	0	0	0	0	0	0	0	0	0	0	0	0	0
243	243	606	1391.226	1725.381	0.893	21	100	296	151	23	21	100	296	151	23	107.525	176.094	219	207	194	186	180	174	168	163	158	151	141	104.969	144.224	177	161	154	150	146	143	140	137	133	131	125	0	0	0.000	0.000	0	0	0	0	0.000	0	0	0	0.000	0	0	0	0	0	0	0	0	0	0	0	0	0	0	0	0	0
244	244	1493	449.982	1735.341	0.911	138	789	508	21	10	138	789	508	21	10	104.756	117.616	126	122	120	119	119	118	117	116	115	113	108	102.456	230.843	325	294	279	264	245	226	209	195	184	175	149	0	0	0.000	0.000	0	0	0	0	0.000	0	0	0	0.000	0	0	0	0	0	0	0	0	0	0	0	0	0	0	0	0	0
245	245	1105	1167.402	1738.438	0.917	50	85	586	352	13	50	85	586	352	13	106.726	161.974	191	184	180	177	171	165	158	150	142	135	124	105.108	1243.685	1702	1607	1548	1480	1407	1333	1233	1088	913	718	451	0	0	0.000	0.000	0	0	0	0	0.000	0	0	0	0.000	0	0	0	0	0	0	0	0	0	0	0	0	0	0	0	0	0
246	246	432	1316.345	1737.093	0.890	19	18	162	185	42	19	18	162	185	42	107.000	150.623	169	161	158	156	153	151	148	146	143	140	130	105.134	853.294	1047	995	962	930	897	870	836	806	758	679	557	0	0	0.000	0.000	0	0	0	0	0.000	0	0	0	0.000	0	0	0	0	0	0	0	0	0	0	0	0	0	0	0	0	0
247	247	425	645.463	1748.868	0.903	44	145	137	67	26	44	145	137	67	26	105.000	173.160	234	209	191	178	172	167	163	160	157	151	140	102.000	133.628	156	148	141	137	134	132	130	128	127	125	120	0	0	0.000	0.000	0	0	0	0	0.000	0	0	0	0.000	0	0	0	0	0	0	0	0	0	0	0	0	0	0	0	0	0
248	248	1583	496.098	1758.517	0.897	1258	245	14	11	11	1258	245	14	11	11	105.045	117.473	125	121	120	119	118	118	117	116	115	114	111	102.935	217.377	308	273	258	246	232	216	200	187	175	163	143	0	0	0.000	0.000	0	0	0	0	0.000	0	0	0	0.000	0	0	0	0	0	0	0	0	0	0	0	0	0	0	0	0	0
249	249	1931	40.617	1763.239	0.772	39	449	1281	117	14	39	449	1281	117	14	102.657	138.630	326	155	143	139	137	134	132	128	125	119	108	99.988	621.356	1049	866	824	771	712	657	580	497	407	305	150	1	63	48.377	1766.987	0	0	0	239	246.222	0	0	712	743.778	0	0	0	0	0	0	0	0	0	0	0	0	0	0	0	0	0
250	250	1542	1208.334	1762.483	0.887	913	439	126	27	14	913	439	126	27	14	107.228	156.328	181	173	169	165	162	158	153	149	145	137	117	106.000	982.663	1602	1341	1251	1177	1089	1009	894	805	713	599	354	0	0	0.000	0.000	0	0	0	0	0.000	0	0	0	0.000	0	0	0	0	0	0	0	0	0	0	0	0	0	0	0	0	0
251	251	1770	1717.033	1772.725	0.891	64	259	837	512	73	64	259	837	512	73	106.412	122.788	251	136	120	118	117	117	116	115	115	114	110	104.016	501.480	825	740	689	630	583	516	438	367	299	258	167	1	122	1719.051	1786.666	0	0	0	184	186.164	0	0	561	542.230	0	0	0	0	0	0	0	0	0	0	0	0	0	0	0	0	0
252	252	1030	539.896	1761.208	0.892	53	107	605	227	13	53	107	605	227	13	105.000	114.580	122	118	117	116	115	114	114	113	112	111	109	102.743	211.457	296	264	243	231	222	212	201	188	176	162	143	0	0	0.000	0.000	0	0	0	0	0.000	0	0	0	0.000	0	0	0	0	0	0	0	0	0	0	0	0	0	0	0	0	0
253	253	422	388.036	1756.803	0.922	23	83	102	142	66	23	83	102	142	66	105.000	130.313	153	139	137	135	133	131	129	127	124	118	110	103.000	629.095	986	866	792	722	660	616	565	530	495	431	288	0	0	0.000	0.000	0	0	0	0	0.000	0	0	0	0.000	0	0	0	0	0	0	0	0	0	0	0	0	0	0	0	0	0
254	254	1213	1270.197	1779.514	0.917	333	617	156	64	23	333	617	156	64	23	107.000	122.540	139	128	126	125	124	123	122	120	119	116	111	106.701	1019.644	1391	1307	1241	1153	1098	1057	1009	927	811	672	394	0	0	0.000	0.000	0	0	0	0	0.000	0	0	0	0.000	0	0	0	0	0	0	0	0	0	0	0	0	0	0	0	0	0
255	255	2042	449.795	1787.019	0.883	424	1469	66	34	27	424	1469	66	34	27	105.409	117.453	126	122	121	120	119	118	117	115	114	112	108	103.924	225.883	349	304	276	251	232	216	202	193	181	165	130	0	0	0.000	0.000	0	0	0	0	0.000	0	0	0	0.000	0	0	0	0	0	0	0	0	0	0	0	0	0	0	0	0	0
256	256	1211	146.184	1784.282	0.910	41	224	674	222	28	41	224	674	222	28	103.879	281.416	3831	444	196	175	162	154	147	140	133	121	109	101.000	119.738	143	132	129	125	122	120	116	113	110	107	101	2	49	140.608	1793.417	77	144.090	1768.438	471	484.061	1607	1730.455	120	120.571	129	127.779	0	0	0	0	0	0	0	0	0	0	0	0	0	0	0
257	257	1142	342.192	1793.174	0.874	86	77	173	635	157	86	77	173	635	157	105.000	140.157	163	155	151	148	144	141	138	134	129	123	116	102.581	799.947	1250	1115	1038	983	933	869	773	648	523	384	287	0	0	0.000	0.000	0	0	0	0	0.000	0	0	0	0.000	0	0	0	0	0	0	0	0	0	0	0	0	0	0	0	0	0
258	258	1595	377.187	1793.199	0.857	103	846	476	111	18	103	846	476	111	18	105.000	154.047	175	168	164	162	159	156	153	149	144	136	124	103.000	968.216	1409	1280	1203	1143	1084	1017	945	851	727	555	325	0	0	0.000	0.000	0	0	0	0	0.000	0	0	0	0.000	0	0	0	0	0	0	0	0	0	0	0	0	0	0	0	0	0
259	259	2124	1254.723	1826.120	0.894	255	1265	492	45	16	255	1265	492	45	16	106.694	267.888	2979	473	144	131	128	127	125	123	120	118	112	106.653	801.695	1418	1156	1054	977	903	812	709	616	539	441	305	1	207	1239.595	1825.447	0	0	0	1257	1438.213	0	0	1028	1029.918	0	0	0	0	0	0	0	0	0	0	0	0	0	0	0	0	0
260	260	2756	527.086	1831.159	0.884	135	800	1329	381	69	135	800	1329	381	69	105.179	113.387	124	118	116	114	113	113	112	111	111	110	108	103.007	1028.612	2478	1490	1298	1212	1110	998	897	804	695	582	361	0	0	0.000	0.000	0	0	0	0	0.000	0	0	0	0.000	0	0	0	0	0	0	0	0	0	0	0	0	0	0	0	0	0
261	261	1481	1741.950	1826.079	0.870	16	453	869	98	10	16	453	869	98	10	106.158	114.846	123	119	117	116	115	114	114	113	112	112	109	103.049	557.379	770	693	662	634	603	568	533	497	457	400	267	0	0	0.000	0.000	0	0	0	0	0.000	0	0	0	0.000	0	0	0	0	0	0	0	0	0	0	0	0	0	0	0	0	0
262	262	2462	1338.423	1839.268	0.906	241	1252	834	70	20	241	1252	834	70	20	107.000	205.907	1402	298	147	136	130	128	126	124	122	119	111	106.767	4031.301	6441	5585	5160	4752	4378	3996	3642	3357	3006	2551	1057	1	303	1333.712	1849.641	0	0	0	694	735.244	0	0	5030	4938.069	0	0	0	0	0	0	0	0	0	0	0	0	0	0	0	0	0
263	263	1739	468.456	1835.836	0.895	4	169	1232	294	14	4	169	1232	294	14	105.156	161.027	191	179	175	171	166	162	158	153	148	141	124	103.975	2009.953	3190	2865	2546	2420	2190	2007	1836	1600	1382	1195	664	0	0	0.000	0.000	0	0	0	0	0.000	0	0	0	0.000	0	0	0	0	0	0	0	0	0	0	0	0	0	0	0	0	0
264	264	548	22.224	1840.716	0.888	9	61	138	244	84	9	61	138	244	84	100.991	116.069	124	121	120	118	117	116	115	114	112	111	108	99.223	164.929	200	186	180	175	170	164	159	154	150	146	131	0	0	0.000	0.000	0	0	0	0	0.000	0	0	0	0.000	0	0	0	0	0	0	0	0	0	0	0	0	0	0	0	0	0
265	265	1379	1450.436	1845.526	0.898	40	351	627	309	28	40	351	627	309	28	106.932	180.991	225	207	201	196	190	183	176	169	160	150	136	104.005	151.215	172	163	161	158	155	153	150	146	141	136	127	0	0	0.000	0.000	0	0	0	0	0.000	0	0	0	0.000	0	0	0	0	0	0	0	0	0	0	0	0	0	0	0	0	0
266	266	1556	1502.549	1855.865	0.882	79	537	604	238	55	79	537	604	238	55	107.474	603.961	7785	1280	279	220	212	206	198	186	175	163	144	103.406	145.818	180	161	156	154	151	147	144	140	134	126	115	1	158	1509.273	1859.664	0	0	0	3494	3738.095	0	0	165	163.633	0	0	0	0	0	0	0	0	0	0	0	0	0	0	0	0	0
267	267	2104	418.482	1865.572	0.888	107	902	976	63	11	107	902	976	63	11	104.392	165.326	196	186	184	181	177	171	162	152	143	136	125	103.065	2120.735	3095	2895	2784	2661	2525	2355	2122	1741	1348	967	604	0	0	0.000	0.000	0	0	0	0	0.000	0	0	0	0.000	0	0	0	0	0	0	0	0	0	0	0	0	0	0	0	0	0
268	268	1604	1542.316	1877.519	0.903	55	147	828	491	44	55	147	828	491	44	108.024	207.617	1275	222	203	193	185	180	175	170	164	158	135	102.726	143.022	170	159	154	150	147	144	141	138	135	125	107	1	70	1544.878	1863.006	0	0	0	661	687.743	0	0	146	145.371	0	0	0	0	0	0	0	0	0	0	0	0	0	0	0	0	0
269	269	1378	30.164	1877.432	0.861	60	112	769	395	11	60	112	769	395	11	101.000	120.196	136	127	125	123	122	121	119	117	115	112	104	99.306	171.982	229	204	195	188	179	172	163	156	149	140	128	0	0	0.000	0.000	0	0	0	0	0.000	0	0	0	0.000	0	0	0	0	0	0	0	0	0	0	0	0	0	0	0	0	0
270	270	2445	1380.317	1888.408	0.890	129	1100	1019	136	17	129	1100	1019	136	17	106.953	131.616	164	142	137	134	132	131	129	128	125	123	115	105.702	4957.398	7497	6412	6005	5790	5534	5239	4892	4395	3725	2896	1698	0	0	0.000	0.000	0	0	0	0	0.000	0	0	0	0.000	0	0	0	0	0	0	0	0	0	0	0	0	0	0	0	0	0
271	271	1670	983.040	1886.714	0.901	338	1193	69	42	11	338	1193	69	42	11	106.000	133.468	272	142	138	135	132	130	128	126	123	120	111	103.232	1399.984	2229	1974	1837	1717	1588	1448	1313	1130	903	723	569	1	47	989.380	1890.965	0	0	0	217	217.021	0	0	687	699.809	0	0	0	0	0	0	0	0	0	0	0	0	0	0	0	0	0
272	272	1419	1322.007	1894.149	0.863	449	601	238	82	21	449	601	238	82	21	106.074	141.593	189	159	153	150	146	142	138	133	127	120	113	107.000	141.952	238	159	150	146	143	140	137	135	131	126	114	0	0	0.000	0.000	0	0	0	0	0.000	0	0	0	0.000	0	0	0	0	0	0	0	0	0	0	0	0	0	0	0	0	0
273	273	329	1829.226	1881.853	0.905	33	68	86	104	36	33	68	86	104	36	106.000	111.106	116	113	113	112	111	111	111	110	110	109	106	103.736	593.957	886	834	775	714	644	589	522	471	432	384	293	0	0	0.000	0.000	0	0	0	0	0.000	0	0	0	0.000	0	0	0	0	0	0	0	0	0	0	0	0	0	0	0	0	0
274	274	1894	1812.715	1918.197	0.882	187	1190	435	38	13	187	1190	435	38	13	106.000	114.690	128	120	117	116	115	114	113	113	112	111	108	104.763	1316.333	2039	1781	1633	1526	1428	1321	1214	1114	987	839	520	0	0	0.000	0.000	0	0	0	0	0.000	0	0	0	0.000	0	0	0	0	0	0	0	0	0	0	0	0	0	0	0	0	0
275	275	1784	2006.133	1922.576	0.898	373	1219	122	34	19	373	1219	122	34	19	104.669	143.693	352	154	152	149	147	143	138	134	130	125	115	103.335	732.159	1119	1001	964	912	843	771	692	602	500	373	259	1	24	2018.110	1941.044	0	0	0	273	264.917	0	0	668	668.500	0	0	0	0	0	0	0	0	0	0	0	0	0	0	0	0	0
276	276	1533	1271.994	1925.597	0.906	533	718	103	98	65	533	718	103	98	65	106.000	142.487	162	154	152	149	147	144	141	137	132	128	120	107.000	936.975	1328	1226	1166	1122	1073	1012	932	815	670	518	379	0	0	0.000	0.000	0	0	0	0	0.000	0	0	0	0.000	0	0	0	0	0	0	0	0	0	0	0	0	0	0	0	0	0
277	277	1701	1164.558	1939.140	0.914	969	496	181	19	16	969	496	181	19	16	106.165	136.047	152	145	143	141	138	136	134	132	129	127	121	105.962	527.556	851	778	714	660	610	547	478	387	314	266	216	0	0	0.000	0.000	0	0	0	0	0.000	0	0	0	0.000	0	0	0	0	0	0	0	0	0	0	0	0	0	0	0	0	0
278	278	2088	1038.491	1934.610	0.827	16	791	1146	88	5	16	791	1146	88	5	105.289	142.643	170	158	155	153	150	145	140	134	129	122	116	103.992	338.669	477	437	423	409	390	369	332	289	242	188	157	0	0	0.000	0.000	0	0	0	0	0.000	0	0	0	0.000	0	0	0	0	0	0	0	0	0	0	0	0	0	0	0	0	0
279	279	2029	110.916	1948.112	0.843	56	36	894	966	22	56	36	894	966	22	101.420	109.034	118	112	111	110	109	109	108	108	107	106	103	100.941	182.526	220	207	202	198	193	187	180	171	162	149	131	0	0	0.000	0.000	0	0	0	0	0.000	0	0	0	0.000	0	0	0	0	0	0	0	0	0	0	0	0	0	0	0	0	0
280	280	1616	986.873	1943.431	0.905	286	1123	123	45	27	286	1123	123	45	27	105.754	133.301	150	144	141	139	136	134	131	128	125	121	115	103.809	1410.373	2100	1903	1805	1720	1610	1481	1343	1192	976	762	552	0	0	0.000	0.000	0	0	0	0	0.000	0	0	0	0.000	0	0	0	0	0	0	0	0	0	0	0	0	0	0	0	0	0
281	281	1628	1750.931	1948.798	0.876	11	48	634	873	37	11	48	634	873	37	105.980	114.625	123	118	117	116	115	114	114	113	112	111	109	105.000	1164.988	1743	1569	1476	1361	1261	1164	1077	974	866	749	546	0	0	0.000	0.000	0	0	0	0	0.000	0	0	0	0.000	0	0	0	0	0	0	0	0	0	0	0	0	0	0	0	0	0
282	282	1720	1219.238	1952.699	0.881	1563	72	40	23	18	1563	72	40	23	18	105.972	142.916	160	156	153	150	148	145	141	137	132	127	121	106.615	885.412	1372	1198	1089	1019	971	917	853	780	676	510	335	0	0	0.000	0.000	0	0	0	0	0.000	0	0	0	0.000	0	0	0	0	0	0	0	0	0	0	0	0	0	0	0	0	0
283	283	2400	350.488	1965.216	0.897	1295	798	120	86	66	1295	798	120	86	66	103.000	108.946	117	112	111	110	109	109	108	107	107	106	105	103.965	155.562	189	175	168	163	159	155	151	147	142	138	128	0	0	0.000	0.000	0	0	0	0	0.000	0	0	0	0.000	0	0	0	0	0	0	0	0	0	0	0	0	0	0	0	0	0
284	284	434	1792.777	1962.278	0.714	105	216	82	16	5	105	216	82	16	5	106.000	114.348	125	120	117	115	114	114	113	112	111	110	108	105.000	1291.290	1647	1537	1474	1425	1364	1313	1255	1174	1110	1033	803	0	0	0.000	0.000	0	0	0	0	0.000	0	0	0	0.000	0	0	0	0	0	0	0	0	0	0	0	0	0	0	0	0	0
285	285	1051	2024.575	1975.715	0.861	253	468	149	117	46	253	468	149	117	46	103.919	135.579	150	143	140	138	136	135	134	133	132	129	122	102.998	575.610	831	753	682	623	595	567	540	514	476	429	322	0	0	0.000	0.000	0	0	0	0	0.000	0	0	0	0.000	0	0	0	0	0	0	0	0	0	0	0	0	0	0	0	0	0
286	286	2043	1705.038	1987.610	0.904	214	291	1214	253	33	214	291	1214	253	33	105.000	150.776	180	170	166	162	157	152	146	141	136	129	111	104.958	2471.218	3919	3632	3321	3016	2698	2427	2225	1994	1674	1321	742	0	0	0.000	0.000	0	0	0	0	0.000	0	0	0	0.000	0	0	0	0	0	0	0	0	0	0	0	0	0	0	0	0	0
287	287	1367	1758.247	1992.254	0.869	47	46	853	379	17	47	46	853	379	17	105.136	152.905	172	164	161	159	156	154	152	149	147	140	122	105.000	2634.848	4000	3535	3261	3037	2824	2679	2477	2247	1998	1737	919	0	0	0.000	0.000	0	0	0	0	0.000	0	0	0	0.000	0	0	0	0	0	0	0	0	0	0	0	0	0	0	0	0	0
288	288	628	988.733	1986.083	0.926	51	43	193	280	54	51	43	193	280	54	104.446	131.838	148	142	139	136	134	132	130	127	125	122	113	102.804	1303.479	1765	1632	1575	1532	1472	1407	1310	1172	989	792	524	0	0	0.000	0.000	0	0	0	0	0.000	0	0	0	0.000	0	0	0	0	0	0	0	0	0	0	0	0	0	0	0	0	0
289	289	859	1835.504	1990.104	0.916	39	103	360	300	32	39	103	360	300	32	104.207	113.451	123	119	118	116	114	113	111	111	110	109	106	103.772	999.144	1331	1225	1173	1129	1094	1051	1010	949	828	652	436	0	0	0.000	0.000	0	0	0	0	0.000	0	0	0	0.000	0	0	0	0	0	0	0	0	0	0	0	0	0	0	0	0	0
290	290	1398	266.715	1998.592	0.902	456	729	144	27	19	456	729	144	27	19	101.700	107.164	117	110	108	108	107	107	107	106	106	105	102	104.466	442.471	706	620	579	541	511	476	413	340	282	246	138	0	0	0.000	0.000	0	0	0	0	0.000	0	0	0	0.000	0	0	0	0	0	0	0	0	0	0	0	0	0	0	0	0	0
291	291	271	889.639	2011.571	0.858	24	87	57	61	35	24	87	57	61	35	104.000	130.303	148	143	139	135	133	130	127	125	122	119	114	101.000	119.760	131	126	124	123	122	121	120	117	115	112	107	0	0	0.000	0.000	0	0	0	0	0.000	0	0	0	0.000	0	0	0	0	0	0	0	0	0	0	0	0	0	0	0	0	0
292	292	492	1523.464	2018.085	0.918	58	132	158	105	34	58	132	158	105	34	117.024	290.232	306	299	296	293	292	290	288	287	284	282	275	107.380	864.732	1284	1084	1015	960	907	868	833	783	721	614	445	0	0	0.000	0.000	0	0	0	0	0.000	0	0	0	0.000	0	0	0	0	0	0	0	0	0	0	0	0	0	0	0	0	0
293	293	799	1699.704	2032.258	0.894	176	384	137	57	25	176	384	137	57	25	105.000	157.101	173	168	165	162	161	159	157	154	149	143	131	105.051	2443.836	3478	3173	3027	2850	2674	2505	2373	2162	1879	1559	940	0	0	0.000	0.000	0	0	0	0	0.000	0	0	0	0.000	0	0	0	0	0	0	0	0	0	0	0	0	0	0	0	0	0
