 	cell	area	x	y	circ	BFI_lev_b1	BFI_lev_b2	BFI_lev_b3	BFI_lev_b4	BFI_lev_b5	BFO_lev_b1	BFO_lev_b2	BFO_lev_b3	BFO_lev_b4	BFO_lev_b5	RFP_int_bg	RFP_int_mean	RFP_int_b0	RFP_int_b1	RFP_int_b2	RFP_int_b3	RFP_int_b4	RFP_int_b5	RFP_int_b6	RFP_int_b7	RFP_int_b8	RFP_int_b9	RFP_int_b10	GFP_int_bg	GFP_int_mean	GFP_int_b0	GFP_int_b1	GFP_int_b2	GFP_int_b3	GFP_int_b4	GFP_int_b5	GFP_int_b6	GFP_int_b7	GFP_int_b8	GFP_int_b9	GFP_int_b10	inRFPnfoci	f1_inRFParea	f1_inRFPx	f1_inRFPy	f2_inRFParea	f2_inRFPx	f2_inRFPy	f1_inRFP_toRFPmed	f1_inRFP_toRFPmean	f2_inRFP_toRFPmed	f2_inRFP_toRFPmean	f1_inRFP_toGFPmed	f1_inRFP_toGFPmean	f2_inRFP_toGFPmed	f2_inRFP_toGFPmean	inGFPnfoci	f1_inGFParea	f1_inGFPx	f1_inGFPy	f2_inGFParea	f2_inGFPx	f2_inGFPy	f1_inGFP_toRFPmed	f1_inGFP_toRFPmean	f2_inGFP_toRFPmed	f2_inGFP_toRFPmean	f1_inGFP_toGFPmed	f1_inGFP_toGFPmean	f2_inGFP_toGFPmed	f2_inGFP_toGFPmean
1	1	2262	200.201	29.904	0.890	60	204	1302	613	50	60	204	1302	613	50	102.991	188.907	710	330	204	161	153	148	145	139	131	123	111	102.094	774.426	1236	1053	983	907	827	764	706	659	592	494	261	1	264	216.696	31.211	0	0	0	429	450.682	0	0	988	944.856	0	0	0	0	0	0	0	0	0	0	0	0	0	0	0	0	0
2	2	2077	1639.006	39.830	0.887	39	98	1108	722	66	39	98	1108	722	66	103.372	196.820	1488	356	158	129	123	121	119	118	116	113	107	102.037	2232.266	3523	3144	2958	2823	2678	2482	2136	1741	1341	966	682	1	214	1646.021	50.876	0	0	0	700	748.533	0	0	2739	2657.051	0	0	0	0	0	0	0	0	0	0	0	0	0	0	0	0	0
3	3	254	431.840	24.789	0.940	12	53	113	57	13	12	53	113	57	13	103.000	109.528	115	113	112	111	110	109	109	108	108	107	106	101.000	140.028	155	151	148	146	143	141	138	135	132	128	120	0	0	0.000	0.000	0	0	0	0	0.000	0	0	0	0.000	0	0	0	0	0	0	0	0	0	0	0	0	0	0	0	0	0
4	4	1615	667.904	38.514	0.905	92	319	868	269	21	92	319	868	269	21	104.484	162.151	230	205	193	183	172	161	149	139	130	122	113	100.543	127.433	153	140	136	133	131	128	126	122	118	113	105	0	0	0.000	0.000	0	0	0	0	0.000	0	0	0	0.000	0	0	0	0	0	0	0	0	0	0	0	0	0	0	0	0	0
5	5	1584	455.999	51.464	0.901	35	131	669	679	40	35	131	669	679	40	103.499	109.526	114	112	111	111	110	109	109	108	108	107	104	100.952	153.594	184	169	166	162	159	157	152	147	140	132	116	0	0	0.000	0.000	0	0	0	0	0.000	0	0	0	0.000	0	0	0	0	0	0	0	0	0	0	0	0	0	0	0	0	0
6	6	2543	160.086	76.356	0.898	39	157	936	1299	71	39	157	936	1299	71	103.184	152.536	182	171	168	165	161	157	152	144	135	126	113	102.076	1095.055	1541	1435	1357	1291	1225	1151	1057	949	825	669	340	0	0	0.000	0.000	0	0	0	0	0.000	0	0	0	0.000	0	0	0	0	0	0	0	0	0	0	0	0	0	0	0	0	0
7	7	1814	1611.236	93.206	0.891	83	385	1150	165	7	83	385	1150	165	7	104.924	144.770	499	153	144	140	136	133	129	126	124	120	110	103.077	1715.229	2972	2561	2309	2095	1865	1637	1424	1286	1146	995	619	1	113	1620.367	75.655	0	0	0	309	315.770	0	0	1753	1682.858	0	0	0	0	0	0	0	0	0	0	0	0	0	0	0	0	0
8	8	761	637.607	84.579	0.909	81	189	290	146	44	81	189	290	146	44	105.741	119.677	128	126	124	122	121	120	118	117	116	115	111	101.403	110.347	118	115	113	112	111	110	109	108	107	106	103	0	0	0.000	0.000	0	0	0	0	0.000	0	0	0	0.000	0	0	0	0	0	0	0	0	0	0	0	0	0	0	0	0	0
9	9	223	1996.375	81.965	0.923	13	71	86	43	7	13	71	86	43	7	102.345	112.170	119	115	115	114	113	112	112	111	110	109	106	99.735	542.000	968	723	673	649	615	566	516	453	371	302	220	0	0	0.000	0.000	0	0	0	0	0.000	0	0	0	0.000	0	0	0	0	0	0	0	0	0	0	0	0	0	0	0	0	0
10	10	961	1370.210	102.249	0.930	113	462	319	35	14	113	462	319	35	14	104.214	111.162	118	115	113	112	111	111	110	110	109	109	107	102.000	633.722	903	803	750	710	669	636	607	566	517	457	344	0	0	0.000	0.000	0	0	0	0	0.000	0	0	0	0.000	0	0	0	0	0	0	0	0	0	0	0	0	0	0	0	0	0
11	11	2016	695.577	120.544	0.905	58	617	1155	121	21	58	617	1155	121	21	105.822	141.252	168	161	157	152	146	141	136	131	126	121	111	101.995	132.778	152	145	142	139	137	134	131	126	122	119	110	0	0	0.000	0.000	0	0	0	0	0.000	0	0	0	0.000	0	0	0	0	0	0	0	0	0	0	0	0	0	0	0	0	0
12	12	237	654.810	112.786	0.800	15	61	85	58	13	15	61	85	58	13	106.000	118.498	125	123	122	121	120	119	117	116	115	114	111	102.000	113.270	119	117	116	115	114	113	112	112	111	110	107	0	0	0.000	0.000	0	0	0	0	0.000	0	0	0	0.000	0	0	0	0	0	0	0	0	0	0	0	0	0	0	0	0	0
13	13	1897	1643.627	133.991	0.887	45	424	1241	137	16	45	424	1241	137	16	104.894	154.398	636	162	159	156	153	149	144	139	135	130	115	103.109	2385.299	3707	3295	3018	2772	2616	2457	2271	2073	1733	1334	755	1	48	1659.350	130.276	0	0	0	378	382.333	0	0	2532	2494.458	0	0	0	0	0	0	0	0	0	0	0	0	0	0	0	0	0
14	14	820	1587.632	129.806	0.917	68	434	251	44	12	68	434	251	44	12	105.000	137.973	154	149	146	144	142	141	137	133	129	124	113	103.000	1758.028	2642	2405	2200	2031	1876	1766	1673	1529	1389	1105	499	0	0	0.000	0.000	0	0	0	0	0.000	0	0	0	0.000	0	0	0	0	0	0	0	0	0	0	0	0	0	0	0	0	0
15	15	1980	647.553	153.994	0.904	37	148	1023	698	31	37	148	1023	698	31	105.919	147.580	226	175	160	152	148	144	140	136	132	125	115	101.343	130.973	151	141	137	135	133	131	129	127	125	120	112	0	0	0.000	0.000	0	0	0	0	0.000	0	0	0	0.000	0	0	0	0	0	0	0	0	0	0	0	0	0	0	0	0	0
16	16	503	933.360	159.125	0.938	45	85	229	110	27	45	85	229	110	27	106.000	153.205	185	174	169	164	158	153	148	142	137	132	125	101.000	145.972	174	165	160	156	152	148	142	136	131	126	114	0	0	0.000	0.000	0	0	0	0	0.000	0	0	0	0.000	0	0	0	0	0	0	0	0	0	0	0	0	0	0	0	0	0
17	17	1881	549.457	172.872	0.891	176	790	712	151	20	176	790	712	151	20	105.934	1356.222	19963	3423	529	283	246	233	215	197	181	161	134	101.721	124.787	176	134	128	125	124	122	121	119	118	115	108	1	212	562.710	174.917	0	0	0	8431	9247.123	0	0	149	150.080	0	0	0	0	0	0	0	0	0	0	0	0	0	0	0	0	0
18	18	2040	893.124	174.711	0.867	52	151	1202	569	32	52	151	1202	569	32	106.000	198.204	258	240	231	225	216	206	191	175	159	146	124	101.962	178.539	223	203	198	193	189	182	176	168	159	146	121	0	0	0.000	0.000	0	0	0	0	0.000	0	0	0	0.000	0	0	0	0	0	0	0	0	0	0	0	0	0	0	0	0	0
19	19	1841	844.252	206.580	0.864	37	136	947	650	42	37	136	947	650	42	106.000	183.142	235	215	207	202	196	189	178	166	154	143	124	102.000	165.577	203	184	180	176	172	168	165	160	153	140	116	0	0	0.000	0.000	0	0	0	0	0.000	0	0	0	0.000	0	0	0	0	0	0	0	0	0	0	0	0	0	0	0	0	0
20	20	1306	1329.014	203.780	0.879	37	79	489	584	91	37	79	489	584	91	106.009	123.858	142	134	130	127	125	123	121	120	118	115	111	103.657	188.839	233	215	208	203	197	190	183	179	172	160	129	0	0	0.000	0.000	0	0	0	0	0.000	0	0	0	0.000	0	0	0	0	0	0	0	0	0	0	0	0	0	0	0	0	0
21	21	1911	532.704	225.828	0.878	113	885	784	63	17	113	885	784	63	17	105.932	145.515	176	161	157	154	151	148	144	139	132	126	114	102.000	115.940	125	120	119	118	117	116	115	114	113	112	105	0	0	0.000	0.000	0	0	0	0	0.000	0	0	0	0.000	0	0	0	0	0	0	0	0	0	0	0	0	0	0	0	0	0
22	22	1951	1288.544	236.394	0.899	102	903	818	71	7	102	903	818	71	7	106.499	119.267	134	126	123	122	120	119	117	116	115	113	110	103.859	178.325	236	217	208	197	187	179	171	161	150	137	122	0	0	0.000	0.000	0	0	0	0	0.000	0	0	0	0.000	0	0	0	0	0	0	0	0	0	0	0	0	0	0	0	0	0
23	23	1401	1061.881	237.064	0.846	23	177	625	491	61	23	177	625	491	61	106.171	126.193	137	133	131	130	128	126	125	124	122	119	112	102.760	608.277	882	805	764	722	678	631	571	512	449	374	281	0	0	0.000	0.000	0	0	0	0	0.000	0	0	0	0.000	0	0	0	0	0	0	0	0	0	0	0	0	0	0	0	0	0
24	24	310	1193.061	241.314	0.929	39	65	113	80	12	39	65	113	80	12	106.000	114.413	117	117	116	116	115	115	114	113	113	112	111	102.977	271.765	368	354	329	304	284	263	247	235	224	206	177	0	0	0.000	0.000	0	0	0	0	0.000	0	0	0	0.000	0	0	0	0	0	0	0	0	0	0	0	0	0	0	0	0	0
25	25	1936	1404.863	267.766	0.905	837	589	295	134	48	837	589	295	134	48	105.912	127.650	206	136	134	133	131	128	124	121	118	117	111	103.823	690.721	1220	1065	991	900	784	673	572	474	386	333	238	0	0	0.000	0.000	0	0	0	0	0.000	0	0	0	0.000	0	0	0	0	0	0	0	0	0	0	0	0	0	0	0	0	0
26	26	2267	1240.013	273.927	0.883	670	1451	69	20	12	670	1451	69	20	12	107.000	121.213	134	128	126	124	122	121	119	118	116	115	109	103.014	178.173	234	210	203	196	189	182	173	162	150	140	123	0	0	0.000	0.000	0	0	0	0	0.000	0	0	0	0.000	0	0	0	0	0	0	0	0	0	0	0	0	0	0	0	0	0
27	27	1349	1187.801	275.953	0.857	588	624	49	57	13	588	624	49	57	13	106.412	140.561	210	165	150	145	141	138	133	129	125	122	115	103.000	690.580	980	859	822	790	753	712	666	611	550	485	319	0	0	0.000	0.000	0	0	0	0	0.000	0	0	0	0.000	0	0	0	0	0	0	0	0	0	0	0	0	0	0	0	0	0
28	28	1833	1350.776	283.754	0.893	196	843	673	45	26	196	843	673	45	26	106.506	130.979	148	142	138	136	134	132	130	126	123	119	111	104.370	882.328	1267	1180	1087	1019	961	901	842	770	670	551	366	0	0	0.000	0.000	0	0	0	0	0.000	0	0	0	0.000	0	0	0	0	0	0	0	0	0	0	0	0	0	0	0	0	0
29	29	1759	1649.202	303.173	0.905	265	875	518	50	13	265	875	518	50	13	106.000	114.746	129	121	117	115	114	114	113	112	112	111	108	103.976	1566.646	2737	2166	2062	1876	1720	1574	1427	1292	1128	918	509	0	0	0.000	0.000	0	0	0	0	0.000	0	0	0	0.000	0	0	0	0	0	0	0	0	0	0	0	0	0	0	0	0	0
30	30	2248	937.204	321.320	0.849	178	929	864	200	25	178	929	864	200	25	107.000	846.259	6550	2213	938	537	469	419	378	332	287	237	173	103.000	124.320	172	138	131	127	124	122	120	118	116	113	107	1	295	939.783	313.092	0	0	0	2958	3198.719	0	0	138	141.037	0	0	1	24	942.204	310.581	0	0	0	4677	4539.833	0	0	165	165.042	0	0
31	31	1752	1105.247	315.646	0.883	47	137	924	583	22	47	137	924	583	22	106.712	123.608	138	132	130	129	126	123	121	119	117	115	110	103.703	819.103	1422	1240	1115	982	877	814	724	633	525	438	221	0	0	0.000	0.000	0	0	0	0	0.000	0	0	0	0.000	0	0	0	0	0	0	0	0	0	0	0	0	0	0	0	0	0
32	32	1412	1416.845	318.644	0.916	616	602	123	36	21	616	602	123	36	21	106.000	118.161	128	122	121	120	119	118	117	116	115	114	110	104.320	836.738	1294	1149	1084	1019	962	882	808	697	559	429	310	0	0	0.000	0.000	0	0	0	0	0.000	0	0	0	0.000	0	0	0	0	0	0	0	0	0	0	0	0	0	0	0	0	0
33	33	719	1063.821	337.708	0.898	33	86	290	257	37	33	86	290	257	37	107.000	115.210	121	118	117	116	116	115	114	114	113	112	110	103.832	448.825	681	613	581	537	492	445	400	360	320	285	224	0	0	0.000	0.000	0	0	0	0	0.000	0	0	0	0.000	0	0	0	0	0	0	0	0	0	0	0	0	0	0	0	0	0
34	34	3036	1618.774	360.358	0.886	584	2163	226	23	9	584	2163	226	23	9	106.195	113.089	123	117	115	114	113	113	112	112	111	110	108	104.296	596.631	977	832	769	716	654	591	537	489	434	364	179	0	0	0.000	0.000	0	0	0	0	0.000	0	0	0	0.000	0	0	0	0	0	0	0	0	0	0	0	0	0	0	0	0	0
35	35	1410	1440.538	355.055	0.899	565	618	132	66	18	565	618	132	66	18	106.000	120.989	131	127	126	124	122	121	119	118	117	115	110	104.273	1050.067	1660	1507	1417	1317	1190	1076	952	807	666	538	353	0	0	0.000	0.000	0	0	0	0	0.000	0	0	0	0.000	0	0	0	0	0	0	0	0	0	0	0	0	0	0	0	0	0
36	36	2205	1964.574	356.986	0.887	62	251	1377	446	23	62	251	1377	446	23	104.712	249.593	664	352	277	256	244	235	224	207	186	161	137	101.997	170.206	218	194	188	182	177	172	167	160	152	142	121	1	67	1952.168	348.926	0	0	0	573	568.119	0	0	199	198.388	0	0	0	0	0	0	0	0	0	0	0	0	0	0	0	0	0
37	37	442	1523.137	356.825	0.846	44	107	175	90	18	44	107	175	90	18	106.000	110.867	114	112	112	111	111	111	111	110	110	109	108	103.792	490.367	701	612	574	551	520	487	459	433	400	368	296	0	0	0.000	0.000	0	0	0	0	0.000	0	0	0	0.000	0	0	0	0	0	0	0	0	0	0	0	0	0	0	0	0	0
38	38	1671	1085.754	378.061	0.882	301	1204	121	18	8	301	1204	121	18	8	106.342	123.819	136	130	128	127	126	125	124	122	119	116	111	103.988	798.045	1437	1209	1114	1018	913	821	713	594	458	338	249	0	0	0.000	0.000	0	0	0	0	0.000	0	0	0	0.000	0	0	0	0	0	0	0	0	0	0	0	0	0	0	0	0	0
39	39	2405	1920.313	394.223	0.892	73	619	1510	143	17	73	619	1510	143	17	106.000	257.831	714	322	306	287	272	258	242	223	198	178	146	101.779	177.409	218	206	198	191	186	180	173	166	155	144	127	0	0	0.000	0.000	0	0	0	0	0.000	0	0	0	0.000	0	0	0	0	0	0	0	0	0	0	0	0	0	0	0	0	0
40	40	1693	1669.650	392.108	0.897	64	342	864	358	22	64	342	864	358	22	105.913	112.582	121	116	114	113	113	112	112	111	111	110	107	104.617	512.301	778	705	660	603	552	509	471	426	374	312	202	0	0	0.000	0.000	0	0	0	0	0.000	0	0	0	0.000	0	0	0	0	0	0	0	0	0	0	0	0	0	0	0	0	0
41	41	1636	2000.116	421.546	0.899	22	32	407	1067	81	22	32	407	1067	81	104.995	151.735	175	165	162	158	156	154	151	148	141	133	122	102.563	567.900	803	739	697	646	597	562	526	489	452	408	305	0	0	0.000	0.000	0	0	0	0	0.000	0	0	0	0.000	0	0	0	0	0	0	0	0	0	0	0	0	0	0	0	0	0
42	42	1926	1638.449	432.482	0.888	328	934	598	17	9	328	934	598	17	9	106.919	196.425	356	266	236	216	199	184	173	165	156	147	122	104.661	769.645	1426	1184	1075	983	883	759	649	543	447	369	243	0	0	0.000	0.000	0	0	0	0	0.000	0	0	0	0.000	0	0	0	0	0	0	0	0	0	0	0	0	0	0	0	0	0
43	43	1683	1691.940	440.246	0.863	22	162	777	610	84	22	162	777	610	84	106.645	429.152	6535	789	175	139	134	131	127	124	122	118	111	104.677	1231.484	2103	1897	1642	1492	1351	1239	1068	945	819	638	268	1	149	1690.981	430.562	0	0	0	2776	3038.611	0	0	1963	1885.866	0	0	0	0	0	0	0	0	0	0	0	0	0	0	0	0	0
44	44	1785	2011.001	465.587	0.873	54	777	825	80	12	54	777	825	80	12	104.673	165.392	874	186	166	160	153	146	140	135	130	126	114	102.662	642.156	1046	948	863	802	723	632	555	484	412	346	263	1	81	2015.416	460.342	0	0	0	457	484.654	0	0	967	936.679	0	0	0	0	0	0	0	0	0	0	0	0	0	0	0	0	0
45	45	1629	1000.503	476.642	0.879	311	986	183	70	51	311	986	183	70	51	106.919	269.028	2474	405	194	186	181	175	165	156	145	135	122	102.972	148.334	176	162	159	157	154	151	148	143	136	129	110	1	133	998.246	459.503	0	0	0	1164	1227.789	0	0	158	153.985	0	0	0	0	0	0	0	0	0	0	0	0	0	0	0	0	0
46	46	634	1725.864	469.010	0.923	33	139	261	169	23	33	139	261	169	23	107.000	115.224	121	119	117	116	116	115	115	114	113	112	109	103.838	607.379	936	833	786	718	655	603	551	500	448	381	292	0	0	0.000	0.000	0	0	0	0	0.000	0	0	0	0.000	0	0	0	0	0	0	0	0	0	0	0	0	0	0	0	0	0
47	47	1446	1629.141	489.092	0.876	169	683	472	65	29	169	683	472	65	29	107.000	219.990	275	256	250	245	237	227	213	200	187	175	154	104.008	858.608	1381	1181	1098	1041	973	900	825	697	572	463	285	0	0	0.000	0.000	0	0	0	0	0.000	0	0	0	0.000	0	0	0	0	0	0	0	0	0	0	0	0	0	0	0	0	0
48	48	828	1687.021	492.407	0.916	41	129	390	209	37	41	129	390	209	37	107.000	127.864	188	140	136	132	129	125	123	121	119	117	111	104.056	441.149	769	623	545	507	461	425	389	359	330	289	230	0	0	0.000	0.000	0	0	0	0	0.000	0	0	0	0.000	0	0	0	0	0	0	0	0	0	0	0	0	0	0	0	0	0
49	49	1504	396.632	499.027	0.901	207	823	396	45	4	207	823	396	45	4	106.000	114.839	129	123	119	116	114	113	112	112	111	110	107	101.748	125.098	138	132	130	128	127	126	125	123	121	118	106	0	0	0.000	0.000	0	0	0	0	0.000	0	0	0	0.000	0	0	0	0	0	0	0	0	0	0	0	0	0	0	0	0	0
50	50	245	968.412	489.023	0.917	51	43	74	53	20	51	43	74	53	20	107.000	118.620	124	122	121	120	119	118	118	117	117	116	114	102.082	111.947	119	116	115	114	113	112	111	110	109	108	106	0	0	0.000	0.000	0	0	0	0	0.000	0	0	0	0.000	0	0	0	0	0	0	0	0	0	0	0	0	0	0	0	0	0
51	51	667	892.001	499.633	0.890	31	170	258	163	34	31	170	258	163	34	106.991	113.723	139	116	115	115	114	113	113	112	112	111	109	102.000	144.492	163	156	153	150	148	145	142	139	136	132	122	0	0	0.000	0.000	0	0	0	0	0.000	0	0	0	0.000	0	0	0	0	0	0	0	0	0	0	0	0	0	0	0	0	0
52	52	879	1982.133	504.239	0.919	28	187	391	244	14	28	187	391	244	14	104.981	130.910	150	143	140	137	133	130	127	125	123	120	115	102.000	482.046	716	623	589	552	515	477	444	417	378	336	263	0	0	0.000	0.000	0	0	0	0	0.000	0	0	0	0.000	0	0	0	0	0	0	0	0	0	0	0	0	0	0	0	0	0
53	53	1373	934.271	517.094	0.915	71	375	634	240	32	71	375	634	240	32	107.000	156.798	1042	205	125	121	119	117	116	115	114	113	109	102.000	162.361	198	184	179	174	170	165	160	152	144	136	120	1	113	927.513	503.908	0	0	0	504	520.186	0	0	168	163.965	0	0	0	0	0	0	0	0	0	0	0	0	0	0	0	0	0
54	54	1674	436.111	530.285	0.903	176	915	518	23	5	176	915	518	23	5	106.007	112.801	124	117	115	113	113	112	112	111	111	110	107	101.713	124.103	139	131	129	128	126	125	123	121	119	116	108	0	0	0.000	0.000	0	0	0	0	0.000	0	0	0	0.000	0	0	0	0	0	0	0	0	0	0	0	0	0	0	0	0	0
55	55	391	628.410	519.528	0.843	58	151	118	41	16	58	151	118	41	16	105.831	138.379	158	148	145	143	140	138	136	134	131	128	123	102.000	128.762	151	138	135	132	130	128	126	125	124	121	113	0	0	0.000	0.000	0	0	0	0	0.000	0	0	0	0.000	0	0	0	0	0	0	0	0	0	0	0	0	0	0	0	0	0
56	56	1121	214.585	536.287	0.807	33	75	755	211	24	33	75	755	211	24	104.990	175.500	1204	287	138	125	123	122	121	120	118	116	112	102.000	143.427	163	152	150	148	146	144	142	140	137	133	124	1	110	222.408	546.294	0	0	0	536	587.473	0	0	145	143.264	0	0	0	0	0	0	0	0	0	0	0	0	0	0	0	0	0
57	57	1910	44.520	553.455	0.914	114	226	760	710	62	114	226	760	710	62	103.222	124.393	173	141	129	126	124	122	120	117	115	113	107	101.000	451.122	692	607	579	550	523	479	427	363	304	248	196	0	0	0.000	0.000	0	0	0	0	0.000	0	0	0	0.000	0	0	0	0	0	0	0	0	0	0	0	0	0	0	0	0	0
58	58	1279	176.347	561.471	0.905	295	488	406	52	12	295	488	406	52	12	105.542	123.446	207	136	126	123	121	120	118	116	115	114	110	102.000	129.144	147	139	136	134	132	129	127	124	121	119	114	1	76	183.769	573.574	0	0	0	169	170.118	0	0	137	135.434	0	0	0	0	0	0	0	0	0	0	0	0	0	0	0	0	0
59	59	1670	1605.339	577.100	0.878	42	338	808	409	36	42	338	808	409	36	106.663	113.969	122	118	117	115	114	113	113	112	112	111	108	102.007	125.583	147	135	131	129	127	125	123	122	120	118	110	0	0	0.000	0.000	0	0	0	0	0.000	0	0	0	0.000	0	0	0	0	0	0	0	0	0	0	0	0	0	0	0	0	0
60	60	2034	420.746	590.255	0.879	117	654	1031	166	32	117	654	1031	166	32	105.953	113.686	121	117	116	115	114	114	113	113	112	111	108	101.928	132.265	153	141	139	137	135	134	131	129	125	121	110	0	0	0.000	0.000	0	0	0	0	0.000	0	0	0	0.000	0	0	0	0	0	0	0	0	0	0	0	0	0	0	0	0	0
61	61	2035	52.938	613.842	0.874	48	232	406	1054	253	48	232	406	1054	253	103.557	133.109	388	157	130	128	126	124	121	117	115	113	107	101.606	530.915	833	721	667	618	572	531	491	444	393	341	227	1	131	65.390	598.854	0	0	0	253	259.298	0	0	700	663.237	0	0	0	0	0	0	0	0	0	0	0	0	0	0	0	0	0
62	62	1605	231.695	607.564	0.873	185	103	602	656	32	185	103	602	656	32	106.000	145.220	988	150	128	125	123	121	118	117	115	114	108	102.000	129.348	147	141	138	136	134	131	127	123	120	116	106	1	92	238.700	621.816	0	0	0	456	489.315	0	0	137	135.033	0	0	0	0	0	0	0	0	0	0	0	0	0	0	0	0	0
63	63	1305	182.196	607.855	0.904	242	188	692	150	11	242	188	692	150	11	105.868	125.319	134	130	129	128	127	126	125	124	122	119	111	102.000	136.474	156	147	144	142	140	137	135	132	128	125	111	0	0	0.000	0.000	0	0	0	0	0.000	0	0	0	0.000	0	0	0	0	0	0	0	0	0	0	0	0	0	0	0	0	0
64	64	462	1883.118	599.591	0.744	78	173	138	51	13	78	173	138	51	13	105.554	289.584	384	357	337	316	299	284	272	259	248	234	206	101.000	115.978	127	120	118	117	117	116	115	114	113	112	107	0	0	0.000	0.000	0	0	0	0	0.000	0	0	0	0.000	0	0	0	0	0	0	0	0	0	0	0	0	0	0	0	0	0
65	65	702	270.719	609.536	0.923	45	103	264	237	45	45	103	264	237	45	106.000	112.738	118	115	114	114	113	113	112	112	111	110	109	102.000	117.850	131	127	124	121	119	117	116	114	112	110	106	0	0	0.000	0.000	0	0	0	0	0.000	0	0	0	0.000	0	0	0	0	0	0	0	0	0	0	0	0	0	0	0	0	0
66	66	1511	1623.179	639.021	0.879	16	221	836	394	12	16	221	836	394	12	107.000	112.762	121	116	114	114	113	112	112	111	111	110	107	101.392	126.052	144	135	132	130	128	126	124	122	120	117	109	0	0	0.000	0.000	0	0	0	0	0.000	0	0	0	0.000	0	0	0	0	0	0	0	0	0	0	0	0	0	0	0	0	0
67	67	1787	254.037	654.224	0.883	50	211	1167	303	21	50	211	1167	303	21	105.590	128.720	148	141	137	135	132	129	126	123	120	117	109	102.000	138.491	161	150	147	145	143	141	138	134	129	123	109	0	0	0.000	0.000	0	0	0	0	0.000	0	0	0	0.000	0	0	0	0	0	0	0	0	0	0	0	0	0	0	0	0	0
68	68	1628	78.406	662.754	0.902	63	248	637	495	139	63	248	637	495	139	103.908	125.063	182	135	132	129	126	124	121	119	116	114	110	102.000	511.700	804	692	642	597	553	509	469	423	380	335	254	1	14	91.428	668.722	0	0	0	170	170.429	0	0	652	625.857	0	0	0	0	0	0	0	0	0	0	0	0	0	0	0	0	0
69	69	603	808.950	708.382	0.847	231	282	63	10	6	231	282	63	10	6	106.816	145.599	166	160	156	153	148	145	143	139	135	131	123	102.000	121.051	138	129	125	123	122	120	119	118	116	114	111	0	0	0.000	0.000	0	0	0	0	0.000	0	0	0	0.000	0	0	0	0	0	0	0	0	0	0	0	0	0	0	0	0	0
70	70	1702	1088.392	911.793	0.911	628	495	308	185	56	628	495	308	185	56	107.000	115.092	126	120	118	116	115	114	114	113	112	112	108	105.000	306.618	418	382	366	351	334	313	289	264	246	228	160	0	0	0.000	0.000	0	0	0	0	0.000	0	0	0	0.000	0	0	0	0	0	0	0	0	0	0	0	0	0	0	0	0	0
71	71	2143	771.375	924.692	0.899	185	1364	498	31	14	185	1364	498	31	14	107.384	219.951	278	255	246	242	235	229	219	206	189	172	133	102.979	777.719	1100	973	932	891	853	813	764	697	610	517	339	0	0	0.000	0.000	0	0	0	0	0.000	0	0	0	0.000	0	0	0	0	0	0	0	0	0	0	0	0	0	0	0	0	0
72	72	1795	823.524	946.989	0.885	44	162	918	578	55	44	162	918	578	55	106.992	187.713	239	218	210	204	197	190	182	174	166	152	131	103.000	628.906	957	832	793	749	702	646	582	519	453	397	243	0	0	0.000	0.000	0	0	0	0	0.000	0	0	0	0.000	0	0	0	0	0	0	0	0	0	0	0	0	0	0	0	0	0
73	73	2689	1523.482	961.203	0.883	132	283	1942	283	16	132	283	1942	283	16	108.025	191.267	237	222	216	209	203	196	187	177	165	153	128	103.749	1376.435	2180	1949	1805	1650	1524	1402	1270	1135	951	734	405	0	0	0.000	0.000	0	0	0	0	0.000	0	0	0	0.000	0	0	0	0	0	0	0	0	0	0	0	0	0	0	0	0	0
74	74	1954	1047.081	954.080	0.877	27	132	1057	652	49	27	132	1057	652	49	107.000	115.192	125	121	119	117	115	114	113	113	112	111	109	104.059	293.789	411	373	338	320	304	288	272	259	247	233	196	0	0	0.000	0.000	0	0	0	0	0.000	0	0	0	0.000	0	0	0	0	0	0	0	0	0	0	0	0	0	0	0	0	0
75	75	2426	103.113	975.921	0.885	10	121	1096	1092	65	10	121	1096	1092	65	104.126	182.377	240	222	214	204	194	182	171	161	151	142	129	101.000	150.742	181	170	166	161	157	152	148	141	134	129	114	0	0	0.000	0.000	0	0	0	0	0.000	0	0	0	0.000	0	0	0	0	0	0	0	0	0	0	0	0	0	0	0	0	0
76	76	1578	996.388	983.274	0.885	28	376	949	196	6	28	376	949	196	6	106.560	115.859	137	126	119	116	115	114	113	112	111	110	106	102.309	307.364	419	386	358	338	327	313	296	278	253	228	171	1	260	995.438	987.527	0	0	0	128	127.827	0	0	282	283.388	0	0	0	0	0	0	0	0	0	0	0	0	0	0	0	0	0
77	77	444	845.496	984.446	0.907	17	58	193	152	9	17	58	193	152	9	107.000	205.090	239	229	226	220	214	207	200	193	185	177	162	103.000	809.241	1015	920	895	871	845	823	798	761	718	673	536	0	0	0.000	0.000	0	0	0	0	0.000	0	0	0	0.000	0	0	0	0	0	0	0	0	0	0	0	0	0	0	0	0	0
78	78	1621	1569.060	998.136	0.908	163	958	343	88	38	163	958	343	88	38	108.737	241.402	281	264	259	253	247	242	237	233	226	218	193	103.725	2025.622	2516	2400	2341	2268	2183	2089	1996	1894	1727	1498	1070	0	0	0.000	0.000	0	0	0	0	0.000	0	0	0	0.000	0	0	0	0	0	0	0	0	0	0	0	0	0	0	0	0	0
79	79	2145	1785.789	1006.576	0.897	22	50	543	1275	201	22	50	543	1275	201	107.038	125.713	139	133	131	130	128	127	125	123	119	116	111	102.844	247.822	360	321	301	284	267	247	228	212	194	175	135	0	0	0.000	0.000	0	0	0	0	0.000	0	0	0	0.000	0	0	0	0	0	0	0	0	0	0	0	0	0	0	0	0	0
80	80	1301	471.328	1002.340	0.917	42	236	838	154	7	42	236	838	154	7	106.000	112.606	119	116	114	114	113	112	112	111	111	110	107	102.998	922.307	1467	1346	1259	1143	1050	935	818	715	606	486	291	0	0	0.000	0.000	0	0	0	0	0.000	0	0	0	0.000	0	0	0	0	0	0	0	0	0	0	0	0	0	0	0	0	0
81	81	555	1302.741	1004.518	0.954	63	136	248	93	6	63	136	248	93	6	107.000	114.099	118	117	116	115	115	114	113	113	112	112	110	103.000	113.016	122	118	117	116	115	114	112	110	109	107	105	0	0	0.000	0.000	0	0	0	0	0.000	0	0	0	0.000	0	0	0	0	0	0	0	0	0	0	0	0	0	0	0	0	0
82	82	1708	1266.242	1017.610	0.876	100	533	900	140	11	100	533	900	140	11	107.064	116.581	131	121	119	118	117	116	115	114	114	113	110	102.155	127.878	144	136	133	132	130	128	127	125	123	119	107	0	0	0.000	0.000	0	0	0	0	0.000	0	0	0	0.000	0	0	0	0	0	0	0	0	0	0	0	0	0	0	0	0	0
83	83	1563	1724.664	1018.682	0.910	26	93	685	624	107	26	93	685	624	107	107.001	123.567	137	130	128	127	125	123	122	120	119	118	112	103.000	252.832	380	334	312	292	273	252	237	222	192	163	137	0	0	0.000	0.000	0	0	0	0	0.000	0	0	0	0.000	0	0	0	0	0	0	0	0	0	0	0	0	0	0	0	0	0
84	84	2569	144.466	1029.975	0.883	39	432	1262	706	93	39	432	1262	706	93	104.597	209.599	272	252	241	232	220	211	201	192	181	162	131	101.037	160.474	187	177	174	170	166	162	158	153	148	141	122	0	0	0.000	0.000	0	0	0	0	0.000	0	0	0	0.000	0	0	0	0	0	0	0	0	0	0	0	0	0	0	0	0	0
85	85	1655	1513.239	1024.561	0.893	32	575	948	57	10	32	575	948	57	10	108.398	135.153	152	144	142	140	138	136	134	132	129	124	117	104.000	1159.559	1748	1609	1459	1350	1236	1146	1071	980	868	723	458	0	0	0.000	0.000	0	0	0	0	0.000	0	0	0	0.000	0	0	0	0	0	0	0	0	0	0	0	0	0	0	0	0	0
86	86	940	1675.769	1020.082	0.892	6	34	458	392	28	6	34	458	392	28	107.412	124.671	135	131	129	127	126	124	122	121	121	120	114	103.000	280.451	376	342	325	310	293	276	264	251	237	224	187	0	0	0.000	0.000	0	0	0	0	0.000	0	0	0	0.000	0	0	0	0	0	0	0	0	0	0	0	0	0	0	0	0	0
87	87	1348	432.236	1038.156	0.900	86	208	824	183	26	86	208	824	183	26	105.790	114.301	126	119	117	115	114	114	113	112	111	111	109	102.000	992.185	1547	1327	1217	1138	1065	986	930	862	779	672	350	0	0	0.000	0.000	0	0	0	0	0.000	0	0	0	0.000	0	0	0	0	0	0	0	0	0	0	0	0	0	0	0	0	0
88	88	1557	1788.507	1057.429	0.916	5	68	661	706	75	5	68	661	706	75	107.574	130.983	150	143	140	138	134	131	128	125	122	119	113	102.954	310.982	462	413	388	366	345	321	294	261	227	191	164	0	0	0.000	0.000	0	0	0	0	0.000	0	0	0	0.000	0	0	0	0	0	0	0	0	0	0	0	0	0	0	0	0	0
89	89	1296	1544.911	1064.320	0.913	42	35	237	827	120	42	35	237	827	120	108.266	133.015	149	143	140	138	136	133	131	128	126	123	116	104.000	1237.421	2042	1830	1638	1504	1373	1249	1130	994	816	614	408	0	0	0.000	0.000	0	0	0	0	0.000	0	0	0	0.000	0	0	0	0	0	0	0	0	0	0	0	0	0	0	0	0	0
90	90	606	1262.709	1150.249	0.841	16	99	246	201	33	16	99	246	201	33	107.305	116.927	128	124	120	118	116	116	115	114	114	113	112	102.000	110.645	119	116	114	113	111	110	110	109	107	106	103	0	0	0.000	0.000	0	0	0	0	0.000	0	0	0	0.000	0	0	0	0	0	0	0	0	0	0	0	0	0	0	0	0	0
91	91	1090	1954.655	1168.933	0.872	414	461	125	57	6	414	461	125	57	6	106.000	485.101	1341	805	611	511	448	413	381	350	320	289	224	101.000	126.646	151	135	133	131	129	128	125	123	120	117	107	1	44	1956.761	1158.537	0	0	0	1167	1160.341	0	0	131	130.364	0	0	0	0	0	0	0	0	0	0	0	0	0	0	0	0	0
92	92	855	101.259	1168.886	0.903	25	86	362	318	49	25	86	362	318	49	104.000	127.292	142	136	134	132	129	127	125	123	121	118	112	101.000	154.724	190	178	171	166	161	156	148	143	138	131	122	0	0	0.000	0.000	0	0	0	0	0.000	0	0	0	0.000	0	0	0	0	0	0	0	0	0	0	0	0	0	0	0	0	0
93	93	1451	133.053	1208.074	0.885	75	96	447	703	102	75	96	447	703	102	104.392	151.703	191	178	171	164	158	151	145	139	133	127	112	101.009	190.872	252	234	222	211	202	194	182	170	159	146	121	0	0	0.000	0.000	0	0	0	0	0.000	0	0	0	0.000	0	0	0	0	0	0	0	0	0	0	0	0	0	0	0	0	0
94	94	754	1680.174	1206.954	0.915	71	142	265	225	40	71	142	265	225	40	106.265	125.228	139	133	130	128	127	125	123	122	120	118	113	104.000	4493.178	8460	7305	6308	5503	4851	4269	3770	3279	2855	2206	1155	0	0	0.000	0.000	0	0	0	0	0.000	0	0	0	0.000	0	0	0	0	0	0	0	0	0	0	0	0	0	0	0	0	0
95	95	1901	1706.849	1242.634	0.876	509	1215	98	31	2	509	1215	98	31	2	107.259	126.463	168	140	133	128	125	123	122	121	119	118	113	103.896	1311.400	1952	1801	1667	1557	1465	1361	1258	1100	924	731	550	1	31	1707.301	1251.531	0	0	0	159	159.194	0	0	1334	1336.613	0	0	0	0	0	0	0	0	0	0	0	0	0	0	0	0	0
96	96	467	1745.404	1229.097	0.934	46	76	129	162	44	46	76	129	162	44	107.987	114.259	118	116	116	115	115	114	114	113	113	112	110	103.009	430.505	775	604	553	516	476	432	388	345	306	259	203	0	0	0.000	0.000	0	0	0	0	0.000	0	0	0	0.000	0	0	0	0	0	0	0	0	0	0	0	0	0	0	0	0	0
97	97	1102	1659.686	1245.790	0.902	16	85	233	675	80	16	85	233	675	80	107.412	129.141	140	137	134	133	131	129	128	126	124	122	118	104.000	1271.294	1765	1662	1556	1468	1390	1300	1190	1106	984	839	614	0	0	0.000	0.000	0	0	0	0	0.000	0	0	0	0.000	0	0	0	0	0	0	0	0	0	0	0	0	0	0	0	0	0
98	98	1665	1100.145	1265.225	0.925	48	208	858	501	21	48	208	858	501	21	107.566	114.592	121	117	116	115	115	114	114	114	113	112	109	102.969	967.438	1503	1368	1288	1202	1095	990	885	761	636	514	351	0	0	0.000	0.000	0	0	0	0	0.000	0	0	0	0.000	0	0	0	0	0	0	0	0	0	0	0	0	0	0	0	0	0
99	99	2000	153.711	1279.101	0.916	53	129	854	897	43	53	129	854	897	43	104.957	114.123	126	118	116	115	114	114	113	112	112	111	108	101.555	202.017	251	234	228	222	215	207	199	188	174	160	131	0	0	0.000	0.000	0	0	0	0	0.000	0	0	0	0.000	0	0	0	0	0	0	0	0	0	0	0	0	0	0	0	0	0
100	100	1667	63.595	1278.777	0.887	1206	355	34	31	12	1206	355	34	31	12	104.793	374.194	2399	980	439	246	188	176	168	162	157	149	138	101.912	1067.983	1633	1400	1298	1214	1136	1062	989	915	850	760	476	1	268	74.881	1287.335	0	0	0	1151	1240.668	0	0	1205	1181.724	0	0	0	0	0	0	0	0	0	0	0	0	0	0	0	0	0
101	101	1881	1683.085	1288.720	0.891	66	613	1082	79	5	66	613	1082	79	5	108.364	132.303	173	145	138	136	132	130	128	126	124	121	114	103.668	1057.290	1886	1547	1383	1246	1144	1032	928	843	739	588	315	0	0	0.000	0.000	0	0	0	0	0.000	0	0	0	0.000	0	0	0	0	0	0	0	0	0	0	0	0	0	0	0	0	0
102	102	1509	1140.863	1300.128	0.899	283	1173	27	5	4	283	1173	27	5	4	107.252	117.055	133	122	119	118	117	116	115	115	114	113	111	103.610	975.552	1803	1431	1300	1221	1149	1002	849	725	604	479	303	0	0	0.000	0.000	0	0	0	0	0.000	0	0	0	0.000	0	0	0	0	0	0	0	0	0	0	0	0	0	0	0	0	0
103	103	1723	109.356	1311.044	0.900	108	840	681	49	7	108	840	681	49	7	105.000	267.862	2455	610	172	121	118	115	114	112	111	111	108	102.000	178.320	251	222	208	196	188	179	170	157	144	134	125	1	217	97.966	1305.025	0	0	0	1139	1212.475	0	0	230	226.917	0	0	0	0	0	0	0	0	0	0	0	0	0	0	0	0	0
104	104	2196	1736.959	1322.170	0.861	18	350	1165	529	94	18	350	1165	529	94	108.506	124.630	138	132	130	128	126	125	124	122	120	117	110	103.785	151.058	186	170	165	161	157	153	148	142	137	132	109	0	0	0.000	0.000	0	0	0	0	0.000	0	0	0	0.000	0	0	0	0	0	0	0	0	0	0	0	0	0	0	0	0	0
105	105	1199	1621.579	1316.307	0.901	55	141	391	447	130	55	141	391	447	130	108.973	155.573	209	185	173	165	158	153	148	143	137	131	122	103.548	929.678	1441	1252	1146	1063	1004	947	881	801	713	592	348	0	0	0.000	0.000	0	0	0	0	0.000	0	0	0	0.000	0	0	0	0	0	0	0	0	0	0	0	0	0	0	0	0	0
106	106	2235	57.025	1333.753	0.893	846	839	265	187	70	846	839	265	187	70	104.755	316.638	2174	646	265	232	217	207	196	181	164	150	132	101.835	195.061	290	234	223	215	207	200	191	180	162	147	129	1	224	43.420	1330.805	0	0	0	1137	1204.763	0	0	225	221.089	0	0	0	0	0	0	0	0	0	0	0	0	0	0	0	0	0
107	107	2092	193.683	1337.661	0.895	47	101	731	1043	127	47	101	731	1043	127	105.424	138.527	162	154	149	146	142	138	135	132	128	123	113	102.347	650.765	983	889	833	781	723	677	614	536	454	375	292	0	0	0.000	0.000	0	0	0	0	0.000	0	0	0	0.000	0	0	0	0	0	0	0	0	0	0	0	0	0	0	0	0	0
108	108	1435	1681.678	1345.557	0.915	19	146	941	285	19	19	146	941	285	19	108.754	122.244	132	127	126	125	123	122	121	120	119	117	111	104.000	157.148	185	175	171	167	163	158	152	147	143	139	124	0	0	0.000	0.000	0	0	0	0	0.000	0	0	0	0.000	0	0	0	0	0	0	0	0	0	0	0	0	0	0	0	0	0
109	109	2399	1572.652	1356.238	0.859	99	624	1298	296	34	99	624	1298	296	34	109.000	118.443	132	125	122	120	118	117	116	116	115	114	111	105.163	1396.607	2398	1984	1825	1699	1559	1434	1311	1168	944	716	398	0	0	0.000	0.000	0	0	0	0	0.000	0	0	0	0.000	0	0	0	0	0	0	0	0	0	0	0	0	0	0	0	0	0
110	110	1597	775.047	1357.725	0.882	62	84	390	893	133	62	84	390	893	133	107.984	177.063	220	206	199	194	188	183	175	165	152	139	125	103.864	719.073	1072	971	917	859	808	746	697	628	516	393	235	0	0	0.000	0.000	0	0	0	0	0.000	0	0	0	0.000	0	0	0	0	0	0	0	0	0	0	0	0	0	0	0	0	0
111	111	1831	1265.772	1364.328	0.915	327	986	412	36	32	327	986	412	36	32	108.901	189.626	225	214	210	205	200	193	186	179	171	159	134	106.888	635.084	854	789	750	727	700	667	620	561	504	437	298	0	0	0.000	0.000	0	0	0	0	0.000	0	0	0	0.000	0	0	0	0	0	0	0	0	0	0	0	0	0	0	0	0	0
112	112	855	1402.633	1358.114	0.898	44	290	417	73	9	44	290	417	73	9	108.835	147.090	165	159	155	152	150	148	145	142	139	135	122	104.000	569.297	900	815	742	669	614	570	517	465	397	337	246	0	0	0.000	0.000	0	0	0	0	0.000	0	0	0	0.000	0	0	0	0	0	0	0	0	0	0	0	0	0	0	0	0	0
113	113	1677	1188.245	1369.795	0.882	384	1139	79	33	16	384	1139	79	33	16	108.841	194.236	985	227	197	186	179	170	161	153	145	138	125	107.591	847.466	1429	1224	1097	1018	941	874	780	667	564	450	287	1	85	1182.857	1377.614	0	0	0	557	572.576	0	0	1163	1172.659	0	0	0	0	0	0	0	0	0	0	0	0	0	0	0	0	0
114	114	2163	1631.636	1376.295	0.894	102	821	1105	80	14	102	821	1105	80	14	108.831	119.227	137	127	123	120	119	118	117	116	115	114	111	104.577	1629.540	2443	2253	2060	1916	1800	1655	1509	1349	1197	974	573	0	0	0.000	0.000	0	0	0	0	0.000	0	0	0	0.000	0	0	0	0	0	0	0	0	0	0	0	0	0	0	0	0	0
115	115	1557	1723.160	1384.590	0.883	64	847	569	30	10	64	847	569	30	10	109.000	122.848	132	129	127	126	124	122	121	120	119	117	113	104.000	152.346	179	164	161	159	156	153	150	147	143	139	124	0	0	0.000	0.000	0	0	0	0	0.000	0	0	0	0.000	0	0	0	0	0	0	0	0	0	0	0	0	0	0	0	0	0
116	116	1908	1428.301	1394.852	0.856	28	81	487	1124	148	28	81	487	1124	148	109.000	142.821	166	157	153	150	147	144	142	138	132	125	114	104.042	547.007	924	746	686	630	590	544	500	465	422	349	193	0	0	0.000	0.000	0	0	0	0	0.000	0	0	0	0.000	0	0	0	0	0	0	0	0	0	0	0	0	0	0	0	0	0
117	117	1803	212.894	1394.979	0.867	42	508	1027	168	23	42	508	1027	168	23	105.644	142.313	166	158	155	152	149	145	140	135	129	122	113	102.584	656.942	964	885	827	776	731	675	615	547	479	408	233	0	0	0.000	0.000	0	0	0	0	0.000	0	0	0	0.000	0	0	0	0	0	0	0	0	0	0	0	0	0	0	0	0	0
118	118	1633	1538.030	1394.740	0.888	55	1022	406	89	42	55	1022	406	89	42	108.110	120.146	135	127	124	121	120	119	118	117	116	116	112	106.000	1573.998	2371	2099	1980	1869	1757	1635	1501	1338	1134	923	636	0	0	0.000	0.000	0	0	0	0	0.000	0	0	0	0.000	0	0	0	0	0	0	0	0	0	0	0	0	0	0	0	0	0
119	119	1621	740.906	1409.493	0.891	22	201	995	366	7	22	201	995	366	7	108.000	177.460	218	209	203	196	188	179	171	161	153	142	126	103.869	714.725	1042	959	901	844	793	740	674	596	516	440	301	0	0	0.000	0.000	0	0	0	0	0.000	0	0	0	0.000	0	0	0	0	0	0	0	0	0	0	0	0	0	0	0	0	0
120	120	449	785.792	1397.994	0.931	13	43	194	159	35	13	43	194	159	35	108.000	125.071	134	131	130	129	127	126	124	122	120	118	114	104.000	312.811	428	402	377	358	335	312	290	270	249	226	187	0	0	0.000	0.000	0	0	0	0	0.000	0	0	0	0.000	0	0	0	0	0	0	0	0	0	0	0	0	0	0	0	0	0
121	121	632	1278.043	1401.988	0.915	88	230	223	66	14	88	230	223	66	14	109.000	183.595	220	212	205	197	189	184	179	172	164	154	141	107.736	517.362	750	706	650	596	554	513	487	449	398	328	217	0	0	0.000	0.000	0	0	0	0	0.000	0	0	0	0.000	0	0	0	0	0	0	0	0	0	0	0	0	0	0	0	0	0
122	122	1693	1477.492	1418.955	0.859	58	462	839	279	23	58	462	839	279	23	108.978	148.327	168	160	157	155	152	149	146	144	140	135	123	105.510	663.165	979	871	828	778	734	681	619	556	491	433	310	0	0	0.000	0.000	0	0	0	0	0.000	0	0	0	0.000	0	0	0	0	0	0	0	0	0	0	0	0	0	0	0	0	0
123	123	2494	1625.108	1442.364	0.829	56	399	1573	411	18	56	399	1573	411	18	108.484	144.208	175	160	156	153	147	142	139	136	133	130	123	105.031	1147.721	2194	1666	1520	1388	1272	1158	1058	938	763	561	357	0	0	0.000	0.000	0	0	0	0	0.000	0	0	0	0.000	0	0	0	0	0	0	0	0	0	0	0	0	0	0	0	0	0
124	124	1839	1558.327	1448.776	0.899	20	71	919	755	20	20	71	919	755	20	108.990	146.021	179	165	160	155	150	145	141	137	133	128	119	106.000	1303.311	2244	1960	1763	1602	1440	1309	1163	1002	841	648	430	0	0	0.000	0.000	0	0	0	0	0.000	0	0	0	0.000	0	0	0	0	0	0	0	0	0	0	0	0	0	0	0	0	0
125	125	210	719.812	1439.350	0.907	13	35	59	79	15	13	35	59	79	15	108.000	152.043	173	166	162	159	156	152	149	145	142	139	129	103.000	465.500	652	621	584	544	501	468	432	405	365	316	228	0	0	0.000	0.000	0	0	0	0	0.000	0	0	0	0.000	0	0	0	0	0	0	0	0	0	0	0	0	0	0	0	0	0
126	126	2224	1142.381	1460.883	0.898	786	1087	162	128	30	786	1087	162	128	30	109.000	155.206	984	154	134	133	131	130	128	127	124	121	114	109.019	2185.492	3565	3079	2839	2588	2380	2207	2023	1816	1579	1225	692	1	128	1155.851	1462.210	0	0	0	503	518.148	0	0	1365	1399.383	0	0	0	0	0	0	0	0	0	0	0	0	0	0	0	0	0
127	127	1994	1084.974	1458.006	0.903	848	485	208	260	154	848	485	208	260	154	109.000	872.451	11709	2297	314	155	135	131	128	125	123	121	114	107.892	2206.752	3408	3154	2962	2827	2614	2355	2077	1738	1351	997	690	1	241	1095.503	1456.898	0	0	0	5281	5731.863	0	0	2899	2813.909	0	0	0	0	0	0	0	0	0	0	0	0	0	0	0	0	0
128	128	1130	1233.008	1464.028	0.799	950	89	40	26	21	950	89	40	26	21	109.000	138.657	1246	127	126	124	123	122	120	118	117	115	113	109.589	598.069	1047	922	845	776	685	582	490	405	349	299	244	0	0	0.000	0.000	0	0	0	0	0.000	0	0	0	0.000	0	0	0	0	0	0	0	0	0	0	0	0	0	0	0	0	0
129	129	1845	1482.759	1477.624	0.896	52	71	979	670	47	52	71	979	670	47	108.546	142.120	163	155	152	150	147	144	140	136	131	126	118	104.920	555.276	849	751	711	679	645	608	553	469	360	269	192	0	0	0.000	0.000	0	0	0	0	0.000	0	0	0	0.000	0	0	0	0	0	0	0	0	0	0	0	0	0	0	0	0	0
130	130	1791	1260.578	1499.439	0.901	237	227	505	664	129	237	227	505	664	129	108.888	139.812	153	148	147	145	143	142	140	138	135	126	112	108.152	1203.401	1782	1678	1567	1467	1347	1211	1087	1000	895	703	270	0	0	0.000	0.000	0	0	0	0	0.000	0	0	0	0.000	0	0	0	0	0	0	0	0	0	0	0	0	0	0	0	0	0
131	131	2008	1206.021	1514.076	0.891	548	444	754	183	44	548	444	754	183	44	108.461	154.261	271	218	182	154	145	139	136	131	127	123	117	108.607	854.341	1688	1386	1250	1108	959	818	707	597	469	339	201	0	0	0.000	0.000	0	0	0	0	0.000	0	0	0	0.000	0	0	0	0	0	0	0	0	0	0	0	0	0	0	0	0	0
132	132	1304	1575.478	1513.533	0.889	128	715	405	24	9	128	715	405	24	9	108.000	114.820	126	118	116	116	115	115	114	114	113	112	109	104.923	532.060	774	678	641	597	567	537	510	474	432	366	254	0	0	0.000	0.000	0	0	0	0	0.000	0	0	0	0.000	0	0	0	0	0	0	0	0	0	0	0	0	0	0	0	0	0
133	133	2022	982.823	1531.548	0.822	23	187	880	812	74	23	187	880	812	74	108.865	122.177	132	129	127	125	124	122	121	119	117	116	113	104.904	991.318	1464	1357	1296	1215	1133	1052	942	811	671	532	334	0	0	0.000	0.000	0	0	0	0	0.000	0	0	0	0.000	0	0	0	0	0	0	0	0	0	0	0	0	0	0	0	0	0
134	134	1171	1540.717	1544.144	0.884	119	660	342	18	12	119	660	342	18	12	108.000	117.359	131	124	121	119	117	116	115	115	114	113	110	104.021	685.277	945	848	804	769	725	682	644	607	568	518	391	0	0	0.000	0.000	0	0	0	0	0.000	0	0	0	0.000	0	0	0	0	0	0	0	0	0	0	0	0	0	0	0	0	0
135	135	2495	948.602	1590.447	0.855	30	258	1434	670	48	30	258	1434	670	48	108.000	126.975	189	137	131	128	126	125	123	122	120	118	112	104.949	922.942	1425	1263	1158	1090	1012	935	860	771	662	571	307	1	65	951.766	1583.682	0	0	0	171	170.846	0	0	656	693.538	0	0	0	0	0	0	0	0	0	0	0	0	0	0	0	0	0
136	136	1870	1140.402	1627.356	0.853	49	487	913	342	46	49	487	913	342	46	108.865	119.782	129	124	122	121	121	120	119	118	117	116	112	104.991	2217.255	3719	3164	2848	2605	2375	2201	1997	1764	1549	1374	844	0	0	0.000	0.000	0	0	0	0	0.000	0	0	0	0.000	0	0	0	0	0	0	0	0	0	0	0	0	0	0	0	0	0
137	137	1909	1188.005	1629.973	0.899	62	445	1083	212	70	62	445	1083	212	70	108.718	194.416	1033	362	196	154	142	135	130	125	122	118	110	104.755	143.976	430	153	150	148	146	144	142	139	135	126	111	1	237	1176.969	1626.917	0	0	0	492	538.160	0	0	151	150.329	0	0	0	0	0	0	0	0	0	0	0	0	0	0	0	0	0
138	138	667	872.104	1625.156	0.738	28	196	285	125	24	28	196	285	125	24	107.888	130.508	147	139	136	134	133	131	128	126	124	122	116	104.000	761.154	1069	980	911	855	806	754	713	671	619	561	407	0	0	0.000	0.000	0	0	0	0	0.000	0	0	0	0.000	0	0	0	0	0	0	0	0	0	0	0	0	0	0	0	0	0
139	139	2446	919.582	1651.398	0.848	35	449	1669	228	14	35	449	1669	228	14	108.000	1310.217	17098	3903	374	179	157	150	143	136	129	125	117	104.370	870.445	1286	1191	1138	1100	1045	948	817	667	557	453	252	1	318	920.972	1647.101	0	0	0	7927	8516.151	0	0	1162	1152.981	0	0	0	0	0	0	0	0	0	0	0	0	0	0	0	0	0
140	140	2273	402.126	1653.520	0.894	142	842	1001	212	31	142	842	1001	212	31	106.000	217.271	397	290	251	230	217	207	199	190	179	165	133	101.000	120.648	137	126	124	122	121	121	119	118	117	115	108	0	0	0.000	0.000	0	0	0	0	0.000	0	0	0	0.000	0	0	0	0	0	0	0	0	0	0	0	0	0	0	0	0	0
141	141	1513	1560.704	1644.544	0.885	234	1120	118	19	8	234	1120	118	19	8	108.526	153.681	184	179	173	167	161	154	147	140	135	130	122	103.471	215.938	281	265	257	246	235	220	204	189	174	160	141	0	0	0.000	0.000	0	0	0	0	0.000	0	0	0	0.000	0	0	0	0	0	0	0	0	0	0	0	0	0	0	0	0	0
142	142	1960	1226.032	1676.695	0.895	41	416	1051	389	23	41	416	1051	389	23	108.594	127.637	262	144	130	124	122	121	120	118	117	115	112	103.621	144.219	165	157	153	151	149	146	143	139	135	129	113	1	142	1226.101	1680.913	0	0	0	193	194.408	0	0	136	138.190	0	0	0	0	0	0	0	0	0	0	0	0	0	0	0	0	0
143	143	1495	1583.439	1690.058	0.901	29	95	629	623	74	29	95	629	623	74	107.500	129.736	158	139	136	133	131	129	127	125	122	119	114	104.233	2018.899	2959	2701	2584	2453	2292	2108	1918	1726	1480	1148	623	0	0	0.000	0.000	0	0	0	0	0.000	0	0	0	0.000	0	0	0	0	0	0	0	0	0	0	0	0	0	0	0	0	0
144	144	2510	1478.970	1700.197	0.896	74	615	1429	328	22	74	615	1429	328	22	109.157	160.535	195	184	180	175	170	163	155	148	140	133	125	104.056	225.122	293	272	259	250	241	231	220	207	187	167	141	0	0	0.000	0.000	0	0	0	0	0.000	0	0	0	0.000	0	0	0	0	0	0	0	0	0	0	0	0	0	0	0	0	0
145	145	2056	190.618	1717.625	0.895	432	1346	213	26	8	432	1346	213	26	8	104.601	292.763	3003	457	249	206	191	181	172	163	155	147	130	101.000	115.965	139	121	119	118	117	116	115	114	113	111	102	2	140	197.012	1723.730	31	192.724	1704.580	1330	1472.071	419	419.968	123	124.586	117	116.903	0	0	0	0	0	0	0	0	0	0	0	0	0	0	0
146	146	1516	1539.008	1735.341	0.886	86	708	651	38	7	86	708	651	38	7	108.943	133.615	146	141	139	138	137	134	132	130	128	125	116	105.000	619.415	884	808	759	702	653	615	578	535	492	433	344	0	0	0.000	0.000	0	0	0	0	0.000	0	0	0	0.000	0	0	0	0	0	0	0	0	0	0	0	0	0	0	0	0	0
147	147	980	1121.833	1735.563	0.862	23	251	413	239	37	23	251	413	239	37	107.885	115.513	122	119	118	117	116	115	115	114	114	113	110	103.000	687.991	1070	924	847	786	745	687	635	590	522	445	326	0	0	0.000	0.000	0	0	0	0	0.000	0	0	0	0.000	0	0	0	0	0	0	0	0	0	0	0	0	0	0	0	0	0
148	148	1074	1587.865	1735.063	0.921	15	71	467	436	68	15	71	467	436	68	107.710	165.746	560	275	177	146	135	131	128	124	122	120	114	104.901	1356.171	2055	1893	1772	1660	1528	1397	1268	1122	945	736	450	1	152	1592.845	1743.348	0	0	0	321	341.684	0	0	1632	1594.796	0	0	0	0	0	0	0	0	0	0	0	0	0	0	0	0	0
149	149	1201	779.174	1738.793	0.923	42	64	526	478	64	42	64	526	478	64	108.000	150.034	188	172	164	158	153	149	145	139	135	131	125	102.425	571.030	1089	831	721	662	609	557	510	453	386	325	247	0	0	0.000	0.000	0	0	0	0	0.000	0	0	0	0.000	0	0	0	0	0	0	0	0	0	0	0	0	0	0	0	0	0
150	150	1826	1449.480	1757.835	0.900	414	1117	165	73	11	414	1117	165	73	11	108.858	172.474	238	199	185	179	176	172	167	162	155	148	130	103.264	241.394	308	278	270	263	257	250	241	228	212	191	152	0	0	0.000	0.000	0	0	0	0	0.000	0	0	0	0.000	0	0	0	0	0	0	0	0	0	0	0	0	0	0	0	0	0
151	151	1140	1501.326	1758.122	0.913	60	194	220	533	105	60	194	220	533	105	109.000	130.404	147	140	137	135	133	131	129	126	123	121	113	104.077	644.189	925	861	820	769	718	665	619	551	468	384	241	0	0	0.000	0.000	0	0	0	0	0.000	0	0	0	0.000	0	0	0	0	0	0	0	0	0	0	0	0	0	0	0	0	0
152	152	273	179.573	1752.080	0.947	57	74	91	39	11	57	74	91	39	11	104.000	152.242	181	174	171	166	159	153	147	140	135	129	122	101.000	106.799	114	110	109	108	107	106	106	105	105	104	103	0	0	0.000	0.000	0	0	0	0	0.000	0	0	0	0.000	0	0	0	0	0	0	0	0	0	0	0	0	0	0	0	0	0
153	153	1777	1566.065	1781.803	0.905	39	547	1019	120	9	39	547	1019	120	9	108.030	137.304	267	167	140	133	131	129	127	126	124	121	113	104.054	145.235	166	155	152	150	148	146	144	142	139	135	119	1	127	1565.998	1770.719	0	0	0	211	212.063	0	0	143	143.378	0	0	0	0	0	0	0	0	0	0	0	0	0	0	0	0	0
154	154	1275	1066.060	1782.173	0.898	452	511	183	85	11	452	511	183	85	11	108.000	123.424	135	128	126	125	124	123	122	121	120	119	116	101.579	155.275	193	178	169	163	157	152	149	146	142	138	127	0	0	0.000	0.000	0	0	0	0	0.000	0	0	0	0.000	0	0	0	0	0	0	0	0	0	0	0	0	0	0	0	0	0
155	155	1719	513.723	1807.055	0.901	37	387	1104	135	26	37	387	1104	135	26	106.258	113.893	125	118	116	115	114	114	113	112	111	110	108	101.022	138.522	179	154	150	147	144	141	137	131	125	119	108	0	0	0.000	0.000	0	0	0	0	0.000	0	0	0	0.000	0	0	0	0	0	0	0	0	0	0	0	0	0	0	0	0	0
156	156	1523	759.001	1819.382	0.929	861	462	93	69	16	861	462	93	69	16	107.261	116.685	132	122	119	118	117	116	115	115	114	113	111	102.000	718.172	1134	994	903	839	785	731	676	601	516	427	321	0	0	0.000	0.000	0	0	0	0	0.000	0	0	0	0.000	0	0	0	0	0	0	0	0	0	0	0	0	0	0	0	0	0
157	157	1592	809.333	1829.399	0.866	20	342	1008	183	7	20	342	1008	183	7	107.326	120.235	139	129	125	122	120	119	118	117	115	114	110	101.740	795.450	1166	1065	997	921	856	803	755	701	618	498	327	0	0	0.000	0.000	0	0	0	0	0.000	0	0	0	0.000	0	0	0	0	0	0	0	0	0	0	0	0	0	0	0	0	0
158	158	1298	473.715	1844.132	0.903	33	158	807	270	15	33	158	807	270	15	105.329	110.929	116	113	112	112	111	111	111	110	110	109	108	101.000	133.246	155	147	143	141	137	133	130	127	123	120	109	0	0	0.000	0.000	0	0	0	0	0.000	0	0	0	0.000	0	0	0	0	0	0	0	0	0	0	0	0	0	0	0	0	0
159	159	1855	372.573	1851.090	0.885	76	742	964	31	3	76	742	964	31	3	105.115	112.068	120	116	114	113	112	112	111	110	110	109	107	101.626	1013.717	1811	1498	1329	1221	1118	1028	912	793	664	516	364	0	0	0.000	0.000	0	0	0	0	0.000	0	0	0	0.000	0	0	0	0	0	0	0	0	0	0	0	0	0	0	0	0	0
160	160	1305	1066.143	1858.113	0.897	75	161	543	457	38	75	161	543	457	38	107.000	125.739	144	135	131	129	127	126	124	122	119	117	113	101.726	183.880	240	223	213	203	193	184	174	166	156	143	125	0	0	0.000	0.000	0	0	0	0	0.000	0	0	0	0.000	0	0	0	0	0	0	0	0	0	0	0	0	0	0	0	0	0
161	161	1300	324.808	1870.162	0.908	70	138	620	394	48	70	138	620	394	48	105.002	111.135	117	114	113	112	112	111	110	110	109	109	107	101.269	820.228	1416	1271	1121	976	890	820	744	644	517	396	269	0	0	0.000	0.000	0	0	0	0	0.000	0	0	0	0.000	0	0	0	0	0	0	0	0	0	0	0	0	0	0	0	0	0
162	162	1887	650.354	1880.969	0.885	30	108	826	807	78	30	108	826	807	78	106.000	143.608	169	161	158	155	151	146	140	135	129	121	111	102.923	992.351	1502	1349	1279	1201	1129	1051	951	832	692	535	295	0	0	0.000	0.000	0	0	0	0	0.000	0	0	0	0.000	0	0	0	0	0	0	0	0	0	0	0	0	0	0	0	0	0
163	163	1987	592.754	1917.693	0.879	26	72	688	1108	50	26	72	688	1108	50	105.960	141.980	169	157	153	150	147	145	142	137	129	122	111	102.513	970.646	1565	1373	1235	1131	1038	961	890	802	709	610	289	0	0	0.000	0.000	0	0	0	0	0.000	0	0	0	0.000	0	0	0	0	0	0	0	0	0	0	0	0	0	0	0	0	0
164	164	1118	1260.418	1946.017	0.895	149	503	376	51	11	149	503	376	51	11	107.129	115.592	124	120	118	117	116	115	114	114	113	112	110	102.360	767.293	1244	1064	990	917	842	763	694	634	553	460	307	0	0	0.000	0.000	0	0	0	0	0.000	0	0	0	0.000	0	0	0	0	0	0	0	0	0	0	0	0	0	0	0	0	0
165	165	1579	1170.688	1967.453	0.916	122	527	797	77	11	122	527	797	77	11	106.908	119.614	135	129	125	122	120	118	117	116	115	114	110	103.000	1499.100	2445	2022	1867	1720	1603	1487	1368	1235	1116	1004	589	0	0	0.000	0.000	0	0	0	0	0.000	0	0	0	0.000	0	0	0	0	0	0	0	0	0	0	0	0	0	0	0	0	0
166	166	1753	1802.206	1980.863	0.877	53	98	629	826	112	53	98	629	826	112	105.295	133.272	151	144	141	140	137	134	132	129	125	120	112	102.796	1036.524	1490	1360	1295	1224	1150	1072	1000	903	780	631	370	0	0	0.000	0.000	0	0	0	0	0.000	0	0	0	0.000	0	0	0	0	0	0	0	0	0	0	0	0	0	0	0	0	0
167	167	1077	1681.308	1984.384	0.853	37	315	580	117	10	37	315	580	117	10	107.000	150.359	171	163	160	158	155	152	149	145	141	135	121	103.213	1220.981	1618	1506	1441	1378	1330	1271	1198	1112	1012	873	517	0	0	0.000	0.000	0	0	0	0	0.000	0	0	0	0.000	0	0	0	0	0	0	0	0	0	0	0	0	0	0	0	0	0
168	168	1764	1748.814	1996.449	0.876	37	279	830	520	68	37	279	830	520	68	106.401	131.684	144	139	136	135	134	133	131	130	128	123	112	102.853	933.210	1392	1254	1175	1114	1043	962	864	768	671	577	410	0	0	0.000	0.000	0	0	0	0	0.000	0	0	0	0.000	0	0	0	0	0	0	0	0	0	0	0	0	0	0	0	0	0
169	169	1978	79.841	1991.803	0.878	169	647	968	142	14	169	647	968	142	14	101.339	1937.140	15429	7716	2443	733	280	236	202	183	163	148	122	98.763	123.734	161	145	130	126	123	121	119	116	114	111	102	0	0	0.000	0.000	0	0	0	0	0.000	0	0	0	0.000	0	0	0	0	0	0	0	0	0	0	0	0	0	0	0	0	0
