 	cell	area	x	y	circ	BFI_lev_b1	BFI_lev_b2	BFI_lev_b3	BFI_lev_b4	BFI_lev_b5	BFO_lev_b1	BFO_lev_b2	BFO_lev_b3	BFO_lev_b4	BFO_lev_b5	RFP_int_bg	RFP_int_mean	RFP_int_b0	RFP_int_b1	RFP_int_b2	RFP_int_b3	RFP_int_b4	RFP_int_b5	RFP_int_b6	RFP_int_b7	RFP_int_b8	RFP_int_b9	RFP_int_b10	GFP_int_bg	GFP_int_mean	GFP_int_b0	GFP_int_b1	GFP_int_b2	GFP_int_b3	GFP_int_b4	GFP_int_b5	GFP_int_b6	GFP_int_b7	GFP_int_b8	GFP_int_b9	GFP_int_b10	inRFPnfoci	f1_inRFParea	f1_inRFPx	f1_inRFPy	f2_inRFParea	f2_inRFPx	f2_inRFPy	f1_inRFP_toRFPmed	f1_inRFP_toRFPmean	f2_inRFP_toRFPmed	f2_inRFP_toRFPmean	f1_inRFP_toGFPmed	f1_inRFP_toGFPmean	f2_inRFP_toGFPmed	f2_inRFP_toGFPmean	inGFPnfoci	f1_inGFParea	f1_inGFPx	f1_inGFPy	f2_inGFParea	f2_inGFPx	f2_inGFPy	f1_inGFP_toRFPmed	f1_inGFP_toRFPmean	f2_inGFP_toRFPmed	f2_inGFP_toRFPmean	f1_inGFP_toGFPmed	f1_inGFP_toGFPmean	f2_inGFP_toGFPmed	f2_inGFP_toGFPmean
1	1	581	1701.044	20.333	0.895	10	50	225	256	27	10	50	225	256	27	104.528	110.749	115	113	112	111	111	111	110	110	110	109	107	101.000	122.284	136	132	130	128	125	123	121	118	115	111	103	0	0	0.000	0.000	0	0	0	0	0.000	0	0	0	0.000	0	0	0	0	0	0	0	0	0	0	0	0	0	0	0	0	0
2	2	826	1188.705	25.060	0.920	42	122	358	263	28	42	122	358	263	28	105.898	112.064	117	114	113	113	112	112	112	111	111	110	109	101.401	117.272	127	122	121	120	119	118	116	115	113	111	106	0	0	0.000	0.000	0	0	0	0	0.000	0	0	0	0.000	0	0	0	0	0	0	0	0	0	0	0	0	0	0	0	0	0
3	3	1865	1254.619	33.685	0.872	73	362	887	446	56	73	362	887	446	56	106.198	113.626	122	117	116	114	114	113	113	112	112	111	108	101.422	126.538	145	135	132	130	128	127	125	123	121	118	111	0	0	0.000	0.000	0	0	0	0	0.000	0	0	0	0.000	0	0	0	0	0	0	0	0	0	0	0	0	0	0	0	0	0
4	4	1786	154.366	54.332	0.880	1533	192	4	4	2	1533	192	4	4	2	104.821	124.956	140	134	131	129	127	126	124	121	118	115	111	102.725	395.940	610	533	486	453	424	398	369	338	303	260	180	0	0	0.000	0.000	0	0	0	0	0.000	0	0	0	0.000	0	0	0	0	0	0	0	0	0	0	0	0	0	0	0	0	0
5	5	2779	319.925	60.662	0.878	191	615	1811	112	10	191	615	1811	112	10	106.468	159.903	318	187	173	167	161	154	147	142	138	132	122	105.329	1032.634	1872	1574	1421	1265	1144	1023	908	788	647	507	368	1	70	341.411	66.105	0	0	0	280	280.043	0	0	1707	1678.586	0	0	0	0	0	0	0	0	0	0	0	0	0	0	0	0	0
6	6	1592	1715.086	64.108	0.866	9	63	453	910	120	9	63	453	910	120	106.020	111.358	116	113	112	112	112	111	111	111	110	110	108	101.865	128.635	151	141	137	134	131	128	126	124	121	117	106	0	0	0.000	0.000	0	0	0	0	0.000	0	0	0	0.000	0	0	0	0	0	0	0	0	0	0	0	0	0	0	0	0	0
7	7	1882	1082.700	75.826	0.907	25	83	458	1187	90	25	83	458	1187	90	107.635	142.510	161	155	153	151	148	144	141	137	133	125	115	102.295	895.443	1319	1221	1092	1015	946	882	827	774	702	620	354	0	0	0.000	0.000	0	0	0	0	0.000	0	0	0	0.000	0	0	0	0	0	0	0	0	0	0	0	0	0	0	0	0	0
8	8	558	755.472	65.677	0.899	20	138	256	118	17	20	138	256	118	17	107.618	146.832	163	156	153	151	149	147	145	143	141	138	130	102.210	125.453	135	131	130	128	127	126	124	123	122	119	113	0	0	0.000	0.000	0	0	0	0	0.000	0	0	0	0.000	0	0	0	0	0	0	0	0	0	0	0	0	0	0	0	0	0
9	9	568	214.483	70.804	0.920	27	95	148	232	50	27	95	148	232	50	106.000	117.352	127	123	121	119	118	117	116	115	114	113	110	103.886	336.213	453	411	393	381	365	347	323	300	274	245	208	0	0	0.000	0.000	0	0	0	0	0.000	0	0	0	0.000	0	0	0	0	0	0	0	0	0	0	0	0	0	0	0	0	0
10	10	2108	1524.026	90.480	0.890	207	1674	176	10	7	207	1674	176	10	7	107.650	285.839	981	437	302	275	265	254	241	225	203	177	139	102.981	612.627	995	897	820	744	689	629	552	471	389	322	203	1	119	1529.377	82.208	0	0	0	722	736.092	0	0	320	334.008	0	0	0	0	0	0	0	0	0	0	0	0	0	0	0	0	0
11	11	1795	797.558	88.244	0.901	43	310	1199	198	14	43	310	1199	198	14	107.544	168.199	221	203	193	184	175	167	159	152	143	136	124	103.004	130.892	148	140	138	136	133	131	129	127	125	120	110	0	0	0.000	0.000	0	0	0	0	0.000	0	0	0	0.000	0	0	0	0	0	0	0	0	0	0	0	0	0	0	0	0	0
12	12	1411	135.453	94.845	0.900	1346	47	6	3	2	1346	47	6	3	2	105.235	113.930	127	121	117	115	113	112	112	111	111	110	107	102.712	139.188	156	148	146	144	142	140	139	136	133	128	112	0	0	0.000	0.000	0	0	0	0	0.000	0	0	0	0.000	0	0	0	0	0	0	0	0	0	0	0	0	0	0	0	0	0
13	13	1936	183.895	100.038	0.869	36	315	1215	286	35	36	315	1215	286	35	105.258	132.859	187	146	140	137	135	132	130	126	122	118	112	103.025	485.729	780	655	600	548	505	469	442	413	382	345	241	0	0	0.000	0.000	0	0	0	0	0.000	0	0	0	0.000	0	0	0	0	0	0	0	0	0	0	0	0	0	0	0	0	0
14	14	200	1480.034	84.167	0.728	74	71	35	11	3	74	71	35	11	3	108.000	198.785	246	241	231	221	211	198	187	178	167	160	151	102.930	131.715	157	149	144	138	134	131	128	124	120	118	111	0	0	0.000	0.000	0	0	0	0	0.000	0	0	0	0.000	0	0	0	0	0	0	0	0	0	0	0	0	0	0	0	0	0
15	15	1710	1037.691	102.958	0.930	77	95	724	722	56	77	95	724	722	56	108.000	145.991	168	161	158	156	154	149	144	138	131	126	115	103.000	1064.496	1436	1350	1304	1252	1186	1121	1048	966	825	647	372	0	0	0.000	0.000	0	0	0	0	0.000	0	0	0	0.000	0	0	0	0	0	0	0	0	0	0	0	0	0	0	0	0	0
16	16	869	895.698	101.243	0.941	43	153	354	257	48	43	153	354	257	48	107.092	114.000	120	116	115	115	114	114	113	113	113	112	110	102.811	406.191	588	533	490	455	427	401	381	355	325	294	220	0	0	0.000	0.000	0	0	0	0	0.000	0	0	0	0.000	0	0	0	0	0	0	0	0	0	0	0	0	0	0	0	0	0
17	17	1623	761.164	123.032	0.903	532	888	99	60	16	532	888	99	60	16	108.000	114.293	119	117	116	115	115	114	114	113	113	112	109	103.841	1131.118	1483	1420	1354	1295	1235	1177	1121	1031	918	775	420	0	0	0.000	0.000	0	0	0	0	0.000	0	0	0	0.000	0	0	0	0	0	0	0	0	0	0	0	0	0	0	0	0	0
18	18	1757	1399.135	126.662	0.907	105	324	966	333	9	105	324	966	333	9	108.000	198.803	283	249	234	225	211	199	188	174	160	146	128	101.248	122.648	139	131	128	126	124	123	121	119	117	114	107	0	0	0.000	0.000	0	0	0	0	0.000	0	0	0	0.000	0	0	0	0	0	0	0	0	0	0	0	0	0	0	0	0	0
19	19	1436	103.545	133.096	0.908	7	76	297	815	207	7	76	297	815	207	105.109	110.805	118	113	113	112	111	111	110	110	109	108	106	101.905	134.656	154	146	143	141	139	136	133	130	126	121	109	0	0	0.000	0.000	0	0	0	0	0.000	0	0	0	0.000	0	0	0	0	0	0	0	0	0	0	0	0	0	0	0	0	0
20	20	2489	1523.355	148.817	0.897	49	121	800	1281	189	49	121	800	1281	189	108.000	252.186	642	296	289	279	267	254	240	225	207	186	147	102.900	787.134	1141	1050	994	953	900	827	747	660	556	449	311	0	0	0.000	0.000	0	0	0	0	0.000	0	0	0	0.000	0	0	0	0	0	0	0	0	0	0	0	0	0	0	0	0	0
21	21	343	1930.946	129.197	0.911	118	168	46	6	3	118	168	46	6	3	106.000	161.402	194	185	179	173	167	161	157	151	144	137	132	101.000	128.131	164	144	138	136	132	128	124	119	116	113	110	0	0	0.000	0.000	0	0	0	0	0.000	0	0	0	0.000	0	0	0	0	0	0	0	0	0	0	0	0	0	0	0	0	0
22	22	561	144.072	137.049	0.926	60	82	185	174	50	60	82	185	174	50	105.592	109.911	113	112	111	110	110	110	110	109	109	108	107	102.269	113.865	123	119	118	116	115	114	113	111	110	108	104	0	0	0.000	0.000	0	0	0	0	0.000	0	0	0	0.000	0	0	0	0	0	0	0	0	0	0	0	0	0	0	0	0	0
23	23	2368	787.890	202.046	0.905	1198	789	240	87	18	1198	789	240	87	18	108.236	115.973	127	119	118	117	116	116	115	114	114	113	109	104.947	587.413	1030	854	754	669	618	572	524	472	423	362	202	0	0	0.000	0.000	0	0	0	0	0.000	0	0	0	0.000	0	0	0	0	0	0	0	0	0	0	0	0	0	0	0	0	0
24	24	322	1513.021	187.123	0.940	8	55	99	136	18	8	55	99	136	18	108.000	158.717	191	177	172	168	165	160	155	150	144	139	131	102.000	410.012	588	545	513	484	450	426	388	351	307	255	186	0	0	0.000	0.000	0	0	0	0	0.000	0	0	0	0.000	0	0	0	0	0	0	0	0	0	0	0	0	0	0	0	0	0
25	25	1354	443.997	257.716	0.893	102	132	606	460	25	102	132	606	460	25	107.953	112.976	117	115	114	114	113	113	113	112	112	111	108	103.000	659.326	1075	965	887	806	741	663	575	490	422	368	274	0	0	0.000	0.000	0	0	0	0	0.000	0	0	0	0.000	0	0	0	0	0	0	0	0	0	0	0	0	0	0	0	0	0
26	26	2274	347.210	265.694	0.885	524	1515	167	27	7	524	1515	167	27	7	107.576	115.055	123	120	117	116	115	114	114	113	113	112	110	104.000	668.314	1147	911	842	792	742	682	615	551	489	402	301	0	0	0.000	0.000	0	0	0	0	0.000	0	0	0	0.000	0	0	0	0	0	0	0	0	0	0	0	0	0	0	0	0	0
27	27	1672	416.464	304.716	0.902	70	137	765	614	59	70	137	765	614	59	108.000	113.784	122	116	115	114	114	114	113	113	112	112	109	103.260	670.349	1006	882	835	804	751	693	626	560	496	408	265	0	0	0.000	0.000	0	0	0	0	0.000	0	0	0	0.000	0	0	0	0	0	0	0	0	0	0	0	0	0	0	0	0	0
28	28	1718	346.750	320.557	0.902	91	539	823	177	52	91	539	823	177	52	108.000	113.314	119	116	115	114	114	113	113	112	112	111	109	104.000	458.750	763	635	585	544	501	457	415	375	324	278	231	0	0	0.000	0.000	0	0	0	0	0.000	0	0	0	0.000	0	0	0	0	0	0	0	0	0	0	0	0	0	0	0	0	0
29	29	958	299.807	332.219	0.917	31	131	288	436	58	31	131	288	436	58	107.952	114.409	127	119	116	115	114	113	113	113	112	112	110	104.000	444.993	673	612	576	540	497	447	395	347	312	274	229	1	77	292.624	332.858	0	0	0	123	122.753	0	0	583	581.260	0	0	0	0	0	0	0	0	0	0	0	0	0	0	0	0	0
30	30	1744	304.690	378.488	0.895	134	922	620	15	9	134	922	620	15	9	107.681	113.792	119	116	115	115	114	114	113	113	112	112	109	104.000	619.519	909	804	762	712	667	623	575	528	479	440	277	0	0	0.000	0.000	0	0	0	0	0.000	0	0	0	0.000	0	0	0	0	0	0	0	0	0	0	0	0	0	0	0	0	0
31	31	2379	1573.986	398.169	0.897	992	1212	66	49	13	992	1212	66	49	13	110.889	267.484	1053	359	279	265	248	237	229	220	206	185	140	105.887	620.823	952	838	780	735	681	623	572	519	459	395	236	1	100	1572.119	410.182	0	0	0	707	727.620	0	0	698	678.970	0	0	0	0	0	0	0	0	0	0	0	0	0	0	0	0	0
32	32	2363	347.484	424.047	0.881	34	102	858	1209	114	34	102	858	1209	114	108.252	115.333	124	119	118	117	116	115	114	114	113	112	110	103.872	507.190	834	696	636	588	553	512	463	413	373	324	195	0	0	0.000	0.000	0	0	0	0	0.000	0	0	0	0.000	0	0	0	0	0	0	0	0	0	0	0	0	0	0	0	0	0
33	33	1624	832.512	430.487	0.910	346	1143	56	41	11	346	1143	56	41	11	110.395	163.909	198	188	180	175	169	164	160	155	148	138	127	104.084	583.643	830	758	723	695	648	593	547	497	446	391	230	0	0	0.000	0.000	0	0	0	0	0.000	0	0	0	0.000	0	0	0	0	0	0	0	0	0	0	0	0	0	0	0	0	0
34	34	1787	288.685	435.562	0.913	50	158	985	536	26	50	158	985	536	26	107.464	114.232	119	116	116	115	115	114	114	113	113	112	110	103.548	634.954	872	781	754	722	695	669	637	594	521	414	243	0	0	0.000	0.000	0	0	0	0	0.000	0	0	0	0.000	0	0	0	0	0	0	0	0	0	0	0	0	0	0	0	0	0
35	35	1676	777.304	434.594	0.891	641	895	73	28	11	641	895	73	28	11	110.782	168.692	198	187	183	179	175	170	164	160	155	148	131	104.033	583.687	816	755	716	677	646	605	566	504	435	374	289	0	0	0.000	0.000	0	0	0	0	0.000	0	0	0	0.000	0	0	0	0	0	0	0	0	0	0	0	0	0	0	0	0	0
36	36	1403	1561.506	448.110	0.909	560	370	243	136	72	560	370	243	136	72	111.927	213.778	277	255	241	232	223	213	205	197	185	170	147	106.997	665.857	974	857	805	767	725	680	636	578	514	460	281	0	0	0.000	0.000	0	0	0	0	0.000	0	0	0	0.000	0	0	0	0	0	0	0	0	0	0	0	0	0	0	0	0	0
37	37	1242	734.109	461.280	0.922	137	358	575	142	10	137	358	575	142	10	110.077	150.927	173	164	161	159	157	154	150	145	140	133	120	103.001	121.430	132	126	125	124	123	122	122	120	118	114	108	0	0	0.000	0.000	0	0	0	0	0.000	0	0	0	0.000	0	0	0	0	0	0	0	0	0	0	0	0	0	0	0	0	0
38	38	1901	1666.002	468.607	0.885	94	617	1108	29	11	94	617	1108	29	11	109.564	172.451	211	196	192	187	182	175	167	160	154	145	129	104.629	499.785	744	647	606	580	551	518	479	431	377	321	225	0	0	0.000	0.000	0	0	0	0	0.000	0	0	0	0.000	0	0	0	0	0	0	0	0	0	0	0	0	0	0	0	0	0
39	39	1666	816.597	476.145	0.873	34	174	816	520	97	34	174	816	520	97	111.176	155.023	186	174	170	166	161	157	151	145	140	134	123	104.927	447.395	713	620	577	543	504	455	408	356	305	255	189	0	0	0.000	0.000	0	0	0	0	0.000	0	0	0	0.000	0	0	0	0	0	0	0	0	0	0	0	0	0	0	0	0	0
40	40	2002	1615.654	489.302	0.907	586	1216	170	4	1	586	1216	170	4	1	110.948	197.773	1429	202	195	190	187	183	179	174	168	163	139	106.283	500.910	669	617	584	560	539	516	488	455	418	366	204	1	52	1607.578	474.469	0	0	0	662	716.981	0	0	622	612.885	0	0	0	0	0	0	0	0	0	0	0	0	0	0	0	0	0
41	41	2151	773.330	492.173	0.896	195	980	851	79	10	195	980	851	79	10	110.842	250.737	1499	389	235	209	197	189	183	177	168	155	128	104.035	125.149	170	130	129	128	126	125	125	123	122	119	107	1	161	779.092	483.879	0	0	0	808	851.894	0	0	129	129.342	0	0	0	0	0	0	0	0	0	0	0	0	0	0	0	0	0
42	42	2806	1555.062	504.793	0.904	1020	1416	191	126	25	1020	1416	191	126	25	110.930	184.539	245	226	215	200	190	182	174	167	158	146	131	106.135	590.312	972	870	792	717	645	579	524	465	398	319	220	0	0	0.000	0.000	0	0	0	0	0.000	0	0	0	0.000	0	0	0	0	0	0	0	0	0	0	0	0	0	0	0	0	0
43	43	925	1507.422	505.037	0.819	163	552	141	43	13	163	552	141	43	13	110.402	178.396	196	188	186	184	182	179	177	174	171	167	154	104.787	474.149	590	565	541	523	501	480	460	437	410	371	311	0	0	0.000	0.000	0	0	0	0	0.000	0	0	0	0.000	0	0	0	0	0	0	0	0	0	0	0	0	0	0	0	0	0
44	44	1294	854.185	513.209	0.912	58	88	562	537	21	58	88	562	537	21	111.000	156.921	184	177	173	169	164	159	153	148	141	133	121	103.862	502.194	705	663	618	589	556	516	475	432	387	323	185	0	0	0.000	0.000	0	0	0	0	0.000	0	0	0	0.000	0	0	0	0	0	0	0	0	0	0	0	0	0	0	0	0	0
45	45	1752	219.184	512.597	0.892	878	704	59	43	26	878	704	59	43	26	107.144	117.809	132	125	122	120	118	117	115	115	114	113	109	104.694	540.518	819	724	677	630	578	544	502	451	405	352	235	0	0	0.000	0.000	0	0	0	0	0.000	0	0	0	0.000	0	0	0	0	0	0	0	0	0	0	0	0	0	0	0	0	0
46	46	1040	1183.682	520.241	0.904	46	206	522	225	21	46	206	522	225	21	109.985	141.923	284	195	152	135	130	128	125	123	122	120	116	102.770	130.522	219	169	141	128	123	121	118	117	115	113	107	1	149	1179.680	521.021	0	0	0	212	213.725	0	0	180	176.490	0	0	1	142	1181.469	520.589	0	0	0	212	213.915	0	0	183	182.169	0	0
47	47	2875	166.336	542.277	0.857	460	1567	656	90	36	460	1567	656	90	36	106.942	118.419	126	122	121	120	119	119	118	117	116	115	111	106.574	366.446	664	530	472	419	379	346	314	286	265	240	184	0	0	0.000	0.000	0	0	0	0	0.000	0	0	0	0.000	0	0	0	0	0	0	0	0	0	0	0	0	0	0	0	0	0
48	48	1824	799.144	551.943	0.908	90	716	911	47	10	90	716	911	47	10	110.346	135.945	210	157	147	141	136	132	128	126	123	120	113	103.000	131.312	181	151	143	137	133	129	126	123	119	114	106	1	41	799.299	561.874	0	0	0	192	191.049	0	0	164	162.512	0	0	0	0	0	0	0	0	0	0	0	0	0	0	0	0	0
49	49	936	873.670	565.284	0.934	18	79	444	344	28	18	79	444	344	28	109.996	123.546	132	129	127	126	125	123	122	121	120	119	115	102.624	135.575	156	147	144	142	139	137	134	130	127	123	114	0	0	0.000	0.000	0	0	0	0	0.000	0	0	0	0.000	0	0	0	0	0	0	0	0	0	0	0	0	0	0	0	0	0
50	50	1721	605.229	576.275	0.860	25	247	904	446	63	25	247	904	446	63	109.000	115.192	121	117	116	116	115	115	115	114	114	113	110	104.016	549.547	858	728	686	651	614	567	519	464	409	329	251	0	0	0.000	0.000	0	0	0	0	0.000	0	0	0	0.000	0	0	0	0	0	0	0	0	0	0	0	0	0	0	0	0	0
51	51	2078	50.336	587.945	0.899	209	323	581	776	159	209	323	581	776	159	105.737	165.743	194	184	180	178	174	170	165	158	149	139	123	105.848	610.894	825	768	738	709	676	636	585	530	482	422	278	0	0	0.000	0.000	0	0	0	0	0.000	0	0	0	0.000	0	0	0	0	0	0	0	0	0	0	0	0	0	0	0	0	0
52	52	576	356.961	575.285	0.933	132	197	137	76	21	132	197	137	76	21	109.000	141.222	161	154	150	148	145	142	139	136	131	127	120	102.000	119.266	146	128	124	121	120	119	117	116	114	112	106	0	0	0.000	0.000	0	0	0	0	0.000	0	0	0	0.000	0	0	0	0	0	0	0	0	0	0	0	0	0	0	0	0	0
53	53	2100	313.791	586.253	0.895	211	871	821	124	21	211	871	821	124	21	109.000	188.960	959	281	173	159	154	149	145	141	137	134	123	103.000	118.580	143	126	122	120	118	117	116	116	115	113	109	1	173	331.270	583.506	0	0	0	522	552.341	0	0	122	122.301	0	0	0	0	0	0	0	0	0	0	0	0	0	0	0	0	0
54	54	1102	121.748	580.122	0.864	430	278	206	124	48	430	278	206	124	48	106.868	116.065	124	120	118	117	117	116	115	115	114	113	110	107.075	455.055	669	600	569	533	502	471	434	386	342	283	198	0	0	0.000	0.000	0	0	0	0	0.000	0	0	0	0.000	0	0	0	0	0	0	0	0	0	0	0	0	0	0	0	0	0
55	55	524	821.743	583.728	0.908	30	216	185	68	11	30	216	185	68	11	109.796	122.939	140	130	127	126	124	122	121	119	118	116	113	102.000	117.177	134	128	123	120	119	117	115	113	111	109	105	0	0	0.000	0.000	0	0	0	0	0.000	0	0	0	0.000	0	0	0	0	0	0	0	0	0	0	0	0	0	0	0	0	0
56	56	1719	1640.395	589.885	0.873	57	133	949	506	44	57	133	949	506	44	108.999	120.183	129	124	123	122	121	120	119	118	118	117	113	103.632	1154.751	1790	1637	1532	1447	1360	1224	1062	883	727	585	379	0	0	0.000	0.000	0	0	0	0	0.000	0	0	0	0.000	0	0	0	0	0	0	0	0	0	0	0	0	0	0	0	0	0
57	57	1545	850.816	605.458	0.911	3	43	577	780	107	3	43	577	780	107	110.000	127.917	139	134	132	130	129	128	127	125	124	122	117	102.031	138.148	165	155	151	146	142	138	133	129	125	122	113	0	0	0.000	0.000	0	0	0	0	0.000	0	0	0	0.000	0	0	0	0	0	0	0	0	0	0	0	0	0	0	0	0	0
58	58	2063	173.555	608.146	0.894	793	787	328	96	25	793	787	328	96	25	106.833	120.825	127	125	124	123	122	121	120	120	118	117	110	107.040	348.574	636	534	474	427	382	333	285	251	224	193	163	0	0	0.000	0.000	0	0	0	0	0.000	0	0	0	0.000	0	0	0	0	0	0	0	0	0	0	0	0	0	0	0	0	0
59	59	2545	115.823	626.856	0.879	1479	635	307	77	8	1479	635	307	77	8	106.309	123.604	141	133	130	127	125	123	121	120	118	115	109	107.276	1494.919	2203	1983	1893	1807	1715	1614	1473	1280	1085	859	255	0	0	0.000	0.000	0	0	0	0	0.000	0	0	0	0.000	0	0	0	0	0	0	0	0	0	0	0	0	0	0	0	0	0
60	60	1420	1603.720	621.027	0.898	231	928	141	71	22	231	928	141	71	22	109.473	147.234	167	158	155	154	152	150	147	143	138	133	121	102.465	139.274	159	150	147	145	143	141	138	136	133	125	108	0	0	0.000	0.000	0	0	0	0	0.000	0	0	0	0.000	0	0	0	0	0	0	0	0	0	0	0	0	0	0	0	0	0
61	61	1992	256.471	626.099	0.878	336	1535	62	23	25	336	1535	62	23	25	108.482	138.966	160	152	149	146	143	140	137	133	129	124	116	104.144	490.679	750	643	602	563	528	498	465	422	372	318	235	0	0	0.000	0.000	0	0	0	0	0.000	0	0	0	0.000	0	0	0	0	0	0	0	0	0	0	0	0	0	0	0	0	0
62	62	879	602.957	625.651	0.904	55	132	484	157	33	55	132	484	157	33	109.000	115.422	120	118	117	116	116	115	115	114	114	113	111	105.134	416.121	612	517	484	463	440	421	401	375	346	306	221	0	0	0.000	0.000	0	0	0	0	0.000	0	0	0	0.000	0	0	0	0	0	0	0	0	0	0	0	0	0	0	0	0	0
63	63	1601	668.828	640.182	0.864	33	243	753	506	24	33	243	753	506	24	109.000	116.078	125	120	118	117	116	116	115	115	114	113	111	104.287	541.306	797	720	683	647	603	555	507	457	407	332	197	0	0	0.000	0.000	0	0	0	0	0.000	0	0	0	0.000	0	0	0	0	0	0	0	0	0	0	0	0	0	0	0	0	0
64	64	452	885.828	632.239	0.952	16	106	186	112	22	16	106	186	112	22	110.000	132.142	142	139	137	136	135	133	132	129	127	124	118	102.000	141.201	165	157	153	151	148	144	139	134	128	122	111	0	0	0.000	0.000	0	0	0	0	0.000	0	0	0	0.000	0	0	0	0	0	0	0	0	0	0	0	0	0	0	0	0	0
65	65	1609	54.491	643.790	0.901	925	291	181	101	96	925	291	181	101	96	104.919	111.318	125	115	113	112	111	111	110	110	109	109	106	105.900	151.563	177	162	159	156	154	152	150	148	144	140	127	0	0	0.000	0.000	0	0	0	0	0.000	0	0	0	0.000	0	0	0	0	0	0	0	0	0	0	0	0	0	0	0	0	0
66	66	1229	314.107	637.531	0.907	15	65	267	757	105	15	65	267	757	105	108.313	140.111	160	153	151	148	145	141	137	133	130	125	117	103.000	541.379	763	708	663	620	585	549	515	471	418	359	272	0	0	0.000	0.000	0	0	0	0	0.000	0	0	0	0.000	0	0	0	0	0	0	0	0	0	0	0	0	0	0	0	0	0
67	67	2395	541.786	670.090	0.872	399	857	1004	81	2	399	857	1004	81	2	110.127	142.477	221	172	153	142	137	134	132	131	130	128	122	105.572	374.915	572	499	448	411	390	372	350	322	295	266	215	0	0	0.000	0.000	0	0	0	0	0.000	0	0	0	0.000	0	0	0	0	0	0	0	0	0	0	0	0	0	0	0	0	0
68	68	1491	1639.411	663.042	0.899	544	855	32	11	5	544	855	32	11	5	110.000	155.803	177	170	166	163	161	158	154	150	144	139	129	102.048	151.020	180	167	162	159	154	151	147	144	140	135	124	0	0	0.000	0.000	0	0	0	0	0.000	0	0	0	0.000	0	0	0	0	0	0	0	0	0	0	0	0	0	0	0	0	0
69	69	1757	904.059	666.135	0.884	23	108	846	669	70	23	108	846	669	70	110.000	132.908	150	143	140	138	135	133	130	128	126	124	115	102.730	151.421	179	169	165	161	157	152	147	142	137	133	117	0	0	0.000	0.000	0	0	0	0	0.000	0	0	0	0.000	0	0	0	0	0	0	0	0	0	0	0	0	0	0	0	0	0
70	70	1283	31.394	692.785	0.885	22	442	628	145	10	22	442	628	145	10	104.493	111.410	120	115	113	112	111	111	110	110	109	109	107	103.091	135.620	154	145	142	140	138	136	134	131	129	126	114	0	0	0.000	0.000	0	0	0	0	0.000	0	0	0	0.000	0	0	0	0	0	0	0	0	0	0	0	0	0	0	0	0	0
71	71	420	58.586	682.536	0.884	71	79	154	94	16	71	79	154	94	16	105.000	110.060	114	112	111	111	111	110	110	109	109	108	106	104.760	119.436	130	125	124	123	121	119	118	117	115	114	109	0	0	0.000	0.000	0	0	0	0	0.000	0	0	0	0.000	0	0	0	0	0	0	0	0	0	0	0	0	0	0	0	0	0
72	72	1846	522.178	717.150	0.868	780	792	211	31	16	780	792	211	31	16	110.067	143.302	164	156	152	150	147	145	141	138	134	129	121	105.152	506.431	759	663	610	574	547	522	488	441	397	331	225	0	0	0.000	0.000	0	0	0	0	0.000	0	0	0	0.000	0	0	0	0	0	0	0	0	0	0	0	0	0	0	0	0	0
73	73	2375	581.186	726.750	0.899	518	859	732	147	57	518	859	732	147	57	110.797	222.027	1514	345	185	168	160	156	153	150	145	139	125	105.104	524.962	910	710	662	619	572	527	487	440	382	314	224	1	204	574.772	737.550	0	0	0	739	805.000	0	0	685	689.672	0	0	0	0	0	0	0	0	0	0	0	0	0	0	0	0	0
74	74	2495	738.956	744.551	0.886	26	436	1690	272	11	26	436	1690	272	11	109.372	122.984	132	127	126	125	124	123	122	121	120	119	114	104.122	467.590	691	633	593	545	499	457	424	394	355	306	249	0	0	0.000	0.000	0	0	0	0	0.000	0	0	0	0.000	0	0	0	0	0	0	0	0	0	0	0	0	0	0	0	0	0
75	75	332	1072.941	732.513	0.822	9	22	132	134	29	9	22	132	134	29	110.328	116.226	120	118	117	117	117	116	116	115	115	114	112	104.000	430.623	546	517	498	474	450	431	411	392	370	343	288	0	0	0.000	0.000	0	0	0	0	0.000	0	0	0	0.000	0	0	0	0	0	0	0	0	0	0	0	0	0	0	0	0	0
76	76	281	41.736	737.322	0.880	52	109	64	33	19	52	109	64	33	19	104.790	122.722	135	131	128	125	123	122	121	119	118	117	113	102.804	113.730	123	118	117	116	115	114	113	112	111	109	106	0	0	0.000	0.000	0	0	0	0	0.000	0	0	0	0.000	0	0	0	0	0	0	0	0	0	0	0	0	0	0	0	0	0
77	77	1960	161.383	773.244	0.867	45	143	1363	367	15	45	143	1363	367	15	107.000	113.594	121	117	116	115	114	113	113	112	112	111	108	103.000	120.042	133	125	124	123	121	120	119	118	117	114	107	0	0	0.000	0.000	0	0	0	0	0.000	0	0	0	0.000	0	0	0	0	0	0	0	0	0	0	0	0	0	0	0	0	0
78	78	725	515.536	759.872	0.896	180	259	173	93	11	180	259	173	93	11	110.000	133.007	154	146	143	139	134	131	129	127	125	122	114	105.342	360.462	528	486	473	450	411	367	327	288	254	212	152	0	0	0.000	0.000	0	0	0	0	0.000	0	0	0	0.000	0	0	0	0	0	0	0	0	0	0	0	0	0	0	0	0	0
79	79	1861	1094.865	771.871	0.895	160	1007	580	67	12	160	1007	580	67	12	111.349	121.808	146	126	124	123	122	121	120	119	118	117	113	103.804	1363.113	3338	2060	1799	1660	1508	1347	1185	1013	892	679	437	1	12	1081.750	783.083	0	0	0	124	124.250	0	0	859	871.500	0	0	0	0	0	0	0	0	0	0	0	0	0	0	0	0	0
80	80	2006	985.915	786.403	0.845	321	1241	365	36	9	321	1241	365	36	9	111.646	2019.479	38022	3377	553	455	400	357	329	307	282	246	174	103.000	127.669	187	135	131	129	127	126	125	124	122	118	108	1	171	989.195	777.327	0	0	0	15900	17511.129	0	0	151	152.632	0	0	1	17	988.866	776.590	0	0	0	33286	32703.882	0	0	178	176.882	0	0
81	81	1872	554.022	786.979	0.916	19	145	1099	545	32	19	145	1099	545	32	110.000	192.411	1321	200	191	185	179	172	166	159	152	146	124	105.090	717.938	1359	955	910	868	813	742	663	592	499	421	295	1	65	557.877	787.767	0	0	0	616	679.692	0	0	1046	1042.308	0	0	0	0	0	0	0	0	0	0	0	0	0	0	0	0	0
82	82	2054	694.665	790.920	0.823	118	617	939	330	24	118	617	939	330	24	110.000	120.470	127	123	122	122	121	120	120	119	119	118	114	104.162	370.357	595	516	474	432	392	362	329	302	274	239	187	0	0	0.000	0.000	0	0	0	0	0.000	0	0	0	0.000	0	0	0	0	0	0	0	0	0	0	0	0	0	0	0	0	0
83	83	2594	1037.599	809.614	0.896	243	1148	889	223	31	243	1148	889	223	31	112.000	3905.321	41754	13273	4575	1661	693	430	325	267	228	197	161	103.813	120.945	177	133	125	122	120	118	117	115	114	112	107	1	396	1035.667	816.834	0	0	0	17381	19563.194	0	0	136	139.149	0	0	1	87	1036.000	816.203	0	0	0	34404	34373.989	0	0	157	157.885	0	0
84	84	2066	756.318	813.738	0.867	76	663	1181	102	12	76	663	1181	102	12	109.818	122.012	132	126	125	124	123	122	121	120	119	117	112	104.050	497.129	746	656	618	578	545	512	478	434	374	302	232	0	0	0.000	0.000	0	0	0	0	0.000	0	0	0	0.000	0	0	0	0	0	0	0	0	0	0	0	0	0	0	0	0	0
85	85	1493	631.459	803.191	0.908	53	121	808	464	12	53	121	808	464	12	109.669	119.601	128	123	122	121	120	120	119	118	117	116	111	104.000	423.907	597	545	509	483	458	435	397	363	330	300	213	0	0	0.000	0.000	0	0	0	0	0.000	0	0	0	0.000	0	0	0	0	0	0	0	0	0	0	0	0	0	0	0	0	0
86	86	1333	125.973	815.247	0.890	17	196	822	266	14	17	196	822	266	14	106.959	111.853	115	113	113	113	112	112	112	111	111	110	108	102.229	119.701	131	125	123	122	121	120	119	118	116	114	105	0	0	0.000	0.000	0	0	0	0	0.000	0	0	0	0.000	0	0	0	0	0	0	0	0	0	0	0	0	0	0	0	0	0
87	87	277	177.367	809.517	0.935	33	82	95	46	12	33	82	95	46	12	107.000	111.682	115	113	113	112	112	112	111	111	111	110	109	103.000	110.635	118	114	113	112	112	111	110	109	108	107	103	0	0	0.000	0.000	0	0	0	0	0.000	0	0	0	0.000	0	0	0	0	0	0	0	0	0	0	0	0	0	0	0	0	0
88	88	1027	489.707	840.918	0.920	235	540	210	13	4	235	540	210	13	4	108.923	124.846	136	132	130	128	126	125	124	122	120	118	114	103.964	490.341	683	651	623	585	547	507	461	412	366	300	218	0	0	0.000	0.000	0	0	0	0	0.000	0	0	0	0.000	0	0	0	0	0	0	0	0	0	0	0	0	0	0	0	0	0
89	89	1084	1004.876	846.888	0.905	59	335	572	80	17	59	335	572	80	17	111.615	222.013	321	277	257	244	231	220	209	197	183	170	143	102.969	117.055	133	125	122	120	118	116	115	114	112	110	103	0	0	0.000	0.000	0	0	0	0	0.000	0	0	0	0.000	0	0	0	0	0	0	0	0	0	0	0	0	0	0	0	0	0
90	90	1121	1238.653	852.954	0.906	108	284	391	255	58	108	284	391	255	58	109.097	121.967	134	129	127	125	123	121	120	119	118	116	112	103.000	306.983	426	374	356	343	330	316	300	283	259	222	153	0	0	0.000	0.000	0	0	0	0	0.000	0	0	0	0.000	0	0	0	0	0	0	0	0	0	0	0	0	0	0	0	0	0
91	91	1773	134.675	891.334	0.874	46	342	863	433	41	46	342	863	433	41	106.997	112.118	118	114	114	113	112	112	112	111	111	110	108	103.200	137.340	159	149	146	143	141	138	135	132	129	126	111	0	0	0.000	0.000	0	0	0	0	0.000	0	0	0	0.000	0	0	0	0	0	0	0	0	0	0	0	0	0	0	0	0	0
92	92	1873	733.547	911.363	0.891	670	420	359	299	94	670	420	359	299	94	109.794	120.790	135	129	126	122	120	119	119	118	117	115	112	105.570	196.275	246	227	219	210	203	195	189	183	176	168	141	0	0	0.000	0.000	0	0	0	0	0.000	0	0	0	0.000	0	0	0	0	0	0	0	0	0	0	0	0	0	0	0	0	0
93	93	1539	625.735	905.258	0.913	23	340	749	358	37	23	340	749	358	37	110.000	143.620	166	156	152	148	146	143	141	138	136	133	122	103.948	421.318	602	554	518	484	454	422	393	361	327	288	214	0	0	0.000	0.000	0	0	0	0	0.000	0	0	0	0.000	0	0	0	0	0	0	0	0	0	0	0	0	0	0	0	0	0
94	94	1161	193.193	900.701	0.892	29	198	577	286	39	29	198	577	286	39	107.608	111.509	116	113	113	112	112	112	111	111	110	110	108	103.386	127.411	142	136	134	132	130	127	125	123	122	119	109	0	0	0.000	0.000	0	0	0	0	0.000	0	0	0	0.000	0	0	0	0	0	0	0	0	0	0	0	0	0	0	0	0	0
95	95	1955	1816.475	910.298	0.899	44	193	874	689	120	44	193	874	689	120	109.014	130.784	241	156	134	127	124	123	122	121	119	118	111	101.313	126.905	143	134	132	131	129	128	126	124	122	119	107	1	176	1820.188	904.462	0	0	0	188	190.585	0	0	130	128.670	0	0	0	0	0	0	0	0	0	0	0	0	0	0	0	0	0
96	96	804	1331.900	915.634	0.863	246	219	190	109	28	246	219	190	109	28	111.000	140.221	172	159	151	146	142	137	134	132	129	127	121	104.103	119.363	141	128	125	123	121	119	117	115	113	111	108	0	0	0.000	0.000	0	0	0	0	0.000	0	0	0	0.000	0	0	0	0	0	0	0	0	0	0	0	0	0	0	0	0	0
97	97	1846	1432.455	923.768	0.913	73	1004	674	42	15	73	1004	674	42	15	111.137	188.632	224	207	201	196	192	189	185	181	178	170	145	105.472	1166.710	1822	1516	1395	1280	1197	1131	1073	1007	945	878	704	0	0	0.000	0.000	0	0	0	0	0.000	0	0	0	0.000	0	0	0	0	0	0	0	0	0	0	0	0	0	0	0	0	0
98	98	1416	1766.853	928.007	0.875	28	152	531	600	71	28	152	531	600	71	109.605	134.247	627	140	124	122	121	119	118	118	117	116	112	102.499	125.399	150	134	131	129	127	125	124	122	120	117	108	1	74	1767.562	929.188	0	0	0	320	342.446	0	0	136	136.716	0	0	0	0	0	0	0	0	0	0	0	0	0	0	0	0	0
99	99	1735	1087.343	938.636	0.861	44	138	886	586	37	44	138	886	586	37	110.929	134.082	190	143	141	138	136	134	131	129	127	122	115	103.000	455.637	698	601	553	526	497	460	423	385	345	307	201	0	0	0.000	0.000	0	0	0	0	0.000	0	0	0	0.000	0	0	0	0	0	0	0	0	0	0	0	0	0	0	0	0	0
100	100	1942	1373.750	935.384	0.898	41	167	1227	452	18	41	167	1227	452	18	111.650	201.037	244	227	222	218	215	210	201	190	176	161	139	105.193	1383.919	1823	1715	1661	1601	1538	1476	1375	1287	1120	883	446	0	0	0.000	0.000	0	0	0	0	0.000	0	0	0	0.000	0	0	0	0	0	0	0	0	0	0	0	0	0	0	0	0	0
101	101	866	160.063	932.579	0.933	37	70	233	411	97	37	70	233	411	97	107.887	111.902	117	114	113	113	112	112	111	111	111	110	108	104.000	436.165	659	612	567	523	474	435	399	352	305	265	204	0	0	0.000	0.000	0	0	0	0	0.000	0	0	0	0.000	0	0	0	0	0	0	0	0	0	0	0	0	0	0	0	0	0
102	102	1573	353.468	935.797	0.906	116	747	599	63	8	116	747	599	63	8	108.590	119.481	139	127	122	120	119	118	118	117	116	115	111	103.000	119.285	140	128	123	121	120	119	117	116	114	112	107	1	26	346.417	950.741	0	0	0	123	123.154	0	0	122	121.577	0	0	0	0	0	0	0	0	0	0	0	0	0	0	0	0	0
103	103	1305	1044.359	942.771	0.874	24	60	556	561	81	24	60	556	561	81	110.243	135.630	207	144	141	139	138	135	133	131	128	122	116	103.000	471.038	730	609	567	530	502	476	454	419	382	330	191	0	0	0.000	0.000	0	0	0	0	0.000	0	0	0	0.000	0	0	0	0	0	0	0	0	0	0	0	0	0	0	0	0	0
104	104	2178	1493.919	954.109	0.862	66	492	1132	421	25	66	492	1132	421	25	110.723	203.408	1812	276	159	153	148	142	138	134	130	126	118	104.685	1035.988	2452	1636	1491	1326	1139	986	849	714	604	478	268	1	145	1493.639	950.157	0	0	0	827	897.414	0	0	1643	1633.655	0	0	0	0	0	0	0	0	0	0	0	0	0	0	0	0	0
105	105	783	309.769	944.715	0.906	71	188	294	188	28	71	188	294	188	28	108.000	117.566	129	123	121	119	118	117	116	115	114	113	111	103.000	114.312	127	121	118	116	115	114	113	112	110	109	106	0	0	0.000	0.000	0	0	0	0	0.000	0	0	0	0.000	0	0	0	0	0	0	0	0	0	0	0	0	0	0	0	0	0
106	106	935	623.840	952.703	0.829	43	135	424	282	27	43	135	424	282	27	110.000	136.021	152	148	146	144	141	138	135	131	125	121	113	104.528	415.369	589	553	525	497	469	443	407	367	306	227	139	0	0	0.000	0.000	0	0	0	0	0.000	0	0	0	0.000	0	0	0	0	0	0	0	0	0	0	0	0	0	0	0	0	0
107	107	2290	693.229	963.597	0.884	1428	561	159	91	23	1428	561	159	91	23	110.951	121.254	134	128	125	124	122	120	119	118	117	116	113	105.828	188.222	230	210	204	199	194	189	184	178	173	165	149	0	0	0.000	0.000	0	0	0	0	0.000	0	0	0	0.000	0	0	0	0	0	0	0	0	0	0	0	0	0	0	0	0	0
108	108	2410	753.855	960.521	0.919	1070	540	421	252	75	1070	540	421	252	75	110.066	120.376	145	125	123	122	121	120	119	118	117	116	112	105.825	188.799	406	218	208	201	193	187	181	173	163	154	118	0	0	0.000	0.000	0	0	0	0	0.000	0	0	0	0.000	0	0	0	0	0	0	0	0	0	0	0	0	0	0	0	0	0
109	109	1361	125.364	960.020	0.920	37	74	396	719	117	37	74	396	719	117	107.623	113.023	118	115	114	114	113	113	113	112	112	111	109	104.445	572.652	919	810	732	674	617	561	515	463	405	355	276	0	0	0.000	0.000	0	0	0	0	0.000	0	0	0	0.000	0	0	0	0	0	0	0	0	0	0	0	0	0	0	0	0	0
110	110	1552	179.532	973.416	0.910	37	63	611	743	72	37	63	611	743	72	108.000	113.530	119	116	115	114	114	113	113	113	112	111	109	103.885	588.391	920	824	763	712	659	609	551	481	402	318	238	0	0	0.000	0.000	0	0	0	0	0.000	0	0	0	0.000	0	0	0	0	0	0	0	0	0	0	0	0	0	0	0	0	0
111	111	2011	78.652	984.015	0.875	416	1433	105	40	6	416	1433	105	40	6	106.729	187.431	220	211	205	200	196	191	186	178	169	158	136	104.900	817.345	1158	1067	1012	963	923	875	812	716	600	478	279	0	0	0.000	0.000	0	0	0	0	0.000	0	0	0	0.000	0	0	0	0	0	0	0	0	0	0	0	0	0	0	0	0	0
112	112	1521	291.743	980.564	0.904	13	91	853	489	43	13	91	853	489	43	108.386	114.153	121	117	116	115	114	114	113	113	112	112	109	102.761	129.247	150	139	137	136	134	132	129	127	122	112	104	0	0	0.000	0.000	0	0	0	0	0.000	0	0	0	0.000	0	0	0	0	0	0	0	0	0	0	0	0	0	0	0	0	0
113	113	2282	499.979	992.058	0.900	201	1664	353	32	7	201	1664	353	32	7	109.518	124.951	139	133	130	127	126	124	123	122	121	119	112	104.378	1408.951	2649	2061	1904	1770	1628	1467	1274	1068	864	649	508	0	0	0.000	0.000	0	0	0	0	0.000	0	0	0	0.000	0	0	0	0	0	0	0	0	0	0	0	0	0	0	0	0	0
114	114	2410	1424.827	984.793	0.707	55	452	1313	495	44	55	452	1313	495	44	111.112	166.391	1417	154	150	147	144	141	136	131	129	126	118	105.866	1240.330	4459	1815	1701	1601	1473	1271	1036	807	676	515	289	1	103	1409.353	974.169	0	0	0	648	692.068	0	0	2511	2624.068	0	0	1	14	1409.747	973.897	0	0	0	1201	1180.571	0	0	3936	3855.429	0	0
115	115	1610	1104.591	996.200	0.906	389	1082	89	27	11	389	1082	89	27	11	112.171	145.329	711	146	142	140	138	135	133	130	127	125	120	103.286	427.753	764	586	532	487	460	434	400	353	313	271	194	1	59	1101.634	1013.686	0	0	0	352	366.915	0	0	648	630.475	0	0	0	0	0	0	0	0	0	0	0	0	0	0	0	0	0
116	116	605	1324.335	983.949	0.903	71	196	246	69	12	71	196	246	69	12	111.307	121.117	127	124	123	123	122	121	120	120	119	118	114	104.418	114.734	124	119	117	116	115	115	114	113	112	111	108	0	0	0.000	0.000	0	0	0	0	0.000	0	0	0	0.000	0	0	0	0	0	0	0	0	0	0	0	0	0	0	0	0	0
117	117	2009	644.912	999.722	0.866	46	165	1268	462	22	46	165	1268	462	22	110.624	119.113	131	125	122	120	119	118	117	117	116	115	111	104.537	178.731	225	209	200	192	187	181	176	169	161	147	109	0	0	0.000	0.000	0	0	0	0	0.000	0	0	0	0.000	0	0	0	0	0	0	0	0	0	0	0	0	0	0	0	0	0
118	118	1330	341.516	1004.851	0.902	60	490	610	134	14	60	490	610	134	14	109.000	114.619	123	117	116	115	115	114	114	113	113	112	111	103.000	138.395	156	148	145	142	141	139	137	135	133	128	110	0	0	0.000	0.000	0	0	0	0	0.000	0	0	0	0.000	0	0	0	0	0	0	0	0	0	0	0	0	0	0	0	0	0
119	119	1417	1475.083	1009.328	0.880	28	90	699	536	37	28	90	699	536	37	111.913	140.512	158	152	148	146	143	141	139	137	133	129	120	104.735	1166.318	1669	1545	1475	1394	1294	1193	1086	1007	896	735	343	0	0	0.000	0.000	0	0	0	0	0.000	0	0	0	0.000	0	0	0	0	0	0	0	0	0	0	0	0	0	0	0	0	0
120	120	669	1364.136	1000.989	0.870	8	45	310	263	35	8	45	310	263	35	111.362	126.610	136	133	131	129	127	126	125	124	123	121	117	105.000	721.106	1037	965	905	844	782	712	650	591	545	497	370	0	0	0.000	0.000	0	0	0	0	0.000	0	0	0	0.000	0	0	0	0	0	0	0	0	0	0	0	0	0	0	0	0	0
121	121	2084	126.882	1019.782	0.901	699	1242	46	34	32	699	1242	46	34	32	108.000	200.700	688	249	204	199	195	189	179	168	158	145	122	104.697	742.981	1203	1017	943	873	817	771	718	622	523	435	262	1	98	127.434	1003.395	0	0	0	483	489.184	0	0	1011	1017.602	0	0	0	0	0	0	0	0	0	0	0	0	0	0	0	0	0
122	122	630	685.895	1005.090	0.901	120	147	129	174	51	120	147	129	174	51	111.000	115.894	120	118	117	117	116	116	115	115	115	114	112	105.068	150.213	179	169	166	161	155	151	146	142	136	130	114	0	0	0.000	0.000	0	0	0	0	0.000	0	0	0	0.000	0	0	0	0	0	0	0	0	0	0	0	0	0	0	0	0	0
123	123	1263	23.022	1023.677	0.904	583	560	52	22	21	583	560	52	22	21	105.081	146.617	162	155	152	151	149	148	146	144	140	136	126	103.025	1008.356	1430	1320	1244	1189	1134	1070	975	874	749	601	377	0	0	0.000	0.000	0	0	0	0	0.000	0	0	0	0.000	0	0	0	0	0	0	0	0	0	0	0	0	0	0	0	0	0
124	124	546	1577.082	1019.457	0.921	36	72	122	254	53	36	72	122	254	53	111.368	118.465	125	121	120	119	119	118	118	117	117	116	113	103.636	314.897	433	411	385	361	337	312	288	267	247	224	181	0	0	0.000	0.000	0	0	0	0	0.000	0	0	0	0.000	0	0	0	0	0	0	0	0	0	0	0	0	0	0	0	0	0
125	125	1388	1146.770	1029.169	0.907	130	435	663	117	14	130	435	663	117	14	113.000	145.496	276	154	150	148	147	145	142	139	135	131	125	104.320	509.275	649	600	581	566	551	534	509	482	437	376	245	1	17	1150.861	1034.561	0	0	0	232	230.471	0	0	535	534.588	0	0	0	0	0	0	0	0	0	0	0	0	0	0	0	0	0
126	126	1293	78.621	1027.727	0.837	515	434	228	76	19	515	434	228	76	19	106.543	272.891	2897	385	225	206	184	171	161	152	144	137	126	104.584	152.202	319	191	174	167	155	146	138	133	129	121	107	1	95	78.387	1034.886	0	0	0	1212	1300.958	0	0	162	161.695	0	0	0	0	0	0	0	0	0	0	0	0	0	0	0	0	0
127	127	1840	1211.908	1037.851	0.807	244	848	587	67	46	244	848	587	67	46	111.510	132.784	154	144	139	136	134	132	130	129	126	123	115	104.695	453.376	664	605	557	519	490	455	423	390	356	305	187	0	0	0.000	0.000	0	0	0	0	0.000	0	0	0	0.000	0	0	0	0	0	0	0	0	0	0	0	0	0	0	0	0	0
128	128	1643	1609.429	1042.118	0.757	289	966	291	57	7	289	966	291	57	7	111.714	163.299	954	199	133	130	128	126	124	122	121	120	116	103.881	535.533	1796	736	640	595	557	516	470	407	325	250	208	1	133	1602.527	1045.308	0	0	0	502	527.030	0	0	1106	1139.729	0	0	1	42	1603.746	1045.504	0	0	0	784	763.810	0	0	1576	1545.619	0	0
129	129	1940	1265.771	1045.541	0.887	188	1329	367	14	8	188	1329	367	14	8	110.748	191.196	1827	198	142	138	136	133	131	128	126	123	117	103.948	591.306	2112	791	725	678	620	565	509	437	361	295	239	1	128	1275.379	1048.672	0	0	0	843	908.078	0	0	1319	1362.555	0	0	1	45	1275.216	1047.580	0	0	0	1268	1263.800	0	0	1803	1758.756	0	0
130	130	1537	170.827	1050.933	0.909	145	1170	179	26	7	145	1170	179	26	7	108.000	172.135	287	190	184	180	176	172	168	164	158	149	131	103.384	182.006	230	208	200	194	189	184	178	171	163	154	123	0	0	0.000	0.000	0	0	0	0	0.000	0	0	0	0.000	0	0	0	0	0	0	0	0	0	0	0	0	0	0	0	0	0
131	131	1205	738.959	1045.648	0.914	28	113	393	547	86	28	113	393	547	86	110.000	122.622	134	130	128	125	123	121	120	119	118	117	114	104.747	187.271	219	204	200	196	193	189	185	181	176	166	146	0	0	0.000	0.000	0	0	0	0	0.000	0	0	0	0.000	0	0	0	0	0	0	0	0	0	0	0	0	0	0	0	0	0
132	132	1511	219.182	1051.518	0.911	15	135	672	593	63	15	135	672	593	63	108.465	152.379	183	175	171	166	160	155	148	141	135	126	114	102.895	164.303	209	194	188	183	178	170	160	149	141	125	106	0	0	0.000	0.000	0	0	0	0	0.000	0	0	0	0.000	0	0	0	0	0	0	0	0	0	0	0	0	0	0	0	0	0
133	133	2090	463.717	1057.996	0.868	27	413	1166	418	30	27	413	1166	418	30	109.000	147.113	166	159	155	152	150	148	146	143	139	135	121	104.547	1101.799	1807	1546	1398	1290	1179	1069	966	892	814	714	424	0	0	0.000	0.000	0	0	0	0	0.000	0	0	0	0.000	0	0	0	0	0	0	0	0	0	0	0	0	0	0	0	0	0
134	134	665	1705.629	1052.342	0.836	78	101	235	204	31	78	101	235	204	31	112.050	123.189	133	127	126	125	124	123	122	121	120	119	117	104.283	295.746	403	369	354	344	328	302	285	259	230	202	164	0	0	0.000	0.000	0	0	0	0	0.000	0	0	0	0.000	0	0	0	0	0	0	0	0	0	0	0	0	0	0	0	0	0
135	135	1567	1672.558	1059.328	0.852	177	255	1015	83	9	177	255	1015	83	9	112.290	169.391	286	241	208	182	164	151	143	137	135	132	124	104.500	447.817	646	575	536	513	478	445	419	393	361	317	244	0	0	0.000	0.000	0	0	0	0	0.000	0	0	0	0.000	0	0	0	0	0	0	0	0	0	0	0	0	0	0	0	0	0
136	136	825	1583.262	1075.155	0.862	121	348	233	78	29	121	348	233	78	29	112.000	177.615	246	205	197	191	183	176	171	163	156	148	132	104.004	135.544	171	148	143	140	137	134	133	131	128	123	115	0	0	0.000	0.000	0	0	0	0	0.000	0	0	0	0.000	0	0	0	0	0	0	0	0	0	0	0	0	0	0	0	0	0
137	137	1255	516.119	1080.843	0.884	24	61	462	615	69	24	61	462	615	69	109.036	136.955	158	148	145	141	138	136	134	132	129	127	120	104.936	1008.943	1683	1468	1287	1193	1100	1004	894	802	692	579	420	0	0	0.000	0.000	0	0	0	0	0.000	0	0	0	0.000	0	0	0	0	0	0	0	0	0	0	0	0	0	0	0	0	0
138	138	1974	1193.231	1088.207	0.897	28	1052	691	141	21	28	1052	691	141	21	111.909	201.121	970	348	179	169	163	154	144	138	134	129	123	105.956	411.662	723	565	535	506	464	416	369	321	280	241	203	1	239	1188.632	1071.914	0	0	0	510	549.611	0	0	545	535.929	0	0	0	0	0	0	0	0	0	0	0	0	0	0	0	0	0
139	139	1600	1076.225	1084.740	0.896	243	1122	210	4	2	243	1122	210	4	2	112.123	184.190	228	210	201	196	191	186	181	176	169	153	129	104.000	364.596	519	473	437	416	394	370	342	316	291	257	153	0	0	0.000	0.000	0	0	0	0	0.000	0	0	0	0.000	0	0	0	0	0	0	0	0	0	0	0	0	0	0	0	0	0
140	140	823	228.352	1096.629	0.921	5	213	407	161	20	5	213	407	161	20	108.618	135.351	146	140	139	138	137	136	134	133	132	130	123	103.000	127.803	142	134	132	131	129	128	127	126	124	121	112	0	0	0.000	0.000	0	0	0	0	0.000	0	0	0	0.000	0	0	0	0	0	0	0	0	0	0	0	0	0	0	0	0	0
141	141	2030	1251.398	1107.185	0.843	72	466	1213	220	22	72	466	1213	220	22	111.168	154.764	409	163	160	158	156	154	151	147	141	133	120	104.649	512.029	861	638	616	593	570	541	505	461	405	330	174	1	37	1238.833	1094.823	0	0	0	303	304.108	0	0	745	745.946	0	0	0	0	0	0	0	0	0	0	0	0	0	0	0	0	0
142	142	864	1658.571	1099.023	0.921	42	280	344	162	22	42	280	344	162	22	112.654	157.770	189	172	166	163	160	157	155	153	149	145	135	105.000	335.593	476	429	407	388	365	340	311	285	262	235	182	0	0	0.000	0.000	0	0	0	0	0.000	0	0	0	0.000	0	0	0	0	0	0	0	0	0	0	0	0	0	0	0	0	0
143	143	1656	267.842	1109.141	0.903	54	207	788	519	57	54	207	788	519	57	108.266	132.650	157	144	141	137	134	132	130	127	126	122	111	103.000	129.108	147	139	137	134	133	131	128	124	120	117	111	0	0	0.000	0.000	0	0	0	0	0.000	0	0	0	0.000	0	0	0	0	0	0	0	0	0	0	0	0	0	0	0	0	0
144	144	1922	1684.818	1131.313	0.905	196	384	1005	287	22	196	384	1005	287	22	112.771	146.797	263	171	151	144	142	140	139	137	135	131	120	104.985	454.161	660	588	549	526	491	457	424	389	353	318	222	1	98	1690.191	1119.540	0	0	0	222	221.959	0	0	464	475.857	0	0	0	0	0	0	0	0	0	0	0	0	0	0	0	0	0
145	145	1568	246.411	1155.327	0.882	36	660	723	94	20	36	660	723	94	20	108.000	135.484	152	146	144	142	140	138	135	132	126	120	112	102.539	134.478	157	144	141	139	137	135	134	132	129	124	108	0	0	0.000	0.000	0	0	0	0	0.000	0	0	0	0.000	0	0	0	0	0	0	0	0	0	0	0	0	0	0	0	0	0
146	146	1556	1801.148	1168.023	0.892	32	201	913	331	45	32	201	913	331	45	111.331	157.722	180	171	169	167	165	162	157	151	144	137	126	104.051	1125.493	1646	1494	1397	1299	1226	1152	1060	961	871	746	414	0	0	0.000	0.000	0	0	0	0	0.000	0	0	0	0.000	0	0	0	0	0	0	0	0	0	0	0	0	0	0	0	0	0
147	147	1828	1750.117	1171.216	0.876	25	542	1134	83	10	25	542	1134	83	10	112.109	166.487	631	181	174	170	166	161	155	149	144	140	129	104.417	1142.846	1834	1596	1528	1431	1314	1181	1054	901	751	592	434	1	44	1733.273	1181.764	0	0	0	382	390.250	0	0	1240	1164.682	0	0	0	0	0	0	0	0	0	0	0	0	0	0	0	0	0
148	148	1721	1134.420	1181.327	0.894	1641	37	21	11	11	1641	37	21	11	11	111.000	141.922	614	139	136	134	133	132	131	129	127	125	120	104.894	453.322	933	554	530	509	486	468	443	406	368	321	219	1	72	1130.307	1169.153	0	0	0	331	341.444	0	0	621	634.125	0	0	0	0	0	0	0	0	0	0	0	0	0	0	0	0	0
149	149	1535	1683.627	1182.185	0.868	45	341	865	243	17	45	341	865	243	17	112.000	135.235	152	143	141	139	138	136	134	131	129	127	120	103.872	443.373	616	578	544	515	483	444	412	387	349	299	206	0	0	0.000	0.000	0	0	0	0	0.000	0	0	0	0.000	0	0	0	0	0	0	0	0	0	0	0	0	0	0	0	0	0
150	150	1774	1726.767	1214.937	0.897	77	425	863	334	43	77	425	863	334	43	112.000	588.405	5181	1773	618	298	213	191	179	170	159	148	134	103.435	135.511	158	148	143	141	138	136	134	131	129	122	109	1	288	1730.855	1209.973	0	0	0	2134	2332.215	0	0	148	146.354	0	0	0	0	0	0	0	0	0	0	0	0	0	0	0	0	0
151	151	377	1812.940	1203.087	0.918	39	96	156	68	9	39	96	156	68	9	110.989	129.098	138	135	133	132	130	129	128	127	125	123	120	103.064	489.897	760	652	566	545	529	505	475	433	381	316	227	0	0	0.000	0.000	0	0	0	0	0.000	0	0	0	0.000	0	0	0	0	0	0	0	0	0	0	0	0	0	0	0	0	0
152	152	1054	1515.444	1237.004	0.907	19	78	550	369	17	19	78	550	369	17	111.509	118.824	125	122	121	120	119	119	118	118	117	116	113	104.000	390.512	549	484	457	436	414	390	368	347	332	297	215	0	0	0.000	0.000	0	0	0	0	0.000	0	0	0	0.000	0	0	0	0	0	0	0	0	0	0	0	0	0	0	0	0	0
153	153	1948	1037.010	1249.712	0.898	37	452	1228	170	22	37	452	1228	170	22	111.408	198.753	243	227	219	212	206	201	194	187	180	167	140	103.102	125.368	140	131	129	128	127	126	124	123	122	120	109	0	0	0.000	0.000	0	0	0	0	0.000	0	0	0	0.000	0	0	0	0	0	0	0	0	0	0	0	0	0	0	0	0	0
154	154	2110	1460.296	1246.654	0.848	15	296	1270	439	40	15	296	1270	439	40	111.816	118.306	124	121	120	119	119	118	118	117	117	116	111	104.000	524.103	818	746	679	604	538	499	464	430	393	351	224	0	0	0.000	0.000	0	0	0	0	0.000	0	0	0	0.000	0	0	0	0	0	0	0	0	0	0	0	0	0	0	0	0	0
155	155	965	53.950	1245.045	0.925	119	319	427	65	18	119	319	427	65	18	104.875	129.947	160	145	139	135	132	129	126	123	120	116	110	101.359	112.661	125	118	117	116	115	114	112	110	107	106	102	0	0	0.000	0.000	0	0	0	0	0.000	0	0	0	0.000	0	0	0	0	0	0	0	0	0	0	0	0	0	0	0	0	0
156	156	2112	1763.744	1258.212	0.883	80	580	1118	255	38	80	580	1118	255	38	111.473	218.528	1720	258	197	183	176	169	163	157	151	143	129	103.009	130.686	144	137	135	134	132	131	130	128	126	124	112	1	129	1770.575	1246.143	0	0	0	785	858.884	0	0	134	133.357	0	0	0	0	0	0	0	0	0	0	0	0	0	0	0	0	0
157	157	1738	1093.391	1264.906	0.884	838	775	43	14	11	838	775	43	14	11	111.494	186.461	239	227	217	209	199	188	174	162	153	146	133	103.867	124.444	142	131	129	128	126	125	124	122	120	117	110	0	0	0.000	0.000	0	0	0	0	0.000	0	0	0	0.000	0	0	0	0	0	0	0	0	0	0	0	0	0	0	0	0	0
158	158	1853	1405.893	1272.235	0.891	36	331	1143	284	25	36	331	1143	284	25	112.000	118.719	126	122	120	120	119	119	118	118	117	116	114	104.046	436.057	704	618	576	544	508	471	402	324	261	223	185	0	0	0.000	0.000	0	0	0	0	0.000	0	0	0	0.000	0	0	0	0	0	0	0	0	0	0	0	0	0	0	0	0	0
159	159	1775	90.158	1278.400	0.875	55	493	1009	177	17	55	493	1009	177	17	106.210	407.256	10047	419	166	153	147	144	140	134	127	120	112	101.808	118.044	167	124	122	120	119	118	117	116	113	110	104	1	94	98.048	1287.845	0	0	0	3849	4270.106	0	0	132	134.830	0	0	1	10	98.294	1287.539	0	0	0	8117	8143.900	0	0	154	154.900	0	0
160	160	1880	188.642	1284.211	0.882	32	176	1267	336	20	32	176	1267	336	20	108.000	185.843	1562	224	146	140	138	136	134	132	129	124	117	103.214	1095.378	2755	1477	1366	1275	1212	1118	992	874	749	593	344	1	126	186.883	1289.296	0	0	0	707	760.881	0	0	1493	1519.143	0	0	0	0	0	0	0	0	0	0	0	0	0	0	0	0	0
161	161	1001	1138.193	1282.637	0.918	324	368	211	53	21	324	368	211	53	21	111.000	128.134	148	139	135	131	129	127	125	123	121	119	115	103.842	120.428	153	134	128	123	121	119	117	115	112	110	105	0	0	0.000	0.000	0	0	0	0	0.000	0	0	0	0.000	0	0	0	0	0	0	0	0	0	0	0	0	0	0	0	0	0
162	162	1973	1314.787	1288.034	0.864	48	539	1263	74	12	48	539	1263	74	12	111.801	119.522	126	122	121	121	120	120	119	119	118	117	114	104.641	1042.492	1917	1663	1522	1379	1216	1043	865	694	534	418	316	0	0	0.000	0.000	0	0	0	0	0.000	0	0	0	0.000	0	0	0	0	0	0	0	0	0	0	0	0	0	0	0	0	0
163	163	2358	246.680	1302.607	0.885	22	132	1417	725	13	22	132	1417	725	13	108.000	194.981	1691	229	150	146	143	140	138	135	131	126	115	103.423	929.151	3573	1250	1114	1015	920	840	781	725	668	551	255	1	156	247.703	1286.856	0	0	0	803	861.712	0	0	2078	2137.058	0	0	1	54	247.049	1286.285	0	0	0	1268	1209.444	0	0	2965	2878.630	0	0
164	164	1846	1820.334	1305.903	0.890	91	364	970	367	27	91	364	970	367	27	112.000	246.725	401	312	299	281	262	246	229	213	195	178	151	103.679	126.462	142	133	131	129	128	127	126	125	122	119	108	0	0	0.000	0.000	0	0	0	0	0.000	0	0	0	0.000	0	0	0	0	0	0	0	0	0	0	0	0	0	0	0	0	0
165	165	503	1859.964	1299.251	0.919	50	145	228	49	15	50	145	228	49	15	111.431	234.348	306	287	270	254	244	234	224	212	200	186	157	103.000	119.893	130	126	124	123	122	121	119	118	115	113	107	0	0	0.000	0.000	0	0	0	0	0.000	0	0	0	0.000	0	0	0	0	0	0	0	0	0	0	0	0	0	0	0	0	0
166	166	1886	1445.439	1315.446	0.867	29	375	947	450	39	29	375	947	450	39	112.000	119.374	129	123	121	120	120	119	118	118	117	116	113	103.600	554.080	741	693	661	637	609	584	549	504	444	367	227	0	0	0.000	0.000	0	0	0	0	0.000	0	0	0	0.000	0	0	0	0	0	0	0	0	0	0	0	0	0	0	0	0	0
167	167	995	201.956	1329.378	0.903	39	67	559	288	25	39	67	559	288	25	107.875	136.270	147	143	141	140	139	138	136	134	131	127	117	103.000	815.974	1193	1051	974	934	880	820	766	720	662	571	356	0	0	0.000	0.000	0	0	0	0	0.000	0	0	0	0.000	0	0	0	0	0	0	0	0	0	0	0	0	0	0	0	0	0
168	168	1666	1288.360	1337.751	0.906	26	660	765	149	37	26	660	765	149	37	112.000	122.248	134	129	125	123	122	121	120	120	119	118	113	104.142	1270.454	1867	1677	1573	1458	1382	1316	1221	1101	962	805	508	0	0	0.000	0.000	0	0	0	0	0.000	0	0	0	0.000	0	0	0	0	0	0	0	0	0	0	0	0	0	0	0	0	0
169	169	1352	1338.803	1333.587	0.906	352	903	58	13	5	352	903	58	13	5	112.000	235.191	1057	376	234	212	198	187	177	170	161	150	131	104.428	124.677	147	135	132	130	127	125	122	120	117	114	107	1	118	1342.867	1324.730	0	0	0	623	643.669	0	0	125	125.136	0	0	0	0	0	0	0	0	0	0	0	0	0	0	0	0	0
170	170	1518	1773.500	1336.338	0.880	23	365	910	180	12	23	365	910	180	12	111.972	245.561	377	292	278	267	258	248	237	223	209	192	154	103.000	126.466	140	133	131	129	128	127	126	124	122	119	110	0	0	0.000	0.000	0	0	0	0	0.000	0	0	0	0.000	0	0	0	0	0	0	0	0	0	0	0	0	0	0	0	0	0
171	171	1628	1662.561	1370.207	0.905	38	444	1017	84	10	38	444	1017	84	10	111.000	131.198	155	146	139	135	131	128	127	126	124	122	117	102.899	118.490	131	125	123	121	120	118	117	116	114	112	108	0	0	0.000	0.000	0	0	0	0	0.000	0	0	0	0.000	0	0	0	0	0	0	0	0	0	0	0	0	0	0	0	0	0
172	172	1780	312.193	1412.581	0.836	155	403	865	289	35	155	403	865	289	35	108.297	117.025	139	124	120	118	117	116	115	114	113	113	110	102.000	492.070	765	631	595	569	543	520	496	449	377	292	154	2	50	320.683	1424.609	178	311.530	1411.385	121	121.360	126	126.770	556	564.260	547	551.781	0	0	0	0	0	0	0	0	0	0	0	0	0	0	0
173	173	2143	1544.138	1414.663	0.911	103	543	1220	209	23	103	543	1220	209	23	112.000	208.551	1199	240	197	191	184	178	172	166	157	149	132	103.006	570.576	854	778	736	691	637	591	544	472	394	326	215	1	118	1548.944	1427.738	0	0	0	642	661.983	0	0	517	540.627	0	0	0	0	0	0	0	0	0	0	0	0	0	0	0	0	0
174	174	611	1440.593	1402.252	0.832	65	203	237	73	19	65	203	237	73	19	112.000	196.311	282	225	214	208	202	197	190	182	174	163	141	103.000	135.944	163	150	145	141	139	136	134	131	127	121	107	0	0	0.000	0.000	0	0	0	0	0.000	0	0	0	0.000	0	0	0	0	0	0	0	0	0	0	0	0	0	0	0	0	0
175	175	1528	518.953	1419.792	0.898	38	317	922	210	15	38	317	922	210	15	110.000	134.390	233	150	138	136	133	130	128	125	123	120	114	102.336	435.752	672	570	538	512	476	441	410	372	333	280	206	1	66	528.385	1419.007	0	0	0	197	197.909	0	0	589	584.424	0	0	0	0	0	0	0	0	0	0	0	0	0	0	0	0	0
176	176	2488	140.283	1431.111	0.878	34	354	1661	381	15	34	354	1661	381	15	107.000	113.843	123	118	116	115	114	113	113	112	111	111	107	101.751	475.614	782	659	615	578	534	492	447	386	322	256	157	0	0	0.000	0.000	0	0	0	0	0.000	0	0	0	0.000	0	0	0	0	0	0	0	0	0	0	0	0	0	0	0	0	0
177	177	1649	1489.597	1431.116	0.914	18	69	665	792	75	18	69	665	792	75	112.000	189.114	494	213	203	196	190	185	179	172	166	159	135	103.000	610.295	952	835	775	724	675	621	559	495	427	376	270	1	23	1474.287	1435.527	0	0	0	383	378.304	0	0	873	870.087	0	0	0	0	0	0	0	0	0	0	0	0	0	0	0	0	0
178	178	460	1543.387	1456.534	0.915	20	67	186	156	19	20	67	186	156	19	111.170	132.143	145	141	137	135	134	133	131	129	127	124	118	103.000	276.620	367	354	339	321	302	281	262	244	219	185	135	0	0	0.000	0.000	0	0	0	0	0.000	0	0	0	0.000	0	0	0	0	0	0	0	0	0	0	0	0	0	0	0	0	0
179	179	1688	99.504	1469.498	0.911	72	643	852	58	15	72	643	852	58	15	106.098	113.432	124	118	116	114	114	113	112	112	111	110	107	102.003	654.253	950	867	818	771	721	672	622	560	494	420	240	0	0	0.000	0.000	0	0	0	0	0.000	0	0	0	0.000	0	0	0	0	0	0	0	0	0	0	0	0	0	0	0	0	0
180	180	1882	187.619	1475.506	0.896	11	136	833	794	60	11	136	833	794	60	107.000	112.447	119	114	114	113	113	112	112	112	111	111	109	102.032	423.722	600	541	515	486	455	426	402	372	336	305	186	0	0	0.000	0.000	0	0	0	0	0.000	0	0	0	0.000	0	0	0	0	0	0	0	0	0	0	0	0	0	0	0	0	0
181	181	357	149.496	1475.965	0.917	36	78	129	85	20	36	78	129	85	20	107.000	111.269	114	113	113	112	112	111	111	111	110	110	108	102.196	265.588	364	341	322	303	284	266	247	231	214	193	155	0	0	0.000	0.000	0	0	0	0	0.000	0	0	0	0.000	0	0	0	0	0	0	0	0	0	0	0	0	0	0	0	0	0
182	182	737	68.039	1496.571	0.890	19	35	351	306	16	19	35	351	306	16	105.863	111.811	124	115	113	112	112	111	111	110	110	109	107	101.118	658.940	909	843	799	763	727	691	654	586	502	424	267	1	39	65.472	1495.533	0	0	0	120	119.769	0	0	721	727.436	0	0	0	0	0	0	0	0	0	0	0	0	0	0	0	0	0
183	183	548	219.588	1506.933	0.917	8	92	254	162	23	8	92	254	162	23	107.000	112.296	116	114	113	113	113	112	112	112	111	111	109	102.000	229.971	285	267	257	249	240	231	223	213	203	192	162	0	0	0.000	0.000	0	0	0	0	0.000	0	0	0	0.000	0	0	0	0	0	0	0	0	0	0	0	0	0	0	0	0	0
184	184	1494	110.665	1521.692	0.894	33	172	744	461	55	33	172	744	461	55	106.769	112.096	123	115	114	113	112	112	111	111	110	109	107	101.776	522.515	727	636	609	586	560	535	514	486	446	368	217	0	0	0.000	0.000	0	0	0	0	0.000	0	0	0	0.000	0	0	0	0	0	0	0	0	0	0	0	0	0	0	0	0	0
185	185	1855	753.507	1594.173	0.901	32	175	670	795	151	32	175	670	795	151	111.000	143.496	166	156	151	148	146	144	141	139	136	131	123	104.000	948.288	1570	1398	1270	1144	1032	921	817	713	637	572	382	0	0	0.000	0.000	0	0	0	0	0.000	0	0	0	0.000	0	0	0	0	0	0	0	0	0	0	0	0	0	0	0	0	0
186	186	1278	1984.006	1625.426	0.893	34	276	531	366	49	34	276	531	366	49	109.849	143.985	169	161	155	150	146	143	139	136	133	129	122	102.581	529.802	836	775	712	634	567	504	453	406	369	328	232	0	0	0.000	0.000	0	0	0	0	0.000	0	0	0	0.000	0	0	0	0	0	0	0	0	0	0	0	0	0	0	0	0	0
187	187	1595	793.557	1631.648	0.898	36	291	996	234	14	36	291	996	234	14	111.274	147.640	166	159	157	154	152	150	147	143	138	132	125	104.000	1255.000	1676	1568	1498	1432	1372	1311	1231	1133	1031	852	482	0	0	0.000	0.000	0	0	0	0	0.000	0	0	0	0.000	0	0	0	0	0	0	0	0	0	0	0	0	0	0	0	0	0
188	188	1564	729.421	1638.492	0.880	21	188	918	376	27	21	188	918	376	27	110.960	140.465	177	153	149	146	144	140	137	133	130	128	123	103.984	736.105	1202	1062	997	926	833	743	650	563	471	400	300	0	0	0.000	0.000	0	0	0	0	0.000	0	0	0	0.000	0	0	0	0	0	0	0	0	0	0	0	0	0	0	0	0	0
189	189	2100	1621.856	1657.895	0.887	199	880	560	345	88	199	880	560	345	88	110.086	129.742	163	148	138	133	129	126	124	122	121	119	115	104.000	852.734	1661	1222	1063	971	894	824	761	711	623	527	287	1	26	1638.080	1652.040	0	0	0	160	160.077	0	0	1056	1054.423	0	0	0	0	0	0	0	0	0	0	0	0	0	0	0	0	0
190	190	1317	685.229	1663.160	0.879	46	828	297	91	25	46	828	297	91	25	110.008	151.374	170	164	161	159	156	153	149	146	141	137	127	103.000	988.454	1420	1321	1256	1188	1082	971	891	835	763	640	403	0	0	0.000	0.000	0	0	0	0	0.000	0	0	0	0.000	0	0	0	0	0	0	0	0	0	0	0	0	0	0	0	0	0
191	191	1876	1964.482	1665.171	0.850	79	711	858	175	15	79	711	858	175	15	110.000	148.658	170	161	157	154	152	149	146	143	140	136	125	102.236	531.112	792	696	654	622	588	549	502	459	397	335	221	0	0	0.000	0.000	0	0	0	0	0.000	0	0	0	0.000	0	0	0	0	0	0	0	0	0	0	0	0	0	0	0	0	0
192	192	1461	848.602	1672.261	0.895	25	122	725	497	64	25	122	725	497	64	112.000	201.757	263	240	233	224	213	202	192	181	170	160	141	104.000	135.719	159	145	143	140	138	137	135	132	129	124	112	0	0	0.000	0.000	0	0	0	0	0.000	0	0	0	0.000	0	0	0	0	0	0	0	0	0	0	0	0	0	0	0	0	0
193	193	2207	771.154	1692.871	0.902	630	1310	144	61	30	630	1310	144	61	30	111.961	180.805	220	209	199	193	188	182	175	168	162	154	134	103.783	140.033	161	151	148	145	143	141	138	136	134	128	110	0	0	0.000	0.000	0	0	0	0	0.000	0	0	0	0.000	0	0	0	0	0	0	0	0	0	0	0	0	0	0	0	0	0
194	194	1793	1087.217	1700.510	0.885	54	257	1042	369	41	54	257	1042	369	41	111.586	156.650	913	161	137	134	132	129	128	126	125	123	116	103.000	562.200	1619	714	655	620	588	549	507	464	420	370	220	1	120	1087.854	1688.762	0	0	0	449	486.050	0	0	985	1025.067	0	0	0	0	0	0	0	0	0	0	0	0	0	0	0	0	0
195	195	1512	821.051	1718.645	0.897	658	642	115	59	15	658	642	115	59	15	111.899	212.053	268	253	242	230	224	218	209	199	183	162	133	103.938	135.294	154	146	144	142	141	139	137	133	126	116	106	0	0	0.000	0.000	0	0	0	0	0.000	0	0	0	0.000	0	0	0	0	0	0	0	0	0	0	0	0	0	0	0	0	0
196	196	449	1128.141	1705.489	0.898	23	35	91	260	31	23	35	91	260	31	111.272	126.203	133	131	130	129	128	127	126	124	122	119	115	103.000	436.305	618	595	573	554	530	494	442	362	261	180	127	0	0	0.000	0.000	0	0	0	0	0.000	0	0	0	0.000	0	0	0	0	0	0	0	0	0	0	0	0	0	0	0	0	0
197	197	1952	875.315	1719.833	0.894	38	157	1210	481	26	38	157	1210	481	26	112.000	143.429	196	156	152	150	147	143	140	137	134	130	122	104.590	647.721	916	839	802	765	721	666	614	555	490	421	262	0	0	0.000	0.000	0	0	0	0	0.000	0	0	0	0.000	0	0	0	0	0	0	0	0	0	0	0	0	0	0	0	0	0
198	198	1704	1038.380	1725.745	0.912	506	847	201	106	18	506	847	201	106	18	111.696	167.171	717	252	153	138	135	134	132	130	127	125	116	104.232	467.964	1064	631	580	542	512	477	430	376	317	261	206	1	178	1049.787	1732.357	0	0	0	384	412.197	0	0	699	699.893	0	0	0	0	0	0	0	0	0	0	0	0	0	0	0	0	0
199	199	1731	928.450	1748.986	0.872	374	386	864	74	9	374	386	864	74	9	111.142	209.873	1327	375	153	143	141	139	138	136	134	130	123	105.000	644.043	1698	812	738	699	655	619	578	523	459	397	289	1	201	912.748	1743.395	0	0	0	659	702.846	0	0	1103	1113.204	0	0	0	0	0	0	0	0	0	0	0	0	0	0	0	0	0
200	200	807	81.789	1750.595	0.909	66	263	316	128	27	66	263	316	128	27	105.042	131.984	154	148	142	136	134	131	128	126	123	119	112	100.487	346.784	604	500	426	384	358	338	319	297	262	217	147	0	0	0.000	0.000	0	0	0	0	0.000	0	0	0	0.000	0	0	0	0	0	0	0	0	0	0	0	0	0	0	0	0	0
201	201	1598	994.644	1753.406	0.835	338	459	561	185	23	338	459	561	185	23	111.931	1101.307	7946	3552	1685	872	502	275	191	166	159	150	137	105.000	692.205	1959	1243	918	747	623	560	515	478	435	375	278	0	0	0.000	0.000	0	0	0	0	0.000	0	0	0	0.000	0	0	1	74	1002.348	1751.530	0	0	0	6331	6298.662	0	0	1708	1703.459	0	0
202	202	754	1297.931	1757.573	0.886	253	292	151	37	5	253	292	151	37	5	110.883	171.085	215	200	192	184	178	170	163	157	151	144	134	102.715	141.122	174	161	154	150	146	141	136	132	126	122	110	0	0	0.000	0.000	0	0	0	0	0.000	0	0	0	0.000	0	0	0	0	0	0	0	0	0	0	0	0	0	0	0	0	0
203	203	2408	951.779	1809.157	0.860	2303	67	25	5	2	2303	67	25	5	2	111.469	166.921	205	188	179	174	170	166	164	161	156	146	130	104.966	626.673	988	855	781	719	659	614	575	528	486	428	264	0	0	0.000	0.000	0	0	0	0	0.000	0	0	0	0.000	0	0	0	0	0	0	0	0	0	0	0	0	0	0	0	0	0
204	204	1270	1433.295	1815.683	0.887	22	250	728	216	23	22	250	728	216	23	112.000	119.029	133	123	121	120	119	118	118	117	117	115	113	103.158	598.631	838	761	727	688	645	608	571	529	475	412	256	1	97	1422.503	1821.756	0	0	0	127	127.052	0	0	658	665.258	0	0	0	0	0	0	0	0	0	0	0	0	0	0	0	0	0
205	205	1773	1489.663	1830.447	0.889	80	347	1074	221	16	80	347	1074	221	16	111.498	120.015	133	126	123	121	120	119	118	118	117	116	113	103.857	926.155	1481	1295	1153	1093	1025	950	863	766	661	559	290	0	0	0.000	0.000	0	0	0	0	0.000	0	0	0	0.000	0	0	0	0	0	0	0	0	0	0	0	0	0	0	0	0	0
206	206	2575	1743.291	1837.015	0.878	2354	119	36	30	23	2354	119	36	30	23	111.864	206.275	615	252	239	225	214	202	192	182	167	152	135	104.943	502.464	833	738	674	616	559	500	444	388	331	273	163	1	25	1733.343	1821.848	0	0	0	466	461.040	0	0	759	732.320	0	0	0	0	0	0	0	0	0	0	0	0	0	0	0	0	0
207	207	1616	774.414	1840.470	0.905	396	783	287	81	29	396	783	287	81	29	110.188	118.509	132	123	120	119	119	118	117	116	116	115	112	102.010	116.661	127	121	119	118	117	117	116	115	114	112	106	0	0	0.000	0.000	0	0	0	0	0.000	0	0	0	0.000	0	0	0	0	0	0	0	0	0	0	0	0	0	0	0	0	0
208	208	1539	1199.167	1859.510	0.869	68	421	843	162	21	68	421	843	162	21	111.000	144.524	167	161	157	153	149	144	140	136	132	129	124	103.327	315.264	476	432	397	376	348	318	288	258	225	197	166	0	0	0.000	0.000	0	0	0	0	0.000	0	0	0	0.000	0	0	0	0	0	0	0	0	0	0	0	0	0	0	0	0	0
209	209	1326	1386.349	1860.101	0.899	45	340	692	202	16	45	340	692	202	16	111.140	143.780	241	151	148	146	145	143	141	140	137	134	125	102.480	128.189	146	136	133	131	130	128	126	125	123	121	111	0	0	0.000	0.000	0	0	0	0	0.000	0	0	0	0.000	0	0	0	0	0	0	0	0	0	0	0	0	0	0	0	0	0
210	210	1222	1440.216	1858.867	0.910	41	39	279	693	152	41	39	279	693	152	112.000	143.146	161	155	152	150	147	144	141	138	134	130	122	103.481	131.887	152	139	138	136	135	133	131	129	126	122	113	0	0	0.000	0.000	0	0	0	0	0.000	0	0	0	0.000	0	0	0	0	0	0	0	0	0	0	0	0	0	0	0	0	0
211	211	2102	1778.050	1892.192	0.860	1358	352	282	68	16	1358	352	282	68	16	112.000	564.505	4494	1538	731	405	257	209	193	181	169	159	145	105.000	457.634	729	624	570	529	492	455	415	373	335	306	204	1	314	1781.673	1897.960	0	0	0	1876	2106.268	0	0	548	530.838	0	0	0	0	0	0	0	0	0	0	0	0	0	0	0	0	0
212	212	1880	1310.158	1912.105	0.888	16	49	535	1118	134	16	49	535	1118	134	111.000	151.637	482	163	156	151	147	144	140	137	134	132	124	103.781	281.313	456	394	362	324	303	279	254	231	208	173	144	1	65	1318.764	1914.756	0	0	0	295	312.215	0	0	369	364.785	0	0	0	0	0	0	0	0	0	0	0	0	0	0	0	0	0
213	213	991	658.994	1895.491	0.927	34	124	366	392	48	34	124	366	392	48	109.000	130.132	146	140	138	135	133	131	128	125	122	119	112	104.035	530.693	820	727	675	644	603	551	500	451	370	293	182	0	0	0.000	0.000	0	0	0	0	0.000	0	0	0	0.000	0	0	0	0	0	0	0	0	0	0	0	0	0	0	0	0	0
214	214	1915	91.248	1910.269	0.907	47	828	925	58	11	47	828	925	58	11	104.084	119.864	131	125	124	123	121	120	119	117	115	114	108	101.008	564.955	829	751	719	683	646	598	538	465	402	322	242	0	0	0.000	0.000	0	0	0	0	0.000	0	0	0	0.000	0	0	0	0	0	0	0	0	0	0	0	0	0	0	0	0	0
215	215	1485	39.080	1913.211	0.885	53	92	556	687	60	53	92	556	687	60	103.432	119.309	131	126	124	122	121	119	118	116	115	113	105	100.799	547.555	858	783	695	632	593	546	495	441	393	339	269	0	0	0.000	0.000	0	0	0	0	0.000	0	0	0	0.000	0	0	0	0	0	0	0	0	0	0	0	0	0	0	0	0	0
216	216	1278	548.288	1908.910	0.920	26	43	197	800	191	26	43	197	800	191	108.573	136.740	153	147	146	144	143	140	136	132	127	121	112	103.468	1188.076	1601	1455	1395	1347	1307	1266	1219	1144	1027	760	278	0	0	0.000	0.000	0	0	0	0	0.000	0	0	0	0.000	0	0	0	0	0	0	0	0	0	0	0	0	0	0	0	0	0
217	217	1573	611.968	1911.481	0.875	62	92	585	698	111	62	92	585	698	111	108.621	134.377	152	146	143	141	139	136	133	129	125	120	112	104.649	721.940	1066	997	932	874	819	761	674	569	503	430	212	0	0	0.000	0.000	0	0	0	0	0.000	0	0	0	0.000	0	0	0	0	0	0	0	0	0	0	0	0	0	0	0	0	0
218	218	2773	1833.405	1918.733	0.871	49	962	1511	165	19	49	962	1511	165	19	111.656	2075.467	23453	6711	1599	590	379	330	306	282	254	220	163	104.603	753.567	1803	1070	950	866	804	738	666	599	518	414	249	1	384	1832.622	1915.192	0	0	0	10390	11439.148	0	0	1112	1161.622	0	0	0	0	0	0	0	0	0	0	0	0	0	0	0	0	0
219	219	242	1212.101	1901.982	0.906	19	50	60	86	26	19	50	60	86	26	111.000	132.868	146	142	139	138	136	134	131	129	126	123	114	104.000	590.136	843	771	739	717	675	627	569	501	430	356	267	0	0	0.000	0.000	0	0	0	0	0.000	0	0	0	0.000	0	0	0	0	0	0	0	0	0	0	0	0	0	0	0	0	0
220	220	1926	1228.271	1935.455	0.855	5	192	1052	594	49	5	192	1052	594	49	111.000	155.794	365	182	157	153	151	149	147	143	139	134	120	104.256	998.584	1436	1312	1241	1186	1118	1049	968	871	728	593	251	1	65	1220.033	1928.065	0	0	0	280	281.954	0	0	645	665.877	0	0	0	0	0	0	0	0	0	0	0	0	0	0	0	0	0
221	221	235	1279.673	1940.603	0.772	12	88	91	33	5	12	88	91	33	5	111.000	138.298	148	144	143	142	141	139	138	136	133	131	125	104.000	266.179	314	304	296	288	280	270	258	247	237	223	198	0	0	0.000	0.000	0	0	0	0	0.000	0	0	0	0.000	0	0	0	0	0	0	0	0	0	0	0	0	0	0	0	0	0
222	222	1795	575.564	1953.592	0.917	38	110	495	1052	75	38	110	495	1052	75	108.143	138.346	157	149	147	145	143	141	138	134	130	123	114	103.872	1123.560	1889	1738	1540	1400	1265	1149	1024	893	709	471	177	0	0	0.000	0.000	0	0	0	0	0.000	0	0	0	0.000	0	0	0	0	0	0	0	0	0	0	0	0	0	0	0	0	0
223	223	331	1714.486	1943.568	0.888	26	62	97	109	31	26	62	97	109	31	111.130	121.755	130	125	124	123	122	122	121	120	120	118	115	104.000	148.897	222	164	156	153	149	147	144	141	138	135	125	0	0	0.000	0.000	0	0	0	0	0.000	0	0	0	0.000	0	0	0	0	0	0	0	0	0	0	0	0	0	0	0	0	0
224	224	1779	1053.523	1956.835	0.899	241	1155	311	41	8	241	1155	311	41	8	111.000	500.979	5700	1178	363	217	201	187	176	170	164	155	132	102.416	118.489	138	127	123	121	119	118	116	115	114	112	104	1	185	1060.606	1946.316	0	0	0	2409	2707.524	0	0	124	124.184	0	0	0	0	0	0	0	0	0	0	0	0	0	0	0	0	0
225	225	1704	72.832	1970.169	0.867	70	292	1123	187	5	70	292	1123	187	5	103.324	117.812	131	123	121	120	119	118	116	115	114	113	108	101.000	269.314	404	367	349	326	293	265	245	225	195	164	140	0	0	0.000	0.000	0	0	0	0	0.000	0	0	0	0.000	0	0	0	0	0	0	0	0	0	0	0	0	0	0	0	0	0
226	226	2358	1696.192	1976.543	0.895	166	1138	922	78	10	166	1138	922	78	10	110.567	157.371	201	171	165	162	160	158	155	152	148	143	129	103.888	246.407	332	296	283	272	262	252	240	226	208	185	152	0	0	0.000	0.000	0	0	0	0	0.000	0	0	0	0.000	0	0	0	0	0	0	0	0	0	0	0	0	0	0	0	0	0
227	227	1746	850.868	1969.409	0.885	60	271	998	350	27	60	271	998	350	27	108.737	183.150	229	215	204	196	189	183	176	169	162	155	133	102.532	117.337	127	122	121	120	118	117	116	115	114	112	106	0	0	0.000	0.000	0	0	0	0	0.000	0	0	0	0.000	0	0	0	0	0	0	0	0	0	0	0	0	0	0	0	0	0
228	228	2573	1816.042	1981.508	0.876	48	681	1553	220	19	48	681	1553	220	19	110.274	287.743	366	347	336	326	316	305	289	261	232	200	165	104.135	723.289	1012	939	898	854	811	765	711	640	541	421	298	0	0	0.000	0.000	0	0	0	0	0.000	0	0	0	0.000	0	0	0	0	0	0	0	0	0	0	0	0	0	0	0	0	0
229	229	1507	677.381	1974.375	0.888	38	137	697	580	36	38	137	697	580	36	108.309	138.605	157	150	146	143	140	139	137	136	133	126	113	104.000	807.521	1392	1177	1039	929	840	762	700	632	578	520	401	0	0	0.000	0.000	0	0	0	0	0.000	0	0	0	0.000	0	0	0	0	0	0	0	0	0	0	0	0	0	0	0	0	0
230	230	764	1171.658	1977.739	0.845	67	239	271	157	18	67	239	271	157	18	109.702	234.886	329	303	278	261	249	235	216	202	190	173	158	103.812	135.955	163	152	147	143	139	136	132	128	124	120	111	0	0	0.000	0.000	0	0	0	0	0.000	0	0	0	0.000	0	0	0	0	0	0	0	0	0	0	0	0	0	0	0	0	0
231	231	1529	624.117	1975.595	0.922	299	1024	130	34	9	299	1024	130	34	9	108.000	138.341	159	151	148	145	142	140	136	132	127	125	118	104.143	912.622	1526	1330	1216	1125	1026	911	811	691	580	500	274	0	0	0.000	0.000	0	0	0	0	0.000	0	0	0	0.000	0	0	0	0	0	0	0	0	0	0	0	0	0	0	0	0	0
232	232	2403	1588.212	1985.815	0.888	141	1206	868	123	19	141	1206	868	123	19	116.150	218.437	281	256	240	234	228	222	214	204	189	179	162	105.332	428.917	725	590	529	482	447	417	387	353	323	295	223	0	0	0.000	0.000	0	0	0	0	0.000	0	0	0	0.000	0	0	0	0	0	0	0	0	0	0	0	0	0	0	0	0	0
233	233	2642	1938.225	2000.296	0.891	877	1513	102	55	56	877	1513	102	55	56	107.664	117.515	128	123	121	119	118	117	116	115	114	113	110	102.661	152.447	449	175	167	159	152	147	143	139	135	132	112	0	0	0.000	0.000	0	0	0	0	0.000	0	0	0	0.000	0	0	1	40	1921.602	1997.705	0	0	0	121	121.225	0	0	305	303.725	0	0
234	234	1266	804.064	1990.141	0.892	20	398	657	139	31	20	398	657	139	31	107.887	211.855	255	239	232	227	221	214	207	201	193	182	152	102.682	119.406	136	125	123	122	121	120	119	118	116	112	105	0	0	0.000	0.000	0	0	0	0	0.000	0	0	0	0.000	0	0	0	0	0	0	0	0	0	0	0	0	0	0	0	0	0
235	235	1950	1211.454	1993.575	0.893	50	141	946	716	58	50	141	946	716	58	109.345	192.620	1295	229	165	159	155	150	145	140	136	131	123	103.873	1091.985	2339	1529	1401	1313	1231	1133	1010	871	707	559	383	1	135	1223.321	1987.713	0	0	0	652	699.126	0	0	1724	1700.393	0	0	0	0	0	0	0	0	0	0	0	0	0	0	0	0	0
236	236	668	932.637	1993.961	0.905	149	284	143	64	17	149	284	143	64	17	108.558	168.313	240	203	190	180	172	164	158	152	146	139	127	102.000	128.181	163	142	137	133	130	127	124	122	119	116	108	0	0	0.000	0.000	0	0	0	0	0.000	0	0	0	0.000	0	0	0	0	0	0	0	0	0	0	0	0	0	0	0	0	0
237	237	2314	1647.043	2014.687	0.892	77	806	1228	145	13	77	806	1228	145	13	111.218	234.647	2577	217	167	163	160	158	157	154	150	141	124	104.821	243.283	488	290	278	265	253	243	233	221	202	178	145	1	137	1637.199	1999.237	0	0	0	1206	1314.569	0	0	349	348.307	0	0	0	0	0	0	0	0	0	0	0	0	0	0	0	0	0
238	238	529	649.589	2003.292	0.940	19	41	128	253	81	19	41	128	253	81	108.000	118.454	125	122	121	120	119	119	118	117	116	115	111	103.616	397.369	607	552	529	503	471	431	385	326	247	182	125	0	0	0.000	0.000	0	0	0	0	0.000	0	0	0	0.000	0	0	0	0	0	0	0	0	0	0	0	0	0	0	0	0	0
239	239	1956	1317.558	2016.181	0.898	121	1011	657	99	27	121	1011	657	99	27	108.778	120.921	137	128	125	122	120	119	119	118	117	116	113	103.652	512.255	849	715	636	578	530	492	463	433	394	341	263	0	0	0.000	0.000	0	0	0	0	0.000	0	0	0	0.000	0	0	0	0	0	0	0	0	0	0	0	0	0	0	0	0	0
240	240	1355	67.732	2022.050	0.885	52	173	842	242	15	52	173	842	242	15	102.005	111.919	120	116	115	114	113	112	111	110	109	108	104	100.030	253.542	351	319	304	292	277	259	239	221	199	178	148	0	0	0.000	0.000	0	0	0	0	0.000	0	0	0	0.000	0	0	0	0	0	0	0	0	0	0	0	0	0	0	0	0	0
241	241	379	1202.556	2032.979	0.944	34	80	110	116	37	34	80	110	116	37	107.042	122.074	130	127	126	125	124	123	122	120	118	116	112	103.322	436.388	651	606	560	516	475	444	402	360	320	271	186	0	0	0.000	0.000	0	0	0	0	0.000	0	0	0	0.000	0	0	0	0	0	0	0	0	0	0	0	0	0	0	0	0	0
242	242	399	1609.403	2032.171	0.872	3	20	52	140	174	3	20	52	140	174	115.373	160.506	171	168	165	163	161	160	159	158	157	155	149	106.276	187.479	216	204	200	197	194	190	185	181	174	167	152	0	0	0.000	0.000	0	0	0	0	0.000	0	0	0	0.000	0	0	0	0	0	0	0	0	0	0	0	0	0	0	0	0	0
