 	cell	area	x	y	circ	BFI_lev_b1	BFI_lev_b2	BFI_lev_b3	BFI_lev_b4	BFI_lev_b5	BFO_lev_b1	BFO_lev_b2	BFO_lev_b3	BFO_lev_b4	BFO_lev_b5	RFP_int_bg	RFP_int_mean	RFP_int_b0	RFP_int_b1	RFP_int_b2	RFP_int_b3	RFP_int_b4	RFP_int_b5	RFP_int_b6	RFP_int_b7	RFP_int_b8	RFP_int_b9	RFP_int_b10	GFP_int_bg	GFP_int_mean	GFP_int_b0	GFP_int_b1	GFP_int_b2	GFP_int_b3	GFP_int_b4	GFP_int_b5	GFP_int_b6	GFP_int_b7	GFP_int_b8	GFP_int_b9	GFP_int_b10	inRFPnfoci	f1_inRFParea	f1_inRFPx	f1_inRFPy	f2_inRFParea	f2_inRFPx	f2_inRFPy	f1_inRFP_toRFPmed	f1_inRFP_toRFPmean	f2_inRFP_toRFPmed	f2_inRFP_toRFPmean	f1_inRFP_toGFPmed	f1_inRFP_toGFPmean	f2_inRFP_toGFPmed	f2_inRFP_toGFPmean	inGFPnfoci	f1_inGFParea	f1_inGFPx	f1_inGFPy	f2_inGFParea	f2_inGFPx	f2_inGFPy	f1_inGFP_toRFPmed	f1_inGFP_toRFPmean	f2_inGFP_toRFPmed	f2_inGFP_toRFPmean	f1_inGFP_toGFPmed	f1_inGFP_toGFPmean	f2_inGFP_toGFPmed	f2_inGFP_toGFPmean
1	1	1543	104.884	23.050	0.905	45	332	828	287	14	45	332	828	287	14	103.264	140.889	687	147	131	130	128	126	124	121	119	117	112	101.119	893.671	1374	1230	1168	1111	1048	964	868	744	589	417	233	1	75	96.459	37.016	0	0	0	359	385.533	0	0	1086	1052.253	0	0	0	0	0	0	0	0	0	0	0	0	0	0	0	0	0
2	2	1488	1220.451	36.070	0.851	21	346	788	243	67	21	346	788	243	67	105.911	136.471	546	137	133	131	130	128	127	125	123	120	113	103.458	165.023	195	183	179	176	173	168	163	157	150	141	124	1	58	1217.938	26.338	0	0	0	297	308.500	0	0	184	182.345	0	0	0	0	0	0	0	0	0	0	0	0	0	0	0	0	0
3	3	2023	874.815	41.777	0.908	42	96	762	981	107	42	96	762	981	107	107.072	790.722	13258	1188	303	284	273	259	248	235	214	186	140	102.406	375.551	493	453	437	422	405	390	374	346	311	275	175	1	162	889.203	40.750	0	0	0	5752	6241.123	0	0	393	385.679	0	0	0	0	0	0	0	0	0	0	0	0	0	0	0	0	0
4	4	1789	717.839	46.062	0.864	304	1002	371	66	17	304	1002	371	66	17	106.542	122.786	147	138	131	124	120	119	118	117	116	115	111	102.296	1375.457	2742	2060	1749	1522	1374	1275	1183	1112	1002	895	567	0	0	0.000	0.000	0	0	0	0	0.000	0	0	0	0.000	0	0	0	0	0	0	0	0	0	0	0	0	0	0	0	0	0
5	5	1916	1067.659	54.951	0.901	257	1522	92	8	6	257	1522	92	8	6	106.739	119.858	143	132	127	121	118	117	116	115	114	113	111	103.000	923.140	1600	1262	1129	1054	985	919	853	792	697	574	288	0	0	0.000	0.000	0	0	0	0	0.000	0	0	0	0.000	0	0	0	0	0	0	0	0	0	0	0	0	0	0	0	0	0
6	6	2348	143.223	59.271	0.906	115	730	1035	371	33	115	730	1035	371	33	104.737	760.549	11448	1805	211	162	157	151	146	139	133	126	112	102.000	815.944	1365	1226	1070	959	893	829	774	690	557	390	163	1	245	125.488	63.870	0	0	0	4905	5443.127	0	0	1260	1220.502	0	0	0	0	0	0	0	0	0	0	0	0	0	0	0	0	0
7	7	2462	1870.121	82.540	0.874	127	808	1339	126	19	127	808	1339	126	19	106.928	261.460	2778	458	141	123	121	120	119	118	117	116	111	105.881	962.049	1591	1443	1326	1183	1069	950	844	746	613	484	369	1	262	1864.700	90.530	0	0	0	1231	1343.779	0	0	1452	1408.221	0	0	0	0	0	0	0	0	0	0	0	0	0	0	0	0	0
8	8	2171	1343.380	88.946	0.847	18	84	1363	633	18	18	84	1363	633	18	107.999	430.330	4638	696	261	236	228	219	209	199	187	163	138	105.034	2916.214	4932	4552	4092	3656	3283	2911	2474	2162	1842	1420	634	1	203	1327.418	84.715	0	0	0	2199	2353.310	0	0	4564	4168.764	0	0	0	0	0	0	0	0	0	0	0	0	0	0	0	0	0
9	9	646	1049.284	92.537	0.929	119	390	99	13	12	119	390	99	13	12	107.825	114.280	121	117	116	115	115	114	114	113	113	112	109	103.000	946.088	1445	1340	1252	1163	1082	985	882	761	633	486	257	0	0	0.000	0.000	0	0	0	0	0.000	0	0	0	0.000	0	0	0	0	0	0	0	0	0	0	0	0	0	0	0	0	0
10	10	1180	310.376	97.297	0.912	74	385	614	72	18	74	385	614	72	18	107.000	188.642	255	237	221	211	201	190	178	164	153	142	127	102.942	139.005	175	153	148	145	143	140	137	133	129	123	109	0	0	0.000	0.000	0	0	0	0	0.000	0	0	0	0.000	0	0	0	0	0	0	0	0	0	0	0	0	0	0	0	0	0
11	11	746	1395.921	103.204	0.767	122	450	96	47	18	122	450	96	47	18	108.000	244.630	325	279	266	259	252	244	238	231	220	204	184	105.773	3495.164	4469	4205	4035	3884	3725	3516	3351	3201	3054	2762	1876	0	0	0.000	0.000	0	0	0	0	0.000	0	0	0	0.000	0	0	0	0	0	0	0	0	0	0	0	0	0	0	0	0	0
12	12	2206	1979.518	134.949	0.902	60	205	1289	597	17	60	205	1289	597	17	106.174	277.882	2076	509	213	188	183	175	167	158	149	138	126	105.359	1360.171	2064	1926	1823	1732	1629	1505	1313	1090	817	552	382	1	230	1973.035	133.423	0	0	0	1024	1085.826	0	0	1794	1756.426	0	0	0	0	0	0	0	0	0	0	0	0	0	0	0	0	0
13	13	1284	656.412	142.881	0.868	396	732	57	43	39	396	732	57	43	39	108.000	118.531	132	123	121	120	119	118	117	116	116	115	111	105.638	1864.961	2597	2427	2295	2143	2015	1876	1728	1589	1474	1313	950	0	0	0.000	0.000	0	0	0	0	0.000	0	0	0	0.000	0	0	0	0	0	0	0	0	0	0	0	0	0	0	0	0	0
14	14	2079	1940.958	171.739	0.890	68	893	960	101	11	68	893	960	101	11	107.000	186.399	878	191	186	182	180	176	173	168	161	155	132	106.852	1456.602	1996	1841	1754	1679	1606	1518	1406	1302	1160	976	626	1	59	1935.818	167.831	0	0	0	517	513.136	0	0	1594	1607.356	0	0	0	0	0	0	0	0	0	0	0	0	0	0	0	0	0
15	15	1766	1192.845	176.700	0.919	796	530	206	151	57	796	530	206	151	57	109.475	187.617	1264	198	189	183	174	166	158	148	139	132	124	107.761	1541.338	2559	2337	2150	1978	1827	1637	1405	1138	843	621	457	1	70	1198.330	162.048	0	0	0	644	668.800	0	0	2319	2127.629	0	0	0	0	0	0	0	0	0	0	0	0	0	0	0	0	0
16	16	1544	629.876	179.298	0.888	542	827	111	22	25	542	827	111	22	25	108.355	118.571	131	126	123	120	118	118	117	116	115	114	110	106.483	1403.258	2388	2082	1814	1639	1507	1378	1272	1176	966	757	573	0	0	0.000	0.000	0	0	0	0	0.000	0	0	0	0.000	0	0	0	0	0	0	0	0	0	0	0	0	0	0	0	0	0
17	17	2169	685.923	183.878	0.887	260	858	831	164	21	260	858	831	164	21	108.609	122.200	198	130	125	122	120	119	117	117	116	114	111	106.576	1224.312	2707	1892	1682	1520	1385	1221	1034	860	738	576	304	1	121	680.111	184.221	0	0	0	160	162.669	0	0	1503	1535.521	0	0	0	0	0	0	0	0	0	0	0	0	0	0	0	0	0
18	18	1112	1868.993	180.156	0.914	55	293	656	72	7	55	293	656	72	7	107.000	164.306	201	191	184	177	170	164	157	152	146	140	128	108.908	470.656	718	621	583	556	523	483	440	395	351	297	230	0	0	0.000	0.000	0	0	0	0	0.000	0	0	0	0.000	0	0	0	0	0	0	0	0	0	0	0	0	0	0	0	0	0
19	19	1889	1993.081	205.601	0.871	46	691	908	197	11	46	691	908	197	11	105.920	116.446	126	121	119	118	117	116	115	114	113	112	109	105.309	770.622	989	903	860	826	798	774	748	717	679	644	473	0	0	0.000	0.000	0	0	0	0	0.000	0	0	0	0.000	0	0	0	0	0	0	0	0	0	0	0	0	0	0	0	0	0
20	20	2342	1273.243	211.655	0.845	18	478	1375	395	28	18	478	1375	395	28	109.720	142.832	468	183	138	129	126	125	124	123	121	119	113	107.225	2137.067	3210	2860	2667	2497	2341	2197	2052	1899	1689	1203	766	1	201	1263.838	209.896	0	0	0	282	294.706	0	0	2037	2102.746	0	0	0	0	0	0	0	0	0	0	0	0	0	0	0	0	0
21	21	511	648.096	209.071	0.878	85	174	140	86	15	85	174	140	86	15	109.000	116.321	122	119	118	118	117	116	116	115	114	113	111	107.687	1855.299	3427	2996	2562	2262	2020	1776	1558	1356	1115	912	607	0	0	0.000	0.000	0	0	0	0	0.000	0	0	0	0.000	0	0	0	0	0	0	0	0	0	0	0	0	0	0	0	0	0
22	22	2515	1210.126	230.528	0.894	1894	397	136	47	17	1894	397	136	47	17	110.000	154.963	476	203	155	144	140	137	135	132	129	124	116	108.000	1834.678	3265	2763	2501	2286	2105	1859	1597	1327	1109	890	406	1	204	1203.763	236.749	0	0	0	304	316.750	0	0	1651	1668.216	0	0	0	0	0	0	0	0	0	0	0	0	0	0	0	0	0
23	23	1753	1853.084	223.975	0.861	1036	537	82	48	19	1036	537	82	48	19	107.847	168.051	224	201	191	183	175	168	161	156	148	131	112	110.145	473.609	783	695	622	561	505	459	409	367	330	299	195	0	0	0.000	0.000	0	0	0	0	0.000	0	0	0	0.000	0	0	0	0	0	0	0	0	0	0	0	0	0	0	0	0	0
24	24	1401	1667.140	229.727	0.894	29	107	450	751	37	29	107	450	751	37	108.000	123.448	134	129	127	126	125	124	122	121	120	118	114	106.774	1659.233	2354	2200	2100	1989	1865	1730	1566	1404	1227	1019	513	0	0	0.000	0.000	0	0	0	0	0.000	0	0	0	0.000	0	0	0	0	0	0	0	0	0	0	0	0	0	0	0	0	0
25	25	1920	553.546	237.070	0.852	619	1142	83	28	9	619	1142	83	28	9	109.000	157.396	326	196	167	160	155	149	144	138	134	130	120	107.054	521.414	878	726	668	620	577	528	478	414	362	307	234	1	96	544.051	253.112	0	0	0	264	268.552	0	0	556	564.021	0	0	0	0	0	0	0	0	0	0	0	0	0	0	0	0	0
26	26	2336	603.886	243.547	0.881	307	1530	412	27	5	307	1530	412	27	5	109.000	120.600	128	125	124	123	122	121	120	119	118	116	111	108.026	4302.208	7307	6236	5857	5502	5085	4552	3980	3287	2540	1953	914	0	0	0.000	0.000	0	0	0	0	0.000	0	0	0	0.000	0	0	0	0	0	0	0	0	0	0	0	0	0	0	0	0	0
27	27	391	1314.616	229.239	0.943	24	79	159	98	23	24	79	159	98	23	109.251	119.292	123	121	121	120	120	119	119	118	118	117	115	105.627	2116.263	2519	2462	2403	2356	2285	2218	2109	1978	1814	1626	1241	0	0	0.000	0.000	0	0	0	0	0.000	0	0	0	0.000	0	0	0	0	0	0	0	0	0	0	0	0	0	0	0	0	0
28	28	2044	231.696	265.653	0.892	13	104	398	1204	298	13	104	398	1204	298	107.200	124.054	137	130	128	127	126	125	123	121	119	117	112	105.409	1541.444	2677	2241	2053	1894	1737	1556	1379	1216	1035	751	496	0	0	0.000	0.000	0	0	0	0	0.000	0	0	0	0.000	0	0	0	0	0	0	0	0	0	0	0	0	0	0	0	0	0
29	29	1678	698.859	263.698	0.898	50	361	1126	101	13	50	361	1126	101	13	108.850	121.133	142	129	124	122	121	120	119	118	117	116	112	107.362	2493.745	4371	3713	3279	2973	2726	2462	2220	1970	1663	1323	883	0	0	0.000	0.000	0	0	0	0	0.000	0	0	0	0.000	0	0	0	0	0	0	0	0	0	0	0	0	0	0	0	0	0
30	30	1385	1811.730	266.745	0.845	99	616	496	114	29	99	616	496	114	29	108.939	178.118	472	298	196	160	155	152	148	141	132	126	122	111.802	2390.615	3872	3382	3032	2833	2608	2413	2188	1955	1652	1398	999	1	193	1822.773	251.269	0	0	0	336	341.907	0	0	2045	1989.684	0	0	0	0	0	0	0	0	0	0	0	0	0	0	0	0	0
31	31	1828	1997.244	270.630	0.861	34	226	1059	405	63	34	226	1059	405	63	105.951	254.183	2350	532	178	135	127	125	123	121	119	116	108	104.654	128.606	154	137	134	131	129	128	127	125	124	121	110	1	209	1989.330	281.819	0	0	0	1023	1126.560	0	0	139	137.871	0	0	0	0	0	0	0	0	0	0	0	0	0	0	0	0	0
32	32	1766	1324.060	270.417	0.902	460	1085	111	75	15	460	1085	111	75	15	110.000	248.185	1144	313	291	268	250	234	218	200	181	163	140	105.313	163.089	199	186	181	174	170	166	160	153	144	137	120	1	44	1338.920	266.720	0	0	0	690	690.432	0	0	181	180.591	0	0	0	0	0	0	0	0	0	0	0	0	0	0	0	0	0
33	33	1713	499.787	265.388	0.878	217	1429	45	6	5	217	1429	45	6	5	108.810	155.190	909	172	139	137	134	132	130	127	124	121	113	105.624	611.528	968	884	792	705	642	598	552	503	449	376	288	1	100	505.620	269.479	0	0	0	452	466.610	0	0	495	483.640	0	0	0	0	0	0	0	0	0	0	0	0	0	0	0	0	0
34	34	1803	1685.578	279.726	0.879	30	265	911	506	54	30	265	911	506	54	108.548	141.551	909	137	128	126	125	123	122	121	119	117	113	108.193	1421.679	2463	2118	1862	1651	1536	1413	1272	1153	968	768	547	1	86	1674.918	275.441	0	0	0	426	444.767	0	0	1715	1669.174	0	0	0	0	0	0	0	0	0	0	0	0	0	0	0	0	0
35	35	1475	1275.238	285.703	0.879	1165	229	36	21	11	1165	229	36	21	11	109.393	228.386	2556	280	168	158	151	145	142	139	136	133	125	106.683	173.864	218	204	193	184	177	171	166	160	155	151	130	1	95	1283.422	289.811	0	0	0	1138	1185.505	0	0	206	201.874	0	0	0	0	0	0	0	0	0	0	0	0	0	0	0	0	0
36	36	937	126.417	284.011	0.912	19	324	365	194	20	19	324	365	194	20	106.850	180.955	212	197	193	188	185	182	179	175	169	161	145	105.403	415.180	565	523	495	477	460	435	403	361	318	282	214	0	0	0.000	0.000	0	0	0	0	0.000	0	0	0	0.000	0	0	0	0	0	0	0	0	0	0	0	0	0	0	0	0	0
37	37	2448	636.416	292.862	0.875	172	1219	895	87	12	172	1219	895	87	12	109.000	123.636	135	130	128	126	125	124	122	121	119	117	112	108.258	4846.375	11630	7287	6704	6103	5502	4852	4269	3547	2846	2217	842	0	0	0.000	0.000	0	0	0	0	0.000	0	0	0	0.000	0	0	0	0	0	0	0	0	0	0	0	0	0	0	0	0	0
38	38	1499	546.261	292.751	0.904	23	82	644	678	34	23	82	644	678	34	109.000	125.710	174	140	131	127	124	122	120	119	117	116	111	106.908	712.771	1267	1094	987	887	793	709	627	531	439	339	258	1	95	551.941	280.585	0	0	0	160	160.568	0	0	1084	1059.326	0	0	0	0	0	0	0	0	0	0	0	0	0	0	0	0	0
39	39	365	1788.805	284.218	0.805	63	114	103	59	16	63	114	103	59	16	109.364	126.241	137	132	131	129	128	127	125	123	122	120	114	112.000	1884.397	3042	2379	2278	2207	2131	2033	1865	1663	1446	1185	811	0	0	0.000	0.000	0	0	0	0	0.000	0	0	0	0.000	0	0	0	0	0	0	0	0	0	0	0	0	0	0	0	0	0
40	40	2406	1366.439	302.485	0.906	265	1941	133	26	14	265	1941	133	26	14	109.820	123.599	147	130	127	126	124	123	122	121	120	118	114	104.564	393.293	586	530	500	470	438	397	357	324	288	246	174	0	0	0.000	0.000	0	0	0	0	0.000	0	0	0	0.000	0	0	0	0	0	0	0	0	0	0	0	0	0	0	0	0	0
41	41	283	205.834	289.670	0.927	20	91	66	64	33	20	91	66	64	33	107.000	120.640	128	126	124	123	121	120	119	118	117	117	115	106.449	1094.869	1610	1464	1324	1239	1188	1112	1060	982	852	693	462	0	0	0.000	0.000	0	0	0	0	0.000	0	0	0	0.000	0	0	0	0	0	0	0	0	0	0	0	0	0	0	0	0	0
42	42	1165	97.946	312.065	0.892	55	510	500	69	8	55	510	500	69	8	107.204	158.639	217	189	183	175	166	156	147	140	134	130	124	105.840	392.774	624	549	513	473	429	380	342	307	271	247	221	0	0	0.000	0.000	0	0	0	0	0.000	0	0	0	0.000	0	0	0	0	0	0	0	0	0	0	0	0	0	0	0	0	0
43	43	822	957.884	310.425	0.886	179	304	231	77	17	179	304	231	77	17	108.509	157.303	204	186	176	167	159	153	149	145	140	134	123	103.000	133.310	166	150	145	140	135	132	129	126	123	119	109	0	0	0.000	0.000	0	0	0	0	0.000	0	0	0	0.000	0	0	0	0	0	0	0	0	0	0	0	0	0	0	0	0	0
44	44	2463	1830.881	324.683	0.887	1016	1296	58	17	4	1016	1296	58	17	4	109.713	192.967	315	225	215	208	201	194	186	176	164	151	127	111.038	2985.730	5136	4470	4121	3760	3415	3126	2825	2331	1738	1206	727	0	0	0.000	0.000	0	0	0	0	0.000	0	0	0	0.000	0	0	0	0	0	0	0	0	0	0	0	0	0	0	0	0	0
45	45	1780	30.981	325.561	0.877	39	193	1298	199	25	39	193	1298	199	25	105.599	211.355	284	250	238	228	218	208	201	195	186	175	143	105.404	445.088	581	540	511	485	465	447	426	405	380	355	262	0	0	0.000	0.000	0	0	0	0	0.000	0	0	0	0.000	0	0	0	0	0	0	0	0	0	0	0	0	0	0	0	0	0
46	46	1591	216.283	327.060	0.875	26	225	939	357	17	26	225	939	357	17	107.321	122.893	136	130	128	126	125	123	121	120	118	116	112	106.449	1524.163	2413	2167	2033	1912	1759	1591	1411	1226	999	734	469	0	0	0.000	0.000	0	0	0	0	0.000	0	0	0	0.000	0	0	0	0	0	0	0	0	0	0	0	0	0	0	0	0	0
47	47	1504	523.077	338.792	0.907	28	92	703	618	24	28	92	703	618	24	109.000	121.423	131	126	125	124	123	122	120	119	118	117	112	105.473	927.274	1353	1204	1118	1050	992	942	889	832	744	621	364	0	0	0.000	0.000	0	0	0	0	0.000	0	0	0	0.000	0	0	0	0	0	0	0	0	0	0	0	0	0	0	0	0	0
48	48	2374	1313.606	345.892	0.855	101	1127	900	167	38	101	1127	900	167	38	109.307	128.540	150	138	135	132	130	128	126	124	122	120	116	104.876	508.040	832	700	640	580	523	487	458	432	404	340	228	0	0	0.000	0.000	0	0	0	0	0.000	0	0	0	0.000	0	0	0	0	0	0	0	0	0	0	0	0	0	0	0	0	0
49	49	1194	1770.756	361.726	0.906	191	146	211	462	155	191	146	211	462	155	109.815	116.425	127	122	119	117	116	115	115	114	114	113	111	110.229	340.379	479	427	402	382	367	352	330	301	271	240	202	1	44	1777.433	363.108	0	0	0	124	123.523	0	0	292	299.636	0	0	0	0	0	0	0	0	0	0	0	0	0	0	0	0	0
50	50	732	1840.204	369.418	0.951	36	87	288	274	33	36	87	288	274	33	109.000	142.807	173	160	154	149	145	142	139	135	132	128	121	109.960	2017.747	3050	2673	2522	2392	2240	2098	1920	1789	1528	1156	709	0	0	0.000	0.000	0	0	0	0	0.000	0	0	0	0.000	0	0	0	0	0	0	0	0	0	0	0	0	0	0	0	0	0
51	51	1060	627.249	381.518	0.909	28	173	397	392	51	28	173	397	392	51	109.000	122.245	137	131	127	124	122	121	120	119	118	117	113	105.409	2722.784	4023	3507	3379	3267	3087	2914	2677	2379	2008	1585	991	0	0	0.000	0.000	0	0	0	0	0.000	0	0	0	0.000	0	0	0	0	0	0	0	0	0	0	0	0	0	0	0	0	0
52	52	1690	1810.167	391.833	0.852	55	406	889	269	31	55	406	889	269	31	109.000	115.562	122	118	117	117	116	115	115	114	114	113	110	109.946	343.366	587	440	425	406	383	358	329	292	256	219	169	0	0	0.000	0.000	0	0	0	0	0.000	0	0	0	0.000	0	0	0	0	0	0	0	0	0	0	0	0	0	0	0	0	0
53	53	1996	584.564	398.468	0.888	123	718	879	199	27	123	718	879	199	27	109.232	176.797	333	201	190	181	174	171	167	162	158	149	126	105.108	133.187	212	146	141	137	134	131	129	127	125	123	111	1	35	595.626	396.263	0	0	0	309	308.886	0	0	124	124.286	0	0	0	0	0	0	0	0	0	0	0	0	0	0	0	0	0
54	54	1608	2023.364	403.759	0.845	27	69	398	1002	74	27	69	398	1002	74	106.880	128.138	170	149	136	129	126	124	122	120	119	117	112	106.647	552.762	832	744	689	650	612	576	526	466	397	332	275	0	0	0.000	0.000	0	0	0	0	0.000	0	0	0	0.000	0	0	0	0	0	0	0	0	0	0	0	0	0	0	0	0	0
55	55	1495	1753.420	404.328	0.884	29	205	748	452	35	29	205	748	452	35	108.993	115.356	127	120	118	116	115	115	114	114	113	112	109	108.512	382.662	542	497	473	444	417	389	363	329	295	252	193	0	0	0.000	0.000	0	0	0	0	0.000	0	0	0	0.000	0	0	0	0	0	0	0	0	0	0	0	0	0	0	0	0	0
56	56	2168	1875.992	413.880	0.872	182	959	835	129	11	182	959	835	129	11	109.000	135.074	149	144	142	140	139	136	134	131	128	124	117	108.413	1556.948	2431	2123	1963	1859	1757	1625	1470	1310	1112	874	529	0	0	0.000	0.000	0	0	0	0	0.000	0	0	0	0.000	0	0	0	0	0	0	0	0	0	0	0	0	0	0	0	0	0
57	57	1268	1352.162	428.737	0.878	53	95	605	443	44	53	95	605	443	44	110.000	135.055	153	146	144	140	137	135	132	129	127	124	118	104.872	1442.446	2277	2111	1991	1848	1666	1485	1309	1084	888	675	495	0	0	0.000	0.000	0	0	0	0	0.000	0	0	0	0.000	0	0	0	0	0	0	0	0	0	0	0	0	0	0	0	0	0
58	58	1621	1932.599	434.411	0.902	24	330	872	327	36	24	330	872	327	36	108.468	115.417	127	121	118	116	115	114	114	113	113	112	110	107.527	639.854	947	848	794	756	719	677	620	541	457	380	261	0	0	0.000	0.000	0	0	0	0	0.000	0	0	0	0.000	0	0	0	0	0	0	0	0	0	0	0	0	0	0	0	0	0
59	59	2271	1267.661	442.801	0.893	61	397	1242	499	34	61	397	1242	499	34	109.649	139.696	163	153	148	145	143	141	138	134	129	125	118	104.844	238.132	381	315	285	263	247	235	222	208	186	166	127	0	0	0.000	0.000	0	0	0	0	0.000	0	0	0	0.000	0	0	0	0	0	0	0	0	0	0	0	0	0	0	0	0	0
60	60	584	1305.581	426.899	0.904	13	59	153	260	90	13	59	153	260	90	110.000	124.272	134	131	129	127	125	124	122	121	120	119	115	105.000	194.493	253	237	224	211	198	191	184	176	169	160	141	0	0	0.000	0.000	0	0	0	0	0.000	0	0	0	0.000	0	0	0	0	0	0	0	0	0	0	0	0	0	0	0	0	0
61	61	1712	1816.891	437.331	0.859	27	473	927	245	13	27	473	927	245	13	109.481	226.274	2230	349	155	140	138	136	134	131	129	126	115	109.000	1395.806	2076	1860	1726	1609	1501	1405	1284	1178	1059	945	524	1	148	1823.220	435.278	0	0	0	924	1045.331	0	0	1603	1579.209	0	0	0	0	0	0	0	0	0	0	0	0	0	0	0	0	0
62	62	650	1540.164	445.643	0.870	318	253	54	11	7	318	253	54	11	7	109.000	130.211	154	145	139	136	132	129	127	123	120	118	112	104.000	122.398	144	135	128	125	123	121	119	118	116	113	107	0	0	0.000	0.000	0	0	0	0	0.000	0	0	0	0.000	0	0	0	0	0	0	0	0	0	0	0	0	0	0	0	0	0
63	63	532	577.029	444.029	0.839	188	168	132	24	11	188	168	132	24	11	109.000	145.293	157	154	151	149	147	146	144	142	140	138	129	104.000	125.472	144	138	132	129	127	124	122	120	118	116	109	0	0	0.000	0.000	0	0	0	0	0.000	0	0	0	0.000	0	0	0	0	0	0	0	0	0	0	0	0	0	0	0	0	0
64	64	1363	1894.792	456.982	0.902	25	104	829	361	16	25	104	829	361	16	108.944	116.122	127	121	119	117	116	115	115	114	114	113	109	108.453	617.721	973	864	798	755	710	649	579	476	393	342	257	0	0	0.000	0.000	0	0	0	0	0.000	0	0	0	0.000	0	0	0	0	0	0	0	0	0	0	0	0	0	0	0	0	0
65	65	1997	166.981	471.379	0.914	263	1202	434	50	10	263	1202	434	50	10	106.965	117.963	129	122	121	119	118	118	117	116	116	114	111	104.923	138.833	156	147	144	143	141	140	138	137	134	129	115	0	0	0.000	0.000	0	0	0	0	0.000	0	0	0	0.000	0	0	0	0	0	0	0	0	0	0	0	0	0	0	0	0	0
66	66	1068	868.243	464.711	0.903	94	628	210	96	22	94	628	210	96	22	109.675	125.574	132	129	128	127	127	126	125	124	123	121	116	103.967	3183.600	4639	4392	4075	3754	3470	3210	2915	2628	2327	1946	1512	0	0	0.000	0.000	0	0	0	0	0.000	0	0	0	0.000	0	0	0	0	0	0	0	0	0	0	0	0	0	0	0	0	0
67	67	1714	1782.435	471.291	0.857	19	245	945	439	40	19	245	945	439	40	109.937	232.929	609	290	250	238	228	220	211	200	190	175	143	109.000	192.903	239	221	210	202	196	191	186	181	177	171	146	1	48	1771.489	468.946	0	0	0	511	510.500	0	0	208	208.729	0	0	0	0	0	0	0	0	0	0	0	0	0	0	0	0	0
68	68	1536	430.537	478.221	0.894	23	70	460	862	95	23	70	460	862	95	108.833	115.326	130	120	117	116	115	115	114	114	113	112	110	103.583	723.309	1075	956	910	864	812	751	688	616	547	480	165	0	0	0.000	0.000	0	0	0	0	0.000	0	0	0	0.000	0	0	0	0	0	0	0	0	0	0	0	0	0	0	0	0	0
69	69	2219	1991.670	478.413	0.884	22	250	1252	617	26	22	250	1252	617	26	107.516	159.684	191	177	173	170	167	163	157	152	144	137	123	107.935	935.668	1509	1301	1188	1106	1033	956	870	779	682	534	323	0	0	0.000	0.000	0	0	0	0	0.000	0	0	0	0.000	0	0	0	0	0	0	0	0	0	0	0	0	0	0	0	0	0
70	70	1722	1363.537	488.668	0.893	35	450	894	281	26	35	450	894	281	26	109.997	140.744	157	151	148	146	144	142	140	137	133	129	120	105.000	1531.131	2439	2077	1889	1728	1605	1481	1381	1290	1206	1059	580	0	0	0.000	0.000	0	0	0	0	0.000	0	0	0	0.000	0	0	0	0	0	0	0	0	0	0	0	0	0	0	0	0	0
71	71	1799	1828.165	497.382	0.838	11	214	996	537	16	11	214	996	537	16	110.000	231.338	300	280	266	249	239	229	220	211	200	187	160	108.272	204.290	255	236	226	218	211	204	198	191	182	172	148	0	0	0.000	0.000	0	0	0	0	0.000	0	0	0	0.000	0	0	0	0	0	0	0	0	0	0	0	0	0	0	0	0	0
72	72	1999	1876.659	503.471	0.882	1315	564	9	7	7	1315	564	9	7	7	109.097	140.652	347	153	142	139	137	135	132	129	126	124	115	109.000	773.229	1163	1037	956	890	839	783	731	672	590	494	261	1	92	1869.131	510.708	0	0	0	245	251.402	0	0	835	821.793	0	0	0	0	0	0	0	0	0	0	0	0	0	0	0	0	0
73	73	1646	888.237	505.713	0.879	25	115	750	668	58	25	115	750	668	58	110.000	122.115	131	126	125	124	123	122	121	121	119	118	114	104.015	2293.773	4507	3726	3263	2924	2605	2248	1849	1514	1242	1013	724	0	0	0.000	0.000	0	0	0	0	0.000	0	0	0	0.000	0	0	0	0	0	0	0	0	0	0	0	0	0	0	0	0	0
74	74	2157	1725.505	509.603	0.884	99	591	1169	240	19	99	591	1169	240	19	109.649	120.796	131	126	124	123	121	120	119	119	118	117	114	107.781	3504.006	7186	5037	4606	4308	3844	3398	3118	2756	2360	1785	769	0	0	0.000	0.000	0	0	0	0	0.000	0	0	0	0.000	0	0	0	0	0	0	0	0	0	0	0	0	0	0	0	0	0
75	75	1917	1935.150	509.128	0.857	86	531	1062	150	47	86	531	1062	150	47	108.898	161.722	199	179	174	171	167	164	160	154	147	139	129	109.469	963.375	1595	1380	1255	1108	1012	942	860	785	689	584	448	0	0	0.000	0.000	0	0	0	0	0.000	0	0	0	0.000	0	0	0	0	0	0	0	0	0	0	0	0	0	0	0	0	0
76	76	1963	469.013	522.888	0.872	34	114	1004	743	25	34	114	1004	743	25	108.774	116.733	129	122	119	118	117	116	115	115	114	113	111	104.000	794.323	1202	1090	994	923	860	792	729	661	593	506	348	0	0	0.000	0.000	0	0	0	0	0.000	0	0	0	0.000	0	0	0	0	0	0	0	0	0	0	0	0	0	0	0	0	0
77	77	744	1789.651	515.197	0.903	12	71	326	294	27	12	71	326	294	27	110.000	184.253	227	216	210	202	193	185	176	168	159	151	139	108.113	186.082	226	212	205	200	194	188	181	175	166	157	137	0	0	0.000	0.000	0	0	0	0	0.000	0	0	0	0.000	0	0	0	0	0	0	0	0	0	0	0	0	0	0	0	0	0
78	78	366	432.297	514.446	0.918	95	130	81	39	12	95	130	81	39	12	109.000	115.495	121	118	117	117	116	116	115	114	114	113	110	103.839	460.511	808	637	536	483	469	452	428	407	364	317	246	0	0	0.000	0.000	0	0	0	0	0.000	0	0	0	0.000	0	0	0	0	0	0	0	0	0	0	0	0	0	0	0	0	0
79	79	386	1331.054	515.288	0.925	15	105	142	99	18	15	105	142	99	18	110.000	135.490	153	148	146	144	143	141	135	128	121	117	113	104.161	219.282	279	267	260	253	239	226	211	196	178	161	129	0	0	0.000	0.000	0	0	0	0	0.000	0	0	0	0.000	0	0	0	0	0	0	0	0	0	0	0	0	0	0	0	0	0
80	80	2248	210.015	546.782	0.879	135	1051	886	112	17	135	1051	886	112	17	107.463	270.737	2578	428	204	186	176	169	162	156	149	140	122	104.093	1528.397	2474	2118	1992	1894	1753	1609	1465	1250	1010	747	348	1	170	212.526	550.596	0	0	0	1207	1299.112	0	0	1456	1375.547	0	0	0	0	0	0	0	0	0	0	0	0	0	0	0	0	0
81	81	532	1489.876	537.833	0.927	60	140	198	101	21	60	140	198	101	21	109.162	124.331	134	131	129	127	125	124	123	121	120	119	115	104.692	250.117	347	326	308	286	264	245	232	213	197	179	156	0	0	0.000	0.000	0	0	0	0	0.000	0	0	0	0.000	0	0	0	0	0	0	0	0	0	0	0	0	0	0	0	0	0
82	82	781	163.411	540.607	0.922	18	91	382	253	27	18	91	382	253	27	106.451	138.977	160	153	148	145	142	139	135	132	130	126	120	103.899	1508.730	2128	1995	1899	1800	1694	1567	1424	1260	1098	941	667	0	0	0.000	0.000	0	0	0	0	0.000	0	0	0	0.000	0	0	0	0	0	0	0	0	0	0	0	0	0	0	0	0	0
83	83	1832	1758.934	556.280	0.903	43	541	1006	181	25	43	541	1006	181	25	110.000	120.680	130	125	124	123	122	121	120	119	117	116	113	107.967	3259.465	5888	4435	4187	3990	3783	3543	3190	2695	2040	1528	956	0	0	0.000	0.000	0	0	0	0	0.000	0	0	0	0.000	0	0	0	0	0	0	0	0	0	0	0	0	0	0	0	0	0
84	84	1490	1630.018	550.199	0.891	39	330	801	274	23	39	330	801	274	23	109.355	192.836	1198	219	200	186	177	168	161	155	148	140	127	105.219	661.421	893	808	757	725	699	673	653	623	588	485	271	1	54	1635.949	549.658	0	0	0	607	637.352	0	0	671	668.167	0	0	0	0	0	0	0	0	0	0	0	0	0	0	0	0	0
85	85	2078	1364.618	562.659	0.890	302	1701	21	7	8	302	1701	21	7	8	109.559	131.083	147	141	138	135	133	131	129	126	124	122	116	104.078	899.085	1390	1254	1183	1131	1048	956	844	723	577	430	316	0	0	0.000	0.000	0	0	0	0	0.000	0	0	0	0.000	0	0	0	0	0	0	0	0	0	0	0	0	0	0	0	0	0
86	86	1360	1863.616	556.831	0.864	160	1127	55	3	3	160	1127	55	3	3	109.000	124.397	148	131	129	127	125	124	122	121	120	118	115	108.775	657.944	970	883	834	795	751	688	613	542	464	384	297	0	0	0.000	0.000	0	0	0	0	0.000	0	0	0	0.000	0	0	0	0	0	0	0	0	0	0	0	0	0	0	0	0	0
87	87	1744	1939.947	559.647	0.903	665	874	102	61	10	665	874	102	61	10	108.193	118.091	126	122	121	119	118	118	117	117	116	115	111	110.000	1244.882	2039	1831	1665	1533	1379	1258	1124	982	830	631	434	0	0	0.000	0.000	0	0	0	0	0.000	0	0	0	0.000	0	0	0	0	0	0	0	0	0	0	0	0	0	0	0	0	0
88	88	1807	866.428	561.443	0.865	42	309	973	401	56	42	309	973	401	56	110.000	123.904	132	128	127	126	125	124	123	122	121	120	114	105.000	2833.136	4943	4559	4042	3493	2928	2507	2262	2050	1866	1622	1046	0	0	0.000	0.000	0	0	0	0	0.000	0	0	0	0.000	0	0	0	0	0	0	0	0	0	0	0	0	0	0	0	0	0
89	89	2476	1508.468	578.209	0.882	111	637	1413	232	35	111	637	1413	232	35	110.000	1029.234	11818	3210	483	247	210	192	178	169	159	148	131	105.000	580.511	1033	829	732	682	643	604	556	485	379	289	211	1	342	1512.555	588.585	0	0	0	5370	5827.854	0	0	877	845.854	0	0	0	0	0	0	0	0	0	0	0	0	0	0	0	0	0
90	90	1855	1981.578	578.853	0.883	1074	408	299	44	9	1074	408	299	44	9	107.823	121.237	132	126	124	123	122	121	120	119	118	117	110	109.122	3367.733	4974	4428	4127	3894	3677	3453	3192	2919	2620	2211	1206	0	0	0.000	0.000	0	0	0	0	0.000	0	0	0	0.000	0	0	0	0	0	0	0	0	0	0	0	0	0	0	0	0	0
91	91	1162	1013.271	578.318	0.898	40	160	461	400	90	40	160	461	400	90	110.000	150.022	180	169	163	159	156	152	146	141	136	130	121	104.208	1567.904	2891	2314	1995	1823	1674	1538	1377	1218	1094	948	492	0	0	0.000	0.000	0	0	0	0	0.000	0	0	0	0.000	0	0	0	0	0	0	0	0	0	0	0	0	0	0	0	0	0
92	92	1633	1415.387	585.925	0.895	48	73	602	758	118	48	73	602	758	118	109.780	263.903	3115	455	141	129	126	124	123	122	120	119	114	104.249	791.299	1304	1180	1090	983	879	781	701	601	504	412	295	1	147	1427.514	590.794	0	0	0	1366	1470.646	0	0	1202	1172.190	0	0	0	0	0	0	0	0	0	0	0	0	0	0	0	0	0
93	93	2072	1074.466	589.479	0.881	168	1573	255	35	7	168	1573	255	35	7	110.027	124.618	153	137	130	126	123	121	121	120	119	118	114	104.010	1177.621	2757	1736	1454	1295	1212	1140	1059	972	876	683	350	0	0	0.000	0.000	0	0	0	0	0.000	0	0	0	0.000	0	0	0	0	0	0	0	0	0	0	0	0	0	0	0	0	0
94	94	1424	705.845	588.700	0.905	54	503	759	64	19	54	503	759	64	19	109.400	136.793	180	162	150	143	137	133	129	127	124	120	114	104.000	3564.538	6972	5133	4460	4096	3833	3587	3352	2958	2505	1836	885	0	0	0.000	0.000	0	0	0	0	0.000	0	0	0	0.000	0	0	0	0	0	0	0	0	0	0	0	0	0	0	0	0	0
95	95	555	1796.089	582.522	0.855	49	204	214	70	8	49	204	214	70	8	109.820	122.712	139	132	129	126	124	121	119	118	117	116	113	106.984	2592.989	3246	3060	2947	2823	2703	2614	2523	2430	2268	2097	1775	0	0	0.000	0.000	0	0	0	0	0.000	0	0	0	0.000	0	0	0	0	0	0	0	0	0	0	0	0	0	0	0	0	0
96	96	2703	229.975	609.121	0.888	29	66	1154	1343	56	29	66	1154	1343	56	108.000	163.275	314	191	176	171	166	160	154	147	139	131	121	104.092	1655.206	2518	2276	2164	2067	1976	1852	1647	1379	1055	696	434	1	52	231.743	603.397	0	0	0	285	284.808	0	0	2236	2218.269	0	0	0	0	0	0	0	0	0	0	0	0	0	0	0	0	0
97	97	2512	1733.964	601.679	0.828	208	1314	863	66	14	208	1314	863	66	14	109.989	126.874	138	133	131	130	128	127	126	124	123	120	113	106.986	4265.135	8523	6763	5890	5106	4612	4224	3722	3247	2618	1948	779	0	0	0.000	0.000	0	0	0	0	0.000	0	0	0	0.000	0	0	0	0	0	0	0	0	0	0	0	0	0	0	0	0	0
98	98	1884	1931.841	611.560	0.887	572	962	266	38	17	572	962	266	38	17	108.897	123.379	137	131	129	127	125	123	121	120	118	116	112	108.985	2997.699	5109	4193	3835	3592	3337	3067	2809	2513	2147	1539	983	0	0	0.000	0.000	0	0	0	0	0.000	0	0	0	0.000	0	0	0	0	0	0	0	0	0	0	0	0	0	0	0	0	0
99	99	971	860.414	612.225	0.916	115	235	449	125	21	115	235	449	125	21	109.993	123.692	131	127	126	126	125	124	123	122	121	119	116	104.022	2388.953	3521	3377	3180	2924	2738	2554	2266	1941	1599	1224	646	0	0	0.000	0.000	0	0	0	0	0.000	0	0	0	0.000	0	0	0	0	0	0	0	0	0	0	0	0	0	0	0	0	0
100	100	473	1386.985	612.371	0.932	53	119	178	87	17	53	119	178	87	17	109.374	124.712	136	132	130	128	126	125	123	121	120	118	115	104.000	553.211	757	705	681	661	628	588	544	482	418	342	200	0	0	0.000	0.000	0	0	0	0	0.000	0	0	0	0.000	0	0	0	0	0	0	0	0	0	0	0	0	0	0	0	0	0
101	101	836	1105.486	634.740	0.911	19	141	495	144	12	19	141	495	144	12	110.160	118.761	127	123	121	120	119	118	118	117	116	115	113	104.000	1022.428	1420	1271	1204	1148	1101	1060	1000	913	821	721	557	0	0	0.000	0.000	0	0	0	0	0.000	0	0	0	0.000	0	0	0	0	0	0	0	0	0	0	0	0	0	0	0	0	0
102	102	1224	2009.276	648.239	0.870	58	206	646	266	20	58	206	646	266	20	107.123	124.445	134	130	129	127	126	124	123	122	120	118	112	107.084	2194.133	3118	2920	2748	2582	2428	2288	2095	1874	1632	1344	904	0	0	0.000	0.000	0	0	0	0	0.000	0	0	0	0.000	0	0	0	0	0	0	0	0	0	0	0	0	0	0	0	0	0
103	103	1388	228.582	666.497	0.885	23	92	497	669	84	23	92	497	669	84	108.000	158.726	186	177	173	170	166	161	156	150	143	136	126	103.486	2121.914	2793	2637	2534	2432	2328	2232	2123	1938	1700	1424	863	0	0	0.000	0.000	0	0	0	0	0.000	0	0	0	0.000	0	0	0	0	0	0	0	0	0	0	0	0	0	0	0	0	0
104	104	1639	1989.828	694.336	0.901	49	308	985	248	12	49	308	985	248	12	108.454	125.780	137	132	131	130	128	126	124	122	120	118	113	106.032	1845.286	3338	2981	2688	2421	2129	1812	1498	1233	994	781	650	0	0	0.000	0.000	0	0	0	0	0.000	0	0	0	0.000	0	0	0	0	0	0	0	0	0	0	0	0	0	0	0	0	0
105	105	1373	1342.006	722.867	0.890	56	466	708	94	15	56	466	708	94	15	110.000	231.467	318	293	271	253	239	231	220	210	193	173	144	103.740	1161.574	2006	1525	1414	1324	1247	1174	1108	1002	904	758	418	0	0	0.000	0.000	0	0	0	0	0.000	0	0	0	0.000	0	0	0	0	0	0	0	0	0	0	0	0	0	0	0	0	0
106	106	1914	737.836	731.611	0.894	61	715	904	171	19	61	715	904	171	19	110.633	153.522	173	166	164	162	159	157	153	147	143	136	124	103.996	150.868	167	161	159	157	155	153	151	147	143	137	120	0	0	0.000	0.000	0	0	0	0	0.000	0	0	0	0.000	0	0	0	0	0	0	0	0	0	0	0	0	0	0	0	0	0
107	107	1275	162.511	724.624	0.811	116	617	409	79	36	116	617	409	79	36	107.833	311.351	1681	843	406	216	164	146	141	136	133	130	122	103.036	515.483	1025	864	728	633	562	490	407	338	289	258	202	0	0	0.000	0.000	0	0	0	0	0.000	0	0	0	0.000	0	0	0	0	0	0	0	0	0	0	0	0	0	0	0	0	0
108	108	1405	1922.228	733.197	0.907	39	136	726	417	52	39	136	726	417	52	109.993	122.102	152	127	124	123	122	121	120	119	119	117	113	105.900	3575.640	5747	4943	4609	4341	4017	3708	3350	2929	2414	1951	1410	1	17	1922.853	744.500	0	0	0	147	146.765	0	0	5295	5277.412	0	0	0	0	0	0	0	0	0	0	0	0	0	0	0	0	0
109	109	1961	1981.117	740.947	0.886	53	236	1256	356	14	53	236	1256	356	14	108.936	151.627	739	193	134	128	127	126	125	124	121	118	113	105.688	3167.266	5196	4654	4244	3751	3332	2999	2757	2531	2286	1903	1051	1	155	1973.562	729.396	0	0	0	378	405.548	0	0	2326	2354.219	0	0	0	0	0	0	0	0	0	0	0	0	0	0	0	0	0
110	110	1373	165.978	757.522	0.792	35	214	523	543	35	35	214	523	543	35	108.000	156.711	825	176	146	143	141	139	137	135	132	128	117	103.185	569.232	1004	804	750	688	627	574	524	473	401	300	187	0	0	0.000	0.000	0	0	0	0	0.000	0	0	0	0.000	0	0	0	0	0	0	0	0	0	0	0	0	0	0	0	0	0
111	111	646	243.301	754.573	0.901	79	324	183	38	12	79	324	183	38	12	107.947	127.262	141	138	134	131	129	127	125	123	121	118	112	104.077	120.308	135	128	126	124	123	121	119	117	114	111	105	0	0	0.000	0.000	0	0	0	0	0.000	0	0	0	0.000	0	0	0	0	0	0	0	0	0	0	0	0	0	0	0	0	0
112	112	1516	1405.310	769.772	0.876	51	446	842	146	8	51	446	842	146	8	109.958	125.206	149	142	135	127	123	121	120	118	118	116	114	103.411	124.683	143	135	131	128	126	124	122	120	118	116	110	0	0	0.000	0.000	0	0	0	0	0.000	0	0	0	0.000	0	0	0	0	0	0	0	0	0	0	0	0	0	0	0	0	0
113	113	2403	343.961	786.637	0.890	181	1358	754	55	10	181	1358	754	55	10	108.994	126.862	137	132	130	129	128	128	127	125	123	121	116	104.980	2179.021	2928	2748	2669	2597	2504	2394	2220	2005	1684	1123	724	0	0	0.000	0.000	0	0	0	0	0.000	0	0	0	0.000	0	0	0	0	0	0	0	0	0	0	0	0	0	0	0	0	0
114	114	1540	737.339	784.579	0.914	32	438	864	154	10	32	438	864	154	10	110.000	138.760	160	152	150	147	143	138	135	131	127	125	119	103.952	136.622	160	150	147	144	141	138	134	129	124	121	112	0	0	0.000	0.000	0	0	0	0	0.000	0	0	0	0.000	0	0	0	0	0	0	0	0	0	0	0	0	0	0	0	0	0
115	115	2464	1738.614	802.831	0.836	35	449	1400	494	44	35	449	1400	494	44	110.000	150.149	168	161	158	155	153	151	149	146	143	138	125	104.148	1397.825	2256	1953	1825	1672	1532	1405	1291	1152	993	822	424	0	0	0.000	0.000	0	0	0	0	0.000	0	0	0	0.000	0	0	0	0	0	0	0	0	0	0	0	0	0	0	0	0	0
116	116	1437	1943.020	790.227	0.857	48	588	631	133	15	48	588	631	133	15	109.001	130.958	160	142	135	132	131	130	129	127	125	122	115	106.000	728.074	951	876	845	817	783	747	705	661	606	551	327	0	0	0.000	0.000	0	0	0	0	0.000	0	0	0	0.000	0	0	0	0	0	0	0	0	0	0	0	0	0	0	0	0	0
117	117	1544	1994.453	799.919	0.903	99	699	587	109	24	99	699	587	109	24	108.937	283.276	1927	699	288	170	156	149	144	138	133	129	122	105.503	668.319	969	879	848	805	757	694	616	549	492	423	272	1	229	2008.256	811.667	0	0	0	886	958.319	0	0	593	589.223	0	0	0	0	0	0	0	0	0	0	0	0	0	0	0	0	0
118	118	1739	594.272	814.669	0.895	991	563	70	59	25	991	563	70	59	25	110.000	728.849	8933	1751	346	261	248	231	214	198	179	164	144	104.125	634.086	1118	935	832	765	712	654	579	489	406	315	213	1	189	586.973	804.196	0	0	0	4078	4413.175	0	0	981	957.688	0	0	0	0	0	0	0	0	0	0	0	0	0	0	0	0	0
119	119	1299	407.448	813.172	0.867	40	211	742	264	23	40	211	742	264	23	109.000	124.677	134	130	128	127	126	125	124	123	121	119	113	104.052	1022.401	1457	1310	1224	1153	1084	1017	969	914	835	729	473	0	0	0.000	0.000	0	0	0	0	0.000	0	0	0	0.000	0	0	0	0	0	0	0	0	0	0	0	0	0	0	0	0	0
120	120	1531	456.817	819.268	0.895	94	489	792	111	11	94	489	792	111	11	109.507	117.523	129	125	122	119	117	116	115	115	114	113	111	103.000	127.057	147	137	133	130	128	126	125	123	121	119	110	0	0	0.000	0.000	0	0	0	0	0.000	0	0	0	0.000	0	0	0	0	0	0	0	0	0	0	0	0	0	0	0	0	0
121	121	482	504.280	811.277	0.936	97	180	145	40	10	97	180	145	40	10	109.000	129.660	151	145	141	137	132	128	125	121	119	117	113	102.512	115.990	139	127	122	120	118	115	113	110	109	107	104	0	0	0.000	0.000	0	0	0	0	0.000	0	0	0	0.000	0	0	0	0	0	0	0	0	0	0	0	0	0	0	0	0	0
122	122	2132	1910.268	826.279	0.903	8	284	1516	274	11	8	284	1516	274	11	109.504	316.353	4377	438	168	158	151	146	141	137	133	129	120	106.099	560.738	871	769	719	677	634	572	499	435	394	351	194	1	165	1921.459	832.419	0	0	0	1833	2061.442	0	0	695	673.879	0	0	0	0	0	0	0	0	0	0	0	0	0	0	0	0	0
123	123	2689	910.781	830.247	0.874	49	1310	1131	114	21	49	1310	1131	114	21	110.466	222.035	415	259	250	241	234	226	214	199	184	168	145	106.230	4036.284	6477	5691	5372	4980	4680	4349	3890	3261	2554	1869	1218	0	0	0.000	0.000	0	0	0	0	0.000	0	0	0	0.000	0	0	0	0	0	0	0	0	0	0	0	0	0	0	0	0	0
124	124	2607	302.919	838.623	0.872	56	716	1556	158	74	56	716	1556	158	74	108.630	351.776	5233	609	170	137	132	130	128	125	123	120	113	104.762	1982.447	3061	2783	2656	2478	2213	2020	1863	1645	1301	1007	627	1	216	308.850	836.329	0	0	0	2162	2433.019	0	0	2279	2245.894	0	0	0	0	0	0	0	0	0	0	0	0	0	0	0	0	0
125	125	1638	1962.284	833.522	0.856	239	812	394	100	51	239	812	394	100	51	109.991	128.383	180	136	133	130	128	127	125	123	122	119	115	106.702	641.200	1018	891	820	766	711	653	596	522	442	367	280	1	24	1974.022	833.013	0	0	0	169	168.000	0	0	325	322.833	0	0	0	0	0	0	0	0	0	0	0	0	0	0	0	0	0
126	126	1872	363.743	841.327	0.878	140	975	640	67	12	140	975	640	67	12	109.000	157.612	1242	159	129	127	125	124	123	122	121	119	113	105.000	805.196	1584	1336	1171	1051	948	795	651	530	406	290	226	1	113	354.841	825.281	0	0	0	556	602.628	0	0	1188	1152.451	0	0	0	0	0	0	0	0	0	0	0	0	0	0	0	0	0
127	127	382	867.031	828.840	0.936	8	47	72	187	64	8	47	72	187	64	110.000	159.332	179	175	173	170	166	162	157	152	146	140	131	105.110	2630.411	3820	3460	3287	3138	2978	2805	2551	2266	1937	1545	1110	0	0	0.000	0.000	0	0	0	0	0.000	0	0	0	0.000	0	0	0	0	0	0	0	0	0	0	0	0	0	0	0	0	0
128	128	2748	640.342	858.859	0.819	11	252	1863	544	19	11	252	1863	544	19	109.842	256.897	452	306	297	288	276	263	247	230	209	185	149	104.425	859.738	1307	1244	1184	1109	979	875	788	681	549	396	282	0	0	0.000	0.000	0	0	0	0	0.000	0	0	0	0.000	0	0	0	0	0	0	0	0	0	0	0	0	0	0	0	0	0
129	129	407	1491.072	841.995	0.944	10	84	213	86	9	10	84	213	86	9	110.951	137.634	151	145	144	142	141	139	137	134	131	127	120	104.022	2810.206	3927	3750	3624	3515	3300	3023	2717	2372	1949	1401	760	0	0	0.000	0.000	0	0	0	0	0.000	0	0	0	0.000	0	0	0	0	0	0	0	0	0	0	0	0	0	0	0	0	0
130	130	889	987.424	853.827	0.870	31	91	380	356	17	31	91	380	356	17	110.006	209.183	242	231	226	220	217	214	210	204	194	178	148	105.627	3606.530	4862	4629	4451	4178	3924	3667	3499	3206	2892	2443	1298	0	0	0.000	0.000	0	0	0	0	0.000	0	0	0	0.000	0	0	0	0	0	0	0	0	0	0	0	0	0	0	0	0	0
131	131	1407	1743.001	866.566	0.839	62	81	384	685	167	62	81	384	685	167	110.000	143.328	162	156	153	148	145	143	141	138	135	131	122	104.344	1240.550	1865	1594	1510	1436	1361	1287	1195	1092	971	798	497	0	0	0.000	0.000	0	0	0	0	0.000	0	0	0	0.000	0	0	0	0	0	0	0	0	0	0	0	0	0	0	0	0	0
132	132	2414	1867.387	868.771	0.892	13	146	976	1159	91	13	146	976	1159	91	110.277	160.833	658	180	156	152	150	147	144	139	135	130	120	105.242	595.139	825	750	725	698	675	648	612	534	435	339	264	1	117	1871.239	854.956	0	0	0	378	395.983	0	0	626	592.744	0	0	0	0	0	0	0	0	0	0	0	0	0	0	0	0	0
133	133	2086	149.880	868.891	0.836	13	194	1411	429	12	13	194	1411	429	12	106.972	113.381	120	116	115	114	114	113	113	112	112	111	109	102.000	171.291	233	208	196	188	181	173	165	155	144	133	113	0	0	0.000	0.000	0	0	0	0	0.000	0	0	0	0.000	0	0	0	0	0	0	0	0	0	0	0	0	0	0	0	0	0
134	134	797	1824.351	861.769	0.906	42	135	332	222	46	42	135	332	222	46	110.020	120.320	133	127	124	122	120	119	118	117	117	116	113	104.000	162.383	206	190	179	170	166	161	157	152	144	137	128	0	0	0.000	0.000	0	0	0	0	0.000	0	0	0	0.000	0	0	0	0	0	0	0	0	0	0	0	0	0	0	0	0	0
135	135	2446	947.339	878.498	0.872	12	177	1877	334	11	12	177	1877	334	11	111.218	293.818	2843	303	241	232	223	212	199	185	170	158	137	107.214	3414.146	5653	4994	4549	4219	3954	3652	3234	2684	2093	1501	898	1	148	948.008	854.439	0	0	0	1388	1490.676	0	0	5079	4816.264	0	0	0	0	0	0	0	0	0	0	0	0	0	0	0	0	0
136	136	2427	1509.703	882.704	0.872	18	75	1230	983	84	18	75	1230	983	84	111.005	147.932	172	163	159	155	153	150	147	142	136	129	120	105.000	3513.389	6840	5870	5236	4604	3925	3392	2774	2286	1813	1415	961	0	0	0.000	0.000	0	0	0	0	0.000	0	0	0	0.000	0	0	0	0	0	0	0	0	0	0	0	0	0	0	0	0	0
137	137	1783	1918.945	885.696	0.897	9	214	822	641	63	9	214	822	641	63	110.000	161.931	525	190	157	154	152	149	146	142	136	130	120	106.034	534.881	781	698	658	621	583	542	501	457	415	353	224	1	105	1922.358	895.338	0	0	0	343	354.000	0	0	490	491.810	0	0	0	0	0	0	0	0	0	0	0	0	0	0	0	0	0
138	138	1704	891.060	912.511	0.896	335	1083	210	42	14	335	1083	210	42	14	111.638	373.528	476	453	432	411	390	373	352	336	323	304	205	107.989	4100.674	5770	5428	5119	4736	4357	4085	3778	3472	3166	2858	1685	0	0	0.000	0.000	0	0	0	0	0.000	0	0	0	0.000	0	0	0	0	0	0	0	0	0	0	0	0	0	0	0	0	0
139	139	319	158.977	900.342	0.899	14	36	103	114	49	14	36	103	114	49	107.000	112.498	119	115	114	113	113	112	112	111	111	110	109	102.000	138.552	172	157	153	150	146	142	136	129	121	115	109	0	0	0.000	0.000	0	0	0	0	0.000	0	0	0	0.000	0	0	0	0	0	0	0	0	0	0	0	0	0	0	0	0	0
140	140	1778	129.917	927.887	0.861	142	1175	385	31	7	142	1175	385	31	7	106.556	113.736	121	117	116	115	114	114	113	112	111	111	108	102.000	175.101	227	213	204	196	188	180	171	161	146	127	106	0	0	0.000	0.000	0	0	0	0	0.000	0	0	0	0.000	0	0	0	0	0	0	0	0	0	0	0	0	0	0	0	0	0
141	141	1473	666.215	923.580	0.903	37	311	869	211	15	37	311	869	211	15	109.645	242.942	300	286	278	271	262	253	240	223	204	183	152	104.000	906.695	1163	1125	1102	1064	1013	953	886	813	719	593	351	0	0	0.000	0.000	0	0	0	0	0.000	0	0	0	0.000	0	0	0	0	0	0	0	0	0	0	0	0	0	0	0	0	0
142	142	2425	1486.092	932.072	0.874	106	1070	1049	108	31	106	1070	1049	108	31	111.626	147.072	171	161	157	153	150	147	145	142	138	132	124	105.000	3325.606	6262	5216	4623	4169	3700	3273	2855	2507	2093	1438	801	0	0	0.000	0.000	0	0	0	0	0.000	0	0	0	0.000	0	0	0	0	0	0	0	0	0	0	0	0	0	0	0	0	0
143	143	2503	944.246	945.473	0.884	120	991	999	288	61	120	991	999	288	61	111.733	2100.537	27724	6075	956	434	366	346	323	286	242	200	162	107.520	3076.483	5939	5047	4284	3753	3481	3228	2819	2217	1620	1124	611	1	299	954.680	952.749	0	0	0	12644	13695.201	0	0	4927	4856.000	0	0	0	0	0	0	0	0	0	0	0	0	0	0	0	0	0
144	144	1646	504.143	969.855	0.853	23	110	847	565	68	23	110	847	565	68	109.220	124.999	134	130	129	128	126	125	124	123	121	120	113	103.000	724.952	1053	906	845	801	768	733	693	651	595	545	324	0	0	0.000	0.000	0	0	0	0	0.000	0	0	0	0.000	0	0	0	0	0	0	0	0	0	0	0	0	0	0	0	0	0
145	145	1401	2022.987	981.569	0.920	155	589	552	67	10	155	589	552	67	10	108.111	127.566	147	140	134	130	128	126	125	124	121	119	112	105.972	6754.368	11113	9260	8438	7821	7414	6864	6380	5803	5058	4020	2032	0	0	0.000	0.000	0	0	0	0	0.000	0	0	0	0.000	0	0	0	0	0	0	0	0	0	0	0	0	0	0	0	0	0
146	146	1694	680.359	1003.312	0.901	114	394	780	348	32	114	394	780	348	32	109.992	157.705	205	185	177	169	161	155	150	146	140	133	122	104.000	2877.883	6943	5000	4166	3584	3077	2551	2121	1788	1526	1370	780	0	0	0.000	0.000	0	0	0	0	0.000	0	0	0	0.000	0	0	0	0	0	0	0	0	0	0	0	0	0	0	0	0	0
147	147	2018	1979.772	1006.925	0.876	99	774	946	133	20	99	774	946	133	20	108.996	134.783	155	148	145	141	137	133	130	128	126	123	117	105.517	7598.802	13066	9930	9262	8704	8168	7543	7010	6548	6074	5283	2573	0	0	0.000	0.000	0	0	0	0	0.000	0	0	0	0.000	0	0	0	0	0	0	0	0	0	0	0	0	0	0	0	0	0
148	148	1539	527.731	1012.216	0.866	45	90	581	700	99	45	90	581	700	99	110.000	126.746	140	134	132	130	129	127	125	123	121	119	115	103.734	739.567	1141	1005	940	875	815	750	681	611	542	459	283	0	0	0.000	0.000	0	0	0	0	0.000	0	0	0	0.000	0	0	0	0	0	0	0	0	0	0	0	0	0	0	0	0	0
149	149	578	887.949	1015.833	0.897	300	74	88	75	38	300	74	88	75	38	111.000	118.827	124	121	121	120	119	119	118	118	117	116	115	107.029	669.301	889	842	807	774	735	707	649	583	517	450	342	0	0	0.000	0.000	0	0	0	0	0.000	0	0	0	0.000	0	0	0	0	0	0	0	0	0	0	0	0	0	0	0	0	0
150	150	1922	853.057	1032.823	0.875	395	1015	427	28	18	395	1015	427	28	18	110.656	119.807	131	123	122	121	120	119	119	118	118	117	114	106.599	978.238	1449	1318	1228	1142	1062	985	903	819	724	643	453	0	0	0.000	0.000	0	0	0	0	0.000	0	0	0	0.000	0	0	0	0	0	0	0	0	0	0	0	0	0	0	0	0	0
151	151	1642	174.627	1045.368	0.854	21	186	823	521	54	21	186	823	521	54	108.000	124.734	322	133	122	120	119	118	117	116	115	114	111	103.000	638.787	992	892	809	717	650	600	561	527	493	453	315	1	96	177.307	1041.772	0	0	0	205	212.167	0	0	914	867.948	0	0	0	0	0	0	0	0	0	0	0	0	0	0	0	0	0
152	152	2061	48.626	1064.921	0.902	439	1296	225	48	9	439	1296	225	48	9	105.538	175.331	243	206	196	189	183	175	165	157	150	145	136	102.628	2209.725	4578	3652	3290	2861	2419	2061	1748	1476	1206	922	656	0	0	0.000	0.000	0	0	0	0	0.000	0	0	0	0.000	0	0	0	0	0	0	0	0	0	0	0	0	0	0	0	0	0
153	153	1813	546.473	1063.102	0.894	57	380	1035	278	25	57	380	1035	278	25	110.000	225.092	2099	389	160	135	134	132	130	128	126	123	117	104.056	130.933	150	139	137	135	134	132	130	127	125	121	109	1	160	553.799	1075.804	0	0	0	930	1014.806	0	0	142	140.887	0	0	0	0	0	0	0	0	0	0	0	0	0	0	0	0	0
154	154	1938	1549.606	1064.119	0.876	69	628	917	260	31	69	628	917	260	31	112.000	244.158	1296	272	261	251	242	233	225	214	197	171	145	104.000	738.848	1109	991	936	875	805	753	710	663	568	419	251	1	46	1534.156	1056.209	0	0	0	754	782.413	0	0	736	732.761	0	0	0	0	0	0	0	0	0	0	0	0	0	0	0	0	0
155	155	1964	1489.853	1074.379	0.864	19	66	496	1196	151	19	66	496	1196	151	110.808	808.594	11802	1637	284	242	232	222	213	201	188	166	130	104.000	624.537	972	852	790	742	694	649	589	524	452	364	191	1	193	1474.320	1078.070	0	0	0	5163	5630.860	0	0	845	807.067	0	0	0	0	0	0	0	0	0	0	0	0	0	0	0	0	0
156	156	691	137.678	1067.837	0.904	26	47	292	293	23	26	47	292	293	23	107.013	116.449	122	120	119	118	117	117	116	115	114	112	109	102.479	604.460	921	811	756	700	658	615	564	511	459	378	221	0	0	0.000	0.000	0	0	0	0	0.000	0	0	0	0.000	0	0	0	0	0	0	0	0	0	0	0	0	0	0	0	0	0
157	157	2226	2002.615	1094.159	0.910	165	1335	632	29	15	165	1335	632	29	15	109.530	202.894	1162	227	210	199	192	184	174	165	158	150	130	105.466	783.830	1425	1219	1086	996	899	791	669	542	446	355	258	1	71	2015.122	1100.958	0	0	0	680	686.746	0	0	1248	1189.239	0	0	0	0	0	0	0	0	0	0	0	0	0	0	0	0	0
158	158	2306	400.322	1098.672	0.882	104	1316	762	71	11	104	1316	762	71	11	108.890	446.184	6819	450	138	131	128	126	124	122	121	119	111	106.312	3306.565	5038	4568	4317	4103	3849	3579	3259	2862	2277	1344	884	1	240	406.270	1117.068	0	0	0	3178	3368.983	0	0	4486	4384.292	0	0	0	0	0	0	0	0	0	0	0	0	0	0	0	0	0
159	159	2597	462.185	1109.236	0.892	149	680	1478	233	17	149	680	1478	233	17	110.000	133.006	437	138	129	127	125	124	123	122	121	119	112	106.390	2908.630	4415	3878	3670	3472	3224	2965	2695	2474	2159	1749	1213	1	128	458.204	1112.684	0	0	0	250	270.414	0	0	2636	2666.281	0	0	0	0	0	0	0	0	0	0	0	0	0	0	0	0	0
160	160	1142	948.941	1097.015	0.926	33	237	537	262	43	33	237	537	262	43	110.000	120.797	132	127	123	122	121	120	119	119	118	117	112	104.996	118.812	129	122	121	120	119	119	118	117	117	115	109	0	0	0.000	0.000	0	0	0	0	0.000	0	0	0	0.000	0	0	0	0	0	0	0	0	0	0	0	0	0	0	0	0	0
161	161	1537	543.441	1119.380	0.894	103	625	605	155	17	103	625	605	155	17	109.850	128.271	150	137	133	130	128	127	126	125	123	122	116	104.650	129.725	151	139	136	134	132	130	128	126	124	120	110	0	0	0.000	0.000	0	0	0	0	0.000	0	0	0	0.000	0	0	0	0	0	0	0	0	0	0	0	0	0	0	0	0	0
162	162	1790	1114.116	1126.729	0.880	97	1225	422	9	7	97	1225	422	9	7	111.000	120.247	130	125	123	121	120	120	119	118	118	117	113	104.406	1296.774	2433	2057	1792	1554	1369	1260	1152	997	829	613	384	0	0	0.000	0.000	0	0	0	0	0.000	0	0	0	0.000	0	0	0	0	0	0	0	0	0	0	0	0	0	0	0	0	0
163	163	869	1665.554	1119.670	0.899	39	466	200	121	26	39	466	200	121	26	110.522	125.270	134	130	128	127	127	125	124	123	122	120	116	103.979	483.786	636	608	587	556	523	492	461	427	389	342	265	0	0	0.000	0.000	0	0	0	0	0.000	0	0	0	0.000	0	0	0	0	0	0	0	0	0	0	0	0	0	0	0	0	0
164	164	1664	1218.447	1123.236	0.892	148	1070	349	52	20	148	1070	349	52	20	111.325	142.870	188	155	148	146	144	142	140	138	135	130	123	104.332	145.162	221	162	154	150	147	144	141	138	135	131	120	0	0	0.000	0.000	0	0	0	0	0.000	0	0	0	0.000	0	0	0	0	0	0	0	0	0	0	0	0	0	0	0	0	0
165	165	1947	1492.732	1129.712	0.885	44	117	1079	642	29	44	117	1079	642	29	111.243	134.289	276	159	136	130	127	126	124	123	122	120	114	104.000	527.993	865	779	733	672	605	535	461	390	329	259	184	1	149	1482.612	1132.091	0	0	0	206	209.060	0	0	626	615.309	0	0	0	0	0	0	0	0	0	0	0	0	0	0	0	0	0
166	166	1756	1821.179	1133.747	0.877	41	463	855	331	38	41	463	855	331	38	110.901	126.526	139	134	132	130	128	126	125	123	121	119	113	103.450	552.957	833	752	706	664	630	586	518	450	389	309	222	0	0	0.000	0.000	0	0	0	0	0.000	0	0	0	0.000	0	0	0	0	0	0	0	0	0	0	0	0	0	0	0	0	0
167	167	1701	1299.071	1139.925	0.881	167	902	503	71	14	167	902	503	71	14	112.000	126.894	134	131	130	129	128	127	126	125	124	122	117	103.956	139.340	157	149	146	144	142	140	137	135	133	129	121	0	0	0.000	0.000	0	0	0	0	0.000	0	0	0	0.000	0	0	0	0	0	0	0	0	0	0	0	0	0	0	0	0	0
168	168	1763	938.251	1146.417	0.897	12	345	894	432	41	12	345	894	432	41	110.551	125.326	203	137	126	123	122	121	120	120	119	118	114	104.600	1079.027	1768	1492	1380	1262	1147	1051	953	880	805	708	503	1	118	945.709	1147.617	0	0	0	165	166.924	0	0	1354	1298.746	0	0	0	0	0	0	0	0	0	0	0	0	0	0	0	0	0
169	169	1145	1947.431	1150.235	0.900	482	576	31	18	11	482	576	31	18	11	110.465	122.028	130	126	125	124	123	122	122	121	119	117	114	105.206	910.867	1310	1148	1093	1034	970	915	863	815	741	647	434	0	0	0.000	0.000	0	0	0	0	0.000	0	0	0	0.000	0	0	0	0	0	0	0	0	0	0	0	0	0	0	0	0	0
170	170	1529	1248.679	1159.048	0.894	29	199	711	489	68	29	199	711	489	68	112.000	173.658	1050	186	163	157	153	149	145	141	138	134	127	105.000	2144.148	3477	2963	2749	2574	2405	2177	1933	1691	1480	1291	944	1	81	1250.438	1155.673	0	0	0	500	539.333	0	0	2797	2726.444	0	0	0	0	0	0	0	0	0	0	0	0	0	0	0	0	0
171	171	1927	746.097	1157.181	0.847	954	524	169	137	120	954	524	169	137	120	110.000	121.583	134	126	124	123	122	121	121	120	119	118	114	106.807	2946.910	4593	4048	3668	3441	3229	3000	2770	2582	2278	1765	620	0	0	0.000	0.000	0	0	0	0	0.000	0	0	0	0.000	0	0	0	0	0	0	0	0	0	0	0	0	0	0	0	0	0
172	172	1833	1663.529	1171.539	0.846	92	1113	493	61	23	92	1113	493	61	23	111.202	126.193	138	132	129	128	127	126	125	124	123	121	115	104.000	516.975	858	739	684	631	578	521	464	420	350	272	212	0	0	0.000	0.000	0	0	0	0	0.000	0	0	0	0.000	0	0	0	0	0	0	0	0	0	0	0	0	0	0	0	0	0
173	173	1852	1996.159	1172.605	0.890	709	920	115	66	14	709	920	115	66	14	111.000	125.607	139	133	131	128	126	125	124	123	121	120	113	106.521	1027.584	1693	1482	1368	1266	1162	1061	951	798	648	512	407	0	0	0.000	0.000	0	0	0	0	0.000	0	0	0	0.000	0	0	0	0	0	0	0	0	0	0	0	0	0	0	0	0	0
174	174	1354	991.065	1173.690	0.853	41	123	713	413	47	41	123	713	413	47	110.048	118.719	125	121	120	120	119	119	118	118	117	116	114	104.355	1249.257	1914	1748	1604	1495	1391	1322	1221	1073	857	639	391	0	0	0.000	0.000	0	0	0	0	0.000	0	0	0	0.000	0	0	0	0	0	0	0	0	0	0	0	0	0	0	0	0	0
175	175	1420	1341.606	1181.117	0.844	115	817	432	22	6	115	817	432	22	6	111.337	122.727	130	126	125	124	124	123	122	121	120	119	114	104.000	133.824	154	142	139	137	135	134	133	131	129	126	110	0	0	0.000	0.000	0	0	0	0	0.000	0	0	0	0.000	0	0	0	0	0	0	0	0	0	0	0	0	0	0	0	0	0
176	176	1795	402.530	1182.856	0.894	231	1110	411	13	4	231	1110	411	13	4	110.000	208.344	1116	259	196	185	177	171	164	156	149	143	134	109.000	1011.543	1711	1527	1366	1234	1085	970	860	758	686	581	369	1	128	402.313	1198.656	0	0	0	611	646.641	0	0	1439	1358.852	0	0	0	0	0	0	0	0	0	0	0	0	0	0	0	0	0
177	177	1496	890.627	1183.487	0.917	17	159	747	500	39	17	159	747	500	39	110.270	123.178	130	127	126	125	124	123	122	122	121	119	115	103.632	1451.756	2250	1903	1716	1613	1539	1466	1391	1288	1177	961	637	0	0	0.000	0.000	0	0	0	0	0.000	0	0	0	0.000	0	0	0	0	0	0	0	0	0	0	0	0	0	0	0	0	0
178	178	1552	1899.744	1191.598	0.893	80	641	650	123	19	80	641	650	123	19	110.991	125.972	144	135	131	129	127	126	124	122	120	118	114	104.883	1061.462	1667	1439	1312	1217	1142	1090	1023	932	824	636	303	0	0	0.000	0.000	0	0	0	0	0.000	0	0	0	0.000	0	0	0	0	0	0	0	0	0	0	0	0	0	0	0	0	0
179	179	1527	943.191	1199.520	0.900	872	561	21	11	9	872	561	21	11	9	110.200	462.637	4931	1398	258	139	130	126	125	123	121	119	113	102.603	1217.457	2181	1828	1600	1452	1312	1167	1045	936	816	688	409	1	203	942.947	1207.972	0	0	0	2192	2403.069	0	0	1934	1885.429	0	0	0	0	0	0	0	0	0	0	0	0	0	0	0	0	0
180	180	1711	1946.932	1201.646	0.871	121	543	956	47	11	121	543	956	47	11	111.103	122.829	130	127	125	124	124	123	122	121	120	119	114	105.690	1309.544	2072	1880	1734	1639	1513	1354	1196	1032	862	663	439	0	0	0.000	0.000	0	0	0	0	0.000	0	0	0	0.000	0	0	0	0	0	0	0	0	0	0	0	0	0	0	0	0	0
181	181	1130	1050.987	1209.296	0.893	38	190	538	321	14	38	190	538	321	14	111.000	121.088	129	126	124	123	122	121	120	119	118	117	114	104.680	263.678	386	337	312	293	276	264	251	237	215	188	152	0	0	0.000	0.000	0	0	0	0	0.000	0	0	0	0.000	0	0	0	0	0	0	0	0	0	0	0	0	0	0	0	0	0
182	182	2106	447.178	1226.116	0.869	22	102	939	946	50	22	102	939	946	50	109.995	341.410	3377	548	221	204	193	187	179	169	160	149	127	108.567	1556.191	2822	2407	2034	1880	1725	1578	1420	1217	979	718	411	1	205	441.809	1234.562	0	0	0	1551	1678.102	0	0	2547	2459.498	0	0	0	0	0	0	0	0	0	0	0	0	0	0	0	0	0
183	183	1956	385.274	1230.098	0.885	48	150	1062	599	71	48	150	1062	599	71	109.975	203.365	248	238	229	219	210	202	195	189	180	173	139	109.000	1946.407	2805	2616	2482	2319	2156	1978	1779	1591	1418	1263	837	0	0	0.000	0.000	0	0	0	0	0.000	0	0	0	0.000	0	0	0	0	0	0	0	0	0	0	0	0	0	0	0	0	0
184	184	1709	668.103	1242.630	0.854	16	293	889	438	50	16	293	889	438	50	109.717	119.534	127	123	122	121	120	119	118	118	117	116	113	105.762	2025.492	3387	2709	2499	2261	2088	1969	1854	1732	1617	1405	829	0	0	0.000	0.000	0	0	0	0	0.000	0	0	0	0.000	0	0	0	0	0	0	0	0	0	0	0	0	0	0	0	0	0
185	185	1781	827.848	1239.107	0.841	67	373	849	406	56	67	373	849	406	56	110.680	137.801	566	136	130	129	128	127	126	125	123	121	115	105.788	1327.036	1912	1668	1583	1495	1409	1318	1246	1197	1121	960	641	1	89	815.663	1231.607	0	0	0	301	319.584	0	0	1656	1653.775	0	0	0	0	0	0	0	0	0	0	0	0	0	0	0	0	0
186	186	508	2009.756	1230.391	0.832	236	136	72	43	15	236	136	72	43	15	110.573	238.075	375	317	282	252	235	224	214	207	198	187	166	106.000	144.715	188	173	161	154	145	138	136	133	130	127	122	0	0	0.000	0.000	0	0	0	0	0.000	0	0	0	0.000	0	0	0	0	0	0	0	0	0	0	0	0	0	0	0	0	0
187	187	2282	1595.007	1257.911	0.892	401	1728	105	17	7	401	1728	105	17	7	112.404	789.084	7510	2078	662	416	331	292	270	256	238	216	156	103.000	129.128	159	140	134	132	130	128	126	125	123	120	108	1	284	1594.608	1269.275	0	0	0	3445	3759.296	0	0	143	142.958	0	0	0	0	0	0	0	0	0	0	0	0	0	0	0	0	0
188	188	1972	760.800	1261.273	0.893	277	1299	307	34	7	277	1299	307	34	7	110.300	119.024	128	123	122	120	119	119	118	117	117	116	113	106.062	501.498	728	634	596	568	542	515	485	452	406	342	246	0	0	0.000	0.000	0	0	0	0	0.000	0	0	0	0.000	0	0	0	0	0	0	0	0	0	0	0	0	0	0	0	0	0
189	189	1309	502.225	1261.644	0.829	22	306	718	215	23	22	306	718	215	23	110.079	132.141	148	141	139	136	134	132	130	128	126	123	120	106.218	561.464	875	762	709	670	623	578	523	467	402	323	250	0	0	0.000	0.000	0	0	0	0	0.000	0	0	0	0.000	0	0	0	0	0	0	0	0	0	0	0	0	0	0	0	0	0
190	190	1420	1960.164	1265.917	0.895	25	171	728	432	30	25	171	728	432	30	111.904	124.525	160	132	128	125	124	123	122	121	120	119	116	105.018	138.806	162	148	144	142	141	139	138	136	133	129	116	1	15	1977.836	1263.982	0	0	0	151	150.467	0	0	135	135.333	0	0	0	0	0	0	0	0	0	0	0	0	0	0	0	0	0
191	191	2314	316.137	1278.774	0.856	159	845	1219	17	5	159	845	1219	17	5	108.715	117.329	124	121	119	118	118	117	117	116	115	114	111	107.459	1673.570	2659	2368	2198	2031	1897	1766	1621	1414	1145	748	472	0	0	0.000	0.000	0	0	0	0	0.000	0	0	0	0.000	0	0	0	0	0	0	0	0	0	0	0	0	0	0	0	0	0
192	192	1847	1916.879	1289.819	0.879	281	1246	233	41	7	281	1246	233	41	7	112.000	478.328	3137	915	478	415	367	330	288	251	216	186	149	104.446	153.319	238	192	175	160	154	149	144	138	131	124	110	1	173	1918.315	1276.049	0	0	0	1716	1794.439	0	0	155	154.948	0	0	0	0	0	0	0	0	0	0	0	0	0	0	0	0	0
193	193	1407	643.727	1288.300	0.883	36	104	566	567	100	36	104	566	567	100	110.124	120.780	129	125	124	122	121	120	120	119	118	117	113	105.000	2544.478	4291	3577	3175	2864	2688	2522	2338	2125	1927	1606	1126	0	0	0.000	0.000	0	0	0	0	0.000	0	0	0	0.000	0	0	0	0	0	0	0	0	0	0	0	0	0	0	0	0	0
194	194	1808	2010.997	1289.354	0.852	1111	592	24	10	4	1111	592	24	10	4	110.067	124.215	141	132	129	127	124	123	122	121	120	118	113	104.993	127.113	140	133	131	130	129	128	127	125	123	120	109	0	0	0.000	0.000	0	0	0	0	0.000	0	0	0	0.000	0	0	0	0	0	0	0	0	0	0	0	0	0	0	0	0	0
195	195	1250	810.917	1296.799	0.866	13	50	460	609	91	13	50	460	609	91	111.000	123.546	154	128	126	125	124	123	122	121	120	119	115	105.362	1499.505	2240	2047	1946	1818	1668	1542	1397	1248	1080	871	605	0	0	0.000	0.000	0	0	0	0	0.000	0	0	0	0.000	0	0	0	0	0	0	0	0	0	0	0	0	0	0	0	0	0
196	196	1434	397.034	1293.657	0.896	530	563	230	59	19	530	563	230	59	19	109.000	122.047	132	128	126	124	123	122	121	119	118	117	113	108.760	2552.167	3677	3299	3070	2874	2696	2562	2422	2304	2141	1784	902	0	0	0.000	0.000	0	0	0	0	0.000	0	0	0	0.000	0	0	0	0	0	0	0	0	0	0	0	0	0	0	0	0	0
197	197	2062	1549.122	1304.676	0.883	86	354	940	585	63	86	354	940	585	63	112.447	400.110	2051	764	456	355	319	294	273	253	234	216	187	102.911	132.998	152	141	139	138	136	134	132	130	127	123	111	1	74	1541.041	1324.025	0	0	0	1193	1228.959	0	0	140	139.932	0	0	0	0	0	0	0	0	0	0	0	0	0	0	0	0	0
198	198	2020	484.123	1316.527	0.807	35	320	1218	383	25	35	320	1218	383	25	110.355	134.776	147	143	140	138	137	135	133	132	130	127	119	106.100	613.604	926	819	740	693	656	615	575	528	474	416	308	0	0	0.000	0.000	0	0	0	0	0.000	0	0	0	0.000	0	0	0	0	0	0	0	0	0	0	0	0	0	0	0	0	0
199	199	1624	1959.553	1318.326	0.879	62	290	1065	169	7	62	290	1065	169	7	111.296	135.911	148	142	141	140	138	137	135	133	130	127	120	105.000	1033.368	1528	1355	1256	1199	1142	1076	1001	893	775	661	348	0	0	0.000	0.000	0	0	0	0	0.000	0	0	0	0.000	0	0	0	0	0	0	0	0	0	0	0	0	0	0	0	0	0
200	200	2277	277.629	1322.862	0.892	353	1409	400	60	31	353	1409	400	60	31	108.271	122.645	139	133	127	124	122	121	120	119	118	117	113	104.791	1453.665	2430	1880	1742	1658	1582	1511	1432	1318	1132	919	444	0	0	0.000	0.000	0	0	0	0	0.000	0	0	0	0.000	0	0	0	0	0	0	0	0	0	0	0	0	0	0	0	0	0
201	201	1768	362.471	1331.075	0.869	341	942	338	87	27	341	942	338	87	27	109.000	117.077	125	121	119	118	117	117	116	116	115	114	112	107.616	1788.585	2894	2546	2283	2106	1937	1761	1596	1463	1332	1072	781	0	0	0.000	0.000	0	0	0	0	0.000	0	0	0	0.000	0	0	0	0	0	0	0	0	0	0	0	0	0	0	0	0	0
202	202	303	987.718	1322.591	0.891	23	61	117	83	15	23	61	117	83	15	111.894	130.472	138	135	134	133	132	131	130	128	127	126	123	103.000	115.838	126	120	119	118	117	116	115	114	113	111	108	0	0	0.000	0.000	0	0	0	0	0.000	0	0	0	0.000	0	0	0	0	0	0	0	0	0	0	0	0	0	0	0	0	0
203	203	1997	541.308	1357.271	0.901	68	762	929	180	29	68	762	929	180	29	110.593	642.460	5351	2129	442	219	202	195	190	185	179	170	140	105.000	1305.039	1825	1686	1599	1505	1411	1305	1231	1132	1025	904	595	1	327	542.321	1347.944	0	0	0	2678	2784.373	0	0	1680	1625.456	0	0	0	0	0	0	0	0	0	0	0	0	0	0	0	0	0
204	204	1991	988.718	1362.509	0.902	69	520	1006	319	42	69	520	1006	319	42	111.560	900.371	16961	1758	354	205	192	185	181	176	170	160	138	103.462	130.656	156	140	137	135	133	131	128	127	124	122	113	1	160	988.106	1370.962	0	0	0	6826	7458.637	0	0	140	138.094	0	0	0	0	0	0	0	0	0	0	0	0	0	0	0	0	0
205	205	346	1946.529	1355.335	0.913	22	32	113	136	36	22	32	113	136	36	110.182	117.142	125	122	120	119	118	117	116	116	114	112	111	105.000	281.029	491	427	378	337	305	269	239	207	181	157	135	0	0	0.000	0.000	0	0	0	0	0.000	0	0	0	0.000	0	0	0	0	0	0	0	0	0	0	0	0	0	0	0	0	0
206	206	2409	1992.622	1375.393	0.882	56	185	1324	754	36	56	185	1324	754	36	109.551	146.761	192	166	158	150	146	144	142	139	137	133	123	105.005	1445.302	1905	1795	1739	1678	1616	1505	1376	1251	1147	1031	581	0	0	0.000	0.000	0	0	0	0	0.000	0	0	0	0.000	0	0	0	0	0	0	0	0	0	0	0	0	0	0	0	0	0
207	207	265	394.665	1359.955	0.892	7	65	101	69	18	7	65	101	69	18	109.000	115.313	118	117	117	116	116	115	115	114	114	113	112	106.377	1519.143	1944	1837	1767	1689	1617	1545	1461	1361	1292	1175	909	0	0	0.000	0.000	0	0	0	0	0.000	0	0	0	0.000	0	0	0	0	0	0	0	0	0	0	0	0	0	0	0	0	0
208	208	2350	1370.135	1387.321	0.904	207	1787	278	32	19	207	1787	278	32	19	111.379	211.351	286	251	238	229	223	215	206	197	187	164	130	103.822	125.423	145	134	131	129	127	126	124	122	119	116	106	0	0	0.000	0.000	0	0	0	0	0.000	0	0	0	0.000	0	0	0	0	0	0	0	0	0	0	0	0	0	0	0	0	0
209	209	1074	1588.396	1389.410	0.879	106	699	224	19	8	106	699	224	19	8	112.000	142.718	211	171	162	155	150	140	130	124	120	118	115	103.199	121.441	148	137	133	129	126	120	115	112	110	108	104	1	13	1585.117	1403.426	0	0	0	201	201.769	0	0	138	136.923	0	0	0	0	0	0	0	0	0	0	0	0	0	0	0	0	0
210	210	1455	1813.337	1402.158	0.910	103	645	589	74	14	103	645	589	74	14	111.000	127.117	157	140	134	129	126	124	123	122	121	119	115	103.860	124.907	232	134	131	128	125	123	121	119	117	115	109	0	0	0.000	0.000	0	0	0	0	0.000	0	0	0	0.000	0	0	0	0	0	0	0	0	0	0	0	0	0	0	0	0	0
211	211	449	523.811	1398.295	0.898	37	153	167	71	12	37	153	167	71	12	110.011	140.773	156	150	148	146	144	142	139	135	133	130	125	105.000	652.875	837	803	769	737	711	673	628	585	531	485	368	0	0	0.000	0.000	0	0	0	0	0.000	0	0	0	0.000	0	0	0	0	0	0	0	0	0	0	0	0	0	0	0	0	0
212	212	1510	1859.498	1408.402	0.883	155	885	414	20	8	155	885	414	20	8	110.713	123.968	133	129	127	126	125	124	123	122	121	119	113	104.000	2043.927	3213	2844	2562	2367	2188	2037	1893	1739	1568	1279	648	0	0	0.000	0.000	0	0	0	0	0.000	0	0	0	0.000	0	0	0	0	0	0	0	0	0	0	0	0	0	0	0	0	0
213	213	2467	486.352	1440.411	0.851	13	269	1416	652	71	13	269	1416	652	71	110.120	213.351	1700	204	186	183	180	177	173	167	160	152	131	104.996	1287.365	1788	1602	1547	1477	1408	1329	1251	1156	1038	866	605	1	115	492.572	1449.479	0	0	0	844	909.496	0	0	1659	1571.191	0	0	0	0	0	0	0	0	0	0	0	0	0	0	0	0	0
214	214	2045	1203.874	1445.824	0.858	83	188	1138	536	51	83	188	1138	536	51	112.000	127.917	265	131	130	129	127	126	125	124	122	121	116	105.700	2172.819	3537	3345	2938	2616	2381	2176	1998	1783	1412	1031	542	1	45	1193.208	1450.973	0	0	0	191	192.089	0	0	2220	2248.222	0	0	0	0	0	0	0	0	0	0	0	0	0	0	0	0	0
215	215	565	1099.573	1452.766	0.910	6	38	174	275	58	6	38	174	275	58	112.913	267.372	307	298	294	289	282	275	264	251	239	226	181	105.000	1878.853	2433	2349	2288	2203	2108	1995	1819	1621	1487	1231	810	0	0	0.000	0.000	0	0	0	0	0.000	0	0	0	0.000	0	0	0	0	0	0	0	0	0	0	0	0	0	0	0	0	0
216	216	1248	687.159	1468.632	0.913	14	153	797	248	14	14	153	797	248	14	111.000	119.389	129	124	123	121	120	119	118	117	117	116	113	104.000	549.188	819	741	665	622	584	556	527	485	413	352	285	0	0	0.000	0.000	0	0	0	0	0.000	0	0	0	0.000	0	0	0	0	0	0	0	0	0	0	0	0	0	0	0	0	0
217	217	1758	1599.495	1471.438	0.910	115	901	623	64	15	115	901	623	64	15	112.000	120.864	135	127	124	122	121	120	119	119	118	117	114	104.517	805.885	1395	1105	1007	943	863	787	713	649	594	538	329	0	0	0.000	0.000	0	0	0	0	0.000	0	0	0	0.000	0	0	0	0	0	0	0	0	0	0	0	0	0	0	0	0	0
218	218	1806	420.167	1477.321	0.909	134	954	553	98	19	134	954	553	98	19	109.000	134.530	149	142	140	138	136	135	133	132	130	127	117	104.928	137.563	200	154	147	142	138	134	132	130	128	126	120	0	0	0.000	0.000	0	0	0	0	0.000	0	0	0	0.000	0	0	0	0	0	0	0	0	0	0	0	0	0	0	0	0	0
219	219	2734	1066.421	1484.895	0.886	110	1118	1350	88	11	110	1118	1350	88	11	112.763	317.586	2167	352	328	315	302	290	275	255	230	200	164	105.568	2324.249	3338	3111	2960	2788	2640	2507	2320	2045	1641	1204	700	1	86	1053.710	1489.595	0	0	0	1196	1256.267	0	0	3177	3170.360	0	0	0	0	0	0	0	0	0	0	0	0	0	0	0	0	0
220	220	1629	826.110	1495.352	0.912	62	560	867	106	7	62	560	867	106	7	111.000	152.349	433	163	153	150	148	145	141	138	135	132	125	105.000	2594.289	4065	3592	3389	3112	2874	2620	2365	2152	1896	1540	793	1	61	815.221	1485.590	0	0	0	300	304.279	0	0	3100	3043.836	0	0	0	0	0	0	0	0	0	0	0	0	0	0	0	0	0
221	221	2042	1224.277	1498.373	0.877	11	100	713	1062	109	11	100	713	1062	109	112.000	153.259	900	156	138	136	135	134	133	130	127	124	116	106.000	3174.233	4683	4168	3998	3817	3549	3243	2958	2673	2436	2039	839	1	101	1210.386	1500.954	0	0	0	443	478.505	0	0	4448	4371.525	0	0	0	0	0	0	0	0	0	0	0	0	0	0	0	0	0
222	222	1881	701.456	1522.002	0.871	43	433	1052	301	19	43	433	1052	301	19	110.853	119.272	126	123	121	120	120	119	118	118	117	116	114	103.760	577.562	947	804	742	688	630	581	532	482	425	334	210	0	0	0.000	0.000	0	0	0	0	0.000	0	0	0	0.000	0	0	0	0	0	0	0	0	0	0	0	0	0	0	0	0	0
223	223	1846	1610.442	1527.366	0.881	38	148	389	1079	165	38	148	389	1079	165	111.787	123.067	141	132	128	125	123	121	120	119	118	117	113	104.797	943.532	1423	1259	1180	1102	1028	969	907	830	741	581	188	0	0	0.000	0.000	0	0	0	0	0.000	0	0	0	0.000	0	0	0	0	0	0	0	0	0	0	0	0	0	0	0	0	0
224	224	1324	1564.029	1517.062	0.906	47	80	499	532	138	47	80	499	532	138	111.391	121.069	139	127	123	122	121	120	120	119	118	117	113	105.000	913.133	1530	1397	1261	1117	994	894	777	665	590	487	304	0	0	0.000	0.000	0	0	0	0	0.000	0	0	0	0.000	0	0	0	0	0	0	0	0	0	0	0	0	0	0	0	0	0
225	225	870	406.686	1523.362	0.861	70	296	372	98	22	70	296	372	98	22	108.997	126.976	139	133	132	130	129	127	125	123	122	120	117	104.000	4322.241	8441	6863	5600	5025	4547	4147	3713	3278	2820	2366	1366	0	0	0.000	0.000	0	0	0	0	0.000	0	0	0	0.000	0	0	0	0	0	0	0	0	0	0	0	0	0	0	0	0	0
226	226	2308	1023.740	1533.061	0.898	33	230	1095	844	61	33	230	1095	844	61	112.000	812.953	8214	1952	386	360	340	305	277	253	223	191	157	105.964	2243.835	3464	3264	3140	2938	2657	2400	2061	1747	1319	913	554	1	285	1019.271	1519.219	0	0	0	3967	4303.979	0	0	2997	2847.891	0	0	0	0	0	0	0	0	0	0	0	0	0	0	0	0	0
227	227	1304	289.046	1538.041	0.889	27	563	563	118	6	27	563	563	118	6	108.000	122.295	133	127	126	125	124	123	121	120	118	117	111	102.226	125.628	141	135	132	130	128	127	124	122	120	115	105	0	0	0.000	0.000	0	0	0	0	0.000	0	0	0	0.000	0	0	0	0	0	0	0	0	0	0	0	0	0	0	0	0	0
228	228	507	979.977	1529.233	0.919	38	48	197	180	35	38	48	197	180	35	112.000	261.836	312	297	289	284	277	268	257	246	233	217	184	105.698	1693.801	2359	2243	2132	2027	1904	1753	1602	1443	1234	1022	727	0	0	0.000	0.000	0	0	0	0	0.000	0	0	0	0.000	0	0	0	0	0	0	0	0	0	0	0	0	0	0	0	0	0
229	229	1219	489.586	1537.215	0.890	35	61	566	484	54	35	61	566	484	54	109.768	119.011	128	123	121	120	119	119	118	117	117	115	112	104.000	752.355	1047	975	928	884	845	791	730	661	584	466	265	0	0	0.000	0.000	0	0	0	0	0.000	0	0	0	0.000	0	0	0	0	0	0	0	0	0	0	0	0	0	0	0	0	0
230	230	1989	541.852	1554.783	0.872	56	143	853	784	117	56	143	853	784	117	110.000	133.193	614	132	122	120	119	118	118	117	116	115	113	104.000	560.641	1053	849	750	663	597	553	483	416	360	316	174	1	113	536.629	1541.153	0	0	0	323	343.097	0	0	947	916.602	0	0	0	0	0	0	0	0	0	0	0	0	0	0	0	0	0
231	231	940	1197.257	1571.073	0.924	222	387	238	56	19	222	387	238	56	19	111.994	170.934	242	212	198	187	178	169	159	150	142	135	125	106.000	126.959	153	138	135	133	130	128	125	121	118	115	110	0	0	0.000	0.000	0	0	0	0	0.000	0	0	0	0.000	0	0	0	0	0	0	0	0	0	0	0	0	0	0	0	0	0
232	232	1745	316.014	1578.005	0.895	84	600	855	141	22	84	600	855	141	22	108.000	144.789	382	196	149	137	131	127	125	123	121	118	113	103.000	129.059	146	136	134	132	131	129	127	126	124	122	116	1	195	314.714	1587.383	0	0	0	247	257.923	0	0	129	129.297	0	0	0	0	0	0	0	0	0	0	0	0	0	0	0	0	0
233	233	870	1513.551	1591.810	0.826	281	444	100	18	11	281	444	100	18	11	111.229	152.670	209	189	170	158	151	146	141	138	135	132	123	103.587	177.529	283	239	213	190	174	165	157	151	145	140	125	0	0	0.000	0.000	0	0	0	0	0.000	0	0	0	0.000	0	0	0	0	0	0	0	0	0	0	0	0	0	0	0	0	0
234	234	1712	557.131	1607.570	0.911	18	73	578	961	42	18	73	578	961	42	109.971	122.253	154	129	126	124	123	121	120	119	118	117	112	103.700	708.386	1010	935	868	814	777	743	691	619	537	442	233	1	19	562.508	1619.409	0	0	0	147	145.842	0	0	979	977.158	0	0	0	0	0	0	0	0	0	0	0	0	0	0	0	0	0
235	235	1713	789.474	1608.430	0.898	45	213	862	504	58	45	213	862	504	58	111.000	159.733	187	177	172	167	163	160	158	155	149	140	124	103.198	118.798	147	126	124	122	120	118	117	115	114	111	106	0	0	0.000	0.000	0	0	0	0	0.000	0	0	0	0.000	0	0	0	0	0	0	0	0	0	0	0	0	0	0	0	0	0
236	236	1755	1242.108	1610.175	0.903	38	586	921	164	13	38	586	921	164	13	112.586	173.969	204	192	184	179	176	173	170	168	165	159	142	106.126	3196.112	4661	4007	3702	3536	3362	3187	3003	2824	2645	2389	1788	0	0	0.000	0.000	0	0	0	0	0.000	0	0	0	0.000	0	0	0	0	0	0	0	0	0	0	0	0	0	0	0	0	0
237	237	638	1179.572	1606.612	0.890	96	252	178	81	19	96	252	178	81	19	112.000	215.420	277	266	254	241	231	219	206	191	176	162	139	105.835	137.310	170	151	146	142	140	137	134	131	127	123	116	0	0	0.000	0.000	0	0	0	0	0.000	0	0	0	0.000	0	0	0	0	0	0	0	0	0	0	0	0	0	0	0	0	0
238	238	2032	1298.923	1617.213	0.890	64	161	862	805	95	64	161	862	805	95	112.000	175.441	470	198	183	178	173	169	163	155	145	139	129	105.255	2563.818	4611	3939	3553	3235	2906	2632	2276	1853	1426	1157	899	1	72	1288.331	1604.253	0	0	0	355	360.319	0	0	2288	2358.139	0	0	0	0	0	0	0	0	0	0	0	0	0	0	0	0	0
239	239	1575	517.635	1641.750	0.860	38	101	751	599	57	38	101	751	599	57	109.251	197.878	1293	376	161	132	125	121	120	119	118	117	114	103.000	598.646	1009	868	805	758	701	621	537	446	353	290	227	1	195	514.994	1653.146	0	0	0	603	659.928	0	0	901	855.636	0	0	0	0	0	0	0	0	0	0	0	0	0	0	0	0	0
240	240	1347	1272.996	1689.380	0.898	47	398	759	96	15	47	398	759	96	15	111.970	121.402	135	126	124	123	122	121	120	119	119	117	115	104.521	123.751	140	131	128	126	125	124	122	121	119	116	108	0	0	0.000	0.000	0	0	0	0	0.000	0	0	0	0.000	0	0	0	0	0	0	0	0	0	0	0	0	0	0	0	0	0
241	241	693	491.328	1688.414	0.901	81	218	232	122	27	81	218	232	122	27	109.000	263.906	755	363	313	290	269	252	228	203	181	162	138	103.000	141.880	184	166	157	149	145	141	137	132	126	120	113	1	18	500.075	1687.505	0	0	0	628	612.778	0	0	145	143.111	0	0	0	0	0	0	0	0	0	0	0	0	0	0	0	0	0
242	242	2188	1847.632	1706.925	0.905	842	1032	184	75	24	842	1032	184	75	24	111.000	302.828	1443	566	316	270	248	225	209	190	174	160	139	103.851	143.335	208	161	155	151	147	143	138	134	130	126	111	1	220	1846.514	1700.979	0	0	0	866	898.177	0	0	156	162.523	0	0	0	0	0	0	0	0	0	0	0	0	0	0	0	0	0
243	243	2052	1901.179	1727.641	0.904	981	458	291	225	70	981	458	291	225	70	111.000	251.289	309	294	285	276	265	253	245	235	226	200	150	103.881	151.929	172	165	162	159	157	154	152	148	145	135	111	0	0	0.000	0.000	0	0	0	0	0.000	0	0	0	0.000	0	0	0	0	0	0	0	0	0	0	0	0	0	0	0	0	0
244	244	1135	1216.394	1724.574	0.884	73	117	614	288	19	73	117	614	288	19	111.800	190.261	221	207	202	198	195	193	190	185	177	169	150	105.152	1271.996	1753	1574	1468	1406	1355	1314	1255	1178	1066	933	547	0	0	0.000	0.000	0	0	0	0	0.000	0	0	0	0.000	0	0	0	0	0	0	0	0	0	0	0	0	0	0	0	0	0
245	245	233	1111.424	1714.981	0.916	87	65	45	22	12	87	65	45	22	12	113.000	136.064	151	146	143	140	136	134	133	132	131	128	126	107.000	189.000	342	234	209	193	185	178	172	168	166	163	157	0	0	0.000	0.000	0	0	0	0	0.000	0	0	0	0.000	0	0	0	0	0	0	0	0	0	0	0	0	0	0	0	0	0
246	246	519	371.019	1718.163	0.789	114	231	125	31	9	114	231	125	31	9	109.000	164.644	220	198	183	171	164	159	154	150	147	144	138	102.000	127.181	154	142	136	132	130	126	123	121	118	114	106	0	0	0.000	0.000	0	0	0	0	0.000	0	0	0	0.000	0	0	0	0	0	0	0	0	0	0	0	0	0	0	0	0	0
247	247	920	1090.232	1739.343	0.890	597	225	68	12	5	597	225	68	12	5	112.497	183.768	330	252	227	212	196	179	156	142	133	127	121	107.000	155.276	287	172	165	160	157	154	150	147	139	132	124	0	0	0.000	0.000	0	0	0	0	0.000	0	0	0	0.000	0	0	0	0	0	0	0	0	0	0	0	0	0	0	0	0	0
248	248	2322	986.031	1770.632	0.901	744	1328	107	77	37	744	1328	107	77	37	111.988	815.399	13513	1565	209	154	145	140	136	133	129	125	117	106.941	232.842	410	291	276	261	249	238	225	204	184	163	139	1	226	995.241	1777.289	0	0	0	5831	6447.473	0	0	296	292.451	0	0	0	0	0	0	0	0	0	0	0	0	0	0	0	0	0
249	249	2109	1999.158	1782.355	0.854	192	493	1260	103	22	192	493	1260	103	22	110.618	464.578	3704	605	443	410	387	366	330	295	259	221	183	103.423	834.820	1292	1199	1080	1007	954	877	811	695	548	396	279	1	118	1990.978	1783.859	0	0	0	2038	2084.771	0	0	1201	1184.898	0	0	0	0	0	0	0	0	0	0	0	0	0	0	0	0	0
250	250	1575	929.666	1787.051	0.889	430	328	405	287	100	430	328	405	287	100	111.244	131.990	144	139	137	135	134	133	131	129	127	124	118	105.331	209.670	266	242	234	226	218	210	203	197	188	175	150	0	0	0.000	0.000	0	0	0	0	0.000	0	0	0	0.000	0	0	0	0	0	0	0	0	0	0	0	0	0	0	0	0	0
251	251	1501	1794.208	1802.462	0.905	78	379	732	236	49	78	379	732	236	49	110.097	125.674	143	135	132	128	126	124	123	121	120	119	116	103.163	1477.710	2293	2025	1868	1739	1606	1503	1418	1272	1106	872	384	0	0	0.000	0.000	0	0	0	0	0.000	0	0	0	0.000	0	0	0	0	0	0	0	0	0	0	0	0	0	0	0	0	0
252	252	2819	1951.300	1819.827	0.887	178	1383	1126	62	7	178	1383	1126	62	7	111.670	502.593	4626	551	458	415	384	357	336	312	286	244	171	104.030	467.413	777	663	602	549	515	477	430	379	330	267	179	1	170	1959.132	1809.515	0	0	0	2387	2562.276	0	0	666	653.241	0	0	0	0	0	0	0	0	0	0	0	0	0	0	0	0	0
253	253	467	318.761	1804.137	0.929	77	182	103	69	28	77	182	103	69	28	108.000	201.362	303	273	245	224	207	192	179	168	159	149	135	101.522	148.882	197	182	169	161	152	145	140	134	129	123	113	0	0	0.000	0.000	0	0	0	0	0.000	0	0	0	0.000	0	0	0	0	0	0	0	0	0	0	0	0	0	0	0	0	0
254	254	1640	958.299	1823.343	0.899	742	726	92	47	11	742	726	92	47	11	111.454	232.882	2722	226	183	178	170	164	160	154	148	140	126	106.071	1082.077	1813	1570	1439	1335	1233	1126	1003	854	709	520	252	1	91	967.989	1811.446	0	0	0	1101	1237.253	0	0	1442	1399.659	0	0	0	0	0	0	0	0	0	0	0	0	0	0	0	0	0
255	255	938	45.347	1820.502	0.881	23	77	453	329	46	23	77	453	329	46	104.142	109.937	116	112	111	111	110	110	109	109	108	108	106	101.124	626.567	950	872	818	754	688	624	561	512	453	382	253	0	0	0.000	0.000	0	0	0	0	0.000	0	0	0	0.000	0	0	0	0	0	0	0	0	0	0	0	0	0	0	0	0	0
256	256	1751	1845.793	1837.055	0.894	164	1219	297	31	9	164	1219	297	31	9	111.000	121.065	134	128	125	123	121	120	119	118	117	116	113	103.428	137.951	164	153	150	146	141	137	134	131	128	123	111	0	0	0.000	0.000	0	0	0	0	0.000	0	0	0	0.000	0	0	0	0	0	0	0	0	0	0	0	0	0	0	0	0	0
257	257	1465	45.673	1866.084	0.898	39	407	886	80	17	39	407	886	80	17	103.252	110.521	118	114	113	112	111	110	110	109	109	108	104	101.000	760.128	1234	1014	950	890	828	758	698	646	583	485	360	0	0	0.000	0.000	0	0	0	0	0.000	0	0	0	0.000	0	0	0	0	0	0	0	0	0	0	0	0	0	0	0	0	0
258	258	1260	1537.789	1873.477	0.927	67	168	703	236	68	67	168	703	236	68	111.363	125.053	159	133	129	127	125	123	122	120	120	119	113	104.604	1268.870	2219	1949	1758	1611	1420	1253	1091	929	760	607	482	0	0	0.000	0.000	0	0	0	0	0.000	0	0	0	0.000	0	0	0	0	0	0	0	0	0	0	0	0	0	0	0	0	0
259	259	1754	1934.709	1891.622	0.899	556	663	461	30	5	556	663	461	30	5	111.355	625.738	845	792	749	712	673	632	602	572	519	439	255	105.562	678.471	915	857	817	768	724	687	642	599	565	497	288	0	0	0.000	0.000	0	0	0	0	0.000	0	0	0	0.000	0	0	0	0	0	0	0	0	0	0	0	0	0	0	0	0	0
260	260	978	986.352	1894.842	0.910	41	119	378	386	36	41	119	378	386	36	110.715	152.344	173	167	166	163	160	156	150	144	138	132	124	104.681	1008.091	1435	1314	1244	1182	1117	1063	993	906	751	600	415	0	0	0.000	0.000	0	0	0	0	0.000	0	0	0	0.000	0	0	0	0	0	0	0	0	0	0	0	0	0	0	0	0	0
261	261	1331	1549.564	1921.536	0.892	40	585	459	168	46	40	585	459	168	46	113.392	209.216	250	234	227	222	218	212	205	196	189	182	163	105.532	1149.820	2156	1500	1401	1337	1281	1223	1107	983	849	702	470	0	0	0.000	0.000	0	0	0	0	0.000	0	0	0	0.000	0	0	0	0	0	0	0	0	0	0	0	0	0	0	0	0	0
262	262	1808	1503.928	1924.833	0.898	52	121	777	782	41	52	121	777	782	41	114.605	227.124	269	254	246	239	234	231	227	217	207	193	171	105.847	2202.826	3211	2955	2813	2655	2497	2333	2148	1902	1558	1223	589	0	0	0.000	0.000	0	0	0	0	0.000	0	0	0	0.000	0	0	0	0	0	0	0	0	0	0	0	0	0	0	0	0	0
263	263	1962	524.042	1929.744	0.883	113	1061	715	41	4	113	1061	715	41	4	107.937	121.898	131	126	125	124	123	122	121	120	119	118	111	102.927	1302.064	1830	1708	1584	1499	1404	1313	1214	1122	1041	915	578	0	0	0.000	0.000	0	0	0	0	0.000	0	0	0	0.000	0	0	0	0	0	0	0	0	0	0	0	0	0	0	0	0	0
264	264	1946	286.867	1960.416	0.882	76	230	934	590	72	76	230	934	590	72	106.000	193.069	1750	245	143	138	135	132	130	125	121	118	111	102.431	132.022	153	144	140	138	136	133	131	127	123	117	111	1	140	275.309	1961.158	0	0	0	786	872.593	0	0	145	144.607	0	0	0	0	0	0	0	0	0	0	0	0	0	0	0	0	0
265	265	2038	1313.525	1957.606	0.839	220	1145	541	83	9	220	1145	541	83	9	110.540	123.060	137	128	126	125	124	123	122	120	119	118	113	104.990	2017.869	5644	2771	2627	2487	2324	2114	1921	1659	1231	712	478	0	0	0.000	0.000	0	0	0	0	0.000	0	0	0	0.000	0	0	0	0	0	0	0	0	0	0	0	0	0	0	0	0	0
266	266	1698	1250.245	1962.501	0.877	97	904	563	87	12	97	904	563	87	12	110.688	119.506	127	123	122	121	120	119	118	118	117	116	114	104.137	795.727	1302	1196	1107	1016	928	817	684	583	485	387	268	0	0	0.000	0.000	0	0	0	0	0.000	0	0	0	0.000	0	0	0	0	0	0	0	0	0	0	0	0	0	0	0	0	0
267	267	1778	1543.728	1964.422	0.901	237	287	469	683	71	237	287	469	683	71	115.771	275.441	303	287	284	281	279	277	274	271	266	261	242	105.405	2038.870	3143	2740	2585	2459	2329	2063	1918	1749	1444	1119	762	0	0	0.000	0.000	0	0	0	0	0.000	0	0	0	0.000	0	0	0	0	0	0	0	0	0	0	0	0	0	0	0	0	0
268	268	1855	1369.984	1976.079	0.905	81	668	902	146	27	81	668	902	146	27	111.154	126.593	149	136	132	129	127	125	124	122	121	120	116	104.000	2212.613	3497	3050	2866	2653	2462	2256	2033	1798	1532	1299	696	0	0	0.000	0.000	0	0	0	0	0.000	0	0	0	0.000	0	0	0	0	0	0	0	0	0	0	0	0	0	0	0	0	0
269	269	2388	549.840	1993.496	0.833	34	356	1469	423	49	34	356	1469	423	49	106.713	140.341	905	137	121	120	119	118	117	117	116	114	111	102.730	895.301	1590	1324	1221	1124	1008	901	795	702	575	399	295	1	128	556.969	1986.774	0	0	0	446	473.289	0	0	1305	1307.547	0	0	0	0	0	0	0	0	0	0	0	0	0	0	0	0	0
270	270	1576	659.956	1980.014	0.873	37	411	826	237	38	37	411	826	237	38	108.000	122.240	283	129	121	119	118	117	116	115	115	114	112	101.796	139.572	166	151	148	145	142	139	137	134	131	128	115	1	88	672.506	1983.993	0	0	0	183	189.364	0	0	156	154.875	0	0	0	0	0	0	0	0	0	0	0	0	0	0	0	0	0
271	271	1062	1285.666	1992.512	0.911	9	30	269	545	184	9	30	269	545	184	109.692	117.872	125	121	120	119	118	118	117	116	116	115	112	104.227	801.273	1243	1093	968	903	841	792	742	698	632	538	370	0	0	0.000	0.000	0	0	0	0	0.000	0	0	0	0.000	0	0	0	0	0	0	0	0	0	0	0	0	0	0	0	0	0
272	272	1997	2021.339	2001.903	0.896	27	357	1280	277	14	27	357	1280	277	14	106.585	191.308	1738	241	137	133	131	129	127	124	122	120	112	107.678	1034.679	1629	1474	1363	1261	1180	1089	969	818	671	526	371	1	152	2032.694	1998.606	0	0	0	804	850.164	0	0	1434	1419.914	0	0	0	0	0	0	0	0	0	0	0	0	0	0	0	0	0
273	273	1576	251.318	1999.727	0.890	711	744	76	22	5	711	744	76	22	5	105.513	132.914	353	146	130	128	126	125	123	122	120	117	109	102.263	134.198	151	144	142	141	138	136	133	129	126	121	110	1	98	242.273	2011.749	0	0	0	237	239.980	0	0	140	137.031	0	0	0	0	0	0	0	0	0	0	0	0	0	0	0	0	0
274	274	1633	1970.002	2014.902	0.899	22	43	447	956	128	22	43	447	956	128	107.154	118.687	128	123	122	121	120	119	118	116	115	114	109	106.290	1096.796	2089	1821	1533	1328	1147	997	885	761	659	580	471	0	0	0.000	0.000	0	0	0	0	0.000	0	0	0	0.000	0	0	0	0	0	0	0	0	0	0	0	0	0	0	0	0	0
275	275	1775	1245.479	2018.271	0.893	47	583	919	165	24	47	583	919	165	24	108.571	118.464	125	122	121	120	119	118	118	117	116	115	112	103.381	942.960	1601	1338	1242	1164	1066	966	868	743	613	504	356	0	0	0.000	0.000	0	0	0	0	0.000	0	0	0	0.000	0	0	0	0	0	0	0	0	0	0	0	0	0	0	0	0	0
276	276	1657	631.314	2022.642	0.879	54	338	883	314	39	54	338	883	314	39	106.838	284.885	2757	614	144	126	123	121	118	116	115	113	110	101.155	139.995	164	154	150	147	144	142	138	134	129	122	113	1	214	631.746	2040.801	0	0	0	1370	1429.841	0	0	152	150.598	0	0	0	0	0	0	0	0	0	0	0	0	0	0	0	0	0
