 	cell	area	x	y	circ	BFI_lev_b1	BFI_lev_b2	BFI_lev_b3	BFI_lev_b4	BFI_lev_b5	BFO_lev_b1	BFO_lev_b2	BFO_lev_b3	BFO_lev_b4	BFO_lev_b5	RFP_int_bg	RFP_int_mean	RFP_int_b0	RFP_int_b1	RFP_int_b2	RFP_int_b3	RFP_int_b4	RFP_int_b5	RFP_int_b6	RFP_int_b7	RFP_int_b8	RFP_int_b9	RFP_int_b10	GFP_int_bg	GFP_int_mean	GFP_int_b0	GFP_int_b1	GFP_int_b2	GFP_int_b3	GFP_int_b4	GFP_int_b5	GFP_int_b6	GFP_int_b7	GFP_int_b8	GFP_int_b9	GFP_int_b10	inRFPnfoci	f1_inRFParea	f1_inRFPx	f1_inRFPy	f2_inRFParea	f2_inRFPx	f2_inRFPy	f1_inRFP_toRFPmed	f1_inRFP_toRFPmean	f2_inRFP_toRFPmed	f2_inRFP_toRFPmean	f1_inRFP_toGFPmed	f1_inRFP_toGFPmean	f2_inRFP_toGFPmed	f2_inRFP_toGFPmean	inGFPnfoci	f1_inGFParea	f1_inGFPx	f1_inGFPy	f2_inGFParea	f2_inGFPx	f2_inGFPy	f1_inGFP_toRFPmed	f1_inGFP_toRFPmean	f2_inGFP_toRFPmed	f2_inGFP_toRFPmean	f1_inGFP_toGFPmed	f1_inGFP_toGFPmean	f2_inGFP_toGFPmed	f2_inGFP_toGFPmean
1	1	1054	1636.081	95.594	0.904	139	293	467	105	34	139	293	467	105	34	107.966	149.661	210	195	178	162	149	141	135	130	126	122	115	102.000	981.583	1724	1359	1192	1104	1032	986	907	815	733	642	399	0	0	0.000	0.000	0	0	0	0	0.000	0	0	0	0.000	0	0	0	0	0.000	0.000	0	0	0	0	0.000	0	0	0	0.000	0	0
2	2	601	450.882	106.779	0.902	19	88	194	237	52	19	88	194	237	52	108.000	117.230	122	120	119	118	118	117	117	116	116	115	112	101.609	110.742	118	114	113	112	112	111	110	109	108	107	104	0	0	0.000	0.000	0	0	0	0	0.000	0	0	0	0.000	0	0	0	0	0.000	0.000	0	0	0	0	0.000	0	0	0	0.000	0	0
3	3	1991	1411.677	145.237	0.858	50	420	1180	273	24	50	420	1180	273	24	108.443	114.973	123	118	117	116	115	115	114	114	113	112	109	102.973	383.077	554	506	474	444	416	387	358	332	299	253	176	0	0	0.000	0.000	0	0	0	0	0.000	0	0	0	0.000	0	0	0	0	0.000	0.000	0	0	0	0	0.000	0	0	0	0.000	0	0
4	4	1441	1070.501	157.908	0.919	38	370	766	220	20	38	370	766	220	20	109.000	430.679	9329	556	169	149	142	137	134	132	130	126	116	102.039	120.135	214	130	124	121	118	116	115	114	113	112	105	1	96	1071.559	170.263	0	0	0	3417	3855.896	0	0	154	157.271	0	0	1	50	1071.585	170.193	0	0	0	5260	5338.260	0	0	171	171.320	0	0
5	5	1209	673.784	177.398	0.905	50	96	473	506	67	50	96	473	506	67	109.000	118.318	127	122	121	120	119	118	117	117	116	115	112	103.000	649.557	1036	941	850	805	750	681	601	510	420	317	214	0	0	0.000	0.000	0	0	0	0	0.000	0	0	0	0.000	0	0	0	0	0.000	0.000	0	0	0	0	0.000	0	0	0	0.000	0	0
6	6	853	1418.486	191.633	0.909	28	73	232	422	89	28	73	232	422	89	109.000	114.430	119	117	116	115	115	114	114	114	113	112	110	102.377	301.940	443	382	362	343	327	311	288	263	236	208	160	0	0	0.000	0.000	0	0	0	0	0.000	0	0	0	0.000	0	0	0	0	0.000	0.000	0	0	0	0	0.000	0	0	0	0.000	0	0
7	7	1486	1462.784	196.983	0.914	70	688	627	58	11	70	688	627	58	11	108.865	119.325	133	127	124	122	119	118	117	116	115	114	110	102.000	122.960	134	128	127	126	125	124	123	121	119	116	106	0	0	0.000	0.000	0	0	0	0	0.000	0	0	0	0.000	0	0	0	0	0.000	0.000	0	0	0	0	0.000	0	0	0	0.000	0	0
8	8	2217	1294.857	207.583	0.867	98	635	1004	391	40	98	635	1004	391	40	109.586	299.820	728	358	324	314	304	294	284	270	247	214	155	102.827	247.209	345	290	278	269	261	253	242	229	213	195	142	0	0	0.000	0.000	0	0	0	0	0.000	0	0	0	0.000	0	0	0	0	0.000	0.000	0	0	0	0	0.000	0	0	0	0.000	0	0
9	9	1715	655.560	221.784	0.876	57	175	947	468	41	57	175	947	468	41	109.000	122.425	131	128	126	125	124	123	122	120	118	117	111	103.000	739.384	1163	1060	993	923	845	781	695	590	470	352	228	0	0	0.000	0.000	0	0	0	0	0.000	0	0	0	0.000	0	0	0	0	0.000	0.000	0	0	0	0	0.000	0	0	0	0.000	0	0
10	10	1669	713.236	226.587	0.894	75	262	1088	199	10	75	262	1088	199	10	109.219	122.250	135	128	126	124	123	122	121	120	118	117	112	102.950	465.250	690	618	582	543	501	461	418	384	361	320	242	0	0	0.000	0.000	0	0	0	0	0.000	0	0	0	0.000	0	0	0	0	0.000	0.000	0	0	0	0	0.000	0	0	0	0.000	0	0
11	11	2805	1355.814	237.493	0.867	136	1597	970	42	4	136	1597	970	42	4	109.904	286.480	398	356	343	327	317	301	278	253	226	194	147	103.000	248.156	310	292	284	277	270	261	247	228	207	186	129	0	0	0.000	0.000	0	0	0	0	0.000	0	0	0	0.000	0	0	0	0	0.000	0.000	0	0	0	0	0.000	0	0	0	0.000	0	0
12	12	957	78.146	238.872	0.896	276	513	118	25	7	276	513	118	25	7	105.401	197.559	281	251	240	230	221	205	185	166	149	135	116	101.656	148.218	186	171	166	162	158	153	147	139	127	116	105	0	0	0.000	0.000	0	0	0	0	0.000	0	0	0	0.000	0	0	0	0	0.000	0.000	0	0	0	0	0.000	0	0	0	0.000	0	0
13	13	1943	386.605	289.536	0.893	22	671	1001	199	7	22	671	1001	199	7	108.735	163.105	195	183	178	174	168	163	159	154	148	142	126	104.173	1990.219	3214	2829	2600	2397	2189	2033	1885	1681	1386	1012	689	0	0	0.000	0.000	0	0	0	0	0.000	0	0	0	0.000	0	0	0	0	0.000	0.000	0	0	0	0	0.000	0	0	0	0.000	0	0
14	14	1931	1473.411	296.665	0.856	60	150	845	806	41	60	150	845	806	41	109.000	133.215	150	144	141	139	136	134	131	128	125	122	113	103.000	413.952	666	598	534	479	445	416	381	341	289	239	176	0	0	0.000	0.000	0	0	0	0	0.000	0	0	0	0.000	0	0	0	0	0.000	0.000	0	0	0	0	0.000	0	0	0	0.000	0	0
15	15	408	1433.852	295.196	0.962	87	126	149	22	19	87	126	149	22	19	109.000	117.569	122	120	119	118	118	117	117	116	116	115	114	102.297	222.782	298	280	266	251	239	222	208	196	183	170	136	0	0	0.000	0.000	0	0	0	0	0.000	0	0	0	0.000	0	0	0	0	0.000	0.000	0	0	0	0	0.000	0	0	0	0.000	0	0
16	16	526	354.185	316.647	0.948	20	96	191	182	30	20	96	191	182	30	108.939	129.819	141	137	136	135	133	131	129	127	124	120	114	105.000	1159.337	1696	1509	1414	1339	1265	1186	1093	992	902	796	554	0	0	0.000	0.000	0	0	0	0	0.000	0	0	0	0.000	0	0	0	0	0.000	0.000	0	0	0	0	0.000	0	0	0	0.000	0	0
17	17	752	415.008	336.051	0.924	38	107	220	307	64	38	107	220	307	64	108.851	121.827	131	127	126	124	123	122	121	120	118	116	113	104.136	739.279	1102	1044	987	916	837	752	663	572	499	415	305	0	0	0.000	0.000	0	0	0	0	0.000	0	0	0	0.000	0	0	0	0	0.000	0.000	0	0	0	0	0.000	0	0	0	0.000	0	0
18	18	928	334.007	352.252	0.916	56	113	397	321	32	56	113	397	321	32	108.820	122.797	134	131	128	126	124	122	121	119	118	116	111	104.737	778.288	1073	1026	1006	959	908	841	749	643	534	438	296	0	0	0.000	0.000	0	0	0	0	0.000	0	0	0	0.000	0	0	0	0	0.000	0.000	0	0	0	0	0.000	0	0	0	0.000	0	0
19	19	1737	377.209	359.088	0.871	23	182	831	593	80	23	182	831	593	80	109.000	129.492	142	137	135	134	132	130	128	126	123	120	115	104.891	967.185	1449	1329	1258	1192	1107	1038	946	811	645	471	353	0	0	0.000	0.000	0	0	0	0	0.000	0	0	0	0.000	0	0	0	0	0.000	0.000	0	0	0	0	0.000	0	0	0	0.000	0	0
20	20	1975	2016.059	372.223	0.900	35	446	1107	328	26	35	446	1107	328	26	106.873	142.325	169	157	153	149	146	142	139	135	132	129	115	101.144	871.973	1549	1256	1173	1086	968	849	738	650	565	495	347	0	0	0.000	0.000	0	0	0	0	0.000	0	0	0	0.000	0	0	0	0	0.000	0.000	0	0	0	0	0.000	0	0	0	0.000	0	0
21	21	1515	961.287	378.353	0.883	62	439	795	186	12	62	439	795	186	12	109.683	117.069	127	121	119	118	117	116	116	115	115	114	112	103.000	823.840	1357	1151	1060	971	884	802	737	672	608	504	379	0	0	0.000	0.000	0	0	0	0	0.000	0	0	0	0.000	0	0	0	0	0.000	0.000	0	0	0	0	0.000	0	0	0	0.000	0	0
22	22	2041	309.558	391.067	0.888	51	512	1084	349	23	51	512	1084	349	23	107.860	129.688	146	139	137	135	133	130	128	125	122	119	112	103.781	910.909	1440	1297	1227	1148	1074	986	865	709	552	398	278	0	0	0.000	0.000	0	0	0	0	0.000	0	0	0	0.000	0	0	0	0	0.000	0.000	0	0	0	0	0.000	0	0	0	0.000	0	0
23	23	1355	839.617	397.551	0.861	382	820	77	32	11	382	820	77	32	11	110.000	130.843	159	141	137	134	132	130	128	126	124	122	115	103.000	110.581	122	115	113	112	111	110	110	109	108	107	104	0	0	0.000	0.000	0	0	0	0	0.000	0	0	0	0.000	0	0	0	0	0.000	0.000	0	0	0	0	0.000	0	0	0	0.000	0	0
24	24	1777	746.126	400.576	0.869	67	473	854	272	64	67	473	854	272	64	108.280	119.024	127	123	121	120	120	119	118	118	117	115	110	102.974	592.180	861	780	732	689	648	602	550	505	448	393	241	0	0	0.000	0.000	0	0	0	0	0.000	0	0	0	0.000	0	0	0	0	0.000	0.000	0	0	0	0	0.000	0	0	0	0.000	0	0
25	25	1957	417.226	414.686	0.858	94	906	837	74	6	94	906	837	74	6	108.665	166.277	202	187	181	176	172	168	164	158	152	142	125	103.833	2059.626	3221	2805	2599	2419	2245	2057	1917	1750	1516	1249	839	0	0	0.000	0.000	0	0	0	0	0.000	0	0	0	0.000	0	0	0	0	0.000	0.000	0	0	0	0	0.000	0	0	0	0.000	0	0
26	26	1528	926.657	413.885	0.900	25	98	623	684	76	25	98	623	684	76	109.851	116.194	122	118	117	117	117	116	116	115	115	114	111	103.578	1007.521	1644	1503	1397	1271	1145	1010	865	723	616	531	309	0	0	0.000	0.000	0	0	0	0	0.000	0	0	0	0.000	0	0	0	0	0.000	0.000	0	0	0	0	0.000	0	0	0	0.000	0	0
27	27	1520	1390.975	412.666	0.889	125	519	792	45	19	125	519	792	45	19	110.000	141.941	456	150	144	142	140	137	134	130	127	124	119	103.149	457.046	929	621	583	548	510	473	438	383	316	245	183	1	54	1404.729	427.290	0	0	0	267	276.593	0	0	552	553.056	0	0	0	0	0.000	0.000	0	0	0	0	0.000	0	0	0	0.000	0	0
28	28	772	2016.253	415.457	0.887	36	121	215	302	81	36	121	215	302	81	107.496	127.636	143	139	136	132	129	126	124	123	120	118	114	102.000	685.584	1153	1035	923	827	745	665	593	524	455	376	244	0	0	0.000	0.000	0	0	0	0	0.000	0	0	0	0.000	0	0	0	0	0.000	0.000	0	0	0	0	0.000	0	0	0	0.000	0	0
29	29	580	892.117	435.459	0.922	22	73	244	204	28	22	73	244	204	28	110.000	115.428	121	117	117	116	116	115	115	115	114	114	112	103.890	676.521	989	890	836	780	730	683	640	579	511	456	358	0	0	0.000	0.000	0	0	0	0	0.000	0	0	0	0.000	0	0	0	0	0.000	0.000	0	0	0	0	0.000	0	0	0	0.000	0	0
30	30	1447	726.011	463.681	0.897	68	238	665	365	80	68	238	665	365	80	108.837	126.271	139	134	133	131	129	126	124	122	120	118	114	103.000	412.145	774	648	557	512	452	394	336	283	256	225	192	0	0	0.000	0.000	0	0	0	0	0.000	0	0	0	0.000	0	0	0	0	0.000	0.000	0	0	0	0	0.000	0	0	0	0.000	0	0
31	31	1556	1373.697	459.048	0.859	798	712	13	4	3	798	712	13	4	3	110.715	154.692	825	152	148	146	144	142	140	137	133	129	121	104.551	446.589	1390	602	558	520	483	451	412	364	318	259	197	1	69	1365.343	446.909	0	0	0	408	431.870	0	0	653	737.261	0	0	0	0	0.000	0.000	0	0	0	0	0.000	0	0	0	0.000	0	0
32	32	1228	1538.354	466.378	0.892	27	210	613	321	29	27	210	613	321	29	109.000	163.755	202	188	181	175	170	164	158	153	147	139	125	102.044	119.137	131	125	123	122	121	119	118	117	115	113	106	0	0	0.000	0.000	0	0	0	0	0.000	0	0	0	0.000	0	0	0	0	0.000	0.000	0	0	0	0	0.000	0	0	0	0.000	0	0
33	33	1763	34.039	496.876	0.872	34	585	964	109	19	34	585	964	109	19	106.081	142.891	158	153	151	149	147	145	143	140	135	128	117	105.172	1563.730	2230	2061	1958	1855	1694	1546	1453	1368	1232	1028	485	0	0	0.000	0.000	0	0	0	0	0.000	0	0	0	0.000	0	0	0	0	0.000	0.000	0	0	0	0	0.000	0	0	0	0.000	0	0
34	34	1834	1406.771	494.584	0.900	26	65	904	763	37	26	65	904	763	37	110.161	116.263	123	119	118	117	117	116	115	115	114	114	111	104.191	331.946	461	404	371	356	342	330	317	303	291	270	194	0	0	0.000	0.000	0	0	0	0	0.000	0	0	0	0.000	0	0	0	0	0.000	0.000	0	0	0	0	0.000	0	0	0	0.000	0	0
35	35	731	557.632	498.888	0.859	96	261	271	66	24	96	261	271	66	24	109.000	119.798	129	126	124	122	120	119	118	117	116	115	112	102.007	118.056	131	126	122	121	119	118	117	115	113	111	107	0	0	0.000	0.000	0	0	0	0	0.000	0	0	0	0.000	0	0	0	0	0.000	0.000	0	0	0	0	0.000	0	0	0	0.000	0	0
36	36	1579	1350.286	503.277	0.891	816	696	9	6	3	816	696	9	6	3	111.000	146.512	295	161	147	144	142	141	139	137	135	132	122	104.999	548.120	821	713	659	612	576	544	513	480	439	392	294	1	66	1362.078	508.261	0	0	0	239	240.091	0	0	471	470.773	0	0	0	0	0.000	0.000	0	0	0	0	0.000	0	0	0	0.000	0	0
37	37	1100	100.159	521.690	0.913	40	87	398	504	49	40	87	398	504	49	107.000	129.982	146	139	137	135	133	130	128	125	122	120	113	103.000	585.627	842	778	733	679	634	601	566	515	438	361	243	0	0	0.000	0.000	0	0	0	0	0.000	0	0	0	0.000	0	0	0	0	0.000	0.000	0	0	0	0	0.000	0	0	0	0.000	0	0
38	38	1291	1963.271	523.020	0.902	73	202	720	257	7	73	202	720	257	7	108.083	136.640	162	153	149	144	140	136	132	128	125	122	114	102.000	202.516	279	255	242	229	217	203	187	174	163	152	136	0	0	0.000	0.000	0	0	0	0	0.000	0	0	0	0.000	0	0	0	0	0.000	0.000	0	0	0	0	0.000	0	0	0	0.000	0	0
39	39	1011	2006.149	533.225	0.884	271	538	105	59	20	271	538	105	59	20	107.000	136.992	151	145	143	140	138	136	135	133	132	130	126	102.000	175.000	241	206	192	182	176	172	167	161	156	152	145	0	0	0.000	0.000	0	0	0	0	0.000	0	0	0	0.000	0	0	0	0	0.000	0.000	0	0	0	0	0.000	0	0	0	0.000	0	0
40	40	1656	55.467	541.024	0.856	37	196	809	542	42	37	196	809	542	42	107.000	128.031	151	137	135	133	131	128	126	124	121	118	112	104.284	455.082	744	633	565	512	474	441	403	373	346	316	225	0	0	0.000	0.000	0	0	0	0	0.000	0	0	0	0.000	0	0	0	0	0.000	0.000	0	0	0	0	0.000	0	0	0	0.000	0	0
41	41	1188	1322.292	544.174	0.918	54	158	680	255	18	54	158	680	255	18	110.765	138.523	157	150	147	145	143	140	137	133	130	125	116	103.893	616.907	928	770	729	690	660	632	606	568	505	416	257	0	0	0.000	0.000	0	0	0	0	0.000	0	0	0	0.000	0	0	0	0	0.000	0.000	0	0	0	0	0.000	0	0	0	0.000	0	0
42	42	1431	1613.196	553.193	0.895	185	791	387	36	5	185	791	387	36	5	110.000	120.530	137	127	124	121	120	119	119	118	117	116	113	102.006	128.700	142	135	133	132	130	129	128	127	125	121	112	0	0	0.000	0.000	0	0	0	0	0.000	0	0	0	0.000	0	0	0	0	0.000	0.000	0	0	0	0	0.000	0	0	0	0.000	0	0
43	43	1712	1376.959	555.280	0.853	92	725	745	99	16	92	725	745	99	16	110.353	144.442	336	155	151	148	145	142	138	134	131	127	114	103.709	302.096	452	403	382	356	330	309	280	249	219	192	147	1	42	1391.158	551.698	0	0	0	254	250.095	0	0	311	303.333	0	0	0	0	0.000	0.000	0	0	0	0	0.000	0	0	0	0.000	0	0
44	44	329	1083.664	566.791	0.921	18	76	123	96	12	18	76	123	96	12	111.000	196.696	246	235	224	214	203	193	185	181	173	164	145	104.000	668.617	914	869	828	781	737	679	629	569	522	435	319	0	0	0.000	0.000	0	0	0	0	0.000	0	0	0	0.000	0	0	0	0	0.000	0.000	0	0	0	0	0.000	0	0	0	0.000	0	0
45	45	2420	1091.216	610.331	0.844	86	456	1609	209	11	86	456	1609	209	11	111.929	270.259	731	331	301	278	263	251	241	232	221	202	160	104.575	848.246	1424	1184	1063	975	898	819	765	711	646	545	384	1	56	1103.008	606.278	0	0	0	614	615.589	0	0	1212	1147.071	0	0	0	0	0.000	0.000	0	0	0	0	0.000	0	0	0	0.000	0	0
46	46	642	1617.520	593.995	0.935	92	269	174	72	18	92	269	174	72	18	110.000	117.486	126	121	120	119	118	117	117	116	115	114	113	102.000	124.327	134	130	128	127	126	125	123	122	120	118	111	0	0	0.000	0.000	0	0	0	0	0.000	0	0	0	0.000	0	0	0	0	0.000	0.000	0	0	0	0	0.000	0	0	0	0.000	0	0
47	47	970	1395.541	598.240	0.874	32	107	519	269	20	32	107	519	269	20	109.713	141.336	159	153	151	149	147	145	141	137	131	123	113	102.546	289.953	454	411	374	345	323	310	286	255	191	134	105	0	0	0.000	0.000	0	0	0	0	0.000	0	0	0	0.000	0	0	0	0	0.000	0.000	0	0	0	0	0.000	0	0	0	0.000	0	0
48	48	1787	59.074	617.541	0.881	94	500	932	213	9	94	500	932	213	9	106.725	129.579	162	139	134	132	130	129	128	126	124	121	114	103.184	123.094	131	128	126	125	124	123	122	121	120	119	109	0	0	0.000	0.000	0	0	0	0	0.000	0	0	0	0.000	0	0	0	0	0.000	0.000	0	0	0	0	0.000	0	0	0	0.000	0	0
49	49	612	337.190	625.789	0.902	37	99	279	164	20	37	99	279	164	20	109.129	125.132	139	133	130	128	126	125	123	122	120	119	115	103.000	476.815	710	651	611	564	521	478	433	392	348	302	218	0	0	0.000	0.000	0	0	0	0	0.000	0	0	0	0.000	0	0	0	0	0.000	0.000	0	0	0	0	0.000	0	0	0	0.000	0	0
50	50	1906	304.467	650.150	0.903	35	368	1140	298	26	35	368	1140	298	26	109.030	145.851	276	158	155	151	148	144	141	137	134	129	116	102.958	709.023	1435	981	925	876	823	753	657	556	459	374	209	1	23	324.073	660.338	0	0	0	231	233.652	0	0	1129	1084.870	0	0	0	0	0.000	0.000	0	0	0	0	0.000	0	0	0	0.000	0	0
51	51	2321	1058.862	662.200	0.907	1770	457	35	9	9	1770	457	35	9	9	111.694	618.302	6951	1343	390	289	270	258	242	224	205	185	159	105.345	812.502	2773	1219	967	885	815	747	677	599	521	429	260	1	235	1062.915	668.350	0	0	0	3150	3433.098	0	0	1645	1693.115	0	0	1	54	1063.544	668.481	0	0	0	5755	5792.278	0	0	2360	2362.833	0	0
52	52	1102	1833.148	656.284	0.899	183	159	487	240	15	183	159	487	240	15	110.070	120.521	135	128	125	122	120	119	118	118	117	116	113	102.981	1155.423	1803	1637	1483	1353	1247	1169	1078	957	831	697	434	0	0	0.000	0.000	0	0	0	0	0.000	0	0	0	0.000	0	0	0	0	0.000	0.000	0	0	0	0	0.000	0	0	0	0.000	0	0
53	53	1625	359.401	661.379	0.877	15	283	918	336	30	15	283	918	336	30	109.686	149.014	175	167	164	159	154	149	145	141	135	131	116	103.000	797.810	1318	1172	1076	999	920	847	738	604	469	380	137	0	0	0.000	0.000	0	0	0	0	0.000	0	0	0	0.000	0	0	0	0	0.000	0.000	0	0	0	0	0.000	0	0	0	0.000	0	0
54	54	498	399.587	655.082	0.916	10	48	198	208	26	10	48	198	208	26	109.000	136.655	150	146	144	142	140	137	135	132	129	126	120	103.000	560.532	763	718	687	650	604	570	544	508	463	369	240	0	0	0.000	0.000	0	0	0	0	0.000	0	0	0	0.000	0	0	0	0	0.000	0.000	0	0	0	0	0.000	0	0	0	0.000	0	0
55	55	1963	64.693	674.256	0.872	108	1283	457	59	19	108	1283	457	59	19	106.039	144.457	360	192	153	139	133	130	127	123	120	117	110	101.858	117.815	133	123	121	120	119	118	117	116	114	112	105	2	23	75.372	691.046	175	71.491	670.359	190	189.696	250	256.771	121	121.478	122	122.411	0	0	0.000	0.000	0	0	0	0	0.000	0	0	0	0.000	0	0
56	56	1944	2008.527	671.531	0.876	177	234	939	469	93	177	234	939	469	93	108.828	324.432	3111	698	225	170	160	156	153	149	144	136	125	102.259	652.889	2530	1047	778	667	602	551	502	460	410	344	263	1	212	2006.381	662.546	0	0	0	1388	1497.745	0	0	1472	1520.835	0	0	1	92	2006.615	662.905	0	0	0	2154	2172.489	0	0	1939	1944.967	0	0
57	57	1520	500.393	675.983	0.889	54	244	761	363	69	54	244	761	363	69	108.140	125.624	147	138	132	128	126	124	122	121	119	117	113	102.999	295.686	428	361	344	331	319	305	291	272	241	211	153	0	0	0.000	0.000	0	0	0	0	0.000	0	0	0	0.000	0	0	0	0	0.000	0.000	0	0	0	0	0.000	0	0	0	0.000	0	0
58	58	2090	802.180	684.586	0.860	693	1150	99	88	25	693	1150	99	88	25	111.000	149.587	177	166	162	158	155	152	147	141	135	130	121	103.609	958.100	1608	1377	1291	1221	1134	1017	877	738	599	430	269	0	0	0.000	0.000	0	0	0	0	0.000	0	0	0	0.000	0	0	0	0	0.000	0.000	0	0	0	0	0.000	0	0	0	0.000	0	0
59	59	1773	1801.037	692.309	0.892	51	103	903	638	37	51	103	903	638	37	110.005	116.895	123	119	119	118	117	117	116	116	115	114	112	103.565	955.100	1588	1379	1263	1147	1067	988	888	773	642	475	328	0	0	0.000	0.000	0	0	0	0	0.000	0	0	0	0.000	0	0	0	0	0.000	0.000	0	0	0	0	0.000	0	0	0	0.000	0	0
60	60	1323	31.927	705.981	0.916	27	148	390	628	101	27	148	390	628	101	104.619	121.076	132	127	126	124	123	121	119	118	116	115	110	101.104	262.996	373	344	326	305	286	263	244	220	199	180	149	0	0	0.000	0.000	0	0	0	0	0.000	0	0	0	0.000	0	0	0	0	0.000	0.000	0	0	0	0	0.000	0	0	0	0.000	0	0
61	61	2095	857.686	709.336	0.864	45	151	813	975	57	45	151	813	975	57	110.651	154.461	181	170	166	163	158	155	150	147	144	139	124	104.000	1037.138	1642	1474	1379	1283	1144	1024	937	832	705	576	317	0	0	0.000	0.000	0	0	0	0	0.000	0	0	0	0.000	0	0	0	0	0.000	0.000	0	0	0	0	0.000	0	0	0	0.000	0	0
62	62	579	1145.296	707.258	0.897	134	319	86	20	7	134	319	86	20	7	111.549	133.337	161	149	141	136	133	131	130	128	125	122	116	104.789	118.459	136	128	124	120	118	117	116	115	114	112	108	0	0	0.000	0.000	0	0	0	0	0.000	0	0	0	0.000	0	0	0	0	0.000	0.000	0	0	0	0	0.000	0	0	0	0.000	0	0
63	63	874	906.230	712.976	0.885	41	172	405	222	18	41	172	405	222	18	110.000	148.017	169	159	157	156	154	151	148	142	137	131	120	103.894	916.637	1499	1323	1180	1087	1000	921	849	756	661	528	209	0	0	0.000	0.000	0	0	0	0	0.000	0	0	0	0.000	0	0	0	0	0.000	0.000	0	0	0	0	0.000	0	0	0	0.000	0	0
64	64	1769	1110.239	733.053	0.865	185	240	1050	240	21	185	240	1050	240	21	111.440	214.200	1556	223	195	187	182	178	174	168	162	151	137	104.917	991.893	4230	1351	1223	1129	1060	964	860	757	646	475	347	1	84	1100.754	727.533	0	0	0	789	827.083	0	0	2387	2437.702	0	0	1	27	1102.072	727.246	0	0	0	1075	1082.481	0	0	3254	3281.852	0	0
65	65	1769	1649.142	735.779	0.910	32	294	1060	335	21	32	294	1060	335	21	110.791	197.788	904	217	205	198	192	186	179	173	166	157	138	103.000	512.495	886	717	668	617	573	523	466	411	362	290	208	1	50	1641.771	720.907	0	0	0	541	550.940	0	0	613	606.160	0	0	0	0	0.000	0.000	0	0	0	0	0.000	0	0	0	0.000	0	0
66	66	1855	438.523	739.326	0.910	36	233	1126	403	26	36	233	1126	403	26	108.816	194.793	265	241	233	218	203	192	183	174	162	149	133	104.768	1110.830	1954	1696	1567	1429	1265	1107	965	826	698	476	260	0	0	0.000	0.000	0	0	0	0	0.000	0	0	0	0.000	0	0	0	0	0.000	0.000	0	0	0	0	0.000	0	0	0	0.000	0	0
67	67	1278	29.102	746.983	0.915	95	671	294	170	23	95	671	294	170	23	104.127	164.280	1101	208	137	130	128	126	125	124	122	118	111	101.547	280.683	590	341	324	310	295	280	263	245	224	198	147	1	95	35.743	742.324	0	0	0	504	552.032	0	0	423	428.116	0	0	0	0	0.000	0.000	0	0	0	0	0.000	0	0	0	0.000	0	0
68	68	1614	1975.270	759.395	0.864	119	953	480	23	6	119	953	480	23	6	109.007	390.584	698	527	479	447	416	381	352	322	294	262	193	102.000	123.989	138	130	129	127	126	125	124	122	120	116	106	0	0	0.000	0.000	0	0	0	0	0.000	0	0	0	0.000	0	0	0	0	0.000	0.000	0	0	0	0	0.000	0	0	0	0.000	0	0
69	69	1305	394.985	758.951	0.893	59	173	684	341	33	59	173	684	341	33	109.623	183.930	230	213	204	198	192	185	178	170	161	153	136	104.062	1086.441	1648	1518	1396	1271	1174	1089	992	891	786	665	515	0	0	0.000	0.000	0	0	0	0	0.000	0	0	0	0.000	0	0	0	0	0.000	0.000	0	0	0	0	0.000	0	0	0	0.000	0	0
70	70	690	1619.042	766.651	0.903	42	153	258	156	65	42	153	258	156	65	111.000	162.491	189	179	174	169	166	163	159	155	152	146	134	103.000	302.270	475	382	359	335	314	298	282	268	252	228	186	0	0	0.000	0.000	0	0	0	0	0.000	0	0	0	0.000	0	0	0	0	0.000	0.000	0	0	0	0	0.000	0	0	0	0.000	0	0
71	71	1643	61.149	778.567	0.877	82	648	792	55	19	82	648	792	55	19	105.516	126.687	186	134	131	130	128	127	124	122	119	116	112	101.810	282.951	448	359	340	322	304	287	269	246	222	195	156	0	0	0.000	0.000	0	0	0	0	0.000	0	0	0	0.000	0	0	0	0	0.000	0.000	0	0	0	0	0.000	0	0	0	0.000	0	0
72	72	474	1124.942	768.597	0.910	33	99	151	150	34	33	99	151	150	34	111.000	135.247	162	149	147	144	141	137	133	127	122	119	115	103.907	601.979	955	831	792	758	712	648	570	496	404	287	170	0	0	0.000	0.000	0	0	0	0	0.000	0	0	0	0.000	0	0	0	0	0.000	0.000	0	0	0	0	0.000	0	0	0	0.000	0	0
73	73	1931	477.604	788.999	0.875	282	1442	162	6	4	282	1442	162	6	4	108.982	118.504	128	122	121	120	119	118	118	117	116	115	112	105.000	945.976	1480	1342	1238	1129	1045	952	851	753	648	565	375	0	0	0.000	0.000	0	0	0	0	0.000	0	0	0	0.000	0	0	0	0	0.000	0.000	0	0	0	0	0.000	0	0	0	0.000	0	0
74	74	1810	427.387	793.807	0.895	72	810	803	83	9	72	810	803	83	9	109.001	183.628	255	227	208	196	190	184	174	164	156	147	133	104.930	923.394	1669	1425	1215	1093	995	911	822	728	600	459	322	0	0	0.000	0.000	0	0	0	0	0.000	0	0	0	0.000	0	0	0	0	0.000	0.000	0	0	0	0	0.000	0	0	0	0.000	0	0
75	75	1973	1647.937	799.050	0.868	24	158	891	796	60	24	158	891	796	60	110.404	173.395	243	204	193	186	178	170	164	158	153	147	130	103.000	386.525	633	553	504	468	425	380	346	307	267	226	182	0	0	0.000	0.000	0	0	0	0	0.000	0	0	0	0.000	0	0	0	0	0.000	0.000	0	0	0	0	0.000	0	0	0	0.000	0	0
76	76	2411	1998.434	817.483	0.877	19	338	1441	532	37	19	338	1441	532	37	109.000	335.453	719	487	430	391	349	309	280	259	237	220	173	102.000	121.759	144	130	127	125	122	121	119	118	117	115	106	0	0	0.000	0.000	0	0	0	0	0.000	0	0	0	0.000	0	0	0	0	0.000	0.000	0	0	0	0	0.000	0	0	0	0.000	0	0
77	77	1578	967.257	825.430	0.904	32	561	811	120	23	32	561	811	120	23	110.277	120.631	133	125	123	122	121	120	119	119	118	117	114	103.338	1936.327	3523	2769	2549	2385	2213	2005	1763	1509	1234	934	675	0	0	0.000	0.000	0	0	0	0	0.000	0	0	0	0.000	0	0	0	0	0.000	0.000	0	0	0	0	0.000	0	0	0	0.000	0	0
78	78	1852	1147.922	847.663	0.851	27	339	1030	396	31	27	339	1030	396	31	110.269	161.938	190	180	177	173	167	162	158	155	149	141	127	103.000	732.553	1201	999	911	831	760	703	658	609	563	505	326	0	0	0.000	0.000	0	0	0	0	0.000	0	0	0	0.000	0	0	0	0	0.000	0.000	0	0	0	0	0.000	0	0	0	0.000	0	0
79	79	1184	436.809	844.081	0.854	24	55	557	469	51	24	55	557	469	51	109.000	199.170	235	224	218	213	208	203	197	190	181	169	137	105.084	998.195	1437	1316	1241	1164	1113	1047	969	876	752	600	298	0	0	0.000	0.000	0	0	0	0	0.000	0	0	0	0.000	0	0	0	0	0.000	0.000	0	0	0	0	0.000	0	0	0	0.000	0	0
80	80	2270	1203.310	851.584	0.821	50	386	1331	448	18	50	386	1331	448	18	111.304	164.282	191	181	176	172	168	165	161	158	154	146	127	103.000	779.546	1232	1090	1023	953	863	779	694	607	537	463	329	0	0	0.000	0.000	0	0	0	0	0.000	0	0	0	0.000	0	0	0	0	0.000	0.000	0	0	0	0	0.000	0	0	0	0.000	0	0
81	81	961	377.568	849.620	0.916	30	388	384	114	25	30	388	384	114	25	109.017	146.359	160	155	152	150	148	147	145	143	141	138	129	104.000	371.123	525	470	443	419	398	372	351	325	299	271	215	0	0	0.000	0.000	0	0	0	0	0.000	0	0	0	0.000	0	0	0	0	0.000	0.000	0	0	0	0	0.000	0	0	0	0.000	0	0
82	82	1858	1005.150	860.420	0.893	58	843	780	112	13	58	843	780	112	13	110.632	121.496	131	125	124	123	122	121	121	120	119	118	115	104.734	2056.619	3267	2782	2592	2437	2242	2073	1901	1744	1556	1334	496	0	0	0.000	0.000	0	0	0	0	0.000	0	0	0	0.000	0	0	0	0	0.000	0.000	0	0	0	0	0.000	0	0	0	0.000	0	0
83	83	1580	490.332	859.497	0.863	26	365	961	174	21	26	365	961	174	21	109.782	176.386	210	200	192	186	181	177	173	168	161	153	132	105.108	874.280	1359	1226	1096	992	917	859	794	730	669	566	397	0	0	0.000	0.000	0	0	0	0	0.000	0	0	0	0.000	0	0	0	0	0.000	0.000	0	0	0	0	0.000	0	0	0	0.000	0	0
84	84	1526	351.086	885.974	0.885	32	168	894	364	39	32	168	894	364	39	109.010	149.662	211	163	159	154	151	148	145	142	140	137	129	103.313	445.901	728	586	542	509	468	440	408	379	347	307	277	0	0	0.000	0.000	0	0	0	0	0.000	0	0	0	0.000	0	0	0	0	0.000	0.000	0	0	0	0	0.000	0	0	0	0.000	0	0
85	85	1424	1559.393	888.174	0.887	22	169	734	441	28	22	169	734	441	28	110.124	153.480	180	172	168	165	159	153	147	143	139	136	123	103.914	1699.638	2840	2442	2269	2085	1903	1736	1550	1313	1098	900	639	0	0	0.000	0.000	0	0	0	0	0.000	0	0	0	0.000	0	0	0	0	0.000	0.000	0	0	0	0	0.000	0	0	0	0.000	0	0
86	86	1699	420.058	909.588	0.897	109	512	821	189	25	109	512	821	189	25	109.572	158.853	199	186	175	168	162	156	153	149	142	135	124	104.792	606.593	1187	1049	891	759	657	538	444	385	346	301	226	0	0	0.000	0.000	0	0	0	0	0.000	0	0	0	0.000	0	0	0	0	0.000	0.000	0	0	0	0	0.000	0	0	0	0.000	0	0
87	87	1596	1599.689	914.629	0.865	37	257	1016	249	17	37	257	1016	249	17	110.464	156.787	186	175	170	166	162	158	153	147	142	138	127	103.704	1773.930	2731	2423	2307	2198	2034	1865	1683	1490	1186	906	544	0	0	0.000	0.000	0	0	0	0	0.000	0	0	0	0.000	0	0	0	0	0.000	0.000	0	0	0	0	0.000	0	0	0	0.000	0	0
88	88	1951	37.841	914.013	0.882	15	227	975	648	51	15	227	975	648	51	105.778	292.928	407	366	349	336	323	308	285	259	227	198	147	100.863	192.615	239	219	213	209	204	198	191	182	169	157	127	0	0	0.000	0.000	0	0	0	0	0.000	0	0	0	0.000	0	0	0	0	0.000	0.000	0	0	0	0	0.000	0	0	0	0.000	0	0
89	89	1957	300.756	915.451	0.838	112	563	943	265	32	112	563	943	265	32	108.546	143.125	215	159	152	148	145	143	139	136	131	124	113	102.436	353.155	570	496	436	392	366	343	322	298	269	238	153	0	0	0.000	0.000	0	0	0	0	0.000	0	0	0	0.000	0	0	0	0	0.000	0.000	0	0	0	0	0.000	0	0	0	0.000	0	0
90	90	1587	1018.053	915.680	0.883	31	252	692	520	73	31	252	692	520	73	110.331	196.844	242	231	220	213	207	201	194	183	171	156	143	104.429	1680.490	2389	2186	2113	2031	1933	1815	1666	1473	1204	888	645	0	0	0.000	0.000	0	0	0	0	0.000	0	0	0	0.000	0	0	0	0	0.000	0.000	0	0	0	0	0.000	0	0	0	0.000	0	0
91	91	300	756.280	912.329	0.833	21	121	108	34	9	21	121	108	34	9	110.000	224.343	264	252	246	240	236	229	222	216	205	189	161	102.887	152.957	173	164	162	160	158	156	152	147	143	139	123	0	0	0.000	0.000	0	0	0	0	0.000	0	0	0	0.000	0	0	0	0	0.000	0.000	0	0	0	0	0.000	0	0	0	0.000	0	0
92	92	2196	1825.633	927.036	0.845	87	835	973	243	22	87	835	973	243	22	111.598	745.139	3153	1517	824	692	628	567	504	448	389	337	263	104.592	1676.303	4048	2593	2178	1959	1791	1619	1428	1207	993	828	492	1	206	1814.871	928.896	0	0	0	2247	2269.636	0	0	3196	3155.432	0	0	0	0	0.000	0.000	0	0	0	0	0.000	0	0	0	0.000	0	0
93	93	1617	966.643	926.437	0.903	37	206	1098	237	7	37	206	1098	237	7	110.397	183.249	247	230	216	202	190	179	169	162	154	144	132	104.043	1428.988	2344	2121	2006	1833	1624	1408	1226	1040	872	751	441	0	0	0.000	0.000	0	0	0	0	0.000	0	0	0	0.000	0	0	0	0	0.000	0.000	0	0	0	0	0.000	0	0	0	0.000	0	0
94	94	341	653.123	934.245	0.909	30	149	141	15	1	30	149	141	15	1	110.540	139.633	157	149	145	144	142	141	139	136	133	128	123	103.965	272.774	369	338	317	302	291	276	263	245	227	204	166	0	0	0.000	0.000	0	0	0	0	0.000	0	0	0	0.000	0	0	0	0	0.000	0.000	0	0	0	0	0.000	0	0	0	0.000	0	0
95	95	487	480.496	938.991	0.927	40	73	146	168	53	40	73	146	168	53	110.000	131.029	146	139	136	133	132	131	129	128	126	124	120	104.394	679.368	967	897	847	796	739	677	636	594	526	443	345	0	0	0.000	0.000	0	0	0	0	0.000	0	0	0	0.000	0	0	0	0	0.000	0.000	0	0	0	0	0.000	0	0	0	0.000	0	0
96	96	1800	616.968	950.775	0.869	74	422	1025	238	6	74	422	1025	238	6	111.000	184.944	684	204	193	188	183	178	175	170	164	151	130	104.299	445.622	716	559	526	501	477	449	423	400	371	334	191	1	37	617.879	934.903	0	0	0	453	446.054	0	0	551	551.108	0	0	0	0	0.000	0.000	0	0	0	0	0.000	0	0	0	0.000	0	0
97	97	2274	1776.488	958.681	0.859	51	751	1217	181	27	51	751	1217	181	27	111.785	298.095	1590	751	315	202	183	171	163	154	143	131	121	104.796	1182.738	5386	2934	1346	1027	908	806	710	610	485	338	213	1	374	1780.152	960.898	0	0	0	862	901.778	0	0	3337	3304.174	0	0	1	269	1781.217	960.065	0	0	0	1041	1021.063	0	0	3956	3921.253	0	0
98	98	850	1875.489	945.091	0.871	16	222	426	141	31	16	222	426	141	31	111.000	451.986	620	545	523	502	484	465	443	416	371	332	259	104.335	1660.298	2453	2161	2023	1911	1786	1654	1521	1404	1286	1172	820	0	0	0.000	0.000	0	0	0	0	0.000	0	0	0	0.000	0	0	0	0	0.000	0.000	0	0	0	0	0.000	0	0	0	0.000	0	0
99	99	1534	691.435	950.338	0.859	26	314	744	370	42	26	314	744	370	42	111.000	138.992	202	159	148	142	138	135	132	130	127	125	117	103.454	366.784	623	479	432	408	384	360	336	313	286	261	210	1	35	696.609	955.247	0	0	0	192	191.457	0	0	447	445.457	0	0	0	0	0.000	0.000	0	0	0	0	0.000	0	0	0	0.000	0	0
100	100	1728	554.673	954.484	0.863	43	662	905	75	5	43	662	905	75	5	111.000	402.855	3651	995	252	182	175	168	162	155	149	143	132	104.992	582.197	2427	986	622	565	525	490	448	389	332	276	220	1	220	545.537	955.209	0	0	0	1715	1859.200	0	0	1361	1459.623	0	0	1	123	545.045	955.350	0	0	0	2521	2461.390	0	0	1853	1811.220	0	0
101	101	1592	500.694	970.015	0.896	25	103	1100	316	19	25	103	1100	316	19	110.441	151.628	177	168	161	158	155	152	149	145	142	136	121	104.541	1004.504	1772	1409	1249	1150	1064	977	908	813	721	630	430	0	0	0.000	0.000	0	0	0	0	0.000	0	0	0	0.000	0	0	0	0	0.000	0.000	0	0	0	0	0.000	0	0	0	0.000	0	0
102	102	1451	305.261	975.203	0.910	34	485	857	45	6	34	485	857	45	6	108.551	144.227	169	161	155	150	148	145	142	138	134	127	117	102.981	384.449	562	518	484	445	406	376	355	341	323	244	148	0	0	0.000	0.000	0	0	0	0	0.000	0	0	0	0.000	0	0	0	0	0.000	0.000	0	0	0	0	0.000	0	0	0	0.000	0	0
103	103	1093	738.779	972.068	0.887	54	226	481	277	29	54	226	481	277	29	111.000	132.765	147	142	140	138	135	133	131	128	125	123	120	103.962	418.943	608	544	505	472	441	416	388	367	342	303	221	0	0	0.000	0.000	0	0	0	0	0.000	0	0	0	0.000	0	0	0	0	0.000	0.000	0	0	0	0	0.000	0	0	0	0.000	0	0
104	104	539	964.487	966.927	0.902	43	179	205	80	21	43	179	205	80	21	110.289	185.284	219	209	206	200	194	187	181	174	166	157	142	103.505	1576.931	2106	1974	1855	1772	1699	1615	1527	1425	1297	1134	811	0	0	0.000	0.000	0	0	0	0	0.000	0	0	0	0.000	0	0	0	0	0.000	0.000	0	0	0	0	0.000	0	0	0	0.000	0	0
105	105	869	1093.256	981.109	0.837	282	441	84	30	14	282	441	84	30	14	111.000	271.243	428	322	302	291	278	266	256	246	236	224	186	102.804	147.604	203	169	158	151	147	144	141	139	136	133	118	0	0	0.000	0.000	0	0	0	0	0.000	0	0	0	0.000	0	0	0	0	0.000	0.000	0	0	0	0	0.000	0	0	0	0.000	0	0
106	106	732	586.740	986.943	0.895	53	169	428	64	9	53	169	428	64	9	111.000	140.067	159	154	151	147	143	140	137	133	129	126	121	104.995	314.292	464	412	379	351	333	315	296	277	252	215	165	0	0	0.000	0.000	0	0	0	0	0.000	0	0	0	0.000	0	0	0	0	0.000	0.000	0	0	0	0	0.000	0	0	0	0.000	0	0
107	107	1576	549.136	999.872	0.864	37	67	421	949	80	37	67	421	949	80	111.000	159.667	187	177	171	167	164	161	158	154	148	139	126	105.000	1187.621	1863	1625	1473	1352	1249	1175	1099	1010	902	786	454	0	0	0.000	0.000	0	0	0	0	0.000	0	0	0	0.000	0	0	0	0	0.000	0.000	0	0	0	0	0.000	0	0	0	0.000	0	0
108	108	1849	1726.459	999.960	0.892	100	677	916	100	21	100	677	916	100	21	111.000	183.485	219	205	199	194	190	186	180	174	168	161	136	103.969	1017.300	1561	1369	1257	1188	1113	1034	960	880	770	627	369	0	0	0.000	0.000	0	0	0	0	0.000	0	0	0	0.000	0	0	0	0	0.000	0.000	0	0	0	0	0.000	0	0	0	0.000	0	0
109	109	1902	935.644	1003.168	0.839	10	119	1121	576	50	10	119	1121	576	50	110.907	117.183	123	120	119	118	118	117	117	116	116	115	111	103.000	508.268	775	687	637	604	566	525	481	437	379	291	206	0	0	0.000	0.000	0	0	0	0	0.000	0	0	0	0.000	0	0	0	0	0.000	0.000	0	0	0	0	0.000	0	0	0	0.000	0	0
110	110	1601	1210.800	1021.784	0.904	43	392	814	290	34	43	392	814	290	34	111.819	149.414	196	165	158	153	151	149	146	143	139	135	127	103.000	368.438	603	502	440	407	387	368	350	325	288	238	185	0	0	0.000	0.000	0	0	0	0	0.000	0	0	0	0.000	0	0	0	0	0.000	0.000	0	0	0	0	0.000	0	0	0	0.000	0	0
111	111	1659	508.565	1027.234	0.869	88	777	715	42	13	88	777	715	42	13	111.078	150.117	166	162	160	158	156	153	149	144	140	134	127	105.000	425.576	599	532	509	490	473	445	414	373	327	282	221	0	0	0.000	0.000	0	0	0	0	0.000	0	0	0	0.000	0	0	0	0	0.000	0.000	0	0	0	0	0.000	0	0	0	0.000	0	0
112	112	1811	971.852	1036.975	0.856	36	723	879	111	16	36	723	879	111	16	110.000	117.000	123	119	118	118	117	117	117	116	116	115	113	102.996	481.911	722	635	604	578	545	511	470	417	345	263	202	0	0	0.000	0.000	0	0	0	0	0.000	0	0	0	0.000	0	0	0	0	0.000	0.000	0	0	0	0	0.000	0	0	0	0.000	0	0
113	113	293	1101.670	1018.544	0.927	50	112	91	28	9	50	112	91	28	9	111.000	319.290	488	423	393	367	339	312	290	268	249	224	185	102.884	161.143	236	199	173	166	163	157	152	147	143	135	122	0	0	0.000	0.000	0	0	0	0	0.000	0	0	0	0.000	0	0	0	0	0.000	0.000	0	0	0	0	0.000	0	0	0	0.000	0	0
114	114	254	565.749	1028.723	0.881	24	20	74	103	27	24	20	74	103	27	111.000	149.406	169	165	162	160	157	151	147	142	135	130	123	105.000	795.516	1246	1160	1068	979	894	814	731	637	530	425	241	0	0	0.000	0.000	0	0	0	0	0.000	0	0	0	0.000	0	0	0	0	0.000	0.000	0	0	0	0	0.000	0	0	0	0.000	0	0
115	115	1487	1263.414	1038.205	0.886	24	99	737	573	27	24	99	737	573	27	112.116	154.774	185	170	166	162	159	155	152	148	143	138	126	103.000	444.866	648	601	558	522	489	454	412	369	329	284	203	0	0	0.000	0.000	0	0	0	0	0.000	0	0	0	0.000	0	0	0	0	0.000	0.000	0	0	0	0	0.000	0	0	0	0.000	0	0
116	116	1937	1848.323	1073.542	0.884	125	657	819	251	43	125	657	819	251	43	111.200	123.399	137	129	127	125	124	123	122	121	120	118	114	104.352	1972.024	4855	2950	2634	2420	2144	1903	1696	1456	1164	846	410	0	0	0.000	0.000	0	0	0	0	0.000	0	0	0	0.000	0	0	0	0	0.000	0.000	0	0	0	0	0.000	0	0	0	0.000	0	0
117	117	475	501.191	1068.487	0.904	49	89	238	89	2	49	89	238	89	2	112.000	128.876	151	138	132	130	129	128	127	125	124	122	117	105.008	310.566	463	410	349	332	322	312	299	278	258	221	181	0	0	0.000	0.000	0	0	0	0	0.000	0	0	0	0.000	0	0	0	0	0.000	0.000	0	0	0	0	0.000	0	0	0	0.000	0	0
118	118	826	457.366	1099.941	0.910	18	106	316	305	62	18	106	316	305	62	111.268	133.229	144	140	139	137	136	135	134	132	129	122	115	104.502	330.799	442	403	384	371	358	340	320	298	275	245	185	0	0	0.000	0.000	0	0	0	0	0.000	0	0	0	0.000	0	0	0	0	0.000	0.000	0	0	0	0	0.000	0	0	0	0.000	0	0
119	119	917	495.818	1113.149	0.915	177	484	195	48	4	177	484	195	48	4	112.000	155.149	611	199	146	139	136	133	131	129	126	124	120	105.121	323.425	719	398	363	349	333	313	294	277	257	240	195	1	80	502.384	1117.632	0	0	0	330	339.325	0	0	496	505.025	0	0	0	0	0.000	0.000	0	0	0	0	0.000	0	0	0	0.000	0	0
120	120	759	1285.623	1110.004	0.833	143	342	176	76	14	143	342	176	76	14	113.000	167.449	239	200	190	179	171	163	157	152	147	141	134	103.000	145.223	196	175	165	156	147	140	134	131	127	123	119	0	0	0.000	0.000	0	0	0	0	0.000	0	0	0	0.000	0	0	0	0	0.000	0.000	0	0	0	0	0.000	0	0	0	0.000	0	0
121	121	2163	541.683	1130.848	0.893	939	654	446	73	16	939	654	446	73	16	112.000	156.576	191	177	171	167	162	158	153	148	141	133	122	105.010	339.278	544	471	440	405	371	339	309	280	239	202	139	0	0	0.000	0.000	0	0	0	0	0.000	0	0	0	0.000	0	0	0	0	0.000	0.000	0	0	0	0	0.000	0	0	0	0.000	0	0
122	122	1787	832.169	1133.419	0.887	338	1181	195	31	7	338	1181	195	31	7	111.202	122.880	141	134	129	125	122	120	119	119	118	117	114	103.000	138.585	158	147	144	143	141	139	137	135	133	130	120	0	0	0.000	0.000	0	0	0	0	0.000	0	0	0	0.000	0	0	0	0	0.000	0.000	0	0	0	0	0.000	0	0	0	0.000	0	0
123	123	1719	452.857	1141.468	0.879	52	738	779	100	17	52	738	779	100	17	110.579	142.614	489	149	142	140	137	136	134	131	128	125	119	104.434	335.662	1002	443	410	381	357	333	309	287	248	204	167	1	61	438.061	1143.501	0	0	0	289	303.672	0	0	591	611.607	0	0	0	0	0.000	0.000	0	0	0	0	0.000	0	0	0	0.000	0	0
124	124	1610	1455.734	1153.584	0.892	30	158	957	391	31	30	158	957	391	31	113.000	122.593	131	127	126	124	123	122	121	121	120	119	115	103.000	264.102	432	359	322	301	280	258	236	215	197	184	159	0	0	0.000	0.000	0	0	0	0	0.000	0	0	0	0.000	0	0	0	0	0.000	0.000	0	0	0	0	0.000	0	0	0	0.000	0	0
125	125	1892	1064.262	1158.685	0.866	154	1356	320	19	12	154	1356	320	19	12	110.706	127.541	152	144	138	131	126	124	122	121	120	118	114	103.000	855.679	1613	1264	1147	1049	963	858	743	642	539	456	331	0	0	0.000	0.000	0	0	0	0	0.000	0	0	0	0.000	0	0	0	0	0.000	0.000	0	0	0	0	0.000	0	0	0	0.000	0	0
126	126	202	769.569	1147.632	0.892	26	45	49	53	24	26	45	49	53	24	112.000	133.233	145	142	139	137	135	133	131	129	127	125	122	103.000	116.995	128	124	122	120	119	117	115	113	112	111	108	0	0	0.000	0.000	0	0	0	0	0.000	0	0	0	0.000	0	0	0	0	0.000	0.000	0	0	0	0	0.000	0	0	0	0.000	0	0
127	127	1252	1402.138	1164.626	0.905	48	133	707	323	13	48	133	707	323	13	112.265	123.480	131	127	126	125	124	123	123	122	121	120	117	103.000	353.581	469	418	397	384	374	363	351	335	306	271	205	0	0	0.000	0.000	0	0	0	0	0.000	0	0	0	0.000	0	0	0	0	0.000	0.000	0	0	0	0	0.000	0	0	0	0.000	0	0
128	128	899	1248.911	1168.490	0.889	63	126	348	281	64	63	126	348	281	64	112.000	135.239	171	153	149	141	135	131	129	127	125	122	118	101.861	126.581	165	144	138	134	129	124	121	117	115	112	108	0	0	0.000	0.000	0	0	0	0	0.000	0	0	0	0.000	0	0	0	0	0.000	0.000	0	0	0	0	0.000	0	0	0	0.000	0	0
129	129	209	423.807	1167.341	0.850	34	25	48	64	36	34	25	48	64	36	109.938	126.646	138	133	131	129	128	128	127	125	122	119	115	103.000	228.761	317	287	269	259	247	235	221	204	183	163	142	0	0	0.000	0.000	0	0	0	0	0.000	0	0	0	0.000	0	0	0	0	0.000	0.000	0	0	0	0	0.000	0	0	0	0.000	0	0
130	130	1753	773.110	1184.822	0.885	12	100	838	689	76	12	100	838	689	76	111.853	177.343	226	205	197	191	186	181	174	164	154	144	131	103.000	141.318	169	155	150	148	145	141	139	136	132	127	114	0	0	0.000	0.000	0	0	0	0	0.000	0	0	0	0.000	0	0	0	0	0.000	0.000	0	0	0	0	0.000	0	0	0	0.000	0	0
131	131	1537	539.113	1182.440	0.839	141	232	288	646	189	141	232	288	646	189	111.016	181.904	1392	210	153	146	142	138	135	133	131	128	121	105.000	271.899	753	387	342	302	271	245	225	209	199	185	168	1	100	528.221	1192.026	0	0	0	664	700.910	0	0	456	456.630	0	0	1	28	529.102	1192.205	0	0	0	1070	1036.036	0	0	622	610.929	0	0
132	132	1624	1117.092	1183.640	0.890	115	940	497	34	5	115	940	497	34	5	111.636	125.035	149	138	129	125	124	123	122	121	120	119	115	103.000	1077.853	1619	1487	1332	1222	1140	1070	1001	923	831	722	372	2	14	1123.073	1192.073	33	1125.389	1181.530	144	143.857	145	144.606	912	910.214	797	806.273	0	0	0.000	0.000	0	0	0	0	0.000	0	0	0	0.000	0	0
133	133	1311	491.059	1197.095	0.894	74	53	492	638	33	74	53	492	638	33	111.000	145.082	164	159	155	151	149	145	142	139	136	132	121	104.224	300.578	416	384	364	345	323	304	287	266	241	210	148	0	0	0.000	0.000	0	0	0	0	0.000	0	0	0	0.000	0	0	0	0	0.000	0.000	0	0	0	0	0.000	0	0	0	0.000	0	0
134	134	493	797.764	1223.312	0.912	15	38	170	209	46	15	38	170	209	46	112.000	166.767	188	179	175	172	169	167	165	163	160	153	140	103.000	128.722	141	136	133	132	130	129	128	127	124	121	113	0	0	0.000	0.000	0	0	0	0	0.000	0	0	0	0.000	0	0	0	0	0.000	0.000	0	0	0	0	0.000	0	0	0	0.000	0	0
135	135	1590	770.301	1248.265	0.888	38	180	823	474	44	38	180	823	474	44	111.825	175.746	216	199	195	192	187	182	174	165	153	142	132	102.860	137.747	164	149	146	143	141	139	136	133	129	124	112	0	0	0.000	0.000	0	0	0	0	0.000	0	0	0	0.000	0	0	0	0	0.000	0.000	0	0	0	0	0.000	0	0	0	0.000	0	0
136	136	2289	1821.672	1303.610	0.857	10	101	938	1119	77	10	101	938	1119	77	111.017	183.585	222	211	207	202	196	189	181	170	159	145	132	104.000	1965.097	2917	2680	2562	2447	2331	2151	1928	1653	1330	908	522	0	0	0.000	0.000	0	0	0	0	0.000	0	0	0	0.000	0	0	0	0	0.000	0.000	0	0	0	0	0.000	0	0	0	0.000	0	0
137	137	489	362.994	1291.721	0.917	41	94	146	149	47	41	94	146	149	47	108.000	113.939	119	116	115	115	114	114	114	113	113	112	111	103.000	197.673	274	246	223	212	205	197	189	179	168	154	135	0	0	0.000	0.000	0	0	0	0	0.000	0	0	0	0.000	0	0	0	0	0.000	0.000	0	0	0	0	0.000	0	0	0	0.000	0	0
138	138	1807	406.345	1328.228	0.814	23	225	894	542	88	23	225	894	542	88	108.615	115.645	122	118	117	117	116	116	115	115	114	113	110	102.570	512.050	781	698	650	607	568	532	494	439	368	280	209	0	0	0.000	0.000	0	0	0	0	0.000	0	0	0	0.000	0	0	0	0	0.000	0.000	0	0	0	0	0.000	0	0	0	0.000	0	0
139	139	999	1650.974	1317.583	0.907	12	83	493	361	34	12	83	493	361	34	111.996	180.710	219	209	202	195	189	183	176	167	158	150	136	103.891	1188.399	1705	1572	1487	1407	1326	1234	1138	1032	887	714	477	0	0	0.000	0.000	0	0	0	0	0.000	0	0	0	0.000	0	0	0	0	0.000	0.000	0	0	0	0	0.000	0	0	0	0.000	0	0
140	140	1987	353.700	1335.615	0.859	46	301	916	621	75	46	301	916	621	75	108.612	117.620	127	122	120	119	118	117	116	116	115	114	111	102.739	499.915	776	674	610	562	519	481	450	420	393	362	301	0	0	0.000	0.000	0	0	0	0	0.000	0	0	0	0.000	0	0	0	0	0.000	0.000	0	0	0	0	0.000	0	0	0	0.000	0	0
141	141	1712	1603.858	1332.591	0.859	28	720	805	108	6	28	720	805	108	6	112.937	225.159	1505	226	209	199	193	189	184	177	166	157	134	104.000	1170.106	4299	1591	1421	1257	1162	1095	1023	949	851	694	376	1	91	1604.088	1317.510	0	0	0	781	823.824	0	0	2406	2510.571	0	0	1	20	1605.939	1316.735	0	0	0	1065	1015.650	0	0	3680	3583.850	0	0
142	142	1268	1550.958	1335.566	0.921	21	180	707	297	38	21	180	707	297	38	112.002	203.805	266	248	233	222	212	202	192	183	174	165	146	104.000	1336.528	2102	1950	1775	1593	1473	1351	1214	1066	901	734	558	0	0	0.000	0.000	0	0	0	0	0.000	0	0	0	0.000	0	0	0	0	0.000	0.000	0	0	0	0	0.000	0	0	0	0.000	0	0
143	143	2153	1836.911	1365.104	0.882	22	332	1368	360	32	22	332	1368	360	32	111.977	179.779	220	205	198	192	186	179	174	169	162	155	131	104.000	1882.642	2897	2575	2434	2272	2061	1888	1733	1564	1365	1146	579	0	0	0.000	0.000	0	0	0	0	0.000	0	0	0	0.000	0	0	0	0	0.000	0.000	0	0	0	0	0.000	0	0	0	0.000	0	0
144	144	406	1525.799	1361.809	0.921	84	99	126	82	9	84	99	126	82	9	112.059	118.244	126	120	120	119	119	118	118	117	117	116	114	104.000	177.919	244	210	200	191	184	177	168	162	156	148	133	0	0	0.000	0.000	0	0	0	0	0.000	0	0	0	0.000	0	0	0	0	0.000	0.000	0	0	0	0	0.000	0	0	0	0.000	0	0
145	145	1375	1574.988	1376.132	0.902	16	149	781	353	56	16	149	781	353	56	112.000	262.025	2159	286	239	228	220	212	204	195	180	164	139	104.000	1478.900	4157	1989	1840	1676	1565	1463	1343	1203	1087	872	438	1	72	1577.520	1388.172	0	0	0	1005	1073.208	0	0	2345	2526.569	0	0	0	0	0.000	0.000	0	0	0	0	0.000	0	0	0	0.000	0	0
146	146	1716	1503.708	1394.384	0.876	274	953	411	34	5	274	953	411	34	5	112.918	120.448	132	125	123	121	120	120	119	119	118	117	114	104.000	501.293	802	729	657	610	563	510	457	400	331	262	190	0	0	0.000	0.000	0	0	0	0	0.000	0	0	0	0.000	0	0	0	0	0.000	0.000	0	0	0	0	0.000	0	0	0	0.000	0	0
147	147	258	26.833	1417.223	0.966	22	56	54	90	31	22	56	54	90	31	105.519	109.884	113	112	111	110	110	110	109	109	109	108	107	101.000	105.186	110	107	106	106	106	105	105	105	104	103	101	0	0	0.000	0.000	0	0	0	0	0.000	0	0	0	0.000	0	0	0	0	0.000	0.000	0	0	0	0	0.000	0	0	0	0.000	0	0
148	148	1455	918.280	1435.233	0.895	45	411	729	216	23	45	411	729	216	23	111.984	168.046	208	194	188	182	175	167	160	154	148	144	134	103.864	918.660	1534	1342	1244	1164	1079	950	803	676	562	456	347	0	0	0.000	0.000	0	0	0	0	0.000	0	0	0	0.000	0	0	0	0	0.000	0.000	0	0	0	0	0.000	0	0	0	0.000	0	0
149	149	1748	1492.024	1445.831	0.832	857	619	78	109	45	857	619	78	109	45	112.969	120.100	129	123	122	121	120	120	119	119	118	118	115	104.626	557.764	866	777	742	701	655	597	521	435	351	278	215	0	0	0.000	0.000	0	0	0	0	0.000	0	0	0	0.000	0	0	0	0	0.000	0.000	0	0	0	0	0.000	0	0	0	0.000	0	0
150	150	681	1287.788	1465.312	0.922	230	258	146	19	13	230	258	146	19	13	113.000	152.047	166	161	158	157	156	154	152	149	145	140	131	104.687	483.147	643	589	563	542	521	496	470	443	407	356	248	0	0	0.000	0.000	0	0	0	0	0.000	0	0	0	0.000	0	0	0	0	0.000	0.000	0	0	0	0	0.000	0	0	0	0.000	0	0
151	151	1919	1247.861	1481.414	0.875	287	1407	157	29	11	287	1407	157	29	11	112.865	175.224	603	208	170	164	161	157	154	151	148	145	130	105.000	516.424	1152	706	628	580	538	499	460	427	394	346	242	1	117	1233.641	1472.535	0	0	0	379	396.521	0	0	799	794.231	0	0	0	0	0.000	0.000	0	0	0	0	0.000	0	0	0	0.000	0	0
152	152	1906	1515.958	1501.222	0.891	1434	296	102	47	19	1434	296	102	47	19	112.213	121.380	139	126	124	122	121	120	120	119	118	118	115	105.000	524.789	812	724	680	634	591	542	477	421	361	305	238	0	0	0.000	0.000	0	0	0	0	0.000	0	0	0	0.000	0	0	0	0	0.000	0.000	0	0	0	0	0.000	0	0	0	0.000	0	0
153	153	1460	1311.227	1521.121	0.880	629	561	189	38	18	629	561	189	38	18	112.571	133.342	153	144	141	138	135	133	131	128	126	123	119	105.000	992.123	1522	1264	1187	1139	1085	1030	963	885	773	628	388	0	0	0.000	0.000	0	0	0	0	0.000	0	0	0	0.000	0	0	0	0	0.000	0.000	0	0	0	0	0.000	0	0	0	0.000	0	0
154	154	555	561.315	1521.906	0.824	92	109	215	112	10	92	109	215	112	10	110.542	506.804	699	621	592	562	535	502	476	454	428	396	320	103.000	115.305	130	122	120	119	118	116	113	111	110	108	104	0	0	0.000	0.000	0	0	0	0	0.000	0	0	0	0.000	0	0	0	0	0.000	0.000	0	0	0	0	0.000	0	0	0	0.000	0	0
155	155	2045	1241.648	1547.171	0.864	70	552	1146	212	27	70	552	1146	212	27	112.226	124.772	139	132	129	127	125	124	122	122	121	120	115	104.908	1751.183	2595	2274	2098	1962	1875	1783	1697	1562	1388	1178	613	0	0	0.000	0.000	0	0	0	0	0.000	0	0	0	0.000	0	0	0	0	0.000	0.000	0	0	0	0	0.000	0	0	0	0.000	0	0
156	156	1523	297.187	1560.538	0.883	121	513	648	193	22	121	513	648	193	22	108.127	118.599	130	125	123	121	119	117	116	116	115	114	109	102.152	645.228	996	895	841	797	746	693	618	490	406	352	253	0	0	0.000	0.000	0	0	0	0	0.000	0	0	0	0.000	0	0	0	0	0.000	0.000	0	0	0	0	0.000	0	0	0	0.000	0	0
157	157	403	1278.733	1566.568	0.888	43	139	160	43	13	43	139	160	43	13	111.993	120.737	128	124	123	121	121	120	120	120	119	118	116	104.893	991.390	1911	1653	1484	1278	1151	1020	892	682	473	284	176	0	0	0.000	0.000	0	0	0	0	0.000	0	0	0	0.000	0	0	0	0	0.000	0.000	0	0	0	0	0.000	0	0	0	0.000	0	0
158	158	584	373.990	1572.774	0.881	48	183	215	107	25	48	183	215	107	25	109.000	180.108	223	206	200	193	186	180	175	170	164	152	135	102.324	138.173	167	153	148	144	141	137	135	132	128	125	110	0	0	0.000	0.000	0	0	0	0	0.000	0	0	0	0.000	0	0	0	0	0.000	0.000	0	0	0	0	0.000	0	0	0	0.000	0	0
159	159	1502	590.667	1605.433	0.903	87	420	692	248	25	87	420	692	248	25	110.434	175.755	228	203	196	188	181	175	169	163	157	147	130	103.000	765.930	1357	1148	1033	953	847	766	695	611	511	383	140	0	0	0.000	0.000	0	0	0	0	0.000	0	0	0	0.000	0	0	0	0	0.000	0.000	0	0	0	0	0.000	0	0	0	0.000	0	0
160	160	1338	300.593	1611.775	0.878	6	114	547	550	107	6	114	547	550	107	108.999	120.261	135	127	124	122	120	119	118	117	116	115	111	102.000	824.699	1086	1012	964	916	876	842	813	775	708	593	362	0	0	0.000	0.000	0	0	0	0	0.000	0	0	0	0.000	0	0	0	0	0.000	0.000	0	0	0	0	0.000	0	0	0	0.000	0	0
161	161	1765	1444.982	1653.260	0.908	43	229	706	725	36	43	229	706	725	36	112.382	213.781	741	332	233	202	187	179	172	165	155	144	128	103.000	178.924	229	209	201	195	189	181	172	164	158	145	124	1	157	1447.560	1659.501	0	0	0	475	495.637	0	0	195	192.936	0	0	0	0	0.000	0.000	0	0	0	0	0.000	0	0	0	0.000	0	0
162	162	1802	580.340	1650.696	0.884	71	794	847	43	9	71	794	847	43	9	110.619	160.727	199	185	181	176	170	163	154	146	139	133	125	103.000	688.533	1166	1043	944	856	777	693	612	516	415	335	245	0	0	0.000	0.000	0	0	0	0	0.000	0	0	0	0.000	0	0	0	0	0.000	0.000	0	0	0	0	0.000	0	0	0	0.000	0	0
163	163	2045	1594.228	1667.454	0.902	135	279	581	904	103	135	279	581	904	103	110.368	132.742	161	149	144	139	135	131	128	125	122	119	114	104.342	1396.502	2198	2020	1913	1822	1731	1518	1253	990	775	653	386	0	0	0.000	0.000	0	0	0	0	0.000	0	0	0	0.000	0	0	0	0	0.000	0.000	0	0	0	0	0.000	0	0	0	0.000	0	0
164	164	1045	1408.585	1683.933	0.896	19	41	339	479	154	19	41	339	479	154	113.000	152.942	179	171	165	161	157	152	148	144	140	136	130	103.000	161.172	198	182	175	170	165	161	157	152	146	141	128	0	0	0.000	0.000	0	0	0	0	0.000	0	0	0	0.000	0	0	0	0	0.000	0.000	0	0	0	0	0.000	0	0	0	0.000	0	0
165	165	1806	1648.966	1698.021	0.882	146	148	731	736	10	146	148	731	736	10	108.963	129.384	152	145	139	135	131	128	125	123	120	117	113	104.650	1278.043	2223	1951	1791	1705	1578	1379	1133	869	645	485	312	0	0	0.000	0.000	0	0	0	0	0.000	0	0	0	0.000	0	0	0	0	0.000	0.000	0	0	0	0	0.000	0	0	0	0.000	0	0
166	166	1697	581.312	1703.689	0.913	51	368	1043	197	13	51	368	1043	197	13	110.371	175.152	209	195	191	188	183	179	174	169	158	146	130	102.786	912.256	1243	1177	1119	1061	1013	953	880	820	725	575	269	0	0	0.000	0.000	0	0	0	0	0.000	0	0	0	0.000	0	0	0	0	0.000	0.000	0	0	0	0	0.000	0	0	0	0.000	0	0
167	167	1757	1440.610	1712.430	0.854	13	75	868	717	47	13	75	868	717	47	112.599	160.730	1349	168	132	128	125	124	123	122	121	120	116	103.000	180.301	787	188	175	171	167	163	158	154	148	142	130	1	108	1428.360	1710.337	0	0	0	571	624.361	0	0	416	443.583	0	0	1	80	1427.984	1709.880	0	0	0	678	686.550	0	0	477	487.550	0	0
168	168	1418	481.986	1710.697	0.889	19	92	657	577	35	19	92	657	577	35	110.000	117.197	130	122	121	119	117	116	116	115	114	113	111	102.477	123.493	138	130	128	126	125	124	123	122	119	116	107	1	83	473.525	1711.367	0	0	0	125	124.446	0	0	124	124.169	0	0	0	0	0.000	0.000	0	0	0	0	0.000	0	0	0	0.000	0	0
169	169	1872	432.615	1723.744	0.897	29	464	1269	62	7	29	464	1269	62	7	109.160	114.544	120	116	116	115	115	115	114	114	113	113	110	102.307	122.716	143	131	129	127	125	123	121	119	117	114	107	0	0	0.000	0.000	0	0	0	0	0.000	0	0	0	0.000	0	0	0	0	0.000	0.000	0	0	0	0	0.000	0	0	0	0.000	0	0
170	170	524	1982.121	1710.539	0.931	85	219	153	44	15	85	219	153	44	15	110.000	175.426	217	206	194	187	183	177	170	162	152	145	139	103.000	427.626	623	594	566	525	471	424	383	348	306	255	212	0	0	0.000	0.000	0	0	0	0	0.000	0	0	0	0.000	0	0	0	0	0.000	0.000	0	0	0	0	0.000	0	0	0	0.000	0	0
171	171	2010	2006.322	1752.745	0.852	33	135	1485	310	13	33	135	1485	310	13	109.934	1195.008	9904	4693	1125	344	231	215	203	196	185	172	147	102.236	958.154	4509	2687	969	674	615	574	532	479	427	356	254	0	0	0.000	0.000	0	0	0	0	0.000	0	0	0	0.000	0	0	1	303	2002.249	1757.355	0	0	0	5908	5893.594	0	0	3121	3096.848	0	0
172	172	1196	125.008	1763.420	0.869	106	410	536	105	12	106	410	536	105	12	106.000	116.608	129	123	120	118	117	116	115	114	113	112	107	101.271	519.647	744	633	594	572	548	531	511	491	455	373	244	0	0	0.000	0.000	0	0	0	0	0.000	0	0	0	0.000	0	0	0	0	0.000	0.000	0	0	0	0	0.000	0	0	0	0.000	0	0
173	173	390	465.493	1761.195	0.919	46	83	121	112	22	46	83	121	112	22	109.292	123.356	132	128	126	125	124	123	123	122	121	120	115	103.000	223.146	309	284	267	249	234	220	207	198	184	165	146	0	0	0.000	0.000	0	0	0	0	0.000	0	0	0	0.000	0	0	0	0	0.000	0.000	0	0	0	0	0.000	0	0	0	0.000	0	0
174	174	1703	478.590	1799.040	0.867	189	883	526	67	11	189	883	526	67	11	109.000	206.244	756	245	220	211	202	192	179	166	157	148	131	103.000	741.944	1210	1078	995	906	832	759	672	597	499	367	274	1	76	484.838	1797.630	0	0	0	519	520.368	0	0	658	650.974	0	0	0	0	0.000	0.000	0	0	0	0	0.000	0	0	0	0.000	0	0
175	175	1618	801.202	1806.699	0.916	37	613	794	114	19	37	613	794	114	19	110.234	123.260	135	130	128	126	124	123	122	120	119	117	113	102.128	1853.315	4010	2811	2543	2312	2014	1742	1527	1344	1143	981	711	0	0	0.000	0.000	0	0	0	0	0.000	0	0	0	0.000	0	0	0	0	0.000	0.000	0	0	0	0	0.000	0	0	0	0.000	0	0
176	176	1093	1098.141	1809.286	0.907	31	332	573	112	18	31	332	573	112	18	111.643	141.513	167	156	152	149	144	141	138	135	131	128	121	102.000	457.059	819	644	535	495	468	442	416	392	362	314	225	0	0	0.000	0.000	0	0	0	0	0.000	0	0	0	0.000	0	0	0	0	0.000	0.000	0	0	0	0	0.000	0	0	0	0.000	0	0
177	177	1064	1684.168	1819.304	0.912	29	43	424	478	78	29	43	424	478	78	111.000	121.774	129	125	124	123	123	122	121	121	120	118	113	104.000	588.858	844	769	742	705	658	608	558	498	433	368	269	0	0	0.000	0.000	0	0	0	0	0.000	0	0	0	0.000	0	0	0	0	0.000	0.000	0	0	0	0	0.000	0	0	0	0.000	0	0
178	178	1406	1643.416	1844.778	0.859	44	77	548	675	33	44	77	548	675	33	111.000	122.954	134	128	127	125	124	123	122	121	119	118	113	103.992	535.478	883	737	693	634	577	534	488	430	379	332	215	0	0	0.000	0.000	0	0	0	0	0.000	0	0	0	0.000	0	0	0	0	0.000	0.000	0	0	0	0	0.000	0	0	0	0.000	0	0
179	179	554	292.676	1879.282	0.914	31	60	155	259	35	31	60	155	259	35	108.000	112.668	117	114	114	113	113	113	112	112	112	111	109	102.643	462.888	652	603	567	545	519	483	436	391	349	302	236	0	0	0.000	0.000	0	0	0	0	0.000	0	0	0	0.000	0	0	0	0	0.000	0.000	0	0	0	0	0.000	0	0	0	0.000	0	0
180	180	2346	1707.173	1904.944	0.818	123	1199	895	64	23	123	1199	895	64	23	111.000	126.355	143	136	132	130	127	125	123	122	121	120	114	103.061	954.876	1643	1408	1293	1153	1042	925	838	762	664	524	323	0	0	0.000	0.000	0	0	0	0	0.000	0	0	0	0.000	0	0	0	0	0.000	0.000	0	0	0	0	0.000	0	0	0	0.000	0	0
181	181	1875	330.477	1908.030	0.877	569	1173	39	34	33	569	1173	39	34	33	107.665	114.218	120	117	116	115	115	114	113	113	112	112	108	103.147	853.503	1280	1155	1065	967	902	847	786	715	647	592	363	0	0	0.000	0.000	0	0	0	0	0.000	0	0	0	0.000	0	0	0	0	0.000	0.000	0	0	0	0	0.000	0	0	0	0.000	0	0
182	182	1864	1649.197	1902.895	0.846	65	791	905	65	4	65	791	905	65	4	111.013	124.715	218	132	126	124	123	122	121	120	120	119	115	103.306	1028.979	1624	1390	1253	1156	1090	1030	965	885	785	688	477	1	56	1652.533	1902.034	0	0	0	171	172.018	0	0	1079	1086.911	0	0	0	0	0.000	0.000	0	0	0	0	0.000	0	0	0	0.000	0	0
183	183	291	438.424	1925.756	0.872	137	83	26	14	26	137	83	26	14	26	107.000	112.457	115	114	114	113	113	113	112	112	111	111	109	104.000	796.247	1100	1047	1003	946	887	815	744	684	614	508	370	0	0	0.000	0.000	0	0	0	0	0.000	0	0	0	0.000	0	0	0	0	0.000	0.000	0	0	0	0	0.000	0	0	0	0.000	0	0
184	184	1924	369.196	1950.513	0.884	623	1147	51	50	26	623	1147	51	50	26	107.048	113.371	121	116	115	114	114	113	113	112	112	111	109	103.397	792.351	1267	1090	1010	925	845	777	726	660	592	498	327	0	0	0.000	0.000	0	0	0	0	0.000	0	0	0	0.000	0	0	0	0	0.000	0.000	0	0	0	0	0.000	0	0	0	0.000	0	0
185	185	2739	1755.545	1953.333	0.740	47	834	1586	194	17	47	834	1586	194	17	110.950	121.883	139	129	126	124	122	121	120	119	118	116	112	103.000	1005.599	1780	1548	1394	1261	1165	1074	938	724	519	398	304	0	0	0.000	0.000	0	0	0	0	0.000	0	0	0	0.000	0	0	0	0	0.000	0.000	0	0	0	0	0.000	0	0	0	0.000	0	0
186	186	2302	423.457	1964.662	0.875	956	963	162	138	36	956	963	162	138	36	106.876	115.192	122	118	117	116	116	115	114	114	113	112	110	103.664	1540.693	2259	2008	1879	1787	1693	1570	1444	1333	1204	1022	509	0	0	0.000	0.000	0	0	0	0	0.000	0	0	0	0.000	0	0	0	0	0.000	0.000	0	0	0	0	0.000	0	0	0	0.000	0	0
187	187	1658	526.287	1988.388	0.902	49	355	787	371	60	49	355	787	371	60	106.946	170.993	204	192	186	181	177	173	169	164	157	146	127	102.179	631.790	924	829	773	725	671	624	578	544	501	444	323	0	0	0.000	0.000	0	0	0	0	0.000	0	0	0	0.000	0	0	0	0	0.000	0.000	0	0	0	0	0.000	0	0	0	0.000	0	0
188	188	1128	1194.397	1983.758	0.883	38	222	671	166	14	38	222	671	166	14	109.473	119.311	139	124	121	120	119	118	118	117	117	116	112	102.000	782.648	1586	1107	978	885	827	766	714	654	571	465	320	1	133	1197.324	1987.854	0	0	0	127	127.669	0	0	776	808.654	0	0	0	0	0.000	0.000	0	0	0	0	0.000	0	0	0	0.000	0	0
189	189	2323	1812.828	1994.571	0.828	91	1130	951	72	8	91	1130	951	72	8	109.733	121.254	144	127	124	122	121	121	120	119	118	117	112	102.262	1256.665	1844	1646	1550	1454	1365	1269	1161	1072	982	856	480	0	0	0.000	0.000	0	0	0	0	0.000	0	0	0	0.000	0	0	0	0	0.000	0.000	0	0	0	0	0.000	0	0	0	0.000	0	0
190	190	1532	1148.451	2001.442	0.903	36	271	797	350	55	36	271	797	350	55	108.331	119.737	137	127	123	121	119	118	118	117	116	115	112	101.808	933.090	1881	1356	1204	1094	1012	924	850	755	632	507	275	0	0	0.000	0.000	0	0	0	0	0.000	0	0	0	0.000	0	0	0	0	0.000	0.000	0	0	0	0	0.000	0	0	0	0.000	0	0
