 	cell	area	x	y	circ	BFI_lev_b1	BFI_lev_b2	BFI_lev_b3	BFI_lev_b4	BFI_lev_b5	BFO_lev_b1	BFO_lev_b2	BFO_lev_b3	BFO_lev_b4	BFO_lev_b5	RFP_int_bg	RFP_int_mean	RFP_int_b0	RFP_int_b1	RFP_int_b2	RFP_int_b3	RFP_int_b4	RFP_int_b5	RFP_int_b6	RFP_int_b7	RFP_int_b8	RFP_int_b9	RFP_int_b10	GFP_int_bg	GFP_int_mean	GFP_int_b0	GFP_int_b1	GFP_int_b2	GFP_int_b3	GFP_int_b4	GFP_int_b5	GFP_int_b6	GFP_int_b7	GFP_int_b8	GFP_int_b9	GFP_int_b10	inRFPnfoci	f1_inRFParea	f1_inRFPx	f1_inRFPy	f2_inRFParea	f2_inRFPx	f2_inRFPy	f1_inRFP_toRFPmed	f1_inRFP_toRFPmean	f2_inRFP_toRFPmed	f2_inRFP_toRFPmean	f1_inRFP_toGFPmed	f1_inRFP_toGFPmean	f2_inRFP_toGFPmed	f2_inRFP_toGFPmean	inGFPnfoci	f1_inGFParea	f1_inGFPx	f1_inGFPy	f2_inGFParea	f2_inGFPx	f2_inGFPy	f1_inGFP_toRFPmed	f1_inGFP_toRFPmean	f2_inGFP_toRFPmed	f2_inGFP_toRFPmean	f1_inGFP_toGFPmed	f1_inGFP_toGFPmean	f2_inGFP_toGFPmed	f2_inGFP_toGFPmean
1	1	1614	709.359	30.243	0.911	84	572	742	154	29	84	572	742	154	29	106.986	116.804	127	122	120	119	117	116	115	114	113	112	110	102.986	1011.426	1780	1522	1378	1236	1102	988	895	796	665	527	289	0	0	0.000	0.000	0	0	0	0	0.000	0	0	0	0.000	0	0	0	0	0	0	0	0	0	0	0	0	0	0	0	0	0
2	2	748	1808.056	53.927	0.893	87	382	222	30	15	87	382	222	30	15	107.238	355.647	623	506	441	422	396	369	340	290	241	193	137	103.393	129.238	177	148	141	136	133	128	124	119	116	113	108	0	0	0.000	0.000	0	0	0	0	0.000	0	0	0	0.000	0	0	0	0	0	0	0	0	0	0	0	0	0	0	0	0	0
3	3	1384	1514.756	81.073	0.889	16	222	885	226	11	16	222	885	226	11	107.512	115.402	123	119	117	117	116	115	115	114	113	113	109	106.845	898.294	1339	1216	1144	1078	1008	934	853	753	627	514	356	0	0	0.000	0.000	0	0	0	0	0.000	0	0	0	0.000	0	0	0	0	0	0	0	0	0	0	0	0	0	0	0	0	0
4	4	959	1655.022	114.160	0.892	150	257	374	110	45	150	257	374	110	45	108.311	176.874	402	214	197	190	184	176	163	148	136	126	112	104.944	204.421	312	276	263	251	234	207	180	160	145	127	110	1	29	1664.049	120.039	0	0	0	344	343.828	0	0	223	217.138	0	0	0	0	0	0	0	0	0	0	0	0	0	0	0	0	0
5	5	2423	1450.886	132.263	0.877	2027	344	21	12	9	2027	344	21	12	9	109.400	259.891	1982	323	235	221	210	202	193	182	168	152	123	107.983	2179.752	3721	3190	2880	2656	2434	2219	1996	1730	1481	1145	365	1	149	1449.302	131.571	0	0	0	992	1059.980	0	0	2068	2089.698	0	0	0	0	0	0	0	0	0	0	0	0	0	0	0	0	0
6	6	1646	1207.067	127.437	0.901	67	711	690	119	15	67	711	690	119	15	109.000	367.299	593	475	449	424	397	369	341	316	284	251	201	102.990	131.827	145	140	137	136	134	132	130	128	126	124	114	0	0	0.000	0.000	0	0	0	0	0.000	0	0	0	0.000	0	0	0	0	0	0	0	0	0	0	0	0	0	0	0	0	0
7	7	1819	1508.787	133.115	0.890	171	547	840	200	20	171	547	840	200	20	108.604	117.224	125	120	119	118	118	117	117	116	116	115	112	108.000	1050.772	1696	1457	1329	1256	1171	1096	1011	887	748	548	356	0	0	0.000	0.000	0	0	0	0	0.000	0	0	0	0.000	0	0	0	0	0	0	0	0	0	0	0	0	0	0	0	0	0
8	8	1140	1252.906	126.372	0.913	21	76	256	669	99	21	76	256	669	99	109.000	341.859	473	448	434	411	384	356	323	282	246	215	161	103.000	132.628	149	141	139	138	136	135	132	130	127	121	108	0	0	0.000	0.000	0	0	0	0	0.000	0	0	0	0.000	0	0	0	0	0	0	0	0	0	0	0	0	0	0	0	0	0
9	9	1312	604.519	132.301	0.901	29	292	713	237	12	29	292	713	237	12	108.697	171.258	209	198	192	187	181	174	166	158	149	141	127	103.972	1353.706	1944	1797	1692	1613	1502	1387	1269	1151	1020	839	532	0	0	0.000	0.000	0	0	0	0	0.000	0	0	0	0.000	0	0	0	0	0	0	0	0	0	0	0	0	0	0	0	0	0
10	10	1753	931.900	143.300	0.893	37	230	847	557	42	37	230	847	557	42	109.000	170.892	824	246	160	147	142	137	133	130	128	124	116	103.000	167.204	204	187	183	179	175	170	165	159	152	142	120	1	152	932.539	132.733	0	0	0	434	462.816	0	0	185	184.428	0	0	0	0	0	0	0	0	0	0	0	0	0	0	0	0	0
11	11	1683	654.978	145.205	0.895	28	406	789	372	55	28	406	789	372	55	108.166	170.584	206	189	184	179	175	171	167	163	158	150	133	104.000	1153.406	1844	1626	1526	1386	1273	1163	1054	957	805	629	446	0	0	0.000	0.000	0	0	0	0	0.000	0	0	0	0.000	0	0	0	0	0	0	0	0	0	0	0	0	0	0	0	0	0
12	12	2156	1653.434	167.127	0.857	24	68	920	1020	80	24	68	920	1020	80	109.447	482.217	4357	1318	534	277	192	163	155	149	144	137	122	106.303	1561.160	2520	2255	2045	1827	1669	1550	1441	1340	1164	855	428	1	311	1649.482	164.645	0	0	0	1774	1997.058	0	0	1480	1457.765	0	0	0	0	0	0	0	0	0	0	0	0	0	0	0	0	0
13	13	2563	1935.622	169.025	0.873	167	1606	678	66	9	167	1606	678	66	9	109.558	365.524	1731	443	410	387	364	344	324	308	286	244	193	106.908	5561.718	9122	7958	7296	6719	6221	5735	5121	4603	3860	2898	1574	1	54	1937.503	156.312	0	0	0	1147	1142.222	0	0	8656	8495.907	0	0	0	0	0	0	0	0	0	0	0	0	0	0	0	0	0
14	14	286	1556.508	152.072	0.912	24	83	157	14	5	24	83	157	14	5	109.399	132.769	146	140	139	136	135	133	131	129	127	125	120	107.594	125.549	138	132	130	128	127	126	125	123	121	119	112	0	0	0.000	0.000	0	0	0	0	0.000	0	0	0	0.000	0	0	0	0	0	0	0	0	0	0	0	0	0	0	0	0	0
15	15	705	1979.390	155.679	0.939	36	115	300	205	40	36	115	300	205	40	107.918	251.234	367	339	318	295	275	258	238	212	181	155	124	105.699	5152.677	7552	7069	6644	6242	5792	5399	5013	4415	3598	2754	1435	0	0	0.000	0.000	0	0	0	0	0.000	0	0	0	0.000	0	0	0	0	0	0	0	0	0	0	0	0	0	0	0	0	0
16	16	1686	1202.163	174.829	0.906	299	1164	148	33	13	299	1164	148	33	13	109.534	401.710	705	494	470	451	430	408	387	359	324	280	194	103.000	134.282	152	144	141	140	137	136	134	131	128	122	109	0	0	0.000	0.000	0	0	0	0	0.000	0	0	0	0.000	0	0	0	0	0	0	0	0	0	0	0	0	0	0	0	0	0
17	17	1733	1477.883	178.443	0.889	1215	312	117	47	28	1215	312	117	47	28	109.181	117.061	123	120	119	118	117	117	116	116	115	114	112	107.997	1100.785	1771	1564	1456	1366	1286	1177	1059	899	694	510	195	0	0	0.000	0.000	0	0	0	0	0.000	0	0	0	0.000	0	0	0	0	0	0	0	0	0	0	0	0	0	0	0	0	0
18	18	2040	1587.340	178.988	0.870	304	1233	393	48	17	304	1233	393	48	17	110.000	189.324	725	260	186	170	164	159	157	154	152	147	128	106.959	135.877	159	145	141	139	137	135	134	133	131	128	112	1	158	1579.841	166.814	0	0	0	442	453.013	0	0	137	137.082	0	0	0	0	0	0	0	0	0	0	0	0	0	0	0	0	0
19	19	1305	1780.179	178.365	0.893	51	251	690	275	18	51	251	690	275	18	109.000	147.938	169	162	158	154	150	148	145	142	139	134	123	105.139	1310.701	2054	1789	1632	1506	1395	1311	1212	1103	994	869	623	0	0	0.000	0.000	0	0	0	0	0.000	0	0	0	0.000	0	0	0	0	0	0	0	0	0	0	0	0	0	0	0	0	0
20	20	1710	1532.718	189.455	0.887	25	273	883	436	58	25	273	883	436	58	109.303	118.679	130	123	121	120	119	118	118	117	116	115	113	107.660	1465.639	2237	1998	1792	1669	1578	1475	1397	1283	1116	906	578	0	0	0.000	0.000	0	0	0	0	0.000	0	0	0	0.000	0	0	0	0	0	0	0	0	0	0	0	0	0	0	0	0	0
21	21	1511	929.919	198.401	0.893	83	543	688	136	28	83	543	688	136	28	109.000	143.598	428	149	145	143	141	139	137	135	131	127	116	103.103	175.187	201	190	186	183	179	176	174	170	165	159	136	1	44	940.490	211.983	0	0	0	279	282.205	0	0	177	175.477	0	0	0	0	0	0	0	0	0	0	0	0	0	0	0	0	0
22	22	2138	1699.643	207.258	0.847	12	180	1134	700	68	12	180	1134	700	68	108.932	182.921	734	200	189	184	178	172	165	159	150	141	127	106.000	1726.744	2637	2397	2244	2103	1952	1798	1659	1484	1210	863	549	1	74	1684.296	207.383	0	0	0	463	473.514	0	0	2422	2390.514	0	0	0	0	0	0	0	0	0	0	0	0	0	0	0	0	0
23	23	2185	1894.348	218.183	0.910	28	262	1232	557	57	28	262	1232	557	57	109.501	399.762	4337	720	243	224	206	190	175	163	155	146	132	106.643	3227.195	6067	5307	4758	4262	3785	3181	2578	2108	1740	1226	683	1	215	1890.851	228.164	0	0	0	1945	2143.758	0	0	5603	5437.298	0	0	0	0	0	0	0	0	0	0	0	0	0	0	0	0	0
24	24	308	1801.542	204.332	0.940	43	106	87	44	23	43	106	87	44	23	108.052	118.542	125	122	121	120	119	118	118	117	116	115	112	105.162	397.718	620	564	530	485	440	396	353	319	275	236	169	0	0	0.000	0.000	0	0	0	0	0.000	0	0	0	0.000	0	0	0	0	0	0	0	0	0	0	0	0	0	0	0	0	0
25	25	1469	1650.748	221.487	0.900	44	201	980	205	9	44	201	980	205	9	109.858	146.319	202	157	152	150	148	146	143	140	137	133	122	106.942	1532.438	2494	2148	1998	1881	1746	1620	1438	1238	1013	764	500	0	0	0.000	0.000	0	0	0	0	0.000	0	0	0	0.000	0	0	0	0	0	0	0	0	0	0	0	0	0	0	0	0	0
26	26	1405	885.548	228.354	0.893	425	511	295	120	32	425	511	295	120	32	109.312	249.447	351	320	307	282	261	245	233	220	202	179	142	103.000	166.270	199	183	178	173	169	166	163	160	157	150	126	0	0	0.000	0.000	0	0	0	0	0.000	0	0	0	0.000	0	0	0	0	0	0	0	0	0	0	0	0	0	0	0	0	0
27	27	1297	1605.013	230.710	0.913	44	189	677	334	29	44	189	677	334	29	110.000	138.507	154	147	145	144	142	141	138	134	131	127	120	107.000	589.123	784	717	686	663	639	614	575	536	492	432	288	0	0	0.000	0.000	0	0	0	0	0.000	0	0	0	0.000	0	0	0	0	0	0	0	0	0	0	0	0	0	0	0	0	0
28	28	1725	1947.538	230.358	0.884	14	200	1226	241	10	14	200	1226	241	10	108.950	205.911	249	236	231	224	218	213	205	194	181	164	132	105.871	4393.830	6017	5502	5273	5081	4833	4577	4263	3953	3579	3000	1454	0	0	0.000	0.000	0	0	0	0	0.000	0	0	0	0.000	0	0	0	0	0	0	0	0	0	0	0	0	0	0	0	0	0
29	29	1526	1747.791	248.531	0.859	67	455	802	172	7	67	455	802	172	7	109.086	155.039	237	177	172	166	159	154	149	143	137	132	121	105.238	1588.903	2471	2252	2125	1998	1841	1673	1455	1232	1013	805	498	0	0	0.000	0.000	0	0	0	0	0.000	0	0	0	0.000	0	0	0	0	0	0	0	0	0	0	0	0	0	0	0	0	0
30	30	619	1557.340	253.535	0.834	79	189	202	110	31	79	189	202	110	31	110.000	384.751	520	484	468	446	417	389	362	335	306	276	223	106.326	144.068	170	156	152	150	147	145	143	140	135	129	121	0	0	0.000	0.000	0	0	0	0	0.000	0	0	0	0.000	0	0	0	0	0	0	0	0	0	0	0	0	0	0	0	0	0
31	31	1736	1596.930	279.076	0.893	17	120	771	690	102	17	120	771	690	102	110.027	134.067	154	145	142	140	137	135	132	128	125	122	116	106.569	449.222	785	643	582	531	490	454	407	364	316	241	190	0	0	0.000	0.000	0	0	0	0	0.000	0	0	0	0.000	0	0	0	0	0	0	0	0	0	0	0	0	0	0	0	0	0
32	32	1955	1541.224	307.234	0.863	115	820	860	110	16	115	820	860	110	16	110.757	139.405	163	153	149	146	143	139	136	133	130	126	115	105.524	122.761	137	129	127	125	124	123	121	120	118	116	110	0	0	0.000	0.000	0	0	0	0	0.000	0	0	0	0.000	0	0	0	0	0	0	0	0	0	0	0	0	0	0	0	0	0
33	33	2075	357.210	308.673	0.855	79	515	998	396	55	79	515	998	396	55	109.925	174.348	212	196	188	181	177	173	170	166	162	156	138	106.717	1503.695	2642	2202	1980	1794	1625	1453	1296	1161	1029	887	622	0	0	0.000	0.000	0	0	0	0	0.000	0	0	0	0.000	0	0	0	0	0	0	0	0	0	0	0	0	0	0	0	0	0
34	34	895	1915.466	302.880	0.897	297	434	114	21	7	297	434	114	21	7	108.902	181.932	244	216	209	201	192	184	176	166	154	141	126	103.489	146.253	179	163	157	152	149	146	144	141	137	129	115	0	0	0.000	0.000	0	0	0	0	0.000	0	0	0	0.000	0	0	0	0	0	0	0	0	0	0	0	0	0	0	0	0	0
35	35	1285	1413.744	320.240	0.906	260	907	50	22	13	260	907	50	22	13	110.197	188.656	227	211	204	199	195	190	186	181	175	162	140	104.140	1343.075	2335	1926	1733	1570	1455	1335	1219	1084	934	768	604	0	0	0.000	0.000	0	0	0	0	0.000	0	0	0	0.000	0	0	0	0	0	0	0	0	0	0	0	0	0	0	0	0	0
36	36	1628	1619.043	332.077	0.909	214	189	795	379	27	214	189	795	379	27	110.776	316.808	3863	456	183	177	171	166	160	153	145	139	124	105.389	1338.348	2103	1888	1752	1643	1520	1416	1286	1085	854	659	357	1	137	1614.236	345.417	0	0	0	1608	1774.453	0	0	1641	1553.898	0	0	0	0	0	0	0	0	0	0	0	0	0	0	0	0	0
37	37	1486	247.033	330.512	0.804	91	751	541	62	13	91	751	541	62	13	109.015	175.980	199	190	186	183	180	178	175	170	165	159	141	105.000	878.890	1174	1078	1053	1028	1004	968	899	798	657	528	402	0	0	0.000	0.000	0	0	0	0	0.000	0	0	0	0.000	0	0	0	0	0	0	0	0	0	0	0	0	0	0	0	0	0
38	38	929	290.224	346.171	0.869	74	169	426	197	42	74	169	426	197	42	110.000	143.437	253	180	152	143	139	135	132	129	126	123	118	105.000	135.626	191	158	147	140	135	131	129	126	123	119	109	1	73	287.082	337.495	0	0	0	212	212.877	0	0	171	169.644	0	0	0	0	0	0	0	0	0	0	0	0	0	0	0	0	0
39	39	695	151.828	348.714	0.937	32	73	255	270	47	32	73	255	270	47	108.914	182.203	224	216	210	200	191	182	173	165	158	148	134	104.134	521.213	690	651	625	609	586	554	509	455	401	349	242	0	0	0.000	0.000	0	0	0	0	0.000	0	0	0	0.000	0	0	0	0	0	0	0	0	0	0	0	0	0	0	0	0	0
40	40	2488	504.749	363.958	0.886	296	1436	635	53	10	296	1436	635	53	10	109.773	192.827	580	218	204	195	186	181	176	170	161	150	128	106.235	732.018	1127	1017	926	860	794	743	688	623	541	427	258	1	98	500.047	356.589	0	0	0	424	427.867	0	0	777	778.633	0	0	0	0	0	0	0	0	0	0	0	0	0	0	0	0	0
41	41	1588	330.981	358.596	0.865	24	145	891	471	23	24	145	891	471	23	110.000	188.593	230	218	212	206	200	195	185	174	164	151	133	106.283	2125.082	3044	2843	2703	2542	2371	2148	2010	1854	1603	1296	643	0	0	0.000	0.000	0	0	0	0	0.000	0	0	0	0.000	0	0	0	0	0	0	0	0	0	0	0	0	0	0	0	0	0
42	42	2507	851.386	370.908	0.839	34	382	1555	455	30	34	382	1555	455	30	110.586	192.479	1683	226	140	136	134	132	130	128	125	122	117	106.505	2202.848	3348	3027	2840	2691	2531	2359	2159	1931	1528	1008	655	1	192	850.566	350.998	0	0	0	773	850.516	0	0	3066	3001.177	0	0	0	0	0	0	0	0	0	0	0	0	0	0	0	0	0
43	43	1821	446.714	361.380	0.881	893	344	253	232	80	893	344	253	232	80	110.000	169.812	203	194	186	182	177	172	167	160	151	142	130	108.000	819.025	1198	1097	1037	986	938	877	812	719	581	409	277	0	0	0.000	0.000	0	0	0	0	0.000	0	0	0	0.000	0	0	0	0	0	0	0	0	0	0	0	0	0	0	0	0	0
44	44	1710	379.400	363.626	0.889	23	201	769	623	55	23	201	769	623	55	109.974	160.639	206	186	179	171	164	158	153	148	143	139	128	107.468	1080.682	1841	1547	1437	1331	1203	1072	945	819	718	625	452	0	0	0.000	0.000	0	0	0	0	0.000	0	0	0	0.000	0	0	0	0	0	0	0	0	0	0	0	0	0	0	0	0	0
45	45	2150	1468.118	372.327	0.885	21	250	1201	562	69	21	250	1201	562	69	110.210	213.289	286	257	245	232	222	214	205	195	183	167	149	105.729	592.220	924	816	758	706	653	603	547	479	414	359	235	0	0	0.000	0.000	0	0	0	0	0.000	0	0	0	0.000	0	0	0	0	0	0	0	0	0	0	0	0	0	0	0	0	0
46	46	1622	1418.621	375.000	0.882	57	184	885	442	38	57	184	885	442	38	111.000	203.440	261	245	238	231	221	207	192	178	167	156	138	105.528	548.190	840	747	716	673	628	582	528	445	364	284	211	0	0	0.000	0.000	0	0	0	0	0.000	0	0	0	0.000	0	0	0	0	0	0	0	0	0	0	0	0	0	0	0	0	0
47	47	2270	124.973	388.736	0.893	102	116	863	1039	104	102	116	863	1039	104	108.022	257.202	358	340	319	295	279	265	248	218	189	166	153	104.189	712.781	1081	1024	968	897	791	701	645	576	486	360	274	0	0	0.000	0.000	0	0	0	0	0.000	0	0	0	0.000	0	0	0	0	0	0	0	0	0	0	0	0	0	0	0	0	0
48	48	1702	1147.166	378.471	0.866	30	137	998	457	45	30	137	998	457	45	111.000	339.592	4557	522	166	155	151	147	143	139	134	129	122	104.000	1025.290	1704	1358	1272	1215	1158	1090	1001	874	722	541	377	1	139	1135.358	370.652	0	0	0	2056	2185.540	0	0	1519	1465.777	0	0	0	0	0	0	0	0	0	0	0	0	0	0	0	0	0
49	49	607	804.270	372.197	0.868	36	120	219	155	61	36	120	219	155	61	111.000	302.168	413	377	354	340	323	301	283	264	247	228	204	106.000	124.636	145	134	130	128	127	125	123	121	118	115	110	0	0	0.000	0.000	0	0	0	0	0.000	0	0	0	0.000	0	0	0	0	0	0	0	0	0	0	0	0	0	0	0	0	0
50	50	1626	292.870	393.896	0.859	97	596	710	159	23	97	596	710	159	23	109.382	357.491	2536	698	355	269	238	222	209	196	181	168	139	104.995	134.370	189	162	148	140	134	129	125	122	119	117	110	1	160	280.840	389.587	0	0	0	1248	1339.225	0	0	150	148.394	0	0	0	0	0	0	0	0	0	0	0	0	0	0	0	0	0
51	51	1447	1647.138	391.736	0.887	132	124	408	654	100	132	124	408	654	100	110.501	145.485	160	154	151	149	147	145	144	142	140	138	129	106.409	1832.194	2652	2416	2283	2166	2060	1965	1829	1627	1320	1016	720	0	0	0.000	0.000	0	0	0	0	0.000	0	0	0	0.000	0	0	0	0	0	0	0	0	0	0	0	0	0	0	0	0	0
52	52	1718	1197.875	392.267	0.878	59	416	1014	190	12	59	416	1014	190	12	110.992	153.470	462	166	161	158	154	150	146	142	136	129	119	104.000	1166.386	1622	1518	1469	1416	1354	1275	1176	1041	823	584	425	1	48	1184.153	412.165	0	0	0	298	309.250	0	0	1113	1040.896	0	0	0	0	0	0	0	0	0	0	0	0	0	0	0	0	0
53	53	1887	1032.632	402.283	0.888	167	1160	485	34	9	167	1160	485	34	9	110.447	1510.829	20532	4671	510	202	184	175	169	165	162	156	143	103.286	141.881	216	158	147	142	139	137	135	134	132	129	123	1	241	1029.984	421.974	0	0	0	8883	9712.095	0	0	170	171.598	0	0	1	15	1027.062	421.733	0	0	0	16215	15945.800	0	0	209	208.400	0	0
54	54	1720	1596.768	405.588	0.892	258	1058	363	9	4	258	1058	363	9	4	111.000	138.058	169	147	143	141	139	137	135	133	131	129	122	107.791	1303.679	2304	1947	1748	1540	1350	1251	1153	1010	848	736	634	0	0	0.000	0.000	0	0	0	0	0.000	0	0	0	0.000	0	0	0	0	0	0	0	0	0	0	0	0	0	0	0	0	0
55	55	936	405.828	404.592	0.889	166	439	163	114	37	166	439	163	114	37	110.000	170.893	190	185	182	179	176	173	169	165	161	154	139	107.174	888.761	1259	1163	1103	1049	987	917	838	762	665	581	385	0	0	0.000	0.000	0	0	0	0	0.000	0	0	0	0.000	0	0	0	0	0	0	0	0	0	0	0	0	0	0	0	0	0
56	56	2306	1528.111	419.953	0.881	85	719	1220	221	15	85	719	1220	221	15	110.616	204.801	248	234	227	221	215	211	205	196	183	162	142	108.001	5479.864	8210	7246	6952	6627	6291	5919	5568	4990	4092	2533	1472	0	0	0.000	0.000	0	0	0	0	0.000	0	0	0	0.000	0	0	0	0	0	0	0	0	0	0	0	0	0	0	0	0	0
57	57	1603	1970.211	421.145	0.888	67	422	880	169	23	67	422	880	169	23	107.957	186.743	1100	239	192	173	162	157	154	151	146	136	121	103.069	803.462	1976	1251	1123	1009	913	793	675	564	453	344	263	1	72	1977.442	411.176	0	0	0	544	568.306	0	0	1380	1429.389	0	0	0	0	0	0	0	0	0	0	0	0	0	0	0	0	0
58	58	1632	816.858	421.209	0.890	312	795	319	138	31	312	795	319	138	31	110.256	131.557	148	139	136	134	132	131	130	128	127	125	120	106.034	2210.004	3060	2684	2534	2429	2342	2248	2155	2052	1881	1659	1175	0	0	0.000	0.000	0	0	0	0	0.000	0	0	0	0.000	0	0	0	0	0	0	0	0	0	0	0	0	0	0	0	0	0
59	59	1685	906.457	425.661	0.866	195	868	485	56	45	195	868	485	56	45	110.310	119.724	138	124	122	121	120	119	118	118	117	116	112	105.880	1025.560	1500	1329	1247	1175	1113	1042	967	896	812	688	466	1	159	885.710	431.590	0	0	0	127	127.629	0	0	1025	993.862	0	0	0	0	0	0	0	0	0	0	0	0	0	0	0	0	0
60	60	2187	1388.798	430.660	0.858	196	1237	585	96	13	196	1237	585	96	13	110.663	120.451	133	127	123	122	121	120	119	118	117	116	113	105.465	1047.403	1653	1374	1293	1222	1143	1079	1002	907	795	664	392	0	0	0.000	0.000	0	0	0	0	0.000	0	0	0	0.000	0	0	0	0	0	0	0	0	0	0	0	0	0	0	0	0	0
61	61	599	1139.811	418.991	0.923	32	80	202	223	55	32	80	202	223	55	110.896	140.003	159	154	152	149	145	142	138	133	128	122	115	104.000	832.060	1162	1116	1089	1046	999	915	811	720	560	378	205	0	0	0.000	0.000	0	0	0	0	0.000	0	0	0	0.000	0	0	0	0	0	0	0	0	0	0	0	0	0	0	0	0	0
62	62	225	942.781	422.395	0.951	7	39	73	79	21	7	39	73	79	21	110.000	116.893	122	120	119	118	117	117	116	116	115	115	113	104.707	434.213	687	629	591	544	494	435	397	352	282	209	142	0	0	0.000	0.000	0	0	0	0	0.000	0	0	0	0.000	0	0	0	0	0	0	0	0	0	0	0	0	0	0	0	0	0
63	63	1689	480.498	434.392	0.835	15	191	908	512	30	15	191	908	512	30	109.799	211.003	279	252	238	227	217	209	199	190	183	176	156	106.045	517.371	811	709	641	578	541	509	471	437	397	352	293	0	0	0.000	0.000	0	0	0	0	0.000	0	0	0	0.000	0	0	0	0	0	0	0	0	0	0	0	0	0	0	0	0	0
64	64	1898	329.954	443.809	0.871	46	441	935	403	34	46	441	935	403	34	110.601	132.486	142	137	136	135	134	134	133	132	129	125	118	106.010	776.317	1069	1001	965	925	881	836	775	693	588	438	266	0	0	0.000	0.000	0	0	0	0	0.000	0	0	0	0.000	0	0	0	0	0	0	0	0	0	0	0	0	0	0	0	0	0
65	65	2245	386.582	455.473	0.897	11	178	1067	884	63	11	178	1067	884	63	110.857	129.453	143	136	135	133	132	131	129	126	123	121	116	106.929	637.710	1076	913	843	773	696	629	561	495	446	370	203	0	0	0.000	0.000	0	0	0	0	0.000	0	0	0	0.000	0	0	0	0	0	0	0	0	0	0	0	0	0	0	0	0	0
66	66	2621	1575.791	461.766	0.861	320	1920	287	25	13	320	1920	287	25	13	110.915	717.432	9622	1598	337	228	219	212	202	191	176	158	140	108.769	4623.088	7402	6404	6011	5733	5367	4972	4562	3905	3053	1974	1243	1	269	1581.150	444.178	0	0	0	4219	4627.457	0	0	5852	5731.877	0	0	0	0	0	0	0	0	0	0	0	0	0	0	0	0	0
67	67	578	78.099	454.674	0.919	96	130	102	152	85	96	130	102	152	85	107.016	124.000	158	133	129	126	124	122	121	120	119	117	112	105.000	209.261	256	237	232	227	222	213	204	196	187	175	151	0	0	0.000	0.000	0	0	0	0	0.000	0	0	0	0.000	0	0	0	0	0	0	0	0	0	0	0	0	0	0	0	0	0
68	68	1131	523.863	461.034	0.917	48	88	478	459	39	48	88	478	459	39	108.893	186.835	235	216	208	202	197	191	185	175	162	151	129	104.083	454.935	655	574	541	517	492	463	435	405	371	310	224	0	0	0.000	0.000	0	0	0	0	0.000	0	0	0	0.000	0	0	0	0	0	0	0	0	0	0	0	0	0	0	0	0	0
69	69	1132	1710.956	465.401	0.863	52	432	528	84	12	52	432	528	84	12	110.000	140.890	160	154	150	147	143	140	137	135	133	130	124	104.822	516.252	780	664	631	609	586	550	513	451	380	293	220	0	0	0.000	0.000	0	0	0	0	0.000	0	0	0	0.000	0	0	0	0	0	0	0	0	0	0	0	0	0	0	0	0	0
70	70	1493	880.503	468.263	0.869	230	1177	43	22	12	230	1177	43	22	12	111.000	129.003	197	147	133	127	126	124	123	122	121	119	115	105.441	850.319	1377	1160	1049	979	910	853	789	714	632	545	371	1	110	874.734	467.129	0	0	0	169	170.355	0	0	881	902.073	0	0	0	0	0	0	0	0	0	0	0	0	0	0	0	0	0
71	71	479	289.940	465.924	0.931	168	122	121	45	14	168	122	121	45	14	110.783	246.783	359	327	307	282	258	238	224	207	192	181	158	105.987	617.710	943	831	749	715	674	646	600	543	462	376	245	0	0	0.000	0.000	0	0	0	0	0.000	0	0	0	0.000	0	0	0	0	0	0	0	0	0	0	0	0	0	0	0	0	0
72	72	1326	1426.391	472.200	0.904	75	626	577	13	8	75	626	577	13	8	110.268	119.946	134	124	122	121	120	120	119	118	117	116	112	106.493	1073.943	1735	1492	1375	1297	1200	1115	1019	895	767	580	263	0	0	0.000	0.000	0	0	0	0	0.000	0	0	0	0.000	0	0	0	0	0	0	0	0	0	0	0	0	0	0	0	0	0
73	73	2314	111.558	479.760	0.907	445	1472	314	27	8	445	1472	314	27	8	107.398	120.860	145	126	124	123	122	120	119	118	117	115	112	104.994	177.436	249	216	203	191	180	172	165	159	153	148	127	0	0	0.000	0.000	0	0	0	0	0.000	0	0	0	0.000	0	0	0	0	0	0	0	0	0	0	0	0	0	0	0	0	0
74	74	1748	436.524	482.250	0.882	26	80	432	1007	170	26	80	432	1007	170	110.879	123.545	192	139	126	121	120	119	118	117	117	116	113	106.477	944.769	1606	1410	1242	1150	1077	982	864	731	585	464	369	1	211	430.093	478.589	0	0	0	151	153.768	0	0	1155	1164.270	0	0	0	0	0	0	0	0	0	0	0	0	0	0	0	0	0
75	75	1861	1513.513	483.527	0.864	72	747	937	56	10	72	747	937	56	10	110.000	131.428	147	142	140	137	135	131	128	126	124	121	116	107.529	2353.387	3787	3345	3005	2763	2635	2483	2273	2013	1661	1195	512	0	0	0.000	0.000	0	0	0	0	0.000	0	0	0	0.000	0	0	0	0	0	0	0	0	0	0	0	0	0	0	0	0	0
76	76	1437	1665.874	481.044	0.906	104	861	406	16	8	104	861	406	16	8	109.538	146.357	167	159	155	152	149	146	144	141	138	134	125	106.380	654.794	999	908	857	801	730	655	576	507	461	406	293	0	0	0.000	0.000	0	0	0	0	0.000	0	0	0	0.000	0	0	0	0	0	0	0	0	0	0	0	0	0	0	0	0	0
77	77	1711	1165.047	489.043	0.878	91	1083	458	36	11	91	1083	458	36	11	109.918	125.985	137	133	131	130	128	126	124	122	121	119	113	104.919	826.913	1601	1165	1048	963	876	785	712	643	588	541	445	0	0	0.000	0.000	0	0	0	0	0.000	0	0	0	0.000	0	0	0	0	0	0	0	0	0	0	0	0	0	0	0	0	0
78	78	1851	926.511	495.770	0.859	1312	450	39	15	5	1312	450	39	15	5	110.986	245.748	1181	345	263	228	212	202	192	184	173	156	125	104.838	125.079	137	131	130	128	127	126	125	123	121	117	107	1	125	936.874	503.558	0	0	0	679	713.464	0	0	128	126.768	0	0	0	0	0	0	0	0	0	0	0	0	0	0	0	0	0
79	79	1924	1618.628	503.433	0.890	59	112	408	1110	195	59	112	408	1110	195	110.135	308.596	3251	575	193	160	153	147	142	137	133	127	114	107.527	781.499	1226	1115	1046	973	875	797	706	611	510	419	258	1	192	1610.287	501.506	0	0	0	1470	1589.750	0	0	1063	1017.583	0	0	0	0	0	0	0	0	0	0	0	0	0	0	0	0	0
80	80	388	476.454	489.978	0.909	42	67	126	125	26	42	67	126	125	26	110.000	115.157	119	117	117	116	115	115	115	114	114	113	112	105.180	468.134	772	661	618	565	531	497	455	379	301	224	141	0	0	0.000	0.000	0	0	0	0	0.000	0	0	0	0.000	0	0	0	0	0	0	0	0	0	0	0	0	0	0	0	0	0
81	81	2189	1844.276	508.963	0.872	114	940	999	64	9	114	940	999	64	9	109.914	183.688	217	205	199	196	192	188	182	175	167	156	136	105.302	5705.073	8027	7291	6971	6652	6366	6021	5565	5041	4443	3622	1570	0	0	0.000	0.000	0	0	0	0	0.000	0	0	0	0.000	0	0	0	0	0	0	0	0	0	0	0	0	0	0	0	0	0
82	82	1861	46.412	516.661	0.901	819	862	69	60	22	819	862	69	60	22	105.911	122.279	139	131	127	125	123	121	120	119	118	116	110	105.156	1545.429	2404	2116	1957	1857	1757	1622	1491	1305	1070	819	603	0	0	0.000	0.000	0	0	0	0	0.000	0	0	0	0.000	0	0	0	0	0	0	0	0	0	0	0	0	0	0	0	0	0
83	83	2082	340.809	522.868	0.897	1711	203	71	45	30	1711	203	71	45	30	112.000	742.828	4936	2175	1150	664	375	234	203	183	164	150	137	107.000	1550.367	2786	2339	2123	1960	1779	1582	1361	1143	924	693	480	1	412	341.322	509.568	0	0	0	2173	2422.032	0	0	2284	2207.981	0	0	0	0	0	0	0	0	0	0	0	0	0	0	0	0	0
84	84	2011	1418.352	533.231	0.880	29	178	985	717	71	29	178	985	717	71	110.890	125.916	142	134	131	128	126	125	124	122	122	120	115	106.429	1456.633	3133	2461	2122	1786	1496	1277	1104	971	850	720	465	0	0	0.000	0.000	0	0	0	0	0.000	0	0	0	0.000	0	0	0	0	0	0	0	0	0	0	0	0	0	0	0	0	0
85	85	1827	444.074	532.160	0.851	47	705	916	101	13	47	705	916	101	13	109.951	121.256	134	126	124	123	122	121	120	119	118	117	113	105.777	1128.163	1590	1475	1371	1278	1199	1128	1050	959	894	825	542	0	0	0.000	0.000	0	0	0	0	0.000	0	0	0	0.000	0	0	0	0	0	0	0	0	0	0	0	0	0	0	0	0	0
86	86	1794	1476.017	534.647	0.850	99	518	812	298	35	99	518	812	298	35	110.000	124.259	135	130	129	127	125	124	123	122	120	119	114	106.236	1399.363	2699	2195	1819	1516	1380	1291	1223	1139	1023	814	487	0	0	0.000	0.000	0	0	0	0	0.000	0	0	0	0.000	0	0	0	0	0	0	0	0	0	0	0	0	0	0	0	0	0
87	87	2172	1906.421	535.990	0.850	438	1468	208	15	7	438	1468	208	15	7	109.816	174.435	260	200	194	189	183	177	171	162	153	141	125	105.000	4504.776	7799	6729	6255	5684	5222	4697	4134	3546	2729	1906	898	0	0	0.000	0.000	0	0	0	0	0.000	0	0	0	0.000	0	0	0	0	0	0	0	0	0	0	0	0	0	0	0	0	0
88	88	1267	1372.871	536.272	0.896	17	89	724	344	78	17	89	724	344	78	111.000	135.262	147	143	141	140	139	136	134	132	129	125	120	105.923	2460.466	3683	3402	3196	2904	2643	2468	2320	2139	1833	1400	697	0	0	0.000	0.000	0	0	0	0	0.000	0	0	0	0.000	0	0	0	0	0	0	0	0	0	0	0	0	0	0	0	0	0
89	89	1561	1973.934	548.242	0.888	303	1052	154	25	11	303	1052	154	25	11	108.885	121.418	132	128	126	124	122	121	120	119	117	116	112	103.916	145.699	165	156	153	150	148	146	144	142	139	136	120	0	0	0.000	0.000	0	0	0	0	0.000	0	0	0	0.000	0	0	0	0	0	0	0	0	0	0	0	0	0	0	0	0	0
90	90	1763	1246.051	550.655	0.875	108	1418	204	9	2	108	1418	204	9	2	110.167	135.349	155	147	144	141	137	135	133	130	127	124	117	105.000	1211.377	2009	1766	1556	1406	1280	1195	1108	1016	863	704	508	0	0	0.000	0.000	0	0	0	0	0.000	0	0	0	0.000	0	0	0	0	0	0	0	0	0	0	0	0	0	0	0	0	0
91	91	2231	1608.740	555.518	0.891	77	528	1136	411	33	77	528	1136	411	33	110.000	187.127	1999	173	162	157	154	151	148	144	141	135	123	106.257	958.864	1348	1256	1184	1127	1064	993	906	813	713	615	400	1	83	1612.731	554.537	0	0	0	902	964.928	0	0	1109	1083.627	0	0	0	0	0	0	0	0	0	0	0	0	0	0	0	0	0
92	92	1638	1176.185	556.100	0.874	38	265	1048	247	12	38	265	1048	247	12	110.289	135.596	151	143	142	140	139	137	134	132	129	126	120	105.385	874.223	1309	1171	1117	1057	998	930	861	774	625	435	295	0	0	0.000	0.000	0	0	0	0	0.000	0	0	0	0.000	0	0	0	0	0	0	0	0	0	0	0	0	0	0	0	0	0
93	93	1694	267.661	558.850	0.872	59	136	863	583	13	59	136	863	583	13	110.289	120.939	234	124	122	120	119	119	118	117	117	116	113	105.844	167.325	203	191	186	181	176	170	163	158	147	136	125	1	76	263.704	575.261	0	0	0	166	171.026	0	0	172	170.263	0	0	0	0	0	0	0	0	0	0	0	0	0	0	0	0	0
94	94	1536	1040.900	566.887	0.894	500	779	131	77	32	500	779	131	77	32	111.015	128.327	164	150	138	130	126	123	122	121	120	119	115	107.123	1151.600	1723	1550	1474	1389	1294	1207	1094	964	814	653	461	0	0	0.000	0.000	0	0	0	0	0.000	0	0	0	0.000	0	0	0	0	0	0	0	0	0	0	0	0	0	0	0	0	0
95	95	1586	320.608	565.831	0.905	425	978	124	12	5	425	978	124	12	5	111.149	163.850	756	251	151	132	128	126	124	123	121	120	116	106.800	190.838	689	241	197	191	187	182	174	165	155	144	134	1	167	305.113	576.747	0	0	0	396	426.275	0	0	190	189.395	0	0	0	0	0	0	0	0	0	0	0	0	0	0	0	0	0
96	96	2186	1380.644	584.021	0.885	19	122	1195	700	99	19	122	1195	700	99	111.000	136.046	151	145	143	141	139	137	135	132	129	126	119	105.793	2666.140	4415	3918	3685	3354	3024	2708	2330	1988	1697	1378	758	0	0	0.000	0.000	0	0	0	0	0.000	0	0	0	0.000	0	0	0	0	0	0	0	0	0	0	0	0	0	0	0	0	0
97	97	1650	1293.612	588.456	0.839	40	143	890	505	36	40	143	890	505	36	111.000	133.804	150	143	141	139	136	134	132	130	127	123	117	105.000	1247.207	1863	1697	1638	1554	1464	1345	1217	1032	797	591	357	0	0	0.000	0.000	0	0	0	0	0.000	0	0	0	0.000	0	0	0	0	0	0	0	0	0	0	0	0	0	0	0	0	0
98	98	1879	1219.242	593.303	0.846	78	904	798	35	16	78	904	798	35	16	109.990	132.990	147	141	138	137	136	134	132	129	127	123	119	105.035	802.590	1279	1140	1051	982	916	831	740	655	559	397	277	0	0	0.000	0.000	0	0	0	0	0.000	0	0	0	0.000	0	0	0	0	0	0	0	0	0	0	0	0	0	0	0	0	0
99	99	587	176.199	598.169	0.916	32	117	254	147	29	32	117	254	147	29	108.000	172.434	215	206	198	189	179	170	162	155	150	143	132	105.337	1184.702	1760	1645	1562	1464	1355	1212	1067	918	808	696	494	0	0	0.000	0.000	0	0	0	0	0.000	0	0	0	0.000	0	0	0	0	0	0	0	0	0	0	0	0	0	0	0	0	0
100	100	1188	1344.046	622.186	0.901	62	54	657	377	15	62	54	657	377	15	110.967	138.182	148	144	142	141	140	140	138	137	134	130	122	104.793	2718.175	3754	3453	3302	3133	2952	2798	2669	2446	2177	1811	1046	0	0	0.000	0.000	0	0	0	0	0.000	0	0	0	0.000	0	0	0	0	0	0	0	0	0	0	0	0	0	0	0	0	0
101	101	2097	154.349	634.548	0.889	25	610	1270	104	34	25	610	1270	104	34	108.102	253.261	945	294	282	274	262	251	238	221	202	179	154	105.916	1705.289	2579	2384	2268	2120	1977	1846	1644	1393	1111	796	491	1	30	151.454	615.295	0	0	0	706	687.333	0	0	1876	1829.200	0	0	0	0	0	0	0	0	0	0	0	0	0	0	0	0	0
102	102	703	1988.138	629.679	0.888	118	240	217	89	24	118	240	217	89	24	109.000	190.781	671	250	200	189	179	172	165	155	146	137	124	103.232	127.391	153	138	135	133	131	128	125	121	118	116	110	1	44	1992.287	621.902	0	0	0	416	423.591	0	0	130	127.773	0	0	0	0	0	0	0	0	0	0	0	0	0	0	0	0	0
103	103	294	764.483	630.747	0.706	25	54	118	69	24	25	54	118	69	24	110.000	146.752	159	154	152	150	149	147	145	143	141	140	138	103.469	133.813	148	141	138	137	135	134	132	131	129	127	124	0	0	0.000	0.000	0	0	0	0	0.000	0	0	0	0.000	0	0	0	0	0	0	0	0	0	0	0	0	0	0	0	0	0
104	104	342	2027.704	636.496	0.924	3	28	88	171	46	3	28	88	171	46	108.792	170.649	185	182	180	179	176	173	170	166	161	155	141	103.825	1391.699	1740	1629	1581	1526	1464	1409	1351	1300	1223	1126	877	0	0	0.000	0.000	0	0	0	0	0.000	0	0	0	0.000	0	0	0	0	0	0	0	0	0	0	0	0	0	0	0	0	0
105	105	2390	1038.872	658.978	0.882	829	1140	262	86	32	829	1140	262	86	32	113.931	397.357	2755	937	404	249	222	208	201	189	173	158	134	108.491	1238.503	2427	1967	1647	1420	1301	1204	1106	966	807	592	341	1	317	1041.704	650.242	0	0	0	1372	1464.161	0	0	1930	1807.760	0	0	0	0	0	0	0	0	0	0	0	0	0	0	0	0	0
106	106	1306	340.703	665.981	0.893	699	495	48	19	12	699	495	48	19	12	109.009	119.754	158	123	121	120	119	119	118	118	117	116	113	103.792	174.357	210	193	189	186	181	176	171	164	159	153	138	1	57	351.467	654.338	0	0	0	134	135.544	0	0	186	184.526	0	0	0	0	0	0	0	0	0	0	0	0	0	0	0	0	0
107	107	2253	109.716	672.581	0.909	315	1407	410	53	28	315	1407	410	53	28	107.976	406.307	4243	538	307	287	275	264	248	225	201	179	140	104.901	1647.229	2456	2199	2094	2025	1934	1814	1631	1389	1137	842	358	1	158	99.912	677.507	0	0	0	2076	2177.614	0	0	2084	1990.987	0	0	0	0	0	0	0	0	0	0	0	0	0	0	0	0	0
108	108	2502	443.478	702.959	0.845	306	1400	686	61	6	306	1400	686	61	6	109.650	118.305	128	122	121	120	119	118	117	116	116	115	109	104.402	935.526	1967	1260	1096	1030	983	935	877	806	716	580	331	0	0	0.000	0.000	0	0	0	0	0.000	0	0	0	0.000	0	0	0	0	0	0	0	0	0	0	0	0	0	0	0	0	0
109	109	890	792.625	690.658	0.768	29	249	439	127	19	29	249	439	127	19	110.752	123.458	133	127	126	125	124	123	123	122	121	120	116	103.000	233.025	286	269	263	257	251	244	235	224	208	172	125	0	0	0.000	0.000	0	0	0	0	0.000	0	0	0	0.000	0	0	0	0	0	0	0	0	0	0	0	0	0	0	0	0	0
110	110	554	1585.997	682.935	0.887	37	78	258	146	23	37	78	258	146	23	111.000	143.579	212	169	152	145	141	138	135	133	132	129	124	103.639	720.004	1158	949	819	756	716	683	665	646	617	575	402	1	17	1586.626	675.107	0	0	0	199	197.765	0	0	665	664.882	0	0	0	0	0	0	0	0	0	0	0	0	0	0	0	0	0
111	111	1717	155.813	706.891	0.900	291	1121	244	18	13	291	1121	244	18	13	107.956	187.056	681	233	187	180	172	166	160	155	150	143	135	104.391	1445.254	2212	2046	1927	1795	1680	1551	1357	1126	891	707	518	1	99	149.448	700.758	0	0	0	441	450.283	0	0	1687	1590.869	0	0	0	0	0	0	0	0	0	0	0	0	0	0	0	0	0
112	112	2714	838.601	712.947	0.854	22	745	1526	347	14	22	745	1526	347	14	110.836	320.607	3376	628	135	130	128	127	125	124	122	120	114	103.843	227.334	317	273	261	252	242	232	222	209	193	169	135	1	336	842.571	695.258	0	0	0	1595	1699.494	0	0	267	259.887	0	0	0	0	0	0	0	0	0	0	0	0	0	0	0	0	0
113	113	1956	999.219	707.825	0.838	370	1509	45	4	4	370	1509	45	4	4	113.078	182.364	1289	222	171	154	146	140	136	133	130	127	120	107.022	1411.505	2081	1942	1831	1722	1608	1486	1368	1209	964	699	502	2	122	1010.983	720.585	57	995.843	697.466	625	663.672	212	211.947	1799	1698.680	1638	1623	0	0	0	0	0	0	0	0	0	0	0	0	0	0	0
114	114	1624	764.772	706.642	0.821	67	352	813	325	30	67	352	813	325	30	111.000	135.934	444	153	127	126	125	124	123	122	121	119	115	103.000	247.216	319	302	292	279	267	258	246	226	193	174	155	1	111	779.395	709.526	0	0	0	262	273.333	0	0	260	256.721	0	0	0	0	0	0	0	0	0	0	0	0	0	0	0	0	0
115	115	1457	1627.994	711.797	0.886	71	534	663	146	25	71	534	663	146	25	110.977	150.739	249	187	175	160	149	143	137	132	128	123	115	103.980	888.060	2120	1474	1235	1057	905	773	669	599	545	470	224	0	0	0.000	0.000	0	0	0	0	0.000	0	0	0	0.000	0	0	0	0	0	0	0	0	0	0	0	0	0	0	0	0	0
116	116	1828	1482.301	709.251	0.855	53	669	1020	46	10	53	669	1020	46	10	110.836	121.933	132	128	126	124	122	121	120	119	118	118	113	103.319	125.844	151	138	134	130	127	124	123	121	119	116	106	0	0	0.000	0.000	0	0	0	0	0.000	0	0	0	0.000	0	0	0	0	0	0	0	0	0	0	0	0	0	0	0	0	0
117	117	2059	1055.645	720.223	0.844	1349	604	21	16	6	1349	604	21	16	6	113.275	786.931	10915	1982	306	174	166	161	157	154	150	144	128	106.634	1674.523	2507	2229	2088	1949	1818	1681	1567	1466	1314	1061	521	1	251	1042.641	724.990	0	0	0	4531	5016.259	0	0	2069	1947.187	0	0	0	0	0	0	0	0	0	0	0	0	0	0	0	0	0
118	118	1486	393.709	730.836	0.893	58	236	951	186	21	58	236	951	186	21	110.000	116.830	128	120	119	118	117	117	116	116	115	114	110	104.000	657.963	1099	935	894	827	728	655	581	505	433	379	262	0	0	0.000	0.000	0	0	0	0	0.000	0	0	0	0.000	0	0	0	0	0	0	0	0	0	0	0	0	0	0	0	0	0
119	119	1002	188.938	737.942	0.906	25	159	505	274	22	25	159	505	274	22	107.954	156.679	185	176	174	170	166	159	153	146	139	132	120	103.703	1475.390	2109	1985	1861	1751	1680	1607	1494	1322	1097	746	266	0	0	0.000	0.000	0	0	0	0	0.000	0	0	0	0.000	0	0	0	0	0	0	0	0	0	0	0	0	0	0	0	0	0
120	120	1832	431.040	765.120	0.883	59	780	815	119	29	59	780	815	119	29	110.000	117.834	126	121	120	119	118	118	117	117	116	115	111	104.000	941.386	2213	1304	1175	1082	1022	953	864	776	658	518	322	0	0	0.000	0.000	0	0	0	0	0.000	0	0	0	0.000	0	0	0	0	0	0	0	0	0	0	0	0	0	0	0	0	0
121	121	278	1478.932	750.587	0.911	28	110	67	48	19	28	110	67	48	19	111.000	121.705	127	125	124	124	123	122	121	120	119	117	115	104.000	126.018	142	133	130	129	127	126	124	123	122	120	117	0	0	0.000	0.000	0	0	0	0	0.000	0	0	0	0.000	0	0	0	0	0	0	0	0	0	0	0	0	0	0	0	0	0
122	122	1161	360.437	762.674	0.877	26	87	526	456	42	26	87	526	456	42	110.000	116.428	124	119	118	117	117	116	116	115	115	114	111	104.000	660.516	883	839	821	792	762	725	658	580	484	374	219	0	0	0.000	0.000	0	0	0	0	0.000	0	0	0	0.000	0	0	0	0	0	0	0	0	0	0	0	0	0	0	0	0	0
123	123	1566	93.188	773.803	0.901	22	474	844	192	5	22	474	844	192	5	106.972	114.619	121	118	116	115	115	114	114	113	113	112	110	104.000	1206.102	2073	1824	1635	1471	1280	1140	1005	897	822	705	562	0	0	0.000	0.000	0	0	0	0	0.000	0	0	0	0.000	0	0	0	0	0	0	0	0	0	0	0	0	0	0	0	0	0
124	124	2054	1428.927	796.120	0.888	71	904	966	78	6	71	904	966	78	6	111.373	134.079	146	141	139	138	136	135	133	132	129	125	120	105.043	999.408	1545	1379	1248	1155	1057	979	917	852	780	668	436	0	0	0.000	0.000	0	0	0	0	0.000	0	0	0	0.000	0	0	0	0	0	0	0	0	0	0	0	0	0	0	0	0	0
125	125	1082	136.912	791.101	0.894	25	113	650	261	13	25	113	650	261	13	108.000	114.786	126	119	116	116	115	114	114	113	113	112	110	104.000	1461.720	2118	1955	1850	1726	1584	1464	1344	1241	1141	940	579	0	0	0.000	0.000	0	0	0	0	0.000	0	0	0	0.000	0	0	0	0	0	0	0	0	0	0	0	0	0	0	0	0	0
126	126	2148	1347.018	801.746	0.884	46	289	976	700	92	46	289	976	700	92	111.041	159.252	1153	156	152	149	147	145	141	137	133	130	122	105.024	917.177	1308	1189	1146	1109	1057	1000	914	783	638	519	350	1	65	1358.240	805.881	0	0	0	547	585.031	0	0	1156	1141.369	0	0	0	0	0	0	0	0	0	0	0	0	0	0	0	0	0
127	127	1165	331.025	804.565	0.861	69	554	375	122	21	69	554	375	122	21	109.715	257.054	718	471	336	267	234	209	186	171	157	145	127	104.000	142.555	185	168	160	154	149	144	136	130	124	118	107	1	148	332.287	803.340	0	0	0	533	541.277	0	0	167	164.770	0	0	0	0	0	0	0	0	0	0	0	0	0	0	0	0	0
128	128	431	987.340	808.479	0.907	18	22	54	220	105	18	22	54	220	105	111.137	127.657	136	133	131	130	129	127	126	125	124	123	121	105.956	1259.882	1567	1469	1424	1375	1330	1285	1236	1167	1101	1007	774	0	0	0.000	0.000	0	0	0	0	0.000	0	0	0	0.000	0	0	0	0	0	0	0	0	0	0	0	0	0	0	0	0	0
129	129	1470	1524.782	838.682	0.886	21	327	793	266	34	21	327	793	266	34	111.051	143.479	166	159	155	151	147	143	139	135	132	129	124	104.700	660.159	1013	922	875	825	770	699	607	515	427	339	254	0	0	0.000	0.000	0	0	0	0	0.000	0	0	0	0.000	0	0	0	0	0	0	0	0	0	0	0	0	0	0	0	0	0
130	130	2200	1465.238	849.531	0.879	440	1422	236	42	11	440	1422	236	42	11	111.940	158.308	486	218	159	146	140	137	134	132	129	126	117	105.090	884.837	1357	1253	1157	1072	982	882	784	707	621	520	337	1	210	1462.125	846.326	0	0	0	309	322.010	0	0	737	764.719	0	0	0	0	0	0	0	0	0	0	0	0	0	0	0	0	0
131	131	2567	96.864	856.937	0.895	43	618	1666	162	19	43	618	1666	162	19	107.535	240.510	1061	272	239	231	219	212	205	198	190	180	148	102.907	1295.366	1957	1795	1661	1532	1415	1304	1188	1079	953	798	469	1	115	80.972	865.074	0	0	0	686	707.661	0	0	1410	1356.461	0	0	0	0	0	0	0	0	0	0	0	0	0	0	0	0	0
132	132	1910	1354.101	856.562	0.908	25	100	447	1218	91	25	100	447	1218	91	111.777	490.642	5549	1247	320	182	160	155	152	148	143	136	121	105.997	1142.769	1808	1437	1348	1284	1227	1169	1110	1042	951	783	304	1	231	1350.081	849.255	0	0	0	2376	2609.108	0	0	1121	1162.736	0	0	0	0	0	0	0	0	0	0	0	0	0	0	0	0	0
133	133	2183	1407.926	873.239	0.898	1797	274	45	25	8	1797	274	45	25	8	112.000	317.094	1463	625	351	280	245	228	215	198	180	162	139	106.000	630.404	1042	931	835	760	698	639	583	506	416	324	198	1	246	1414.492	871.530	0	0	0	876	914.472	0	0	902	882.699	0	0	0	0	0	0	0	0	0	0	0	0	0	0	0	0	0
134	134	1005	532.890	875.191	0.922	17	42	325	507	87	17	42	325	507	87	111.000	234.105	291	280	273	262	250	238	225	210	195	181	158	103.984	1313.020	1787	1627	1554	1495	1438	1378	1302	1189	1052	886	587	0	0	0.000	0.000	0	0	0	0	0.000	0	0	0	0.000	0	0	0	0	0	0	0	0	0	0	0	0	0	0	0	0	0
135	135	1114	478.799	881.763	0.916	89	784	204	17	5	89	784	204	17	5	110.528	215.268	289	250	239	233	228	221	211	198	184	169	154	105.000	848.965	1412	1173	1073	1013	954	894	822	705	578	434	294	0	0	0.000	0.000	0	0	0	0	0.000	0	0	0	0.000	0	0	0	0	0	0	0	0	0	0	0	0	0	0	0	0	0
136	136	2686	1123.250	898.712	0.871	308	1449	764	106	7	308	1449	764	106	7	111.000	123.736	137	130	128	126	125	123	122	121	119	118	114	104.000	611.493	968	827	765	709	668	630	582	526	460	387	150	0	0	0.000	0.000	0	0	0	0	0.000	0	0	0	0.000	0	0	0	0	0	0	0	0	0	0	0	0	0	0	0	0	0
137	137	1923	1512.276	892.229	0.852	29	279	882	617	71	29	279	882	617	71	111.644	149.824	169	163	160	158	155	152	148	144	139	134	124	105.000	703.991	1064	957	910	857	812	747	671	576	480	379	249	0	0	0.000	0.000	0	0	0	0	0.000	0	0	0	0.000	0	0	0	0	0	0	0	0	0	0	0	0	0	0	0	0	0
138	138	1893	292.099	891.694	0.858	62	349	990	442	19	62	349	990	442	19	109.377	116.911	128	120	119	118	117	117	116	115	115	114	112	105.543	1580.678	2568	2347	2195	2043	1874	1665	1438	1191	926	666	430	0	0	0.000	0.000	0	0	0	0	0.000	0	0	0	0.000	0	0	0	0	0	0	0	0	0	0	0	0	0	0	0	0	0
139	139	667	339.365	894.880	0.884	6	36	272	287	51	6	36	272	287	51	110.000	118.673	129	123	121	120	119	118	117	117	116	115	112	105.772	1446.328	2191	1960	1795	1658	1545	1476	1386	1259	1097	906	521	0	0	0.000	0.000	0	0	0	0	0.000	0	0	0	0.000	0	0	0	0	0	0	0	0	0	0	0	0	0	0	0	0	0
140	140	1882	514.022	920.037	0.901	11	128	846	771	92	11	128	846	771	92	111.000	251.502	353	331	310	290	277	256	229	209	192	171	143	104.117	1364.632	2240	2034	1847	1739	1645	1494	1261	1021	794	551	320	0	0	0.000	0.000	0	0	0	0	0.000	0	0	0	0.000	0	0	0	0	0	0	0	0	0	0	0	0	0	0	0	0	0
141	141	1635	234.478	918.181	0.793	20	953	567	21	22	20	953	567	21	22	108.324	131.864	393	134	131	129	128	127	125	124	121	120	114	104.522	549.915	823	756	723	682	630	581	530	468	366	269	198	1	60	234.977	930.807	0	0	0	244	250.833	0	0	677	624.567	0	0	0	0	0	0	0	0	0	0	0	0	0	0	0	0	0
142	142	1506	1587.885	919.853	0.898	131	861	446	33	6	131	861	446	33	6	111.311	154.339	178	166	162	159	157	155	152	150	146	142	133	106.000	683.041	1023	902	831	795	760	716	664	594	505	417	303	0	0	0.000	0.000	0	0	0	0	0.000	0	0	0	0.000	0	0	0	0	0	0	0	0	0	0	0	0	0	0	0	0	0
143	143	2332	980.961	930.861	0.883	128	630	1275	233	24	128	630	1275	233	24	109.833	125.169	133	130	129	128	127	126	124	123	121	119	115	104.988	4438.707	9109	7426	6781	6067	5220	4324	3518	2748	2031	1446	879	0	0	0.000	0.000	0	0	0	0	0.000	0	0	0	0.000	0	0	0	0	0	0	0	0	0	0	0	0	0	0	0	0	0
144	144	1125	563.161	922.232	0.892	24	328	585	151	17	24	328	585	151	17	111.000	127.402	138	134	132	130	128	127	126	125	124	122	113	103.924	243.716	329	298	280	267	252	240	229	218	208	197	169	0	0	0.000	0.000	0	0	0	0	0.000	0	0	0	0.000	0	0	0	0	0	0	0	0	0	0	0	0	0	0	0	0	0
145	145	1829	1401.471	931.681	0.904	167	113	718	726	61	167	113	718	726	61	112.000	204.896	276	251	238	229	218	207	193	180	170	156	140	105.104	783.278	1383	1189	1093	1004	901	773	672	578	476	363	246	0	0	0.000	0.000	0	0	0	0	0.000	0	0	0	0.000	0	0	0	0	0	0	0	0	0	0	0	0	0	0	0	0	0
146	146	1599	352.903	930.882	0.896	59	328	950	218	16	59	328	950	218	16	109.585	117.281	122	120	119	118	118	117	117	116	116	115	112	106.347	1115.612	2280	1686	1467	1328	1225	1100	949	805	681	603	415	0	0	0.000	0.000	0	0	0	0	0.000	0	0	0	0.000	0	0	0	0	0	0	0	0	0	0	0	0	0	0	0	0	0
147	147	1583	922.842	933.621	0.871	11	312	881	312	34	11	312	881	312	34	110.825	127.656	135	131	131	130	129	128	127	126	125	123	114	105.207	6483.868	9090	8385	7957	7683	7268	6753	6165	5546	4854	4120	3054	0	0	0.000	0.000	0	0	0	0	0.000	0	0	0	0.000	0	0	0	0	0	0	0	0	0	0	0	0	0	0	0	0	0
148	148	681	309.732	929.597	0.896	13	42	180	330	99	13	42	180	330	99	109.311	122.198	131	128	126	125	123	122	121	120	118	117	114	107.000	369.076	509	477	453	421	392	371	350	322	289	258	200	0	0	0.000	0.000	0	0	0	0	0.000	0	0	0	0.000	0	0	0	0	0	0	0	0	0	0	0	0	0	0	0	0	0
149	149	1696	266.900	943.043	0.861	28	101	759	721	55	28	101	759	721	55	109.000	142.459	645	143	137	135	132	130	127	125	124	121	114	106.123	435.872	741	611	532	478	449	423	397	367	339	294	201	1	83	277.484	948.423	0	0	0	334	352.602	0	0	426	416.398	0	0	0	0	0	0	0	0	0	0	0	0	0	0	0	0	0
150	150	1063	607.041	932.864	0.920	48	119	451	376	43	48	119	451	376	43	111.000	127.365	140	134	132	131	129	128	126	125	122	119	114	103.052	257.337	347	318	304	288	273	257	243	228	215	197	144	0	0	0.000	0.000	0	0	0	0	0.000	0	0	0	0.000	0	0	0	0	0	0	0	0	0	0	0	0	0	0	0	0	0
151	151	686	428.079	948.488	0.892	223	348	79	15	7	223	348	79	15	7	109.933	138.950	161	151	146	142	140	139	137	136	134	127	117	104.570	121.229	134	128	126	124	122	121	120	118	117	115	111	0	0	0.000	0.000	0	0	0	0	0.000	0	0	0	0.000	0	0	0	0	0	0	0	0	0	0	0	0	0	0	0	0	0
152	152	1030	1706.224	959.436	0.864	40	137	520	283	33	40	137	520	283	33	112.385	216.117	273	251	241	232	226	220	211	201	189	176	153	105.000	142.340	159	152	150	148	146	143	141	139	135	130	117	0	0	0.000	0.000	0	0	0	0	0.000	0	0	0	0.000	0	0	0	0	0	0	0	0	0	0	0	0	0	0	0	0	0
153	153	1431	1636.984	966.835	0.867	107	634	584	75	11	107	634	584	75	11	112.584	140.890	182	164	150	144	140	138	135	132	129	126	120	106.000	2602.550	4650	3602	3151	2926	2773	2628	2490	2211	1921	1577	815	0	0	0.000	0.000	0	0	0	0	0.000	0	0	0	0.000	0	0	0	0	0	0	0	0	0	0	0	0	0	0	0	0	0
154	154	1763	526.699	971.400	0.884	60	846	704	117	14	60	846	704	117	14	111.000	261.158	350	319	304	290	273	259	247	236	223	204	160	104.000	1164.161	1904	1626	1528	1412	1287	1164	1041	927	798	687	443	0	0	0.000	0.000	0	0	0	0	0.000	0	0	0	0.000	0	0	0	0	0	0	0	0	0	0	0	0	0	0	0	0	0
155	155	687	1588.231	964.266	0.864	25	221	309	110	9	25	221	309	110	9	111.836	149.325	164	157	155	153	152	150	149	146	143	140	131	106.000	643.100	882	799	744	693	662	639	617	583	551	497	400	0	0	0.000	0.000	0	0	0	0	0.000	0	0	0	0.000	0	0	0	0	0	0	0	0	0	0	0	0	0	0	0	0	0
156	156	1041	1397.591	980.012	0.889	48	89	393	438	51	48	89	393	438	51	111.959	214.920	260	249	238	232	226	220	212	202	190	177	145	105.000	987.798	1371	1237	1165	1098	1046	995	946	891	824	732	475	0	0	0.000	0.000	0	0	0	0	0.000	0	0	0	0.000	0	0	0	0	0	0	0	0	0	0	0	0	0	0	0	0	0
157	157	2207	337.077	991.479	0.839	65	959	1002	97	32	65	959	1002	97	32	109.000	124.932	140	132	130	128	126	124	123	122	120	118	113	106.499	4088.108	7283	6043	5253	4803	4432	4070	3677	3213	2789	2359	947	0	0	0.000	0.000	0	0	0	0	0.000	0	0	0	0.000	0	0	0	0	0	0	0	0	0	0	0	0	0	0	0	0	0
158	158	2391	280.730	1005.994	0.878	158	1277	825	64	7	158	1277	825	64	7	109.000	121.506	133	126	124	123	122	122	121	120	118	117	113	106.045	4316.541	8025	6122	5655	5245	4879	4488	4068	3498	2866	2171	1173	0	0	0.000	0.000	0	0	0	0	0.000	0	0	0	0.000	0	0	0	0	0	0	0	0	0	0	0	0	0	0	0	0	0
159	159	2492	1688.381	1012.388	0.829	1125	1200	47	30	17	1125	1200	47	30	17	113.402	344.497	1960	551	348	307	281	258	241	228	215	188	151	105.000	148.632	171	163	159	155	151	149	146	142	139	134	122	1	197	1689.075	1021.094	0	0	0	1111	1153.980	0	0	161	160.614	0	0	0	0	0	0	0	0	0	0	0	0	0	0	0	0	0
160	160	1741	1580.515	1011.965	0.883	213	1345	145	8	7	213	1345	145	8	7	113.000	135.107	171	153	144	139	135	132	129	127	125	123	114	106.000	1829.729	2838	2451	2274	2131	1994	1865	1741	1635	1443	1086	455	0	0	0.000	0.000	0	0	0	0	0.000	0	0	0	0.000	0	0	0	0	0	0	0	0	0	0	0	0	0	0	0	0	0
161	161	1950	1760.291	1047.757	0.902	542	1162	181	25	6	542	1162	181	25	6	112.011	191.986	262	227	214	204	195	187	182	175	169	164	141	104.000	1009.170	1873	1545	1369	1201	1061	948	859	771	677	542	386	0	0	0.000	0.000	0	0	0	0	0.000	0	0	0	0.000	0	0	0	0	0	0	0	0	0	0	0	0	0	0	0	0	0
162	162	1485	518.145	1060.343	0.892	46	95	688	568	53	46	95	688	568	53	110.832	117.042	127	120	118	118	117	117	116	116	115	115	112	104.991	529.300	832	764	694	644	605	559	503	428	335	256	201	0	0	0.000	0.000	0	0	0	0	0.000	0	0	0	0.000	0	0	0	0	0	0	0	0	0	0	0	0	0	0	0	0	0
163	163	1449	1200.918	1071.872	0.884	42	469	723	173	14	42	469	723	173	14	111.928	142.518	159	152	149	147	145	143	141	138	135	132	127	104.291	869.068	1469	1254	1112	1040	980	895	807	682	569	456	343	0	0	0.000	0.000	0	0	0	0	0.000	0	0	0	0.000	0	0	0	0	0	0	0	0	0	0	0	0	0	0	0	0	0
164	164	523	486.483	1086.417	0.943	69	176	155	84	35	69	176	155	84	35	110.000	116.365	121	119	118	117	117	116	116	116	115	115	112	105.000	635.195	822	783	756	726	690	653	616	565	513	459	347	0	0	0.000	0.000	0	0	0	0	0.000	0	0	0	0.000	0	0	0	0	0	0	0	0	0	0	0	0	0	0	0	0	0
165	165	1682	529.794	1106.188	0.884	93	542	936	77	9	93	542	936	77	9	110.263	118.924	125	122	121	120	119	119	118	118	117	116	113	105.000	556.942	972	786	738	693	640	588	512	418	349	293	213	0	0	0.000	0.000	0	0	0	0	0.000	0	0	0	0.000	0	0	0	0	0	0	0	0	0	0	0	0	0	0	0	0	0
166	166	1582	1148.014	1109.370	0.879	92	748	646	59	9	92	748	646	59	9	112.000	118.606	124	121	120	120	119	119	118	117	117	116	113	104.698	129.139	144	138	135	133	131	129	127	125	123	121	110	0	0	0.000	0.000	0	0	0	0	0.000	0	0	0	0.000	0	0	0	0	0	0	0	0	0	0	0	0	0	0	0	0	0
167	167	1665	1193.876	1122.356	0.898	32	161	904	490	51	32	161	904	490	51	112.000	132.981	161	144	140	137	134	132	130	128	125	123	115	105.000	1396.294	2047	1845	1760	1668	1576	1492	1404	1284	1012	720	282	0	0	0.000	0.000	0	0	0	0	0.000	0	0	0	0.000	0	0	0	0	0	0	0	0	0	0	0	0	0	0	0	0	0
168	168	2241	1394.843	1131.496	0.890	344	1369	394	79	14	344	1369	394	79	14	112.784	139.702	157	149	147	145	143	141	138	135	132	129	121	107.074	822.687	1380	1109	1026	957	898	839	770	693	612	504	323	0	0	0.000	0.000	0	0	0	0	0.000	0	0	0	0.000	0	0	0	0	0	0	0	0	0	0	0	0	0	0	0	0	0
169	169	1651	214.410	1131.961	0.885	224	1158	181	41	12	224	1158	181	41	12	109.000	121.202	143	132	124	122	120	119	118	117	117	116	112	103.965	772.879	1191	1033	970	896	824	748	701	658	603	528	311	0	0	0.000	0.000	0	0	0	0	0.000	0	0	0	0.000	0	0	0	0	0	0	0	0	0	0	0	0	0	0	0	0	0
170	170	1519	1228.425	1158.611	0.913	64	309	839	258	12	64	309	839	258	12	111.912	135.336	184	156	143	136	134	132	130	128	126	123	116	105.909	1495.317	2123	1974	1890	1807	1721	1623	1490	1319	1077	787	274	1	22	1233.771	1159.011	0	0	0	177	176.955	0	0	729	729.682	0	0	0	0	0	0	0	0	0	0	0	0	0	0	0	0	0
171	171	2316	1462.697	1166.264	0.854	30	455	1152	560	57	30	455	1152	560	57	113.231	152.912	173	165	163	161	159	156	152	147	142	135	127	108.534	1715.145	2444	2293	2198	2073	1931	1799	1668	1504	1289	920	566	0	0	0.000	0.000	0	0	0	0	0.000	0	0	0	0.000	0	0	0	0	0	0	0	0	0	0	0	0	0	0	0	0	0
172	172	1329	666.298	1162.082	0.901	20	184	719	352	25	20	184	719	352	25	111.175	127.405	139	134	132	131	129	127	126	124	123	121	116	104.108	240.988	343	306	290	276	259	240	224	206	190	174	151	0	0	0.000	0.000	0	0	0	0	0.000	0	0	0	0.000	0	0	0	0	0	0	0	0	0	0	0	0	0	0	0	0	0
173	173	642	627.968	1157.378	0.930	18	104	384	114	12	18	104	384	114	12	111.981	133.302	144	139	138	136	135	134	132	131	129	126	121	104.000	269.702	356	332	324	310	297	279	264	247	223	181	128	0	0	0.000	0.000	0	0	0	0	0.000	0	0	0	0.000	0	0	0	0	0	0	0	0	0	0	0	0	0	0	0	0	0
174	174	1946	1389.126	1192.295	0.915	1478	287	85	46	24	1478	287	85	46	24	113.447	127.771	139	132	131	129	129	128	127	126	125	123	118	108.978	713.543	1191	1025	957	902	836	743	635	527	442	369	277	0	0	0.000	0.000	0	0	0	0	0.000	0	0	0	0.000	0	0	0	0	0	0	0	0	0	0	0	0	0	0	0	0	0
175	175	1961	1046.813	1202.343	0.900	18	367	1086	383	77	18	367	1086	383	77	112.000	125.024	137	132	129	127	125	124	123	122	121	120	114	104.000	121.444	136	127	125	124	122	121	121	119	118	116	107	0	0	0.000	0.000	0	0	0	0	0.000	0	0	0	0.000	0	0	0	0	0	0	0	0	0	0	0	0	0	0	0	0	0
176	176	1799	1493.138	1219.972	0.830	18	444	1013	271	18	18	444	1013	271	18	113.924	149.633	184	165	160	158	155	151	146	142	137	132	128	109.543	1466.926	2306	2132	1916	1781	1642	1483	1332	1199	1008	760	515	0	0	0.000	0.000	0	0	0	0	0.000	0	0	0	0.000	0	0	0	0	0	0	0	0	0	0	0	0	0	0	0	0	0
177	177	1749	1432.464	1223.582	0.851	12	80	943	604	74	12	80	943	604	74	114.000	148.758	172	161	156	154	152	150	148	145	139	134	128	110.342	1351.032	2321	2099	1892	1715	1517	1299	1121	980	885	676	452	0	0	0.000	0.000	0	0	0	0	0.000	0	0	0	0.000	0	0	0	0	0	0	0	0	0	0	0	0	0	0	0	0	0
178	178	1023	158.861	1229.033	0.916	11	75	425	422	71	11	75	425	422	71	108.000	119.569	127	124	122	121	120	120	119	118	117	115	112	104.000	542.148	761	716	677	635	589	540	501	460	414	368	289	0	0	0.000	0.000	0	0	0	0	0.000	0	0	0	0.000	0	0	0	0	0	0	0	0	0	0	0	0	0	0	0	0	0
179	179	2433	340.107	1247.221	0.891	91	1085	1060	124	8	91	1085	1060	124	8	109.800	476.097	760	569	549	534	521	503	481	439	383	325	261	103.955	154.716	179	167	164	162	160	158	155	150	144	136	122	0	0	0.000	0.000	0	0	0	0	0.000	0	0	0	0.000	0	0	0	0	0	0	0	0	0	0	0	0	0	0	0	0	0
180	180	1451	209.914	1242.808	0.900	120	695	508	82	9	120	695	508	82	9	108.198	122.493	137	129	126	125	124	123	121	120	118	116	112	104.000	534.727	798	725	689	657	613	561	494	426	376	324	197	0	0	0.000	0.000	0	0	0	0	0.000	0	0	0	0.000	0	0	0	0	0	0	0	0	0	0	0	0	0	0	0	0	0
181	181	1223	1407.633	1258.294	0.884	25	565	474	111	22	25	565	474	111	22	114.289	145.531	165	154	152	150	149	147	144	141	138	135	125	111.086	1091.357	1951	1571	1368	1263	1160	1080	987	889	762	643	435	0	0	0.000	0.000	0	0	0	0	0.000	0	0	0	0.000	0	0	0	0	0	0	0	0	0	0	0	0	0	0	0	0	0
182	182	1385	938.743	1265.525	0.901	230	920	168	39	6	230	920	168	39	6	112.000	151.009	188	171	160	155	151	149	147	144	141	137	127	104.549	1231.133	1708	1533	1436	1356	1278	1226	1170	1110	1050	955	654	0	0	0.000	0.000	0	0	0	0	0.000	0	0	0	0.000	0	0	0	0	0	0	0	0	0	0	0	0	0	0	0	0	0
183	183	1730	135.452	1276.987	0.893	30	318	1007	296	27	30	318	1007	296	27	108.696	125.297	142	133	130	128	126	124	123	122	121	119	114	103.843	716.188	971	905	862	825	780	731	677	620	570	506	349	0	0	0.000	0.000	0	0	0	0	0.000	0	0	0	0.000	0	0	0	0	0	0	0	0	0	0	0	0	0	0	0	0	0
184	184	725	1488.871	1270.596	0.896	40	288	284	82	14	40	288	284	82	14	114.170	212.041	252	242	235	230	225	218	209	198	186	173	154	111.432	2552.993	3523	3246	3038	2896	2811	2680	2533	2317	2039	1679	1086	0	0	0.000	0.000	0	0	0	0	0.000	0	0	0	0.000	0	0	0	0	0	0	0	0	0	0	0	0	0	0	0	0	0
185	185	1529	254.754	1286.519	0.914	33	119	1056	271	8	33	119	1056	271	8	109.224	128.587	142	135	133	132	131	129	128	126	123	121	115	104.190	590.722	788	732	700	664	628	592	560	531	495	446	283	0	0	0.000	0.000	0	0	0	0	0.000	0	0	0	0.000	0	0	0	0	0	0	0	0	0	0	0	0	0	0	0	0	0
186	186	2004	376.244	1295.616	0.884	712	921	187	144	13	712	921	187	144	13	110.460	677.144	4729	1397	560	482	460	438	409	363	315	265	196	104.000	150.778	176	165	163	160	157	154	150	145	138	129	116	1	209	378.719	1288.775	0	0	0	2632	2706.579	0	0	157	155.206	0	0	0	0	0	0	0	0	0	0	0	0	0	0	0	0	0
187	187	1744	1302.401	1299.866	0.866	49	214	851	534	50	49	214	851	534	50	112.528	279.624	2980	349	212	205	197	185	174	163	153	144	130	107.558	754.533	1076	1020	979	933	873	796	711	619	510	423	243	1	113	1295.992	1303.483	0	0	0	1355	1468.363	0	0	988	967.708	0	0	0	0	0	0	0	0	0	0	0	0	0	0	0	0	0
188	188	1332	1451.130	1300.629	0.914	75	780	400	45	14	75	780	400	45	14	115.101	265.810	310	297	290	283	276	268	260	253	244	231	207	113.522	2812.986	3637	3457	3269	3125	2981	2833	2698	2571	2393	2120	1659	0	0	0.000	0.000	0	0	0	0	0.000	0	0	0	0.000	0	0	0	0	0	0	0	0	0	0	0	0	0	0	0	0	0
189	189	1910	1520.098	1308.965	0.883	111	976	701	75	11	111	976	701	75	11	113.900	246.838	327	303	292	278	265	250	233	216	200	187	163	111.744	3158.865	5114	4619	4320	3995	3621	3284	2857	2365	1966	1520	1129	0	0	0.000	0.000	0	0	0	0	0.000	0	0	0	0.000	0	0	0	0	0	0	0	0	0	0	0	0	0	0	0	0	0
190	190	1869	181.246	1304.339	0.901	27	330	1257	213	15	27	330	1257	213	15	108.467	381.299	3428	1097	269	148	138	129	125	122	119	118	113	104.795	581.455	1041	922	837	748	661	580	490	417	318	247	182	1	279	188.305	1292.895	0	0	0	1540	1686.423	0	0	909	870.681	0	0	0	0	0	0	0	0	0	0	0	0	0	0	0	0	0
191	191	1443	1401.237	1301.961	0.898	208	227	627	332	28	208	227	627	332	28	114.829	131.076	157	141	137	134	132	130	128	127	125	123	118	112.968	748.793	1004	931	889	857	825	793	752	698	630	484	223	0	0	0.000	0.000	0	0	0	0	0.000	0	0	0	0.000	0	0	0	0	0	0	0	0	0	0	0	0	0	0	0	0	0
192	192	1467	964.309	1308.660	0.895	21	372	791	230	17	21	372	791	230	17	112.000	289.239	2745	507	174	167	162	157	153	148	143	140	129	104.384	1122.949	1853	1547	1387	1252	1149	1080	1021	942	866	772	594	1	147	950.288	1306.346	0	0	0	1240	1361.041	0	0	1630	1567.156	0	0	0	0	0	0	0	0	0	0	0	0	0	0	0	0	0
193	193	1780	1354.114	1315.688	0.886	65	430	978	264	12	65	430	978	264	12	113.725	190.187	1214	307	176	146	138	132	129	127	125	123	119	111.208	670.693	1051	892	816	766	718	675	629	570	514	433	322	1	163	1370.341	1321.964	0	0	0	589	634.552	0	0	758	744.914	0	0	0	0	0	0	0	0	0	0	0	0	0	0	0	0	0
194	194	1542	119.123	1327.124	0.868	373	1018	95	26	9	373	1018	95	26	9	107.871	468.116	8201	740	258	205	183	172	165	159	151	142	124	103.888	2277.581	3928	3111	2751	2521	2388	2244	2100	1985	1864	1536	669	1	109	117.236	1318.558	0	0	0	3194	3500.101	0	0	3109	3042.202	0	0	0	0	0	0	0	0	0	0	0	0	0	0	0	0	0
195	195	1584	229.379	1330.853	0.891	31	303	1074	130	15	31	303	1074	130	15	109.423	196.515	1473	334	156	137	131	128	125	123	121	118	113	105.000	445.125	744	666	616	552	498	449	399	334	283	222	162	1	150	223.065	1326.594	0	0	0	681	735.127	0	0	654	630.293	0	0	0	0	0	0	0	0	0	0	0	0	0	0	0	0	0
196	196	1515	1880.562	1328.556	0.909	17	204	996	259	17	17	204	996	259	17	111.960	126.246	136	130	129	128	128	127	126	125	123	121	116	104.000	3306.764	5815	5179	4759	4238	3743	3234	2728	2320	1919	1595	1086	0	0	0.000	0.000	0	0	0	0	0.000	0	0	0	0.000	0	0	0	0	0	0	0	0	0	0	0	0	0	0	0	0	0
197	197	1826	359.810	1344.852	0.887	978	725	39	29	10	978	725	39	29	10	110.219	447.010	669	557	527	496	474	455	429	403	370	325	217	104.452	156.072	179	169	165	162	159	157	154	152	148	143	122	0	0	0.000	0.000	0	0	0	0	0.000	0	0	0	0.000	0	0	0	0	0	0	0	0	0	0	0	0	0	0	0	0	0
198	198	1833	1466.964	1347.286	0.893	289	670	639	108	79	289	670	639	108	79	115.831	158.567	430	200	154	149	145	143	141	139	137	134	125	114.202	1252.009	2214	1831	1613	1452	1335	1205	1078	961	880	781	575	1	149	1468.677	1356.270	0	0	0	291	298.839	0	0	1358	1345.128	0	0	0	0	0	0	0	0	0	0	0	0	0	0	0	0	0
199	199	1796	1093.595	1348.509	0.881	57	680	895	96	18	57	680	895	96	18	112.614	125.524	135	130	128	127	127	126	125	124	123	121	116	106.000	1816.399	3015	2442	2251	2073	1949	1822	1707	1570	1393	1153	575	0	0	0.000	0.000	0	0	0	0	0.000	0	0	0	0.000	0	0	0	0	0	0	0	0	0	0	0	0	0	0	0	0	0
200	200	1916	306.648	1351.937	0.908	6	44	887	810	133	6	44	887	810	133	110.000	171.279	241	192	188	185	181	177	172	163	150	140	129	104.559	1051.272	1582	1451	1352	1273	1189	1117	1016	887	717	533	349	0	0	0.000	0.000	0	0	0	0	0.000	0	0	0	0.000	0	0	0	0	0	0	0	0	0	0	0	0	0	0	0	0	0
201	201	1645	1311.279	1354.382	0.892	60	725	703	112	14	60	725	703	112	14	112.981	197.302	266	237	225	217	209	199	188	176	167	158	142	109.274	878.683	1281	1202	1145	1088	1015	933	824	712	593	480	318	0	0	0.000	0.000	0	0	0	0	0.000	0	0	0	0.000	0	0	0	0	0	0	0	0	0	0	0	0	0	0	0	0	0
202	202	1764	1403.763	1356.029	0.852	405	502	606	160	49	405	502	606	160	49	114.704	146.423	250	159	151	147	145	143	142	140	139	136	126	113.876	1428.473	2072	1861	1728	1631	1522	1422	1335	1247	1135	987	620	1	28	1383.434	1353.229	0	0	0	220	214.714	0	0	1274	1249.179	0	0	0	0	0	0	0	0	0	0	0	0	0	0	0	0	0
203	203	2253	251.223	1373.258	0.828	43	934	1066	136	27	43	934	1066	136	27	109.572	301.446	2459	598	233	191	174	166	159	152	144	135	126	104.566	957.502	1779	1553	1400	1205	1001	852	760	681	598	478	308	1	251	242.906	1365.263	0	0	0	1160	1263.793	0	0	1619	1588.741	0	0	0	0	0	0	0	0	0	0	0	0	0	0	0	0	0
204	204	357	1365.688	1367.437	0.926	6	17	71	174	82	6	17	71	174	82	113.157	128.924	135	133	132	131	130	129	128	127	126	124	121	112.521	811.594	1143	1059	1000	951	889	831	783	732	633	499	315	0	0	0.000	0.000	0	0	0	0	0.000	0	0	0	0.000	0	0	0	0	0	0	0	0	0	0	0	0	0	0	0	0	0
205	205	2023	1131.355	1392.837	0.896	186	1120	642	38	8	186	1120	642	38	8	112.707	124.177	131	127	127	126	125	124	124	123	122	120	115	106.436	1502.786	3003	2266	2006	1819	1642	1456	1268	1103	982	845	470	0	0	0.000	0.000	0	0	0	0	0.000	0	0	0	0.000	0	0	0	0	0	0	0	0	0	0	0	0	0	0	0	0	0
206	206	1271	1436.876	1386.416	0.888	543	384	220	80	18	543	384	220	80	18	115.448	140.195	155	147	144	143	141	140	139	138	136	134	125	114.042	1421.890	2188	2019	1877	1739	1575	1398	1216	1083	991	890	647	0	0	0.000	0.000	0	0	0	0	0.000	0	0	0	0.000	0	0	0	0	0	0	0	0	0	0	0	0	0	0	0	0	0
207	207	1329	1481.558	1392.387	0.880	187	377	482	214	41	187	377	482	214	41	115.335	264.572	328	313	305	296	285	275	260	242	221	199	162	113.983	3806.190	5276	4999	4744	4570	4360	4077	3731	3379	2851	2117	829	0	0	0.000	0.000	0	0	0	0	0.000	0	0	0	0.000	0	0	0	0	0	0	0	0	0	0	0	0	0	0	0	0	0
208	208	1981	1511.818	1426.737	0.889	280	1567	92	15	6	280	1567	92	15	6	114.137	270.683	331	315	308	300	292	281	267	252	238	207	156	112.246	3433.811	4646	4490	4341	4168	3964	3704	3356	2970	2588	1931	761	0	0	0.000	0.000	0	0	0	0	0.000	0	0	0	0.000	0	0	0	0	0	0	0	0	0	0	0	0	0	0	0	0	0
209	209	1376	1403.400	1424.466	0.881	11	77	694	530	35	11	77	694	530	35	114.304	153.241	173	164	162	160	157	154	151	148	145	140	128	113.035	2699.224	3766	3350	3207	3067	2913	2741	2569	2412	2217	1954	1138	0	0	0.000	0.000	0	0	0	0	0.000	0	0	0	0.000	0	0	0	0	0	0	0	0	0	0	0	0	0	0	0	0	0
210	210	1096	1101.122	1429.011	0.915	42	279	572	158	27	42	279	572	158	27	113.000	125.221	133	129	128	127	126	125	125	124	122	121	117	106.000	1915.571	2968	2738	2520	2293	2100	1961	1775	1560	1302	1068	723	0	0	0.000	0.000	0	0	0	0	0.000	0	0	0	0.000	0	0	0	0	0	0	0	0	0	0	0	0	0	0	0	0	0
211	211	1779	1454.759	1439.358	0.899	136	245	995	327	41	136	245	995	327	41	114.788	633.874	8995	1377	240	166	155	149	142	137	133	130	124	113.181	2013.266	3516	3326	3045	2704	2333	1921	1555	1329	1093	845	487	1	181	1460.696	1439.699	0	0	0	3837	4337.276	0	0	3124	2984.470	0	0	0	0	0	0	0	0	0	0	0	0	0	0	0	0	0
212	212	2554	1222.631	1448.139	0.771	140	1536	754	59	7	140	1536	754	59	7	113.000	130.617	152	140	136	133	131	129	128	127	125	123	117	107.016	6217.546	9490	8421	7943	7510	7100	6613	6142	5500	4405	2983	1775	0	0	0.000	0.000	0	0	0	0	0.000	0	0	0	0.000	0	0	0	0	0	0	0	0	0	0	0	0	0	0	0	0	0
213	213	466	475.559	1434.760	0.927	14	56	94	223	72	14	56	94	223	72	109.987	116.976	122	119	119	118	117	117	117	116	115	115	113	104.000	398.818	592	547	501	466	428	395	362	326	298	273	224	0	0	0.000	0.000	0	0	0	0	0.000	0	0	0	0.000	0	0	0	0	0	0	0	0	0	0	0	0	0	0	0	0	0
214	214	416	1296.167	1442.506	0.929	25	106	110	125	40	25	106	110	125	40	113.000	121.135	126	123	123	122	122	121	121	120	119	119	116	109.000	1905.281	3110	2826	2589	2335	2121	1945	1736	1469	1212	989	715	0	0	0.000	0.000	0	0	0	0	0.000	0	0	0	0.000	0	0	0	0	0	0	0	0	0	0	0	0	0	0	0	0	0
215	215	2565	1365.322	1469.064	0.879	666	1631	163	45	10	666	1631	163	45	10	113.075	157.331	199	175	168	165	162	158	153	147	144	139	126	109.991	3071.597	5873	4410	3859	3532	3225	2962	2717	2459	2198	1880	1267	0	0	0.000	0.000	0	0	0	0	0.000	0	0	0	0.000	0	0	0	0	0	0	0	0	0	0	0	0	0	0	0	0	0
216	216	2014	491.080	1476.681	0.860	126	779	893	169	19	126	779	893	169	19	110.563	123.386	147	132	127	124	123	122	121	120	119	118	114	104.000	887.531	1244	1137	1076	1008	950	890	842	780	711	622	439	0	0	0.000	0.000	0	0	0	0	0.000	0	0	0	0.000	0	0	0	0	0	0	0	0	0	0	0	0	0	0	0	0	0
217	217	1923	1418.129	1475.014	0.880	27	65	863	814	113	27	65	863	814	113	113.890	151.695	481	167	152	147	144	141	138	134	131	128	120	111.107	1657.366	2856	2524	2330	2124	1872	1646	1431	1229	991	766	425	1	102	1418.390	1467.058	0	0	0	306	310.657	0	0	2438	2380.216	0	0	0	0	0	0	0	0	0	0	0	0	0	0	0	0	0
218	218	2337	549.462	1479.471	0.901	189	984	1051	58	9	189	984	1051	58	9	111.000	122.549	137	128	125	124	123	122	121	120	120	118	114	104.256	913.629	1277	1163	1116	1078	1036	984	902	803	681	543	354	0	0	0.000	0.000	0	0	0	0	0.000	0	0	0	0.000	0	0	0	0	0	0	0	0	0	0	0	0	0	0	0	0	0
219	219	613	593.591	1469.630	0.872	36	59	269	227	10	36	59	269	227	10	111.000	121.670	136	127	125	123	122	122	121	120	118	116	113	104.000	794.103	1095	995	939	907	878	839	796	722	626	522	283	0	0	0.000	0.000	0	0	0	0	0.000	0	0	0	0.000	0	0	0	0	0	0	0	0	0	0	0	0	0	0	0	0	0
220	220	2376	1284.155	1478.147	0.880	69	1229	946	80	10	69	1229	946	80	10	113.000	132.083	157	139	136	135	133	132	130	129	126	124	120	108.022	6715.300	11582	9806	9277	8585	7856	7143	6195	5268	4125	2634	1506	0	0	0.000	0.000	0	0	0	0	0.000	0	0	0	0.000	0	0	0	0	0	0	0	0	0	0	0	0	0	0	0	0	0
221	221	1345	748.458	1485.523	0.900	469	795	24	9	8	469	795	24	9	8	111.523	136.891	217	154	144	138	134	132	131	128	126	124	117	103.306	549.581	781	713	677	632	589	544	504	472	441	399	237	1	52	745.976	1490.632	0	0	0	192	191.673	0	0	687	681.481	0	0	0	0	0	0	0	0	0	0	0	0	0	0	0	0	0
222	222	361	713.921	1487.456	0.937	47	57	101	109	41	47	57	101	109	41	111.177	132.609	147	141	138	136	134	133	131	129	127	125	121	104.000	443.288	545	528	510	487	464	448	431	412	391	350	261	0	0	0.000	0.000	0	0	0	0	0.000	0	0	0	0.000	0	0	0	0	0	0	0	0	0	0	0	0	0	0	0	0	0
223	223	1543	113.745	1516.076	0.892	51	156	573	616	110	51	156	573	616	110	107.988	277.545	342	327	319	311	301	287	270	256	236	210	160	102.832	1438.138	1940	1794	1742	1665	1571	1477	1371	1258	1160	1022	592	0	0	0.000	0.000	0	0	0	0	0.000	0	0	0	0.000	0	0	0	0	0	0	0	0	0	0	0	0	0	0	0	0	0
224	224	1375	1411.675	1530.733	0.889	28	311	699	286	25	28	311	699	286	25	112.430	154.007	181	166	163	161	159	155	152	148	144	138	127	106.824	2754.489	3665	3490	3374	3216	3053	2869	2653	2428	2218	1819	1052	0	0	0.000	0.000	0	0	0	0	0.000	0	0	0	0.000	0	0	0	0	0	0	0	0	0	0	0	0	0	0	0	0	0
225	225	2147	73.445	1551.389	0.888	63	402	1386	235	25	63	402	1386	235	25	107.216	286.009	1721	352	280	264	250	237	224	209	193	173	147	102.173	997.657	1678	1441	1324	1219	1120	1021	927	814	672	486	274	1	123	75.422	1564.661	0	0	0	998	1011.577	0	0	1391	1325.545	0	0	0	0	0	0	0	0	0	0	0	0	0	0	0	0	0
226	226	2589	342.722	1558.592	0.887	516	1717	267	34	14	516	1717	267	34	14	108.888	123.070	136	129	127	125	124	123	122	120	119	117	112	102.739	707.980	1192	987	900	826	760	699	645	592	532	440	268	0	0	0.000	0.000	0	0	0	0	0.000	0	0	0	0.000	0	0	0	0	0	0	0	0	0	0	0	0	0	0	0	0	0
227	227	1605	234.560	1558.032	0.913	41	255	965	281	28	41	255	965	281	28	108.000	118.905	132	125	123	120	119	118	117	116	116	115	112	102.472	719.346	1047	967	882	823	779	724	670	617	558	479	275	0	0	0.000	0.000	0	0	0	0	0.000	0	0	0	0.000	0	0	0	0	0	0	0	0	0	0	0	0	0	0	0	0	0
228	228	624	901.359	1549.987	0.908	292	130	106	70	15	292	130	106	70	15	112.000	126.718	138	133	131	129	128	127	126	124	122	120	116	104.139	462.196	699	632	592	550	522	485	446	399	317	248	166	0	0	0.000	0.000	0	0	0	0	0.000	0	0	0	0.000	0	0	0	0	0	0	0	0	0	0	0	0	0	0	0	0	0
229	229	2352	1721.504	1563.033	0.886	19	254	1355	631	49	19	254	1355	631	49	112.434	212.171	303	275	258	243	226	208	195	180	166	154	140	103.000	581.634	976	883	821	747	668	580	500	427	342	269	199	0	0	0.000	0.000	0	0	0	0	0.000	0	0	0	0.000	0	0	0	0	0	0	0	0	0	0	0	0	0	0	0	0	0
230	230	1553	430.187	1570.687	0.895	19	44	396	948	102	19	44	396	948	102	109.983	333.326	3798	688	195	148	143	140	136	133	130	127	120	103.000	378.005	615	528	471	435	401	370	339	306	276	247	189	1	163	437.069	1558.979	0	0	0	1567	1758.871	0	0	503	491.546	0	0	0	0	0	0	0	0	0	0	0	0	0	0	0	0	0
231	231	1333	921.686	1579.660	0.879	895	229	96	78	14	895	229	96	78	14	112.548	129.135	147	135	133	132	130	129	128	126	125	123	118	105.510	523.364	808	724	673	629	583	539	490	426	357	298	229	0	0	0.000	0.000	0	0	0	0	0.000	0	0	0	0.000	0	0	0	0	0	0	0	0	0	0	0	0	0	0	0	0	0
232	232	1300	387.572	1591.070	0.900	737	339	74	93	37	737	339	74	93	37	108.957	143.360	168	160	155	151	147	144	140	136	131	127	117	103.000	530.971	698	661	639	612	590	566	532	479	418	344	229	0	0	0.000	0.000	0	0	0	0	0.000	0	0	0	0.000	0	0	0	0	0	0	0	0	0	0	0	0	0	0	0	0	0
233	233	2336	1854.344	1600.193	0.817	46	1438	753	42	9	46	1438	753	42	9	112.081	245.401	323	290	277	268	258	249	238	225	210	195	162	102.554	692.800	1086	924	857	805	764	725	678	599	500	400	291	0	0	0.000	0.000	0	0	0	0	0.000	0	0	0	0.000	0	0	0	0	0	0	0	0	0	0	0	0	0	0	0	0	0
234	234	1012	1769.128	1588.579	0.932	18	129	417	373	53	18	129	417	373	53	112.197	194.973	238	223	218	214	208	201	192	181	171	157	133	103.000	531.996	808	692	656	625	591	554	517	475	421	322	149	0	0	0.000	0.000	0	0	0	0	0.000	0	0	0	0.000	0	0	0	0	0	0	0	0	0	0	0	0	0	0	0	0	0
235	235	1475	295.853	1600.480	0.862	110	942	367	27	6	110	942	367	27	6	108.994	116.333	127	120	119	118	117	116	115	115	114	113	110	101.984	142.272	164	156	152	149	146	143	140	138	135	126	108	0	0	0.000	0.000	0	0	0	0	0.000	0	0	0	0.000	0	0	0	0	0	0	0	0	0	0	0	0	0	0	0	0	0
236	236	1697	460.320	1609.907	0.864	33	203	890	506	35	33	203	890	506	35	110.141	126.839	143	134	133	131	129	127	125	123	121	119	115	103.000	691.775	1117	1022	972	909	827	719	593	494	410	308	226	0	0	0.000	0.000	0	0	0	0	0.000	0	0	0	0.000	0	0	0	0	0	0	0	0	0	0	0	0	0	0	0	0	0
237	237	2435	1053.717	1618.199	0.886	78	822	1085	370	29	78	822	1085	370	29	113.000	150.448	172	163	158	155	153	150	148	145	142	140	130	104.179	856.125	1578	1332	1162	1065	963	849	733	610	506	417	316	0	0	0.000	0.000	0	0	0	0	0.000	0	0	0	0.000	0	0	0	0	0	0	0	0	0	0	0	0	0	0	0	0	0
238	238	1800	968.279	1613.877	0.883	61	1132	482	69	14	61	1132	482	69	14	113.000	347.763	3617	737	257	178	171	166	162	159	154	143	132	105.736	528.795	881	755	672	620	581	529	475	432	378	302	228	1	183	981.428	1623.447	0	0	0	1515	1676.683	0	0	798	771.497	0	0	0	0	0	0	0	0	0	0	0	0	0	0	0	0	0
239	239	1643	1426.393	1618.353	0.877	66	372	832	315	31	66	372	832	315	31	113.806	139.063	618	145	127	125	124	123	122	122	121	120	117	104.243	141.472	157	151	148	145	143	141	140	138	136	133	123	1	96	1410.088	1612.935	0	0	0	327	338.531	0	0	149	148.771	0	0	0	0	0	0	0	0	0	0	0	0	0	0	0	0	0
240	240	1646	909.137	1624.718	0.857	16	246	831	487	27	16	246	831	487	27	113.000	163.795	189	177	172	170	167	164	162	159	155	151	134	106.781	571.382	794	711	673	641	607	575	544	511	471	421	301	0	0	0.000	0.000	0	0	0	0	0.000	0	0	0	0.000	0	0	0	0	0	0	0	0	0	0	0	0	0	0	0	0	0
241	241	689	502.595	1628.703	0.933	44	65	256	274	38	44	65	256	274	38	110.486	124.763	134	131	130	128	127	125	124	122	120	118	114	103.062	630.739	927	846	777	716	658	607	564	536	504	454	344	0	0	0.000	0.000	0	0	0	0	0.000	0	0	0	0.000	0	0	0	0	0	0	0	0	0	0	0	0	0	0	0	0	0
242	242	2202	81.673	1639.768	0.880	70	553	1284	219	31	70	553	1284	219	31	106.901	116.150	134	120	118	117	117	116	115	114	114	113	110	101.419	605.560	1106	797	743	703	663	627	589	536	442	358	236	0	0	0.000	0.000	0	0	0	0	0.000	0	0	0	0.000	0	0	0	0	0	0	0	0	0	0	0	0	0	0	0	0	0
243	243	2096	617.283	1653.782	0.909	468	1445	112	33	15	468	1445	112	33	15	111.022	153.363	203	169	161	158	155	153	151	147	143	138	125	104.000	1348.885	2704	2125	1835	1622	1419	1275	1126	993	865	696	565	0	0	0.000	0.000	0	0	0	0	0.000	0	0	0	0.000	0	0	0	0	0	0	0	0	0	0	0	0	0	0	0	0	0
244	244	1512	1391.893	1652.564	0.901	610	665	95	69	45	610	665	95	69	45	114.478	134.766	220	157	138	133	131	129	127	126	124	122	118	105.871	134.894	156	146	143	140	138	135	132	130	127	123	111	1	131	1382.020	1654.420	0	0	0	183	183.969	0	0	135	135.534	0	0	0	0	0	0	0	0	0	0	0	0	0	0	0	0	0
245	245	1256	867.425	1662.566	0.916	39	80	233	777	109	39	80	233	777	109	113.000	137.094	147	142	141	140	139	138	136	135	133	131	125	106.113	2226.447	3014	2820	2701	2568	2390	2231	2077	1930	1785	1632	1173	0	0	0.000	0.000	0	0	0	0	0.000	0	0	0	0.000	0	0	0	0	0	0	0	0	0	0	0	0	0	0	0	0	0
246	246	1270	1034.758	1668.126	0.914	81	287	668	202	6	81	287	668	202	6	111.728	148.679	168	159	155	152	151	149	147	144	142	139	130	104.869	900.054	1565	1332	1221	1127	1032	939	813	678	545	426	320	0	0	0.000	0.000	0	0	0	0	0.000	0	0	0	0.000	0	0	0	0	0	0	0	0	0	0	0	0	0	0	0	0	0
247	247	1827	913.600	1673.497	0.861	47	814	887	31	3	47	814	887	31	3	112.747	136.244	153	146	144	142	139	136	134	131	129	125	118	106.834	1882.380	3256	2946	2711	2494	2186	1889	1617	1368	1077	738	471	0	0	0.000	0.000	0	0	0	0	0.000	0	0	0	0.000	0	0	0	0	0	0	0	0	0	0	0	0	0	0	0	0	0
248	248	1132	963.835	1668.427	0.901	26	97	648	325	18	26	97	648	325	18	112.119	131.847	144	139	137	135	134	132	131	129	126	124	119	106.055	1637.861	2386	2235	2132	1977	1836	1681	1532	1376	1211	933	530	0	0	0.000	0.000	0	0	0	0	0.000	0	0	0	0.000	0	0	0	0	0	0	0	0	0	0	0	0	0	0	0	0	0
249	249	1629	1436.548	1681.248	0.867	48	542	896	100	10	48	542	896	100	10	115.000	278.040	401	366	339	318	297	275	255	237	217	195	168	105.408	135.856	154	146	144	142	140	138	135	131	127	123	115	0	0	0.000	0.000	0	0	0	0	0.000	0	0	0	0.000	0	0	0	0	0	0	0	0	0	0	0	0	0	0	0	0	0
250	250	1211	664.618	1674.413	0.894	28	99	569	462	27	28	99	569	462	27	111.045	151.777	185	166	162	159	157	154	149	145	140	135	124	104.000	2193.622	3239	2826	2654	2494	2356	2230	2074	1931	1764	1484	1000	0	0	0.000	0.000	0	0	0	0	0.000	0	0	0	0.000	0	0	0	0	0	0	0	0	0	0	0	0	0	0	0	0	0
251	251	1662	65.030	1686.184	0.887	30	229	1206	133	32	30	229	1206	133	32	106.674	893.747	10403	3148	597	199	165	152	143	136	131	127	120	102.022	123.156	161	140	131	126	122	119	118	116	115	114	109	1	233	57.855	1673.147	0	0	0	4621	4770.811	0	0	141	138.682	0	0	0	0	0	0	0	0	0	0	0	0	0	0	0	0	0
252	252	1147	118.370	1681.954	0.856	154	630	298	37	9	154	630	298	37	9	106.906	116.255	125	120	119	118	117	116	115	114	114	113	110	103.230	548.993	1065	788	673	607	551	514	477	445	406	367	306	0	0	0.000	0.000	0	0	0	0	0.000	0	0	0	0.000	0	0	0	0	0	0	0	0	0	0	0	0	0	0	0	0	0
253	253	2080	1353.130	1687.567	0.856	20	239	874	751	152	20	239	874	751	152	114.708	180.905	894	306	172	143	136	133	131	129	126	124	118	106.057	1141.665	2007	1691	1552	1463	1343	1198	1024	830	646	504	397	1	229	1352.229	1687.652	0	0	0	456	490.825	0	0	1275	1211.725	0	0	0	0	0	0	0	0	0	0	0	0	0	0	0	0	0
254	254	2362	495.011	1690.834	0.874	46	547	1372	315	29	46	547	1372	315	29	110.079	411.126	528	501	493	482	467	436	398	357	315	283	191	104.395	804.138	1118	1046	1016	988	958	897	806	683	542	411	297	0	0	0.000	0.000	0	0	0	0	0.000	0	0	0	0.000	0	0	0	0	0	0	0	0	0	0	0	0	0	0	0	0	0
255	255	2086	1289.941	1696.714	0.871	78	616	938	380	29	78	616	938	380	29	114.646	136.095	148	141	140	139	138	137	136	134	133	130	123	105.785	1480.076	1968	1810	1731	1657	1583	1511	1447	1355	1236	1099	694	0	0	0.000	0.000	0	0	0	0	0.000	0	0	0	0.000	0	0	0	0	0	0	0	0	0	0	0	0	0	0	0	0	0
256	256	2128	165.093	1708.678	0.878	845	1048	97	69	34	845	1048	97	69	34	107.411	116.532	123	119	118	118	117	116	116	115	115	114	110	103.301	497.356	913	685	610	568	532	494	451	412	365	312	224	0	0	0.000	0.000	0	0	0	0	0.000	0	0	0	0.000	0	0	0	0	0	0	0	0	0	0	0	0	0	0	0	0	0
257	257	1785	881.916	1715.614	0.896	48	109	577	946	69	48	109	577	946	69	112.522	132.624	147	141	138	137	135	133	131	129	126	123	119	106.000	1740.625	3270	2596	2344	2185	2045	1842	1555	1296	1058	695	432	0	0	0.000	0.000	0	0	0	0	0.000	0	0	0	0.000	0	0	0	0	0	0	0	0	0	0	0	0	0	0	0	0	0
258	258	1400	1397.571	1714.634	0.855	25	129	768	416	37	25	129	768	416	37	114.431	178.051	655	189	181	178	175	172	168	160	153	144	128	106.009	1058.287	1499	1371	1308	1234	1176	1118	1050	972	832	619	305	1	41	1405.126	1709.057	0	0	0	424	418.073	0	0	1179	1176.146	0	0	0	0	0	0	0	0	0	0	0	0	0	0	0	0	0
259	259	2490	546.390	1730.650	0.876	20	237	1464	665	57	20	237	1464	665	57	110.298	510.402	2749	724	460	447	436	423	400	373	338	300	183	104.592	730.003	967	912	871	842	811	778	742	667	562	460	277	1	148	546.954	1731.329	0	0	0	1828	1856.372	0	0	824	775.662	0	0	0	0	0	0	0	0	0	0	0	0	0	0	0	0	0
260	260	416	89.382	1721.976	0.889	29	113	162	89	18	29	113	162	89	18	106.945	138.421	155	150	146	145	142	140	137	134	129	125	116	103.000	118.385	130	126	124	121	120	118	117	115	114	111	108	0	0	0.000	0.000	0	0	0	0	0.000	0	0	0	0.000	0	0	0	0	0	0	0	0	0	0	0	0	0	0	0	0	0
261	261	1119	1514.816	1730.537	0.889	43	338	562	143	10	43	338	562	143	10	113.733	346.150	444	419	407	397	384	371	347	316	279	232	166	103.942	143.537	164	154	152	150	148	147	145	140	135	127	109	0	0	0.000	0.000	0	0	0	0	0.000	0	0	0	0.000	0	0	0	0	0	0	0	0	0	0	0	0	0	0	0	0	0
262	262	1526	1466.580	1733.812	0.888	76	565	594	236	33	76	565	594	236	33	114.178	300.064	427	366	345	325	310	294	282	269	255	240	213	104.077	137.318	153	146	143	141	139	137	135	134	132	129	119	0	0	0.000	0.000	0	0	0	0	0.000	0	0	0	0.000	0	0	0	0	0	0	0	0	0	0	0	0	0	0	0	0	0
263	263	2480	1354.889	1750.129	0.878	228	1394	725	78	13	228	1394	725	78	13	113.810	204.858	1552	282	166	159	155	151	147	143	138	133	125	105.765	771.334	1267	1121	1039	961	869	778	677	592	496	405	268	1	178	1364.257	1743.002	0	0	0	733	790.084	0	0	646	681.961	0	0	0	0	0	0	0	0	0	0	0	0	0	0	0	0	0
264	264	1961	1291.677	1750.264	0.870	760	692	204	219	57	760	692	204	219	57	114.040	220.516	855	267	232	221	212	201	190	179	168	155	131	105.772	598.943	966	815	759	715	667	620	562	489	425	367	188	1	89	1276.834	1744.935	0	0	0	562	582.584	0	0	732	690.022	0	0	0	0	0	0	0	0	0	0	0	0	0	0	0	0	0
265	265	1598	864.496	1773.925	0.862	65	596	666	199	25	65	596	666	199	25	111.945	126.081	133	130	129	128	128	127	126	124	123	121	117	105.970	991.395	1647	1451	1340	1239	1112	968	847	752	657	539	357	0	0	0.000	0.000	0	0	0	0	0.000	0	0	0	0.000	0	0	0	0	0	0	0	0	0	0	0	0	0	0	0	0	0
266	266	1684	436.306	1784.229	0.896	40	199	987	390	34	40	199	987	390	34	109.000	119.360	132	125	123	121	120	119	118	117	116	115	112	104.350	1869.331	4119	3112	2847	2588	2370	1953	1476	1047	775	589	205	0	0	0.000	0.000	0	0	0	0	0.000	0	0	0	0.000	0	0	0	0	0	0	0	0	0	0	0	0	0	0	0	0	0
267	267	1867	492.461	1788.408	0.873	109	637	836	226	30	109	637	836	226	30	109.373	120.655	128	124	123	122	121	121	120	119	119	117	113	104.812	3088.390	4147	3887	3802	3648	3425	3274	3097	2839	2478	1919	593	0	0	0.000	0.000	0	0	0	0	0.000	0	0	0	0.000	0	0	0	0	0	0	0	0	0	0	0	0	0	0	0	0	0
268	268	1794	806.852	1788.748	0.900	1377	291	53	17	10	1377	291	53	17	10	112.000	125.696	138	132	130	128	127	125	124	123	122	120	114	105.996	811.620	1361	1197	1093	991	889	802	727	630	530	437	319	0	0	0.000	0.000	0	0	0	0	0.000	0	0	0	0.000	0	0	0	0	0	0	0	0	0	0	0	0	0	0	0	0	0
269	269	1127	908.284	1787.742	0.902	33	80	302	560	128	33	80	302	560	128	111.997	125.330	136	131	129	128	127	126	124	123	121	119	115	105.330	1064.348	1576	1438	1361	1284	1190	1105	1030	932	798	589	250	0	0	0.000	0.000	0	0	0	0	0.000	0	0	0	0.000	0	0	0	0	0	0	0	0	0	0	0	0	0	0	0	0	0
270	270	1874	735.475	1799.507	0.873	97	381	1064	277	20	97	381	1064	277	20	111.330	127.107	140	134	132	130	128	126	125	124	122	121	117	105.491	2963.602	4901	4165	3859	3605	3267	2914	2627	2373	2078	1768	1356	0	0	0.000	0.000	0	0	0	0	0.000	0	0	0	0.000	0	0	0	0	0	0	0	0	0	0	0	0	0	0	0	0	0
271	271	1662	40.624	1822.542	0.874	83	516	890	124	15	83	516	890	124	15	104.708	115.756	131	123	119	117	116	115	114	113	112	111	107	102.685	2181.954	3787	3093	2842	2602	2397	2211	2028	1811	1548	1233	499	0	0	0.000	0.000	0	0	0	0	0.000	0	0	0	0.000	0	0	0	0	0	0	0	0	0	0	0	0	0	0	0	0	0
272	272	630	759.340	1833.618	0.881	33	163	291	117	18	33	163	291	117	18	111.179	121.962	129	126	125	124	123	122	121	120	119	118	115	105.233	1536.481	2020	1937	1854	1760	1670	1594	1485	1350	1209	1062	828	0	0	0.000	0.000	0	0	0	0	0.000	0	0	0	0.000	0	0	0	0	0	0	0	0	0	0	0	0	0	0	0	0	0
273	273	1901	729.090	1859.104	0.898	32	264	1028	520	17	32	264	1028	520	17	110.043	121.484	133	128	125	123	122	121	120	119	118	117	114	104.741	2006.718	3854	2923	2606	2469	2280	2067	1846	1594	1246	861	560	0	0	0.000	0.000	0	0	0	0	0.000	0	0	0	0.000	0	0	0	0	0	0	0	0	0	0	0	0	0	0	0	0	0
274	274	1336	113.465	1860.179	0.887	171	830	236	49	17	171	830	236	49	17	106.000	118.129	138	129	121	119	118	116	115	114	113	112	109	101.966	137.087	164	152	147	144	141	138	135	131	127	122	104	0	0	0.000	0.000	0	0	0	0	0.000	0	0	0	0.000	0	0	0	0	0	0	0	0	0	0	0	0	0	0	0	0	0
275	275	2386	52.222	1882.344	0.868	2301	41	19	12	8	2301	41	19	12	8	104.340	113.925	125	119	116	115	114	113	113	112	111	110	107	102.047	1146.836	2310	1786	1522	1361	1211	1089	968	845	724	627	396	0	0	0.000	0.000	0	0	0	0	0.000	0	0	0	0.000	0	0	0	0	0	0	0	0	0	0	0	0	0	0	0	0	0
276	276	424	1036.707	1884.427	0.861	101	129	114	60	9	101	129	114	60	9	112.000	140.450	151	147	145	143	142	141	139	138	136	134	129	106.000	1808.866	3240	2182	2122	2040	1950	1871	1743	1605	1442	1232	883	0	0	0.000	0.000	0	0	0	0	0.000	0	0	0	0.000	0	0	0	0	0	0	0	0	0	0	0	0	0	0	0	0	0
277	277	1587	1025.667	1917.422	0.883	541	545	456	22	9	541	545	456	22	9	111.983	147.308	164	157	154	153	151	149	145	142	139	136	128	106.000	2556.043	4413	3765	3280	3014	2779	2529	2272	1985	1747	1489	1108	0	0	0.000	0.000	0	0	0	0	0.000	0	0	0	0.000	0	0	0	0	0	0	0	0	0	0	0	0	0	0	0	0	0
278	278	2531	867.672	1925.397	0.896	30	370	1796	252	36	30	370	1796	252	36	109.959	149.330	301	173	156	151	148	145	141	138	134	129	121	104.000	934.935	1833	1427	1243	1133	1033	910	773	675	581	495	390	1	69	879.947	1943.477	0	0	0	239	242.725	0	0	1254	1200.652	0	0	0	0	0	0	0	0	0	0	0	0	0	0	0	0	0
279	279	2405	1074.683	1943.989	0.886	479	1767	87	23	12	479	1767	87	23	12	111.657	143.679	192	154	152	150	148	146	142	138	133	128	120	105.558	1129.941	1874	1618	1444	1339	1263	1188	1088	956	780	551	313	0	0	0.000	0.000	0	0	0	0	0.000	0	0	0	0.000	0	0	0	0	0	0	0	0	0	0	0	0	0	0	0	0	0
280	280	2026	1986.051	1947.737	0.897	144	763	873	178	25	144	763	873	178	25	108.989	119.003	131	124	122	121	119	118	117	117	116	115	111	101.458	163.423	217	188	178	172	167	163	159	154	148	142	113	0	0	0.000	0.000	0	0	0	0	0.000	0	0	0	0.000	0	0	0	0	0	0	0	0	0	0	0	0	0	0	0	0	0
281	281	2046	338.729	1969.679	0.905	57	241	1356	323	21	57	241	1356	323	21	107.000	141.658	176	155	151	149	146	144	140	135	130	125	120	101.784	1284.148	2065	1903	1763	1614	1437	1277	1115	959	818	681	499	0	0	0.000	0.000	0	0	0	0	0.000	0	0	0	0.000	0	0	0	0	0	0	0	0	0	0	0	0	0	0	0	0	0
282	282	1205	904.499	1968.920	0.906	73	524	518	47	12	73	524	518	47	12	110.000	147.727	167	160	155	152	149	147	145	143	140	138	133	103.969	1313.659	2210	1931	1750	1636	1506	1379	1178	974	807	661	506	0	0	0.000	0.000	0	0	0	0	0.000	0	0	0	0.000	0	0	0	0	0	0	0	0	0	0	0	0	0	0	0	0	0
283	283	1456	862.237	1985.954	0.868	34	38	132	978	253	34	38	132	978	253	109.490	147.574	164	158	154	152	150	148	146	143	140	136	129	103.422	1270.564	2023	1765	1599	1480	1368	1272	1182	1074	964	762	491	0	0	0.000	0.000	0	0	0	0	0.000	0	0	0	0.000	0	0	0	0	0	0	0	0	0	0	0	0	0	0	0	0	0
284	284	1875	1054.150	2000.823	0.886	26	193	882	671	68	26	193	882	671	68	110.418	141.829	183	154	152	150	148	143	139	134	131	126	118	103.574	1052.627	1784	1555	1448	1344	1234	1084	939	776	634	474	321	0	0	0.000	0.000	0	0	0	0	0.000	0	0	0	0.000	0	0	0	0	0	0	0	0	0	0	0	0	0	0	0	0	0
285	285	2053	1107.232	2001.947	0.881	342	1218	363	75	14	342	1218	363	75	14	110.099	521.040	2759	669	569	521	493	459	423	385	346	275	152	102.305	128.610	154	141	135	132	129	128	126	124	122	119	110	1	89	1119.113	1989.144	0	0	0	1847	1859.652	0	0	134	133.764	0	0	0	0	0	0	0	0	0	0	0	0	0	0	0	0	0
286	286	1502	58.299	2003.707	0.885	10	121	628	587	127	10	121	628	587	127	102.489	109.001	114	112	111	110	109	109	108	108	107	107	104	100.195	635.840	1123	972	850	748	692	627	564	494	414	337	222	0	0	0.000	0.000	0	0	0	0	0.000	0	0	0	0.000	0	0	0	0	0	0	0	0	0	0	0	0	0	0	0	0	0
