 	cell	area	x	y	circ	BFI_lev_b1	BFI_lev_b2	BFI_lev_b3	BFI_lev_b4	BFI_lev_b5	BFO_lev_b1	BFO_lev_b2	BFO_lev_b3	BFO_lev_b4	BFO_lev_b5	RFP_int_bg	RFP_int_mean	RFP_int_b0	RFP_int_b1	RFP_int_b2	RFP_int_b3	RFP_int_b4	RFP_int_b5	RFP_int_b6	RFP_int_b7	RFP_int_b8	RFP_int_b9	RFP_int_b10	GFP_int_bg	GFP_int_mean	GFP_int_b0	GFP_int_b1	GFP_int_b2	GFP_int_b3	GFP_int_b4	GFP_int_b5	GFP_int_b6	GFP_int_b7	GFP_int_b8	GFP_int_b9	GFP_int_b10	inRFPnfoci	f1_inRFParea	f1_inRFPx	f1_inRFPy	f2_inRFParea	f2_inRFPx	f2_inRFPy	f1_inRFP_toRFPmed	f1_inRFP_toRFPmean	f2_inRFP_toRFPmed	f2_inRFP_toRFPmean	f1_inRFP_toGFPmed	f1_inRFP_toGFPmean	f2_inRFP_toGFPmed	f2_inRFP_toGFPmean	inGFPnfoci	f1_inGFParea	f1_inGFPx	f1_inGFPy	f2_inGFParea	f2_inGFPx	f2_inGFPy	f1_inGFP_toRFPmed	f1_inGFP_toRFPmean	f2_inGFP_toRFPmed	f2_inGFP_toRFPmean	f1_inGFP_toGFPmed	f1_inGFP_toGFPmean	f2_inGFP_toGFPmed	f2_inGFP_toGFPmean
1	1	231	921.527	18.736	0.928	21	57	67	58	28	21	57	67	58	28	106.017	120.442	130	127	124	122	121	120	119	118	117	115	111	103.251	112.649	120	115	114	114	113	113	112	112	111	110	107	0	0	0.000	0.000	0	0	0	0	0.000	0	0	0	0.000	0	0	0	0	0	0	0	0	0	0	0	0	0	0	0	0	0
2	2	1842	143.070	38.282	0.904	38	299	1069	374	26	38	299	1069	374	26	105.002	243.240	3240	327	138	134	129	125	122	121	119	117	112	101.649	135.114	167	149	145	141	137	135	131	128	125	121	110	1	133	128.443	39.160	0	0	0	1333	1510.120	0	0	151	151.211	0	0	0	0	0	0	0	0	0	0	0	0	0	0	0	0	0
3	3	1571	397.172	37.738	0.868	35	339	799	346	24	35	339	799	346	24	105.898	142.882	179	166	157	152	148	142	137	132	127	122	116	101.843	119.470	133	125	124	122	121	120	119	117	115	112	106	0	0	0.000	0.000	0	0	0	0	0.000	0	0	0	0.000	0	0	0	0	0	0	0	0	0	0	0	0	0	0	0	0	0
4	4	2228	1031.553	54.906	0.863	54	265	1333	511	28	54	265	1333	511	28	106.754	117.137	137	126	120	118	117	115	115	114	113	112	108	103.000	147.309	262	161	158	156	154	151	148	141	133	122	104	0	0	0.000	0.000	0	0	0	0	0.000	0	0	0	0.000	0	0	0	0	0	0	0	0	0	0	0	0	0	0	0	0	0
5	5	860	31.062	40.051	0.917	65	596	162	14	6	65	596	162	14	6	103.501	130.036	149	142	139	135	133	130	128	126	122	118	109	100.031	115.857	128	122	120	118	117	116	115	114	112	109	100	0	0	0.000	0.000	0	0	0	0	0.000	0	0	0	0.000	0	0	0	0	0	0	0	0	0	0	0	0	0	0	0	0	0
6	6	1122	2004.118	44.037	0.910	125	362	406	172	44	125	362	406	172	44	103.037	151.247	196	181	174	166	160	152	144	138	129	118	108	100.089	648.002	1497	1049	843	722	665	607	558	489	413	346	200	0	0	0.000	0.000	0	0	0	0	0.000	0	0	0	0.000	0	0	0	0	0	0	0	0	0	0	0	0	0	0	0	0	0
7	7	1721	915.558	53.369	0.898	33	129	896	607	22	33	129	896	607	22	107.114	120.408	153	126	124	122	121	119	118	117	116	114	110	104.507	543.808	820	737	683	631	584	543	507	459	415	349	246	1	20	904.613	42.204	0	0	0	147	146.950	0	0	743	733.600	0	0	0	0	0	0	0	0	0	0	0	0	0	0	0	0	0
8	8	1151	862.619	50.668	0.884	64	231	499	293	42	64	231	499	293	42	106.783	117.569	130	123	121	120	118	117	116	115	114	113	109	104.000	1079.138	1843	1561	1447	1326	1194	1067	967	843	725	579	364	0	0	0.000	0.000	0	0	0	0	0.000	0	0	0	0.000	0	0	0	0	0	0	0	0	0	0	0	0	0	0	0	0	0
9	9	2134	781.441	60.146	0.896	86	204	921	760	123	86	204	921	760	123	106.581	116.444	131	123	119	117	116	115	115	114	113	112	109	103.971	1708.773	2768	2531	2301	2114	1951	1771	1551	1299	1087	851	445	0	0	0.000	0.000	0	0	0	0	0.000	0	0	0	0.000	0	0	0	0	0	0	0	0	0	0	0	0	0	0	0	0	0
10	10	1365	197.953	58.195	0.910	61	382	610	237	39	61	382	610	237	39	105.267	133.968	164	151	144	139	135	132	130	127	123	120	113	102.005	126.347	141	135	132	130	128	127	125	123	121	118	109	0	0	0.000	0.000	0	0	0	0	0.000	0	0	0	0.000	0	0	0	0	0	0	0	0	0	0	0	0	0	0	0	0	0
11	11	1712	1889.676	79.260	0.884	182	644	756	68	23	182	644	756	68	23	105.703	117.582	128	124	122	120	119	117	116	115	114	112	108	102.000	1751.890	5091	2459	2137	1971	1856	1723	1572	1418	1221	948	513	0	0	0.000	0.000	0	0	0	0	0.000	0	0	0	0.000	0	0	0	0	0	0	0	0	0	0	0	0	0	0	0	0	0
12	12	1205	638.929	82.618	0.902	565	313	192	97	29	565	313	192	97	29	107.007	113.339	117	116	115	114	114	113	113	113	112	111	108	104.789	749.736	1134	1033	920	840	789	745	698	641	579	509	336	0	0	0.000	0.000	0	0	0	0	0.000	0	0	0	0.000	0	0	0	0	0	0	0	0	0	0	0	0	0	0	0	0	0
13	13	1975	968.073	87.884	0.886	40	413	1140	331	18	40	413	1140	331	18	107.629	128.419	177	146	134	129	126	125	124	122	120	117	111	104.334	496.290	761	656	615	586	542	499	450	408	373	339	232	1	79	965.743	77.556	0	0	0	167	167.291	0	0	405	422.949	0	0	0	0	0	0	0	0	0	0	0	0	0	0	0	0	0
14	14	860	886.151	88.143	0.913	20	77	446	233	66	20	77	446	233	66	108.000	114.569	123	118	116	115	115	114	114	113	113	112	109	105.000	1006.548	1561	1417	1295	1194	1087	1037	963	874	711	553	319	0	0	0.000	0.000	0	0	0	0	0.000	0	0	0	0.000	0	0	0	0	0	0	0	0	0	0	0	0	0	0	0	0	0
15	15	1692	735.300	95.595	0.829	181	1170	234	71	16	181	1170	234	71	16	106.930	116.757	128	120	119	118	117	116	116	115	114	114	110	104.676	1918.389	2704	2594	2507	2397	2239	2033	1807	1548	1282	1051	668	0	0	0.000	0.000	0	0	0	0	0.000	0	0	0	0.000	0	0	0	0	0	0	0	0	0	0	0	0	0	0	0	0	0
16	16	2113	80.972	105.373	0.881	220	1135	675	39	15	220	1135	675	39	15	105.370	354.858	2531	474	390	362	336	311	285	259	230	196	151	101.643	121.036	166	135	126	123	121	118	116	114	113	111	105	1	63	71.923	95.865	0	0	0	1382	1465.921	0	0	130	129.175	0	0	0	0	0	0	0	0	0	0	0	0	0	0	0	0	0
17	17	1529	1988.387	105.102	0.894	70	786	574	52	13	70	786	574	52	13	105.000	126.869	166	137	130	128	127	126	125	123	121	118	109	101.296	116.295	129	121	119	118	117	116	115	114	113	112	105	0	0	0.000	0.000	0	0	0	0	0.000	0	0	0	0.000	0	0	0	0	0	0	0	0	0	0	0	0	0	0	0	0	0
18	18	1999	918.864	114.159	0.891	43	352	1123	423	22	43	352	1123	423	22	107.908	114.174	120	117	116	115	114	114	113	113	112	112	110	105.000	1085.215	1837	1498	1379	1262	1175	1100	1007	894	790	662	409	0	0	0.000	0.000	0	0	0	0	0.000	0	0	0	0.000	0	0	0	0	0	0	0	0	0	0	0	0	0	0	0	0	0
19	19	620	256.509	104.984	0.898	38	84	215	244	20	38	84	215	244	20	105.561	127.831	142	138	135	133	130	128	126	124	122	118	113	103.047	165.858	214	198	189	181	173	164	156	149	143	137	125	0	0	0.000	0.000	0	0	0	0	0.000	0	0	0	0.000	0	0	0	0	0	0	0	0	0	0	0	0	0	0	0	0	0
20	20	1714	799.666	110.183	0.873	165	996	469	47	6	165	996	469	47	6	107.021	625.191	9134	1126	489	338	274	237	219	209	193	173	139	104.000	128.111	141	133	132	130	129	128	128	126	125	122	113	1	126	796.842	110.766	0	0	0	3974	4263.429	0	0	133	132.167	0	0	0	0	0	0	0	0	0	0	0	0	0	0	0	0	0
21	21	2171	657.138	130.309	0.913	987	899	137	79	38	987	899	137	79	38	107.916	113.523	119	116	115	114	114	113	113	113	112	111	109	104.891	677.331	1094	939	865	805	738	670	599	542	493	440	251	0	0	0.000	0.000	0	0	0	0	0.000	0	0	0	0.000	0	0	0	0	0	0	0	0	0	0	0	0	0	0	0	0	0
22	22	2389	198.897	138.051	0.864	112	662	1266	267	32	112	662	1266	267	32	106.985	117.568	135	125	121	119	118	117	115	114	113	112	108	103.931	3219.588	8202	4537	4045	3764	3448	3123	2866	2566	2226	1769	852	0	0	0.000	0.000	0	0	0	0	0.000	0	0	0	0.000	0	0	0	0	0	0	0	0	0	0	0	0	0	0	0	0	0
23	23	1212	1264.324	137.175	0.919	56	293	564	246	30	56	293	564	246	30	108.000	161.722	189	178	175	174	171	167	161	153	145	137	125	103.024	122.903	137	129	127	126	125	124	122	121	118	116	109	0	0	0.000	0.000	0	0	0	0	0.000	0	0	0	0.000	0	0	0	0	0	0	0	0	0	0	0	0	0	0	0	0	0
24	24	1761	255.662	150.935	0.834	37	100	570	874	147	37	100	570	874	147	106.244	170.744	225	215	202	192	182	172	161	151	138	126	115	103.999	253.016	338	316	300	287	275	263	245	224	203	179	139	0	0	0.000	0.000	0	0	0	0	0.000	0	0	0	0.000	0	0	0	0	0	0	0	0	0	0	0	0	0	0	0	0	0
25	25	1065	393.647	149.138	0.910	56	101	450	393	48	56	101	450	393	48	107.000	115.044	124	120	118	116	115	114	114	113	113	112	109	103.804	1057.883	1581	1415	1286	1199	1114	1035	975	929	858	722	462	0	0	0.000	0.000	0	0	0	0	0.000	0	0	0	0.000	0	0	0	0	0	0	0	0	0	0	0	0	0	0	0	0	0
26	26	1877	1875.913	155.199	0.859	67	85	398	1097	196	67	85	398	1097	196	106.909	184.776	245	222	215	205	194	184	174	166	157	145	130	103.000	809.544	1243	1088	1025	972	918	843	751	661	570	474	365	0	0	0.000	0.000	0	0	0	0	0.000	0	0	0	0.000	0	0	0	0	0	0	0	0	0	0	0	0	0	0	0	0	0
27	27	1315	1344.813	158.595	0.914	57	36	190	778	236	57	36	190	778	236	107.834	130.770	149	141	139	136	134	131	128	125	122	120	116	104.266	917.745	1391	1231	1152	1081	1006	933	865	782	677	559	346	0	0	0.000	0.000	0	0	0	0	0.000	0	0	0	0.000	0	0	0	0	0	0	0	0	0	0	0	0	0	0	0	0	0
28	28	1072	343.504	163.766	0.858	22	138	346	447	99	22	138	346	447	99	106.526	112.870	119	115	114	114	113	113	112	112	112	111	109	102.994	182.969	228	209	203	198	193	187	180	172	162	151	128	0	0	0.000	0.000	0	0	0	0	0.000	0	0	0	0.000	0	0	0	0	0	0	0	0	0	0	0	0	0	0	0	0	0
29	29	2023	950.901	170.688	0.883	62	263	1283	327	50	62	263	1283	327	50	108.800	115.437	123	118	117	116	116	115	115	114	114	113	111	104.000	943.748	1500	1319	1210	1130	1035	946	872	804	671	534	330	0	0	0.000	0.000	0	0	0	0	0.000	0	0	0	0.000	0	0	0	0	0	0	0	0	0	0	0	0	0	0	0	0	0
30	30	2674	1062.796	182.232	0.911	67	534	1503	468	45	67	534	1503	468	45	108.512	121.868	139	130	128	126	124	121	119	117	116	114	111	104.479	972.882	2840	1309	1213	1148	1081	1011	923	825	643	485	247	0	0	0.000	0.000	0	0	0	0	0.000	0	0	0	0.000	0	0	0	0	0	0	0	0	0	0	0	0	0	0	0	0	0
31	31	1485	430.939	177.713	0.906	156	201	897	187	9	156	201	897	187	9	107.985	114.320	121	117	116	115	115	114	114	113	113	112	109	105.063	1306.910	2119	1891	1746	1603	1458	1310	1159	1036	892	718	299	0	0	0.000	0.000	0	0	0	0	0.000	0	0	0	0.000	0	0	0	0	0	0	0	0	0	0	0	0	0	0	0	0	0
32	32	1097	1925.800	176.480	0.890	105	322	590	38	22	105	322	590	38	22	106.014	164.326	213	198	189	180	172	163	155	147	141	133	121	102.029	675.358	1006	934	865	811	739	684	629	557	477	401	284	0	0	0.000	0.000	0	0	0	0	0.000	0	0	0	0.000	0	0	0	0	0	0	0	0	0	0	0	0	0	0	0	0	0
33	33	2102	160.424	189.561	0.879	104	912	762	252	30	104	912	762	252	30	107.000	117.876	129	123	121	120	118	118	117	116	115	114	110	103.754	3114.081	5623	4267	3963	3691	3431	3143	2865	2594	2252	1792	1191	0	0	0.000	0.000	0	0	0	0	0.000	0	0	0	0.000	0	0	0	0	0	0	0	0	0	0	0	0	0	0	0	0	0
34	34	1784	674.262	189.299	0.882	56	377	1095	191	17	56	377	1095	191	17	108.292	113.661	118	116	115	114	114	114	113	113	112	112	109	103.878	596.756	889	801	758	713	676	634	576	511	421	328	254	0	0	0.000	0.000	0	0	0	0	0.000	0	0	0	0.000	0	0	0	0	0	0	0	0	0	0	0	0	0	0	0	0	0
35	35	2491	1303.045	199.713	0.909	64	1173	1113	76	8	64	1173	1113	76	8	109.600	275.941	3412	284	183	176	172	166	160	153	145	134	122	104.698	676.722	1137	925	866	814	758	707	647	573	479	368	226	1	159	1316.987	206.067	0	0	0	1596	1712.792	0	0	967	950.038	0	0	0	0	0	0	0	0	0	0	0	0	0	0	0	0	0
36	36	1177	378.688	191.110	0.885	51	83	383	504	129	51	83	383	504	129	107.114	113.878	120	117	116	115	114	113	113	113	112	111	110	104.406	717.518	1041	917	866	823	774	729	680	630	578	497	337	0	0	0.000	0.000	0	0	0	0	0.000	0	0	0	0.000	0	0	0	0	0	0	0	0	0	0	0	0	0	0	0	0	0
37	37	1783	1367.194	208.324	0.904	50	121	777	737	64	50	121	777	737	64	108.799	207.523	2929	202	147	144	140	137	133	129	126	123	116	104.566	925.213	1598	1359	1179	1070	992	923	833	739	634	538	347	1	91	1356.026	202.627	0	0	0	1165	1304.846	0	0	1004	980.011	0	0	0	0	0	0	0	0	0	0	0	0	0	0	0	0	0
38	38	1686	95.698	206.179	0.884	69	101	630	763	89	69	101	630	763	89	106.000	168.285	1513	186	134	130	128	126	124	121	118	115	110	102.568	519.060	793	707	650	594	547	508	475	446	409	340	215	1	103	94.343	205.109	0	0	0	641	710.631	0	0	545	555.068	0	0	0	0	0	0	0	0	0	0	0	0	0	0	0	0	0
39	39	673	51.520	202.870	0.927	60	85	310	175	24	60	85	310	175	24	104.926	114.666	121	118	117	116	115	115	114	113	112	111	108	101.245	344.866	484	443	421	396	373	349	324	296	270	243	198	0	0	0.000	0.000	0	0	0	0	0.000	0	0	0	0.000	0	0	0	0	0	0	0	0	0	0	0	0	0	0	0	0	0
40	40	716	1822.836	206.142	0.890	44	155	245	228	29	44	155	245	228	29	107.763	170.869	286	225	203	184	173	163	154	146	137	131	123	102.897	117.980	135	127	123	120	119	117	116	115	112	111	106	0	0	0.000	0.000	0	0	0	0	0.000	0	0	0	0.000	0	0	0	0	0	0	0	0	0	0	0	0	0	0	0	0	0
41	41	2209	874.639	218.901	0.872	178	1674	299	23	5	178	1674	299	23	5	109.443	475.715	3574	863	465	390	345	314	294	268	235	199	149	103.914	124.529	142	130	128	127	126	125	123	122	121	118	110	1	186	881.342	213.525	0	0	0	1803	1934.731	0	0	130	129.543	0	0	0	0	0	0	0	0	0	0	0	0	0	0	0	0	0
42	42	376	700.660	210.566	0.901	49	115	127	66	14	49	115	127	66	14	108.000	114.186	118	116	115	115	115	114	114	113	113	112	111	103.000	374.003	556	517	484	453	416	386	348	298	260	223	163	0	0	0.000	0.000	0	0	0	0	0.000	0	0	0	0.000	0	0	0	0	0	0	0	0	0	0	0	0	0	0	0	0	0
43	43	462	971.803	211.514	0.924	15	20	166	205	45	15	20	166	205	45	109.000	114.071	117	116	115	115	115	114	114	113	113	112	110	104.976	706.396	1004	945	895	839	774	708	646	588	523	470	384	0	0	0.000	0.000	0	0	0	0	0.000	0	0	0	0.000	0	0	0	0	0	0	0	0	0	0	0	0	0	0	0	0	0
44	44	575	553.704	214.637	0.914	181	330	50	5	3	181	330	50	5	3	108.000	125.610	152	143	138	133	128	122	118	116	115	114	109	103.459	118.624	141	132	128	123	120	117	114	112	110	109	104	0	0	0.000	0.000	0	0	0	0	0.000	0	0	0	0.000	0	0	0	0	0	0	0	0	0	0	0	0	0	0	0	0	0
45	45	1515	1090.637	228.604	0.910	95	494	811	81	8	95	494	811	81	8	108.980	118.246	139	127	122	119	118	117	116	115	114	113	110	104.805	895.585	1650	1253	1160	1050	963	887	821	738	637	529	254	0	0	0.000	0.000	0	0	0	0	0.000	0	0	0	0.000	0	0	0	0	0	0	0	0	0	0	0	0	0	0	0	0	0
46	46	2292	466.677	232.720	0.901	189	964	1005	61	18	189	964	1005	61	18	108.358	117.993	131	122	121	120	119	118	117	116	115	114	111	105.452	1365.709	2525	2101	1908	1720	1513	1319	1144	979	832	707	383	0	0	0.000	0.000	0	0	0	0	0.000	0	0	0	0.000	0	0	0	0	0	0	0	0	0	0	0	0	0	0	0	0	0
47	47	2284	1031.860	238.078	0.899	70	519	1356	276	20	70	519	1356	276	20	109.000	160.830	193	181	176	170	165	161	157	153	148	138	121	105.987	1255.057	1773	1661	1585	1509	1408	1288	1179	1063	932	796	395	0	0	0.000	0.000	0	0	0	0	0.000	0	0	0	0.000	0	0	0	0	0	0	0	0	0	0	0	0	0	0	0	0	0
48	48	1312	1864.526	233.671	0.916	75	566	605	28	10	75	566	605	28	10	107.486	126.830	143	138	135	132	129	126	124	122	119	116	110	103.000	434.665	700	627	584	536	484	427	375	324	282	255	212	0	0	0.000	0.000	0	0	0	0	0.000	0	0	0	0.000	0	0	0	0	0	0	0	0	0	0	0	0	0	0	0	0	0
49	49	1368	417.562	232.489	0.909	237	590	399	88	17	237	590	399	88	17	108.001	114.005	120	117	116	115	114	114	113	113	112	111	109	105.433	983.447	1685	1444	1251	1143	1060	985	891	799	686	552	365	0	0	0.000	0.000	0	0	0	0	0.000	0	0	0	0.000	0	0	0	0	0	0	0	0	0	0	0	0	0	0	0	0	0
50	50	1954	209.265	246.821	0.883	154	1137	524	86	18	154	1137	524	86	18	106.379	114.968	121	118	117	116	115	115	114	114	113	112	108	103.772	547.424	811	738	681	634	578	527	492	465	428	385	276	0	0	0.000	0.000	0	0	0	0	0.000	0	0	0	0.000	0	0	0	0	0	0	0	0	0	0	0	0	0	0	0	0	0
51	51	2079	1651.597	248.319	0.834	137	883	870	123	24	137	883	870	123	24	108.000	123.133	156	134	128	125	123	121	120	118	117	115	111	102.608	117.775	150	128	123	121	118	116	114	113	112	110	105	1	18	1656.114	242.239	0	0	0	149	149.000	0	0	143	141.667	0	0	0	0	0	0	0	0	0	0	0	0	0	0	0	0	0
52	52	1808	1781.547	246.142	0.900	29	92	780	843	37	29	92	780	843	37	107.905	114.607	122	117	116	116	115	115	114	113	113	112	109	103.288	152.852	182	170	164	160	156	154	150	147	142	136	114	0	0	0.000	0.000	0	0	0	0	0.000	0	0	0	0.000	0	0	0	0	0	0	0	0	0	0	0	0	0	0	0	0	0
53	53	1762	1227.769	249.626	0.904	1366	171	120	60	31	1366	171	120	60	31	109.112	118.757	133	124	122	120	119	118	117	116	115	114	111	103.024	118.284	134	123	121	120	120	119	118	117	115	112	107	0	0	0.000	0.000	0	0	0	0	0.000	0	0	0	0.000	0	0	0	0	0	0	0	0	0	0	0	0	0	0	0	0	0
54	54	2214	1323.216	253.487	0.902	52	95	706	1165	160	52	95	706	1165	160	109.664	166.677	196	185	181	178	174	171	167	161	151	140	124	104.043	769.394	1042	962	930	889	841	795	747	691	629	532	258	0	0	0.000	0.000	0	0	0	0	0.000	0	0	0	0.000	0	0	0	0	0	0	0	0	0	0	0	0	0	0	0	0	0
55	55	1757	1605.902	252.154	0.875	13	79	765	720	139	13	79	765	720	139	107.995	114.675	122	118	117	116	115	114	114	113	113	112	109	103.000	134.672	153	144	141	140	138	136	133	131	129	125	108	0	0	0.000	0.000	0	0	0	0	0.000	0	0	0	0.000	0	0	0	0	0	0	0	0	0	0	0	0	0	0	0	0	0
56	56	2176	925.619	255.138	0.881	32	252	1091	684	74	32	252	1091	684	74	109.831	118.565	126	122	121	120	119	118	118	117	116	115	112	103.991	689.210	1161	962	875	805	742	677	625	567	497	420	289	0	0	0.000	0.000	0	0	0	0	0.000	0	0	0	0.000	0	0	0	0	0	0	0	0	0	0	0	0	0	0	0	0	0
57	57	1691	1703.814	259.361	0.896	37	121	750	720	29	37	121	750	720	29	108.000	114.536	126	118	116	115	115	114	114	113	112	112	109	102.568	142.740	179	161	157	154	151	147	143	137	129	112	104	0	0	0.000	0.000	0	0	0	0	0.000	0	0	0	0.000	0	0	0	0	0	0	0	0	0	0	0	0	0	0	0	0	0
58	58	984	99.186	254.482	0.921	328	153	238	201	40	328	153	238	201	40	106.000	128.967	154	141	137	134	131	129	126	123	120	117	113	102.000	123.021	144	132	129	127	125	123	121	119	117	113	106	0	0	0.000	0.000	0	0	0	0	0.000	0	0	0	0.000	0	0	0	0	0	0	0	0	0	0	0	0	0	0	0	0	0
59	59	363	1745.942	254.467	0.920	21	85	163	80	8	21	85	163	80	8	107.733	113.725	118	116	115	115	114	114	113	113	112	111	110	103.000	139.226	159	153	149	145	142	139	136	134	132	128	113	0	0	0.000	0.000	0	0	0	0	0.000	0	0	0	0.000	0	0	0	0	0	0	0	0	0	0	0	0	0	0	0	0	0
60	60	1688	865.296	269.322	0.897	64	720	642	186	48	64	720	642	186	48	109.074	118.466	128	123	121	120	119	118	117	116	116	115	112	103.544	594.225	910	816	751	698	656	615	561	491	432	347	278	0	0	0.000	0.000	0	0	0	0	0.000	0	0	0	0.000	0	0	0	0	0	0	0	0	0	0	0	0	0	0	0	0	0
61	61	2038	1829.149	271.404	0.866	78	184	913	777	54	78	184	913	777	54	107.782	127.908	145	136	133	130	129	127	126	125	123	121	113	103.474	362.935	651	542	470	423	379	344	304	272	248	232	194	0	0	0.000	0.000	0	0	0	0	0.000	0	0	0	0.000	0	0	0	0	0	0	0	0	0	0	0	0	0	0	0	0	0
62	62	1893	991.506	271.660	0.864	50	112	974	689	41	50	112	974	689	41	109.000	225.312	295	276	265	253	240	227	214	202	187	169	140	105.536	1131.213	1649	1468	1386	1311	1240	1174	1085	986	864	743	369	0	0	0.000	0.000	0	0	0	0	0.000	0	0	0	0.000	0	0	0	0	0	0	0	0	0	0	0	0	0	0	0	0	0
63	63	1800	452.415	282.950	0.887	308	900	391	131	34	308	900	391	131	34	107.805	114.772	122	118	117	116	115	115	114	114	113	112	110	104.801	1779.059	2825	2483	2303	2138	1976	1814	1642	1393	1229	1042	645	0	0	0.000	0.000	0	0	0	0	0.000	0	0	0	0.000	0	0	0	0	0	0	0	0	0	0	0	0	0	0	0	0	0
64	64	2444	1060.419	294.402	0.906	124	524	1642	98	9	124	524	1642	98	9	109.000	287.497	3860	319	187	178	169	160	153	145	140	133	121	105.257	1135.101	1786	1635	1521	1408	1301	1177	1035	891	731	603	247	1	160	1068.010	296.103	0	0	0	1701	1850.944	0	0	1442	1437.106	0	0	0	0	0	0	0	0	0	0	0	0	0	0	0	0	0
65	65	1157	229.753	290.446	0.894	33	74	449	544	33	33	74	449	544	33	106.084	113.054	120	115	114	114	113	113	113	112	112	111	109	102.502	449.981	729	661	599	553	506	452	395	336	288	253	177	0	0	0.000	0.000	0	0	0	0	0.000	0	0	0	0.000	0	0	0	0	0	0	0	0	0	0	0	0	0	0	0	0	0
66	66	414	949.967	284.519	0.925	21	57	164	122	43	21	57	164	122	43	109.000	114.896	119	117	116	116	115	115	114	114	113	113	110	104.080	388.237	530	501	470	446	418	389	363	340	314	278	207	0	0	0.000	0.000	0	0	0	0	0.000	0	0	0	0.000	0	0	0	0	0	0	0	0	0	0	0	0	0	0	0	0	0
67	67	619	1596.722	289.783	0.892	80	228	208	80	10	80	228	208	80	10	108.000	112.740	117	114	114	113	113	113	112	112	112	111	109	103.000	123.237	144	136	130	126	124	122	120	118	116	114	110	0	0	0.000	0.000	0	0	0	0	0.000	0	0	0	0.000	0	0	0	0	0	0	0	0	0	0	0	0	0	0	0	0	0
68	68	1913	1637.606	305.851	0.877	19	638	1099	121	10	19	638	1099	121	10	107.847	114.225	121	117	116	115	115	114	114	113	113	112	109	102.158	138.808	168	148	145	143	141	139	137	134	132	130	116	0	0	0.000	0.000	0	0	0	0	0.000	0	0	0	0.000	0	0	0	0	0	0	0	0	0	0	0	0	0	0	0	0	0
69	69	2090	346.618	316.118	0.895	87	800	1088	68	7	87	800	1088	68	7	107.322	112.946	118	115	114	114	113	113	112	112	112	111	109	103.132	121.273	133	127	125	124	123	122	121	120	118	113	105	0	0	0.000	0.000	0	0	0	0	0.000	0	0	0	0.000	0	0	0	0	0	0	0	0	0	0	0	0	0	0	0	0	0
70	70	1596	1205.474	315.424	0.898	151	729	611	55	11	151	729	611	55	11	109.000	118.636	129	124	122	121	119	118	117	116	115	114	112	102.315	113.862	126	119	117	116	115	113	113	112	111	109	104	0	0	0.000	0.000	0	0	0	0	0.000	0	0	0	0.000	0	0	0	0	0	0	0	0	0	0	0	0	0	0	0	0	0
71	71	1178	1932.351	313.605	0.914	44	188	608	281	35	44	188	608	281	35	107.168	114.289	124	119	116	115	114	113	113	113	112	111	109	102.407	113.394	124	117	116	115	114	114	113	112	110	109	105	0	0	0.000	0.000	0	0	0	0	0.000	0	0	0	0.000	0	0	0	0	0	0	0	0	0	0	0	0	0	0	0	0	0
72	72	2370	55.103	329.297	0.887	483	1600	196	26	27	483	1600	196	26	27	105.438	111.440	120	115	113	112	112	111	111	110	110	109	106	102.000	153.170	231	175	166	160	156	152	150	146	140	132	107	0	0	0.000	0.000	0	0	0	0	0.000	0	0	0	0.000	0	0	0	0	0	0	0	0	0	0	0	0	0	0	0	0	0
73	73	1704	1012.838	325.715	0.893	75	481	1030	77	6	75	481	1030	77	6	109.000	221.292	293	274	266	253	237	219	207	192	179	168	141	104.947	1057.491	1621	1481	1406	1322	1219	1077	927	785	698	608	406	0	0	0.000	0.000	0	0	0	0	0.000	0	0	0	0.000	0	0	0	0	0	0	0	0	0	0	0	0	0	0	0	0	0
74	74	1978	1813.455	336.783	0.897	95	197	1084	530	42	95	197	1084	530	42	107.000	135.451	152	146	143	142	140	137	134	130	127	123	114	103.000	510.875	735	675	633	597	563	529	492	445	389	315	214	0	0	0.000	0.000	0	0	0	0	0.000	0	0	0	0.000	0	0	0	0	0	0	0	0	0	0	0	0	0	0	0	0	0
75	75	1692	922.902	336.017	0.830	21	136	848	628	23	21	136	848	628	23	109.000	144.631	168	159	155	153	150	145	141	138	133	129	120	103.173	561.043	794	694	663	638	611	577	542	500	455	403	255	0	0	0.000	0.000	0	0	0	0	0.000	0	0	0	0.000	0	0	0	0	0	0	0	0	0	0	0	0	0	0	0	0	0
76	76	364	472.786	325.875	0.762	25	87	130	92	24	25	87	130	92	24	107.231	112.302	116	114	113	113	112	112	112	112	111	111	109	104.000	710.137	957	893	847	796	754	708	667	622	579	537	453	0	0	0.000	0.000	0	0	0	0	0.000	0	0	0	0.000	0	0	0	0	0	0	0	0	0	0	0	0	0	0	0	0	0
77	77	2053	1897.147	347.091	0.888	51	541	1158	233	32	51	541	1158	233	32	107.849	117.639	129	126	123	120	118	116	115	114	113	112	109	102.618	115.705	130	120	118	117	116	116	115	114	113	112	106	0	0	0.000	0.000	0	0	0	0	0.000	0	0	0	0.000	0	0	0	0	0	0	0	0	0	0	0	0	0	0	0	0	0
78	78	304	1319.926	337.867	0.952	56	52	124	61	9	56	52	124	61	9	108.000	113.178	117	115	114	114	114	113	113	112	112	111	110	102.849	114.092	123	121	119	118	116	114	113	111	108	107	104	0	0	0.000	0.000	0	0	0	0	0.000	0	0	0	0.000	0	0	0	0	0	0	0	0	0	0	0	0	0	0	0	0	0
79	79	2121	1763.131	355.229	0.893	40	155	1002	832	46	40	155	1002	832	46	107.000	137.444	155	148	145	144	142	139	136	133	129	124	113	103.562	519.381	751	680	643	602	558	520	487	454	413	344	209	0	0	0.000	0.000	0	0	0	0	0.000	0	0	0	0.000	0	0	0	0	0	0	0	0	0	0	0	0	0	0	0	0	0
80	80	2515	1701.204	360.306	0.895	57	719	1429	231	29	57	719	1429	231	29	106.770	114.976	125	119	118	116	115	114	114	113	113	112	106	102.936	124.173	142	131	129	127	125	124	123	122	120	118	107	0	0	0.000	0.000	0	0	0	0	0.000	0	0	0	0.000	0	0	0	0	0	0	0	0	0	0	0	0	0	0	0	0	0
81	81	1232	799.590	353.451	0.895	151	900	146	11	5	151	900	146	11	5	107.703	115.082	122	118	117	116	115	115	114	114	113	113	110	102.722	121.594	132	127	125	124	123	122	121	120	118	115	109	0	0	0.000	0.000	0	0	0	0	0.000	0	0	0	0.000	0	0	0	0	0	0	0	0	0	0	0	0	0	0	0	0	0
82	82	2169	1645.429	362.694	0.907	68	1002	1010	35	5	68	1002	1010	35	5	107.201	114.002	121	116	115	115	114	114	113	113	113	112	109	102.697	134.930	155	147	144	142	140	136	133	129	125	121	110	0	0	0.000	0.000	0	0	0	0	0.000	0	0	0	0.000	0	0	0	0	0	0	0	0	0	0	0	0	0	0	0	0	0
83	83	1789	101.614	364.719	0.879	78	362	1144	163	10	78	362	1144	163	10	106.532	125.898	156	136	131	129	127	125	123	121	119	116	110	102.000	502.057	763	646	599	567	537	510	477	441	405	356	223	0	0	0.000	0.000	0	0	0	0	0.000	0	0	0	0.000	0	0	0	0	0	0	0	0	0	0	0	0	0	0	0	0	0
84	84	438	2021.120	360.528	0.942	31	80	216	78	17	31	80	216	78	17	106.000	112.055	116	114	113	113	113	112	112	111	111	110	108	102.142	349.096	470	440	429	408	384	357	326	298	272	246	192	0	0	0.000	0.000	0	0	0	0	0.000	0	0	0	0.000	0	0	0	0	0	0	0	0	0	0	0	0	0	0	0	0	0
85	85	1610	1314.637	379.820	0.875	24	420	977	135	17	24	420	977	135	17	108.840	115.442	120	118	117	116	116	115	115	114	114	113	111	102.709	130.808	148	139	136	134	132	131	130	128	126	123	113	0	0	0.000	0.000	0	0	0	0	0.000	0	0	0	0.000	0	0	0	0	0	0	0	0	0	0	0	0	0	0	0	0	0
86	86	414	1008.675	366.489	0.960	27	73	156	126	26	27	73	156	126	26	109.000	154.705	182	175	170	165	160	154	149	144	140	136	128	104.000	595.754	851	796	770	736	676	612	539	484	424	367	280	0	0	0.000	0.000	0	0	0	0	0.000	0	0	0	0.000	0	0	0	0	0	0	0	0	0	0	0	0	0	0	0	0	0
87	87	1486	1938.431	379.223	0.921	74	155	915	307	14	74	155	915	307	14	107.724	116.369	128	121	119	118	117	116	115	114	114	113	110	103.373	578.567	900	808	756	702	649	596	523	457	399	334	261	0	0	0.000	0.000	0	0	0	0	0.000	0	0	0	0.000	0	0	0	0	0	0	0	0	0	0	0	0	0	0	0	0	0
88	88	1392	1991.513	385.249	0.888	48	69	224	873	151	48	69	224	873	151	107.000	114.393	122	118	116	116	115	114	113	113	112	112	109	102.971	592.718	941	881	842	766	675	589	501	429	364	304	202	0	0	0.000	0.000	0	0	0	0	0.000	0	0	0	0.000	0	0	0	0	0	0	0	0	0	0	0	0	0	0	0	0	0
89	89	570	50.024	383.210	0.948	48	75	272	150	17	48	75	272	150	17	105.695	120.891	129	126	125	124	122	121	120	119	117	115	109	102.000	286.379	378	361	348	330	311	290	270	248	231	201	163	0	0	0.000	0.000	0	0	0	0	0.000	0	0	0	0.000	0	0	0	0	0	0	0	0	0	0	0	0	0	0	0	0	0
90	90	766	1459.639	383.761	0.890	146	240	203	138	24	146	240	203	138	24	109.000	125.390	140	134	131	129	127	126	124	121	119	117	111	103.000	114.582	130	122	119	117	116	114	112	111	110	108	104	0	0	0.000	0.000	0	0	0	0	0.000	0	0	0	0.000	0	0	0	0	0	0	0	0	0	0	0	0	0	0	0	0	0
91	91	1662	307.882	399.063	0.890	81	737	733	76	10	81	737	733	76	10	107.726	396.499	3727	888	342	239	208	190	178	167	154	143	128	102.000	118.813	139	125	123	121	120	119	118	117	115	112	105	1	175	316.207	404.925	0	0	0	1657	1817.143	0	0	125	125.497	0	0	0	0	0	0	0	0	0	0	0	0	0	0	0	0	0
92	92	1014	986.124	395.840	0.887	240	545	189	10	5	240	545	189	10	5	109.000	122.699	141	133	128	125	123	121	120	119	117	116	113	104.000	120.576	144	132	126	124	121	119	117	116	114	112	107	0	0	0.000	0.000	0	0	0	0	0.000	0	0	0	0.000	0	0	0	0	0	0	0	0	0	0	0	0	0	0	0	0	0
93	93	1880	811.908	412.336	0.846	95	892	786	63	7	95	892	786	63	7	108.401	115.770	125	119	118	117	116	115	115	115	114	113	110	103.017	118.411	130	123	122	121	120	119	118	117	115	113	108	0	0	0.000	0.000	0	0	0	0	0.000	0	0	0	0.000	0	0	0	0	0	0	0	0	0	0	0	0	0	0	0	0	0
94	94	1766	78.606	417.257	0.886	37	118	778	718	76	37	118	778	718	76	105.886	198.180	889	300	185	172	166	161	156	152	145	134	121	102.000	513.232	762	693	642	600	567	530	484	436	396	321	142	1	149	86.685	424.356	0	0	0	514	545.161	0	0	657	644.987	0	0	0	0	0	0	0	0	0	0	0	0	0	0	0	0	0
95	95	1927	1721.007	419.477	0.894	72	512	1094	188	18	72	512	1094	188	18	107.949	113.480	117	115	115	114	114	113	113	113	112	112	110	103.126	125.679	138	133	131	130	128	126	125	123	121	117	109	0	0	0.000	0.000	0	0	0	0	0.000	0	0	0	0.000	0	0	0	0	0	0	0	0	0	0	0	0	0	0	0	0	0
96	96	1371	1952.337	423.823	0.919	33	114	540	630	35	33	114	540	630	35	108.000	128.326	140	137	134	133	132	130	127	125	122	118	111	104.000	669.665	963	877	825	773	723	680	638	585	527	445	266	0	0	0.000	0.000	0	0	0	0	0.000	0	0	0	0.000	0	0	0	0	0	0	0	0	0	0	0	0	0	0	0	0	0
97	97	1598	1395.875	434.082	0.912	45	123	523	747	129	45	123	523	747	129	108.737	116.605	141	125	119	116	115	115	114	114	113	112	110	102.824	134.031	193	160	145	136	132	129	127	125	122	118	110	1	170	1397.609	444.123	0	0	0	129	129.882	0	0	169	165.335	0	0	1	19	1395.470	443.714	0	0	0	135	135.579	0	0	185	185.158	0	0
98	98	1099	854.315	445.109	0.921	79	320	490	164	24	79	320	490	164	24	108.000	115.970	128	119	117	117	116	116	115	114	114	113	111	104.000	120.091	132	126	124	123	122	121	119	118	116	113	107	0	0	0.000	0.000	0	0	0	0	0.000	0	0	0	0.000	0	0	0	0	0	0	0	0	0	0	0	0	0	0	0	0	0
99	99	1520	1443.632	450.508	0.909	25	103	752	580	34	25	103	752	580	34	108.857	115.809	124	120	119	117	116	115	114	114	113	112	110	103.000	130.468	168	148	142	136	132	128	125	122	120	117	110	0	0	0.000	0.000	0	0	0	0	0.000	0	0	0	0.000	0	0	0	0	0	0	0	0	0	0	0	0	0	0	0	0	0
100	100	1536	947.726	453.753	0.884	25	189	733	502	50	25	189	733	502	50	109.164	128.165	143	137	135	133	130	128	126	124	122	119	115	105.000	1629.893	2609	2368	2194	2045	1888	1687	1464	1232	1020	832	635	0	0	0.000	0.000	0	0	0	0	0.000	0	0	0	0.000	0	0	0	0	0	0	0	0	0	0	0	0	0	0	0	0	0
101	101	2163	1546.020	460.762	0.895	53	295	1241	515	21	53	295	1241	515	21	109.000	193.157	1137	338	160	143	138	134	131	128	125	122	113	103.992	178.062	243	217	202	192	184	176	169	160	152	145	126	1	252	1533.483	465.169	0	0	0	552	595.615	0	0	216	212.036	0	0	0	0	0	0	0	0	0	0	0	0	0	0	0	0	0
102	102	1456	1924.151	455.849	0.906	695	449	122	138	24	695	449	122	138	24	107.953	121.568	133	127	125	124	123	122	120	119	117	116	113	104.130	362.832	561	487	454	428	400	369	334	299	269	225	183	0	0	0.000	0.000	0	0	0	0	0.000	0	0	0	0.000	0	0	0	0	0	0	0	0	0	0	0	0	0	0	0	0	0
103	103	2568	1258.997	464.129	0.903	247	1623	613	16	4	247	1623	613	16	4	109.685	263.744	319	303	297	291	285	278	266	250	228	200	151	103.808	1042.302	1384	1286	1241	1199	1158	1110	1036	943	832	692	396	0	0	0.000	0.000	0	0	0	0	0.000	0	0	0	0.000	0	0	0	0	0	0	0	0	0	0	0	0	0	0	0	0	0
104	104	1620	1980.612	461.400	0.907	303	771	411	62	35	303	771	411	62	35	108.690	195.019	1410	333	151	137	132	127	123	120	118	116	112	104.927	571.583	920	836	784	735	659	585	514	428	342	277	214	1	169	1977.869	461.324	0	0	0	655	700.183	0	0	758	732.533	0	0	0	0	0	0	0	0	0	0	0	0	0	0	0	0	0
105	105	1011	58.150	468.275	0.884	29	107	389	382	84	29	107	389	382	84	105.199	112.125	118	115	114	113	113	112	111	111	110	109	107	102.000	122.296	135	129	127	126	124	123	121	119	117	115	107	0	0	0.000	0.000	0	0	0	0	0.000	0	0	0	0.000	0	0	0	0	0	0	0	0	0	0	0	0	0	0	0	0	0
106	106	1557	1719.358	481.025	0.869	30	319	992	173	5	30	319	992	173	5	108.908	124.442	182	130	127	126	124	123	122	121	119	117	113	104.000	681.192	1081	969	885	809	737	674	615	554	494	405	285	1	37	1709.746	487.770	0	0	0	163	163.378	0	0	910	905.324	0	0	0	0	0	0	0	0	0	0	0	0	0	0	0	0	0
107	107	1730	799.174	482.982	0.877	94	327	712	500	65	94	327	712	500	65	108.438	296.191	501	387	354	327	313	297	278	259	237	204	159	103.000	116.316	131	121	120	118	117	116	115	114	113	111	106	0	0	0.000	0.000	0	0	0	0	0.000	0	0	0	0.000	0	0	0	0	0	0	0	0	0	0	0	0	0	0	0	0	0
108	108	612	1591.511	476.597	0.926	17	75	253	212	38	17	75	253	212	38	109.000	118.219	126	122	121	120	119	118	117	117	116	114	111	104.000	132.199	153	145	142	138	135	133	130	127	123	118	112	0	0	0.000	0.000	0	0	0	0	0.000	0	0	0	0.000	0	0	0	0	0	0	0	0	0	0	0	0	0	0	0	0	0
109	109	777	401.079	485.010	0.928	87	479	158	31	8	87	479	158	31	8	108.622	126.004	183	159	140	126	120	116	115	114	113	112	109	102.880	121.735	141	135	131	127	123	121	118	115	113	111	106	0	0	0.000	0.000	0	0	0	0	0.000	0	0	0	0.000	0	0	0	0	0	0	0	0	0	0	0	0	0	0	0	0	0
110	110	1511	991.508	494.531	0.898	24	207	784	420	47	24	207	784	420	47	109.737	129.287	143	138	136	133	131	129	127	125	123	121	115	105.000	2098.291	3516	3052	2734	2431	2203	2049	1874	1710	1540	1268	759	0	0	0.000	0.000	0	0	0	0	0.000	0	0	0	0.000	0	0	0	0	0	0	0	0	0	0	0	0	0	0	0	0	0
111	111	1027	945.614	496.102	0.914	30	309	498	158	15	30	309	498	158	15	109.907	130.142	144	137	135	134	132	131	129	128	125	122	115	105.000	1998.041	3017	2780	2575	2401	2233	2038	1862	1635	1397	1160	657	0	0	0.000	0.000	0	0	0	0	0.000	0	0	0	0.000	0	0	0	0	0	0	0	0	0	0	0	0	0	0	0	0	0
112	112	2068	1218.444	505.609	0.894	54	655	1222	84	8	54	655	1222	84	8	110.000	231.486	326	289	278	266	250	234	215	199	185	170	142	103.665	841.262	1251	1136	1075	1027	965	881	798	698	582	465	311	0	0	0.000	0.000	0	0	0	0	0.000	0	0	0	0.000	0	0	0	0	0	0	0	0	0	0	0	0	0	0	0	0	0
113	113	1771	1575.998	517.204	0.898	86	164	745	696	41	86	164	745	696	41	109.000	125.081	136	131	130	129	127	126	124	122	120	118	114	103.436	191.381	252	229	221	212	203	193	184	173	160	149	137	0	0	0.000	0.000	0	0	0	0	0.000	0	0	0	0.000	0	0	0	0	0	0	0	0	0	0	0	0	0	0	0	0	0
114	114	2401	426.441	523.664	0.898	32	1684	613	18	8	32	1684	613	18	8	108.531	117.025	130	124	121	119	117	116	115	114	113	112	110	102.332	115.542	126	120	118	117	116	115	115	114	113	112	105	0	0	0.000	0.000	0	0	0	0	0.000	0	0	0	0.000	0	0	0	0	0	0	0	0	0	0	0	0	0	0	0	0	0
115	115	3009	126.092	522.412	0.867	245	1427	1160	98	26	245	1427	1160	98	26	108.501	1535.506	10082	5077	1987	903	623	540	491	441	375	289	171	102.866	136.381	179	152	146	141	138	135	133	130	126	122	109	0	0	0.000	0.000	0	0	0	0	0.000	0	0	0	0.000	0	0	0	0	0	0	0	0	0	0	0	0	0	0	0	0	0
116	116	1333	377.476	520.598	0.907	83	455	630	119	18	83	455	630	119	18	108.533	115.973	127	122	119	117	116	115	114	114	113	112	109	102.536	115.674	126	121	119	117	116	116	115	114	112	110	104	0	0	0.000	0.000	0	0	0	0	0.000	0	0	0	0.000	0	0	0	0	0	0	0	0	0	0	0	0	0	0	0	0	0
117	117	2253	1692.311	547.849	0.897	55	143	1202	738	75	55	143	1202	738	75	109.375	399.929	2288	499	456	435	412	374	334	295	253	224	164	103.985	1087.700	1748	1537	1429	1342	1249	1176	1020	844	695	522	356	1	63	1691.067	537.772	0	0	0	1464	1491.603	0	0	1361	1353.190	0	0	0	0	0	0	0	0	0	0	0	0	0	0	0	0	0
118	118	454	78.944	545.345	0.908	49	79	135	149	33	49	79	135	149	33	107.423	115.753	132	118	117	117	116	116	115	115	114	112	110	103.000	368.218	532	492	454	428	395	365	337	311	284	255	200	0	0	0.000	0.000	0	0	0	0	0.000	0	0	0	0.000	0	0	0	0	0	0	0	0	0	0	0	0	0	0	0	0	0
119	119	563	1594.534	552.688	0.907	13	31	236	234	41	13	31	236	234	41	109.680	124.183	132	129	128	127	126	125	124	122	120	118	112	103.321	172.398	206	196	191	185	181	177	173	164	154	142	121	0	0	0.000	0.000	0	0	0	0	0.000	0	0	0	0.000	0	0	0	0	0	0	0	0	0	0	0	0	0	0	0	0	0
120	120	1477	1801.678	561.648	0.898	77	102	569	670	31	77	102	569	670	31	107.810	137.227	159	151	148	143	140	137	134	131	127	124	115	103.313	331.885	474	436	407	368	342	323	308	293	272	236	178	0	0	0.000	0.000	0	0	0	0	0.000	0	0	0	0.000	0	0	0	0	0	0	0	0	0	0	0	0	0	0	0	0	0
121	121	1798	101.921	583.367	0.880	89	189	1198	278	15	89	189	1198	278	15	107.670	132.863	159	145	141	138	135	132	129	127	125	122	116	103.000	841.492	1495	1302	1140	992	907	830	752	660	533	431	183	0	0	0.000	0.000	0	0	0	0	0.000	0	0	0	0.000	0	0	0	0	0	0	0	0	0	0	0	0	0	0	0	0	0
122	122	1530	52.190	589.925	0.858	90	159	971	269	9	90	159	971	269	9	106.052	126.884	144	136	134	131	129	127	125	123	120	117	109	102.981	754.558	1244	1093	1009	938	863	789	694	579	469	364	224	0	0	0.000	0.000	0	0	0	0	0.000	0	0	0	0.000	0	0	0	0	0	0	0	0	0	0	0	0	0	0	0	0	0
123	123	1323	1225.149	592.529	0.913	87	647	494	58	12	87	647	494	58	12	109.000	117.237	125	121	119	118	118	117	116	116	115	114	111	103.077	912.184	1961	1237	1102	1019	941	873	810	749	669	586	461	0	0	0.000	0.000	0	0	0	0	0.000	0	0	0	0.000	0	0	0	0	0	0	0	0	0	0	0	0	0	0	0	0	0
124	124	1471	1855.641	591.565	0.884	63	150	862	328	33	63	150	862	328	33	108.387	128.701	145	138	136	133	131	130	127	125	122	118	112	104.000	275.679	402	345	326	310	292	275	258	240	221	206	170	0	0	0.000	0.000	0	0	0	0	0.000	0	0	0	0.000	0	0	0	0	0	0	0	0	0	0	0	0	0	0	0	0	0
125	125	379	1586.553	582.789	0.914	21	97	132	103	24	21	97	132	103	24	109.113	115.266	121	118	117	116	116	115	115	114	113	113	111	103.000	108.346	114	111	110	109	109	108	108	107	107	106	104	0	0	0.000	0.000	0	0	0	0	0.000	0	0	0	0.000	0	0	0	0	0	0	0	0	0	0	0	0	0	0	0	0	0
126	126	1793	1631.684	593.182	0.880	43	245	910	494	63	43	245	910	494	63	110.000	126.935	165	149	135	127	124	122	121	119	118	117	115	103.839	124.968	156	142	133	127	124	122	120	118	117	115	106	0	0	0.000	0.000	0	0	0	0	0.000	0	0	0	0.000	0	0	0	0	0	0	0	0	0	0	0	0	0	0	0	0	0
127	127	2217	1684.864	605.691	0.897	121	420	1352	258	36	121	420	1352	258	36	109.633	355.858	463	432	418	403	388	370	349	323	294	254	190	104.000	963.277	1485	1306	1236	1174	1079	990	895	802	711	560	341	0	0	0.000	0.000	0	0	0	0	0.000	0	0	0	0.000	0	0	0	0	0	0	0	0	0	0	0	0	0	0	0	0	0
128	128	1464	1373.949	598.580	0.890	90	613	591	120	15	90	613	591	120	15	108.819	123.710	141	133	129	126	124	122	121	120	118	117	114	103.000	586.209	1262	957	847	741	653	550	466	396	331	271	205	0	0	0.000	0.000	0	0	0	0	0.000	0	0	0	0.000	0	0	0	0	0	0	0	0	0	0	0	0	0	0	0	0	0
129	129	2341	331.834	617.155	0.912	322	1775	205	11	6	322	1775	205	11	6	108.000	173.897	1559	168	158	155	150	146	142	138	132	127	120	103.768	1474.763	2075	1871	1823	1763	1682	1590	1475	1298	1076	875	496	1	88	336.991	631.881	0	0	0	729	773.068	0	0	1740	1711.670	0	0	0	0	0	0	0	0	0	0	0	0	0	0	0	0	0
130	130	471	1813.642	600.567	0.929	11	49	191	187	27	11	49	191	187	27	108.000	119.851	126	123	123	122	121	120	119	118	117	116	113	104.000	184.699	230	209	202	196	192	187	181	174	166	156	142	0	0	0.000	0.000	0	0	0	0	0.000	0	0	0	0.000	0	0	0	0	0	0	0	0	0	0	0	0	0	0	0	0	0
131	131	826	440.815	609.693	0.877	195	326	218	49	16	195	326	218	49	16	108.000	139.011	168	156	150	146	142	138	135	131	127	123	115	102.134	121.878	142	133	129	127	124	122	119	117	115	111	104	0	0	0.000	0.000	0	0	0	0	0.000	0	0	0	0.000	0	0	0	0	0	0	0	0	0	0	0	0	0	0	0	0	0
132	132	1814	918.505	648.539	0.866	122	999	600	35	21	122	999	600	35	21	109.959	119.553	129	124	122	121	120	119	118	117	117	116	112	103.227	113.241	124	117	116	115	114	113	112	112	111	109	106	0	0	0.000	0.000	0	0	0	0	0.000	0	0	0	0.000	0	0	0	0	0	0	0	0	0	0	0	0	0	0	0	0	0
133	133	827	598.980	644.404	0.911	42	142	325	286	23	42	142	325	286	23	108.525	116.168	126	120	118	117	116	116	115	115	114	113	111	102.039	117.281	131	125	123	121	120	118	116	114	111	109	105	0	0	0.000	0.000	0	0	0	0	0.000	0	0	0	0.000	0	0	0	0	0	0	0	0	0	0	0	0	0	0	0	0	0
134	134	2050	1709.010	658.686	0.880	360	1581	52	30	8	360	1581	52	30	8	110.000	340.153	450	418	404	392	377	360	338	312	275	225	149	104.000	817.151	1198	1078	980	938	900	857	792	730	643	521	215	0	0	0.000	0.000	0	0	0	0	0.000	0	0	0	0.000	0	0	0	0	0	0	0	0	0	0	0	0	0	0	0	0	0
135	135	2722	1174.522	687.226	0.880	47	918	1509	174	13	47	918	1509	174	13	109.897	128.323	160	138	132	129	128	127	126	125	123	121	112	104.734	901.971	1188	1103	1059	1027	988	943	891	834	761	626	301	0	0	0.000	0.000	0	0	0	0	0.000	0	0	0	0.000	0	0	0	0	0	0	0	0	0	0	0	0	0	0	0	0	0
136	136	2214	1769.554	676.679	0.899	28	218	1207	674	43	28	218	1207	674	43	109.689	370.470	518	470	449	426	402	379	352	319	289	260	185	104.000	884.106	1350	1202	1119	1055	984	905	827	744	635	513	379	0	0	0.000	0.000	0	0	0	0	0.000	0	0	0	0.000	0	0	0	0	0	0	0	0	0	0	0	0	0	0	0	0	0
137	137	201	274.939	664.651	0.907	57	35	38	55	12	57	35	38	55	12	107.458	116.338	131	120	118	117	116	116	115	115	114	113	110	105.000	216.050	297	255	239	229	217	209	203	199	195	189	179	0	0	0.000	0.000	0	0	0	0	0.000	0	0	0	0.000	0	0	0	0	0	0	0	0	0	0	0	0	0	0	0	0	0
138	138	2535	2000.809	685.082	0.913	344	1488	592	43	12	344	1488	592	43	12	107.664	119.569	141	130	126	122	118	117	116	115	114	114	111	106.991	1582.210	2554	2258	2073	1919	1754	1573	1395	1253	1130	911	369	0	0	0.000	0.000	0	0	0	0	0.000	0	0	0	0.000	0	0	0	0	0	0	0	0	0	0	0	0	0	0	0	0	0
139	139	1924	243.627	686.585	0.897	1574	160	109	47	15	1574	160	109	47	15	107.000	147.126	171	161	157	155	152	150	147	142	135	129	120	104.807	804.773	1331	1152	1032	942	876	804	746	676	582	435	298	0	0	0.000	0.000	0	0	0	0	0.000	0	0	0	0.000	0	0	0	0	0	0	0	0	0	0	0	0	0	0	0	0	0
140	140	1400	958.009	684.260	0.919	75	579	662	46	15	75	579	662	46	15	109.984	119.264	129	123	121	121	120	119	118	118	117	116	113	104.000	113.911	122	117	116	116	115	114	113	112	111	110	107	0	0	0.000	0.000	0	0	0	0	0.000	0	0	0	0.000	0	0	0	0	0	0	0	0	0	0	0	0	0	0	0	0	0
141	141	2105	1600.099	699.120	0.904	88	676	1042	233	30	88	676	1042	233	30	109.377	123.237	144	133	131	128	125	122	119	118	116	115	112	103.000	119.189	147	128	124	121	120	118	117	116	114	112	106	0	0	0.000	0.000	0	0	0	0	0.000	0	0	0	0.000	0	0	0	0	0	0	0	0	0	0	0	0	0	0	0	0	0
142	142	1869	1032.560	694.852	0.879	97	481	1067	161	27	97	481	1067	161	27	109.972	116.326	122	119	118	117	117	116	116	115	115	114	111	104.000	808.131	1524	1179	1061	976	887	807	736	649	548	431	191	0	0	0.000	0.000	0	0	0	0	0.000	0	0	0	0.000	0	0	0	0	0	0	0	0	0	0	0	0	0	0	0	0	0
143	143	517	1389.788	688.891	0.764	41	132	202	116	13	41	132	202	116	13	109.043	117.745	123	121	120	119	119	118	117	117	116	114	112	103.000	125.557	141	135	132	130	128	126	124	123	119	115	109	0	0	0.000	0.000	0	0	0	0	0.000	0	0	0	0.000	0	0	0	0	0	0	0	0	0	0	0	0	0	0	0	0	0
144	144	699	1956.096	691.599	0.919	308	133	102	109	41	308	133	102	109	41	108.898	118.272	129	123	121	120	118	117	117	116	116	115	113	107.544	1393.883	1971	1682	1599	1546	1502	1447	1370	1282	1162	1019	689	0	0	0.000	0.000	0	0	0	0	0.000	0	0	0	0.000	0	0	0	0	0	0	0	0	0	0	0	0	0	0	0	0	0
145	145	1643	193.944	709.023	0.910	85	680	701	127	16	85	680	701	127	16	106.943	118.156	135	125	121	119	118	117	117	116	115	114	110	103.485	976.582	1955	1559	1345	1157	976	859	788	707	656	554	361	0	0	0.000	0.000	0	0	0	0	0.000	0	0	0	0.000	0	0	0	0	0	0	0	0	0	0	0	0	0	0	0	0	0
146	146	1515	1835.618	712.152	0.913	37	359	879	193	24	37	359	879	193	24	109.000	116.556	125	121	119	118	117	116	115	115	114	113	110	104.657	121.882	134	127	125	124	124	123	122	120	118	115	106	0	0	0.000	0.000	0	0	0	0	0.000	0	0	0	0.000	0	0	0	0	0	0	0	0	0	0	0	0	0	0	0	0	0
147	147	1344	1912.716	726.035	0.857	27	335	704	244	12	27	335	704	244	12	109.146	118.133	136	126	121	119	118	117	115	115	114	113	110	106.962	1219.145	2103	1777	1612	1460	1325	1208	1096	963	836	690	391	1	208	1906.253	724.464	0	0	0	128	127.962	0	0	1034	1070.212	0	0	0	0	0	0	0	0	0	0	0	0	0	0	0	0	0
148	148	1735	991.435	733.209	0.902	105	472	916	199	20	105	472	916	199	20	109.546	116.299	124	119	118	117	117	116	116	115	115	114	110	104.000	999.310	1575	1311	1250	1203	1133	1053	973	871	734	580	280	0	0	0.000	0.000	0	0	0	0	0.000	0	0	0	0.000	0	0	0	0	0	0	0	0	0	0	0	0	0	0	0	0	0
149	149	1334	1556.100	728.650	0.894	101	932	237	19	9	101	932	237	19	9	109.000	119.270	131	125	123	121	120	119	118	117	116	114	111	103.000	116.686	132	123	120	119	118	117	116	114	112	110	106	0	0	0.000	0.000	0	0	0	0	0.000	0	0	0	0.000	0	0	0	0	0	0	0	0	0	0	0	0	0	0	0	0	0
150	150	2326	236.241	748.465	0.870	25	238	1232	743	47	25	238	1232	743	47	107.000	143.512	181	160	156	151	147	143	139	136	132	126	115	103.711	871.391	1440	1261	1160	1052	961	874	795	705	588	461	330	0	0	0.000	0.000	0	0	0	0	0.000	0	0	0	0.000	0	0	0	0	0	0	0	0	0	0	0	0	0	0	0	0	0
151	151	2609	1157.062	751.128	0.886	25	607	1675	232	18	25	607	1675	232	18	110.056	180.445	1482	213	142	139	137	134	132	130	127	124	116	105.524	786.445	1192	1039	990	935	868	806	742	676	601	481	236	1	163	1167.749	736.968	0	0	0	703	761.779	0	0	987	970.681	0	0	0	0	0	0	0	0	0	0	0	0	0	0	0	0	0
152	152	1843	1711.712	745.777	0.880	210	691	773	84	47	210	691	773	84	47	110.000	126.756	169	144	135	129	125	122	120	119	118	117	113	103.000	121.586	152	129	126	123	121	120	119	118	117	116	107	1	40	1719.127	732.683	0	0	0	155	154.775	0	0	140	139.725	0	0	0	0	0	0	0	0	0	0	0	0	0	0	0	0	0
153	153	1585	1280.628	745.734	0.899	47	334	783	341	48	47	334	783	341	48	110.000	365.434	749	557	470	410	373	338	308	284	255	218	157	104.427	130.888	161	144	140	136	133	130	128	125	122	119	108	0	0	0.000	0.000	0	0	0	0	0.000	0	0	0	0.000	0	0	0	0	0	0	0	0	0	0	0	0	0	0	0	0	0
154	154	1703	1864.040	756.889	0.912	51	267	716	551	81	51	267	716	551	81	109.867	116.613	125	120	119	117	117	116	116	115	115	114	112	104.876	124.430	134	130	128	127	126	125	124	123	121	117	109	0	0	0.000	0.000	0	0	0	0	0.000	0	0	0	0.000	0	0	0	0	0	0	0	0	0	0	0	0	0	0	0	0	0
155	155	1253	659.361	759.044	0.913	82	564	524	55	8	82	564	524	55	8	108.000	118.172	130	122	121	120	119	118	117	116	115	114	111	103.000	476.121	948	729	614	540	488	452	422	376	322	270	201	0	0	0.000	0.000	0	0	0	0	0.000	0	0	0	0.000	0	0	0	0	0	0	0	0	0	0	0	0	0	0	0	0	0
156	156	1352	130.917	771.603	0.936	503	707	90	29	7	503	707	90	29	7	105.938	184.561	292	235	214	201	191	182	173	162	151	138	123	101.967	116.203	130	122	120	118	117	116	115	114	113	111	104	0	0	0.000	0.000	0	0	0	0	0.000	0	0	0	0.000	0	0	0	0	0	0	0	0	0	0	0	0	0	0	0	0	0
157	157	1881	1968.515	777.440	0.877	57	617	1055	105	14	57	617	1055	105	14	108.510	138.399	196	151	144	142	140	138	135	133	129	124	114	106.557	849.777	1337	1163	1053	963	900	837	780	715	651	580	346	0	0	0.000	0.000	0	0	0	0	0.000	0	0	0	0.000	0	0	0	0	0	0	0	0	0	0	0	0	0	0	0	0	0
158	158	1593	1198.735	789.928	0.906	629	272	305	248	114	629	272	305	248	114	110.764	163.738	1245	166	143	140	137	135	132	130	126	123	116	106.000	1382.741	2573	2063	1823	1650	1506	1371	1244	1102	897	684	424	1	82	1185.728	784.607	0	0	0	575	608.427	0	0	2267	2192.793	0	0	0	0	0	0	0	0	0	0	0	0	0	0	0	0	0
159	159	1883	1061.946	791.285	0.901	51	470	1000	284	43	51	470	1000	284	43	109.533	118.348	128	122	121	120	119	118	117	116	116	115	112	104.000	464.490	794	672	603	536	484	438	406	369	334	301	214	0	0	0.000	0.000	0	0	0	0	0.000	0	0	0	0.000	0	0	0	0	0	0	0	0	0	0	0	0	0	0	0	0	0
160	160	1441	85.905	796.624	0.901	82	852	435	35	7	82	852	435	35	7	104.859	113.976	122	118	116	115	114	114	113	112	112	111	108	102.000	126.990	147	138	134	132	129	127	125	123	120	117	107	0	0	0.000	0.000	0	0	0	0	0.000	0	0	0	0.000	0	0	0	0	0	0	0	0	0	0	0	0	0	0	0	0	0
161	161	1505	1910.471	794.357	0.866	55	405	796	173	35	55	405	796	173	35	109.592	143.706	192	152	148	146	145	143	141	140	138	134	126	105.134	817.334	1142	1011	966	921	874	835	791	738	670	581	393	0	0	0.000	0.000	0	0	0	0	0.000	0	0	0	0.000	0	0	0	0	0	0	0	0	0	0	0	0	0	0	0	0	0
162	162	1779	1680.288	804.556	0.911	242	791	572	107	22	242	791	572	107	22	110.000	433.219	7058	504	258	242	230	221	216	208	195	170	139	103.000	120.895	143	126	124	123	122	121	120	119	118	115	108	1	108	1688.295	814.492	0	0	0	2970	3193.907	0	0	130	130.991	0	0	0	0	0	0	0	0	0	0	0	0	0	0	0	0	0
163	163	967	248.683	799.036	0.922	18	115	445	310	68	18	115	445	310	68	107.000	145.387	166	158	154	151	148	146	145	142	137	131	118	103.000	915.774	1285	1143	1074	1029	991	958	916	860	763	609	317	0	0	0.000	0.000	0	0	0	0	0.000	0	0	0	0.000	0	0	0	0	0	0	0	0	0	0	0	0	0	0	0	0	0
164	164	1727	1005.752	820.270	0.872	18	212	942	502	18	18	212	942	502	18	110.000	116.621	124	120	118	118	117	116	116	115	115	114	111	104.000	418.613	589	529	493	470	449	427	402	372	337	301	212	0	0	0.000	0.000	0	0	0	0	0.000	0	0	0	0.000	0	0	0	0	0	0	0	0	0	0	0	0	0	0	0	0	0
165	165	2027	1349.644	828.072	0.873	148	951	772	98	13	148	951	772	98	13	110.000	310.248	629	401	359	336	318	301	288	273	250	217	165	103.362	122.653	136	128	126	125	124	123	122	121	119	118	110	0	0	0.000	0.000	0	0	0	0	0.000	0	0	0	0.000	0	0	0	0	0	0	0	0	0	0	0	0	0	0	0	0	0
166	166	857	1176.186	824.875	0.906	72	515	137	87	28	72	515	137	87	28	110.000	142.002	155	149	147	145	143	142	141	139	137	135	129	105.250	1748.798	2382	2272	2167	2068	1935	1804	1645	1480	1313	1148	888	0	0	0.000	0.000	0	0	0	0	0.000	0	0	0	0.000	0	0	0	0	0	0	0	0	0	0	0	0	0	0	0	0	0
167	167	1643	1428.536	889.756	0.887	93	518	890	90	20	93	518	890	90	20	110.295	136.013	647	140	134	129	125	123	122	121	120	118	114	104.894	1075.823	1525	1383	1311	1251	1184	1114	1027	937	844	724	368	1	71	1415.217	888.964	0	0	0	329	343.423	0	0	1444	1434.465	0	0	0	0	0	0	0	0	0	0	0	0	0	0	0	0	0
168	168	1873	1226.064	907.640	0.894	67	319	917	482	51	67	319	917	482	51	110.255	116.384	121	118	118	117	117	116	116	116	115	114	112	104.145	379.140	557	489	462	439	419	394	365	339	295	238	182	0	0	0.000	0.000	0	0	0	0	0.000	0	0	0	0.000	0	0	0	0	0	0	0	0	0	0	0	0	0	0	0	0	0
169	169	1236	1174.754	909.502	0.857	31	25	354	661	137	31	25	354	661	137	110.400	117.201	122	120	119	118	117	117	117	116	115	115	112	104.000	456.443	626	586	557	532	490	460	427	396	362	319	237	0	0	0.000	0.000	0	0	0	0	0.000	0	0	0	0.000	0	0	0	0	0	0	0	0	0	0	0	0	0	0	0	0	0
170	170	1550	440.545	915.227	0.889	212	796	444	51	16	212	796	444	51	16	108.814	190.486	305	247	227	214	199	180	170	163	155	143	126	104.776	121.569	137	127	125	124	123	121	120	119	118	116	111	0	0	0.000	0.000	0	0	0	0	0.000	0	0	0	0.000	0	0	0	0	0	0	0	0	0	0	0	0	0	0	0	0	0
171	171	389	1391.406	903.347	0.911	20	75	139	109	36	20	75	139	109	36	111.000	118.568	124	122	121	120	119	119	118	117	116	115	113	105.000	569.221	867	804	746	679	627	574	508	466	403	344	263	0	0	0.000	0.000	0	0	0	0	0.000	0	0	0	0.000	0	0	0	0	0	0	0	0	0	0	0	0	0	0	0	0	0
172	172	763	672.056	924.214	0.863	41	332	276	83	24	41	332	276	83	24	109.000	599.840	3930	1620	751	412	318	274	250	236	222	203	170	103.028	120.193	145	128	123	121	120	119	118	117	116	115	110	1	125	680.051	927.573	0	0	0	1853	1983.480	0	0	130	129.800	0	0	0	0	0	0	0	0	0	0	0	0	0	0	0	0	0
173	173	1955	1408.796	940.448	0.895	78	745	960	120	13	78	745	960	120	13	110.954	171.001	978	238	148	141	136	132	129	126	124	122	117	104.784	1132.373	1774	1578	1470	1383	1265	1166	1068	967	778	585	300	1	163	1418.635	944.004	0	0	0	489	521.086	0	0	1576	1489.337	0	0	0	0	0	0	0	0	0	0	0	0	0	0	0	0	0
174	174	1477	1299.583	949.592	0.883	407	967	59	20	7	407	967	59	20	7	110.001	144.924	541	176	141	133	129	127	126	124	121	120	114	104.000	1059.565	1641	1442	1356	1299	1220	1115	989	837	713	607	418	1	107	1304.428	953.747	0	0	0	299	318.037	0	0	1431	1426.346	0	0	0	0	0	0	0	0	0	0	0	0	0	0	0	0	0
175	175	1952	1354.447	953.400	0.903	229	1605	64	29	10	229	1605	64	29	10	110.765	152.130	467	199	148	141	137	134	132	130	126	122	116	104.924	1024.669	1751	1546	1419	1285	1139	1035	931	782	619	470	281	1	170	1355.269	941.686	0	0	0	298	309.353	0	0	575	647.571	0	0	0	0	0	0	0	0	0	0	0	0	0	0	0	0	0
176	176	681	402.262	946.186	0.896	127	293	176	59	12	127	293	176	59	12	109.000	148.759	203	175	163	155	150	146	142	138	132	127	121	105.200	163.189	579	208	168	156	149	144	139	136	134	130	123	0	0	0.000	0.000	0	0	0	0	0.000	0	0	0	0.000	0	0	0	0	0	0	0	0	0	0	0	0	0	0	0	0	0
177	177	2389	366.361	969.942	0.880	108	541	1319	331	29	108	541	1319	331	29	108.840	180.786	217	205	200	195	190	186	181	171	160	147	127	105.000	4543.437	6880	6317	5931	5489	5102	4691	4267	3870	3286	2324	1028	0	0	0.000	0.000	0	0	0	0	0.000	0	0	0	0.000	0	0	0	0	0	0	0	0	0	0	0	0	0	0	0	0	0
178	178	963	312.261	965.756	0.887	4	50	333	484	70	4	50	333	484	70	108.004	119.673	131	126	124	122	120	119	118	116	116	115	111	104.781	117.456	128	122	120	119	118	117	116	115	114	113	109	0	0	0.000	0.000	0	0	0	0	0.000	0	0	0	0.000	0	0	0	0	0	0	0	0	0	0	0	0	0	0	0	0	0
179	179	2737	428.869	987.461	0.875	93	454	1789	338	20	93	454	1789	338	20	108.799	180.602	221	209	204	198	193	188	181	168	155	142	115	105.833	4360.355	7209	6453	6036	5568	5091	4543	3937	3316	2644	1960	692	0	0	0.000	0.000	0	0	0	0	0.000	0	0	0	0.000	0	0	0	0	0	0	0	0	0	0	0	0	0	0	0	0	0
180	180	1226	1996.026	993.948	0.910	79	374	673	70	10	79	374	673	70	10	108.000	120.799	143	129	124	122	121	120	119	117	116	115	112	103.595	640.320	1214	844	793	756	716	658	605	541	466	377	233	0	0	0.000	0.000	0	0	0	0	0.000	0	0	0	0.000	0	0	0	0	0	0	0	0	0	0	0	0	0	0	0	0	0
181	181	1398	1090.107	1011.904	0.904	131	539	573	109	18	131	539	573	109	18	109.795	158.109	188	177	173	167	162	157	153	149	146	140	127	102.001	115.625	126	120	118	117	116	116	115	114	113	112	107	0	0	0.000	0.000	0	0	0	0	0.000	0	0	0	0.000	0	0	0	0	0	0	0	0	0	0	0	0	0	0	0	0	0
182	182	1750	325.950	1015.890	0.877	60	668	798	166	18	60	668	798	166	18	108.021	123.073	135	130	128	126	125	123	121	120	118	117	111	104.345	121.065	134	126	124	123	122	121	120	119	118	116	108	0	0	0.000	0.000	0	0	0	0	0.000	0	0	0	0.000	0	0	0	0	0	0	0	0	0	0	0	0	0	0	0	0	0
183	183	2505	1215.718	1028.110	0.880	442	1648	295	56	21	442	1648	295	56	21	113.000	645.937	5278	1670	622	370	305	278	264	254	241	221	161	103.623	131.780	156	138	136	134	132	131	130	129	128	126	113	1	334	1209.407	1024.871	0	0	0	2453	2665.674	0	0	132	132.467	0	0	0	0	0	0	0	0	0	0	0	0	0	0	0	0	0
184	184	2009	248.961	1037.587	0.895	29	162	1010	703	59	29	162	1010	703	59	107.000	123.735	133	129	127	126	125	124	123	122	120	118	113	104.000	433.583	672	586	549	507	467	430	394	355	317	283	230	0	0	0.000	0.000	0	0	0	0	0.000	0	0	0	0.000	0	0	0	0	0	0	0	0	0	0	0	0	0	0	0	0	0
185	185	1020	158.451	1046.848	0.913	131	479	295	83	11	131	479	295	83	11	107.000	114.519	124	120	118	116	115	114	113	112	111	111	109	103.000	124.010	139	129	128	127	126	124	123	122	120	118	110	0	0	0.000	0.000	0	0	0	0	0.000	0	0	0	0.000	0	0	0	0	0	0	0	0	0	0	0	0	0	0	0	0	0
186	186	1104	1267.735	1050.064	0.892	143	592	298	46	6	143	592	298	46	6	113.000	193.087	331	279	239	209	187	173	162	156	151	147	139	104.570	451.411	649	572	529	489	467	445	421	397	374	352	304	0	0	0.000	0.000	0	0	0	0	0.000	0	0	0	0.000	0	0	0	0	0	0	0	0	0	0	0	0	0	0	0	0	0
187	187	2323	301.793	1065.028	0.891	631	1382	224	28	13	631	1382	224	28	13	107.000	117.801	128	122	120	119	118	117	117	116	115	114	109	103.599	138.106	163	151	147	143	140	138	136	133	131	127	110	0	0	0.000	0.000	0	0	0	0	0.000	0	0	0	0.000	0	0	0	0	0	0	0	0	0	0	0	0	0	0	0	0	0
188	188	1159	1039.720	1069.414	0.919	9	220	628	255	20	9	220	628	255	20	109.267	116.699	127	122	118	117	116	116	115	115	114	114	111	102.986	187.664	238	216	209	203	197	191	182	174	165	154	144	0	0	0.000	0.000	0	0	0	0	0.000	0	0	0	0.000	0	0	0	0	0	0	0	0	0	0	0	0	0	0	0	0	0
189	189	1584	1091.034	1069.332	0.883	57	473	694	287	48	57	473	694	287	48	110.020	116.048	121	118	117	117	116	116	116	115	115	114	111	103.530	171.138	214	191	184	179	174	170	165	162	158	154	134	0	0	0.000	0.000	0	0	0	0	0.000	0	0	0	0.000	0	0	0	0	0	0	0	0	0	0	0	0	0	0	0	0	0
190	190	2274	124.641	1083.722	0.878	109	827	1107	163	12	109	827	1107	163	12	106.753	114.607	128	119	117	116	115	114	113	112	112	111	108	103.000	129.542	156	136	134	133	131	130	129	127	125	121	109	0	0	0.000	0.000	0	0	0	0	0.000	0	0	0	0.000	0	0	0	0	0	0	0	0	0	0	0	0	0	0	0	0	0
191	191	1229	1149.789	1079.745	0.907	348	247	337	228	53	348	247	337	228	53	111.127	117.675	123	120	119	119	118	118	117	117	116	115	112	105.000	224.663	302	271	256	242	231	221	213	205	198	187	146	0	0	0.000	0.000	0	0	0	0	0.000	0	0	0	0.000	0	0	0	0	0	0	0	0	0	0	0	0	0	0	0	0	0
192	192	1501	1235.652	1085.289	0.892	317	524	456	136	36	317	524	456	136	36	112.905	158.574	174	169	167	165	163	160	158	155	151	144	130	105.000	651.637	846	801	772	744	713	677	625	577	531	482	299	0	0	0.000	0.000	0	0	0	0	0.000	0	0	0	0.000	0	0	0	0	0	0	0	0	0	0	0	0	0	0	0	0	0
193	193	819	1379.443	1089.235	0.906	24	184	393	185	16	24	184	393	185	16	111.637	118.442	127	121	120	119	119	118	118	117	117	116	113	106.587	1223.716	1864	1616	1526	1456	1372	1282	1152	1020	886	755	503	0	0	0.000	0.000	0	0	0	0	0.000	0	0	0	0.000	0	0	0	0	0	0	0	0	0	0	0	0	0	0	0	0	0
194	194	2320	378.706	1106.283	0.890	1955	309	12	4	6	1955	309	12	4	6	107.952	118.511	135	127	124	120	117	116	116	115	114	113	111	103.000	117.163	129	122	120	119	118	117	116	115	114	113	106	0	0	0.000	0.000	0	0	0	0	0.000	0	0	0	0.000	0	0	0	0	0	0	0	0	0	0	0	0	0	0	0	0	0
195	195	649	1328.682	1088.182	0.921	240	244	105	36	16	240	244	105	36	16	112.000	129.431	145	139	137	134	130	128	126	125	123	121	118	106.587	390.843	581	506	466	445	418	392	367	344	312	271	213	0	0	0.000	0.000	0	0	0	0	0.000	0	0	0	0.000	0	0	0	0	0	0	0	0	0	0	0	0	0	0	0	0	0
196	196	1674	176.891	1104.109	0.907	230	1217	180	10	7	230	1217	180	10	7	107.346	113.782	121	117	116	115	114	114	113	112	112	111	108	103.692	135.453	153	144	141	139	138	136	135	133	131	126	111	0	0	0.000	0.000	0	0	0	0	0.000	0	0	0	0.000	0	0	0	0	0	0	0	0	0	0	0	0	0	0	0	0	0
197	197	1803	1114.958	1115.876	0.879	61	648	845	188	22	61	648	845	188	22	110.000	117.834	129	124	121	119	118	117	116	115	115	114	111	104.148	194.920	249	229	220	214	206	198	189	179	168	154	138	0	0	0.000	0.000	0	0	0	0	0.000	0	0	0	0.000	0	0	0	0	0	0	0	0	0	0	0	0	0	0	0	0	0
198	198	1773	485.756	1113.881	0.892	43	275	1120	278	16	43	275	1120	278	16	109.000	125.724	135	131	130	129	128	127	125	123	121	119	114	104.222	162.603	202	188	179	173	167	162	157	151	145	139	125	0	0	0.000	0.000	0	0	0	0	0.000	0	0	0	0.000	0	0	0	0	0	0	0	0	0	0	0	0	0	0	0	0	0
199	199	1761	637.948	1117.135	0.896	462	1027	147	73	18	462	1027	147	73	18	109.998	116.853	125	121	119	118	117	117	116	115	115	114	110	103.973	154.963	195	179	173	167	161	155	149	143	137	131	112	0	0	0.000	0.000	0	0	0	0	0.000	0	0	0	0.000	0	0	0	0	0	0	0	0	0	0	0	0	0	0	0	0	0
200	200	1798	574.676	1118.522	0.905	417	1041	209	54	37	417	1041	209	54	37	110.000	120.200	142	129	124	120	119	118	118	117	116	115	112	104.000	186.928	245	222	214	208	201	194	187	175	157	144	106	1	339	579.399	1124.289	0	0	0	129	129.351	0	0	203	202.330	0	0	0	0	0	0	0	0	0	0	0	0	0	0	0	0	0
201	201	1514	1314.750	1125.353	0.872	20	172	974	297	18	20	172	974	297	18	112.000	145.631	931	144	130	128	127	126	125	124	123	122	117	106.990	480.110	716	622	586	557	524	487	444	404	370	325	256	1	79	1318.631	1138.310	0	0	0	413	441.380	0	0	612	600.291	0	0	0	0	0	0	0	0	0	0	0	0	0	0	0	0	0
202	202	1372	1267.794	1124.665	0.911	85	423	735	88	11	85	423	735	88	11	112.000	122.147	135	129	125	123	122	121	120	120	119	118	113	105.743	118.210	130	123	121	120	119	118	117	116	115	114	108	0	0	0.000	0.000	0	0	0	0	0.000	0	0	0	0.000	0	0	0	0	0	0	0	0	0	0	0	0	0	0	0	0	0
203	203	1954	1357.005	1132.360	0.877	67	556	1112	167	17	67	556	1112	167	17	111.881	122.122	133	127	125	124	122	121	121	120	119	118	115	107.000	1373.071	2595	2043	1785	1569	1406	1294	1205	1094	1002	852	502	0	0	0.000	0.000	0	0	0	0	0.000	0	0	0	0.000	0	0	0	0	0	0	0	0	0	0	0	0	0	0	0	0	0
204	204	1161	109.287	1128.629	0.933	117	582	336	95	13	117	582	336	95	13	106.246	113.240	121	117	116	114	113	113	112	111	111	110	108	102.547	121.506	131	126	125	124	123	122	121	120	118	115	108	0	0	0.000	0.000	0	0	0	0	0.000	0	0	0	0.000	0	0	0	0	0	0	0	0	0	0	0	0	0	0	0	0	0
205	205	1514	688.223	1142.438	0.875	181	1227	80	9	3	181	1227	80	9	3	109.991	118.244	125	122	121	120	119	118	118	117	116	115	111	104.000	190.035	241	221	211	203	196	189	182	175	169	162	139	0	0	0.000	0.000	0	0	0	0	0.000	0	0	0	0.000	0	0	0	0	0	0	0	0	0	0	0	0	0	0	0	0	0
206	206	2497	1798.023	1156.030	0.822	77	1197	797	313	71	77	1197	797	313	71	110.854	214.837	260	245	238	232	226	219	211	204	192	176	150	104.000	650.288	860	812	784	745	707	665	629	590	536	447	283	0	0	0.000	0.000	0	0	0	0	0.000	0	0	0	0.000	0	0	0	0	0	0	0	0	0	0	0	0	0	0	0	0	0
207	207	1484	209.365	1143.566	0.870	39	318	849	245	8	39	318	849	245	8	107.944	145.276	254	164	157	152	147	143	138	134	129	124	118	103.576	115.663	126	120	119	118	117	116	115	114	112	111	105	1	20	199.188	1151.677	0	0	0	230	228.600	0	0	120	119.150	0	0	0	0	0	0	0	0	0	0	0	0	0	0	0	0	0
208	208	1987	1410.094	1154.794	0.848	69	1016	743	65	52	69	1016	743	65	52	111.986	119.693	127	123	122	121	120	120	119	118	118	117	113	106.649	709.073	1078	946	869	816	779	743	695	611	513	420	290	0	0	0.000	0.000	0	0	0	0	0.000	0	0	0	0.000	0	0	0	0	0	0	0	0	0	0	0	0	0	0	0	0	0
209	209	1869	158.628	1170.302	0.888	99	591	864	248	34	99	591	864	248	34	106.989	159.864	198	179	175	171	167	162	157	151	143	135	125	103.000	118.439	131	123	122	121	120	119	118	117	115	113	105	0	0	0.000	0.000	0	0	0	0	0.000	0	0	0	0.000	0	0	0	0	0	0	0	0	0	0	0	0	0	0	0	0	0
210	210	802	1471.910	1164.648	0.917	86	186	272	180	63	86	186	272	180	63	111.000	119.125	126	122	121	120	119	119	118	118	117	117	114	106.000	657.136	1004	891	803	743	707	666	635	571	487	409	294	0	0	0.000	0.000	0	0	0	0	0.000	0	0	0	0.000	0	0	0	0	0	0	0	0	0	0	0	0	0	0	0	0	0
211	211	573	1668.245	1163.943	0.862	15	88	226	196	37	15	88	226	196	37	111.000	117.532	124	120	119	119	118	117	117	116	116	115	112	103.736	113.042	122	117	115	114	114	113	112	112	111	110	108	0	0	0.000	0.000	0	0	0	0	0.000	0	0	0	0.000	0	0	0	0	0	0	0	0	0	0	0	0	0	0	0	0	0
212	212	276	1622.370	1164.362	0.821	65	108	71	20	9	65	108	71	20	9	111.000	326.808	650	514	420	354	310	276	262	252	242	231	213	103.982	138.511	149	143	142	141	140	139	138	137	135	133	128	0	0	0.000	0.000	0	0	0	0	0.000	0	0	0	0.000	0	0	0	0	0	0	0	0	0	0	0	0	0	0	0	0	0
213	213	1557	980.748	1177.632	0.913	45	304	689	469	27	45	304	689	469	27	110.000	119.480	137	128	123	120	119	118	117	116	116	115	111	103.264	120.355	136	127	124	123	121	120	119	118	116	115	108	0	0	0.000	0.000	0	0	0	0	0.000	0	0	0	0.000	0	0	0	0	0	0	0	0	0	0	0	0	0	0	0	0	0
214	214	1572	1289.413	1188.576	0.885	29	241	862	360	41	29	241	862	360	41	111.120	119.337	128	123	121	120	120	119	118	118	117	116	114	106.000	1074.326	1985	1665	1449	1279	1140	1014	901	815	737	591	385	0	0	0.000	0.000	0	0	0	0	0.000	0	0	0	0.000	0	0	0	0	0	0	0	0	0	0	0	0	0	0	0	0	0
215	215	2440	1503.670	1202.271	0.879	943	891	428	119	24	943	891	428	119	24	110.993	120.348	128	124	123	122	121	120	120	119	118	117	113	105.852	917.352	1745	1427	1218	1071	960	871	794	718	632	505	265	0	0	0.000	0.000	0	0	0	0	0.000	0	0	0	0.000	0	0	0	0	0	0	0	0	0	0	0	0	0	0	0	0	0
216	216	2288	1381.126	1199.980	0.838	50	240	1525	401	26	50	240	1525	401	26	111.035	119.343	127	123	122	121	120	119	118	118	117	116	111	106.742	679.605	952	869	816	769	732	694	654	612	552	462	275	0	0	0.000	0.000	0	0	0	0	0.000	0	0	0	0.000	0	0	0	0	0	0	0	0	0	0	0	0	0	0	0	0	0
217	217	376	1423.488	1192.450	0.959	38	115	130	82	5	38	115	130	82	5	111.000	117.082	123	119	118	118	118	117	117	116	116	115	113	106.000	352.912	722	479	441	413	381	353	322	292	259	206	154	0	0	0.000	0.000	0	0	0	0	0.000	0	0	0	0.000	0	0	0	0	0	0	0	0	0	0	0	0	0	0	0	0	0
218	218	1362	391.464	1217.651	0.891	88	495	595	133	16	88	495	595	133	16	108.000	131.283	169	159	149	139	129	123	121	119	117	116	112	103.847	1340.137	2394	1982	1781	1622	1470	1329	1195	1025	858	719	562	0	0	0.000	0.000	0	0	0	0	0.000	0	0	0	0.000	0	0	0	0	0	0	0	0	0	0	0	0	0	0	0	0	0
219	219	1037	953.740	1215.526	0.932	278	466	153	77	45	278	466	153	77	45	110.095	117.516	124	120	119	118	118	118	117	117	116	115	111	103.145	120.298	133	126	124	123	122	121	120	118	116	113	106	0	0	0.000	0.000	0	0	0	0	0.000	0	0	0	0.000	0	0	0	0	0	0	0	0	0	0	0	0	0	0	0	0	0
220	220	1665	894.695	1221.360	0.898	120	887	532	84	10	120	887	532	84	10	110.000	381.958	606	469	439	421	408	396	379	349	313	267	193	103.291	124.960	151	134	131	128	126	124	122	121	119	117	110	0	0	0.000	0.000	0	0	0	0	0.000	0	0	0	0.000	0	0	0	0	0	0	0	0	0	0	0	0	0	0	0	0	0
221	221	1096	839.027	1222.355	0.918	29	186	462	322	78	29	186	462	322	78	110.000	117.797	123	121	120	119	118	118	117	117	116	115	113	103.991	115.497	125	119	118	117	116	116	115	114	113	112	107	0	0	0.000	0.000	0	0	0	0	0.000	0	0	0	0.000	0	0	0	0	0	0	0	0	0	0	0	0	0	0	0	0	0
222	222	1006	1301.481	1235.029	0.926	67	330	499	78	13	67	330	499	78	13	111.003	120.657	137	125	123	122	121	120	120	119	118	117	115	105.980	983.943	1498	1379	1283	1194	1107	1008	918	821	713	533	274	0	0	0.000	0.000	0	0	0	0	0.000	0	0	0	0.000	0	0	0	0	0	0	0	0	0	0	0	0	0	0	0	0	0
223	223	1760	1347.298	1252.295	0.915	174	771	639	124	21	174	771	639	124	21	111.606	575.190	12306	562	304	272	258	249	241	232	221	208	162	105.681	120.184	151	125	123	122	121	120	119	118	116	114	108	1	92	1358.096	1262.604	0	0	0	4859	5391.837	0	0	129	130.130	0	0	0	0	0	0	0	0	0	0	0	0	0	0	0	0	0
224	224	1747	1937.613	1259.631	0.905	11	121	825	704	64	11	121	825	704	64	110.000	175.817	206	198	195	191	186	182	176	166	154	143	126	104.000	724.067	977	918	880	843	798	766	728	671	570	437	241	0	0	0.000	0.000	0	0	0	0	0.000	0	0	0	0.000	0	0	0	0	0	0	0	0	0	0	0	0	0	0	0	0	0
225	225	1418	1277.097	1266.133	0.840	32	124	577	582	80	32	124	577	582	80	111.083	128.985	163	142	134	131	129	127	125	123	122	120	115	104.717	149.835	183	169	164	159	155	150	147	142	137	129	115	0	0	0.000	0.000	0	0	0	0	0.000	0	0	0	0.000	0	0	0	0	0	0	0	0	0	0	0	0	0	0	0	0	0
226	226	1517	1082.683	1266.268	0.897	81	667	642	88	15	81	667	642	88	15	110.586	127.562	142	138	134	131	128	126	124	123	122	120	115	104.333	122.532	136	129	127	125	124	122	121	120	118	116	110	0	0	0.000	0.000	0	0	0	0	0.000	0	0	0	0.000	0	0	0	0	0	0	0	0	0	0	0	0	0	0	0	0	0
227	227	1831	680.390	1272.037	0.865	152	1155	422	54	13	152	1155	422	54	13	108.853	123.726	147	135	129	125	123	121	121	119	118	117	113	103.000	116.693	136	124	121	119	117	116	115	113	112	111	107	0	0	0.000	0.000	0	0	0	0	0.000	0	0	0	0.000	0	0	0	0	0	0	0	0	0	0	0	0	0	0	0	0	0
228	228	2755	1843.510	1283.677	0.892	318	1829	516	32	14	318	1829	516	32	14	110.686	179.205	243	220	209	201	195	184	169	156	144	133	126	103.989	483.886	812	697	647	601	551	506	443	365	301	243	199	0	0	0.000	0.000	0	0	0	0	0.000	0	0	0	0.000	0	0	0	0	0	0	0	0	0	0	0	0	0	0	0	0	0
229	229	328	374.862	1267.411	0.925	118	156	22	17	12	118	156	22	17	12	108.000	155.418	182	176	171	164	159	154	150	146	142	138	130	103.973	117.683	129	124	122	120	119	118	116	115	113	112	108	0	0	0.000	0.000	0	0	0	0	0.000	0	0	0	0.000	0	0	0	0	0	0	0	0	0	0	0	0	0	0	0	0	0
230	230	508	1794.561	1277.159	0.751	26	65	288	98	19	26	65	288	98	19	111.000	268.417	403	367	336	311	286	259	235	216	202	192	172	103.980	129.498	153	141	138	134	130	127	126	124	123	121	115	0	0	0.000	0.000	0	0	0	0	0.000	0	0	0	0.000	0	0	0	0	0	0	0	0	0	0	0	0	0	0	0	0	0
231	231	1707	1684.729	1293.748	0.918	326	1007	262	52	26	326	1007	262	52	26	112.000	6973.253	36288	26414	14646	6078	2282	1012	581	451	398	342	246	103.000	146.247	226	197	170	151	144	138	132	127	123	118	108	0	0	0.000	0.000	0	0	0	0	0.000	0	0	0	0.000	0	0	0	0	0	0	0	0	0	0	0	0	0	0	0	0	0
232	232	2011	905.172	1301.130	0.893	222	1317	369	39	23	222	1317	369	39	23	110.103	123.807	141	130	127	126	125	124	122	121	120	118	113	104.374	3781.703	12534	5668	4429	4025	3721	3464	3241	2929	2511	1883	975	0	0	0.000	0.000	0	0	0	0	0.000	0	0	0	0.000	0	0	0	0	0	0	0	0	0	0	0	0	0	0	0	0	0
233	233	1496	453.189	1303.363	0.885	6	38	573	784	64	6	38	573	784	64	108.551	125.900	136	131	130	129	128	126	125	124	122	120	113	104.000	599.251	921	814	762	709	668	628	571	508	427	338	232	0	0	0.000	0.000	0	0	0	0	0.000	0	0	0	0.000	0	0	0	0	0	0	0	0	0	0	0	0	0	0	0	0	0
234	234	1880	1113.545	1306.580	0.858	52	430	1092	244	23	52	430	1092	244	23	111.000	125.929	142	131	130	128	127	126	125	123	121	120	113	105.000	723.972	1090	991	933	872	811	734	656	596	520	437	262	0	0	0.000	0.000	0	0	0	0	0.000	0	0	0	0.000	0	0	0	0	0	0	0	0	0	0	0	0	0	0	0	0	0
235	235	1417	1956.101	1306.681	0.915	163	240	631	334	20	163	240	631	334	20	110.083	173.586	211	199	194	188	182	175	167	161	153	145	131	103.171	690.497	1004	922	878	823	771	718	651	577	503	427	275	0	0	0.000	0.000	0	0	0	0	0.000	0	0	0	0.000	0	0	0	0	0	0	0	0	0	0	0	0	0	0	0	0	0
236	236	784	1332.983	1299.454	0.901	112	438	179	25	14	112	438	179	25	14	112.000	220.163	349	303	269	240	218	207	197	187	177	163	142	104.376	139.546	185	166	154	145	140	136	132	129	126	122	113	0	0	0.000	0.000	0	0	0	0	0.000	0	0	0	0.000	0	0	0	0	0	0	0	0	0	0	0	0	0	0	0	0	0
237	237	561	1064.112	1310.018	0.899	39	58	182	216	53	39	58	182	216	53	111.000	120.316	127	123	122	121	121	120	120	119	118	117	114	104.991	433.904	566	538	520	501	476	446	413	379	344	313	239	0	0	0.000	0.000	0	0	0	0	0.000	0	0	0	0.000	0	0	0	0	0	0	0	0	0	0	0	0	0	0	0	0	0
238	238	1748	496.359	1334.334	0.897	223	1352	108	25	22	223	1352	108	25	22	108.891	125.566	138	132	130	129	127	126	124	122	120	118	114	103.880	356.052	535	470	448	427	400	373	343	305	255	204	163	0	0	0.000	0.000	0	0	0	0	0.000	0	0	0	0.000	0	0	0	0	0	0	0	0	0	0	0	0	0	0	0	0	0
239	239	1659	1085.755	1348.219	0.892	40	115	1250	220	5	40	115	1250	220	5	111.000	165.866	1357	171	139	135	133	131	129	127	126	125	120	105.000	937.731	1411	1302	1251	1167	1063	944	831	746	641	532	429	1	86	1082.837	1353.700	0	0	0	638	680.349	0	0	1290	1281.849	0	0	0	0	0	0	0	0	0	0	0	0	0	0	0	0	0
240	240	1431	1137.305	1347.664	0.892	28	123	482	689	81	28	123	482	689	81	111.048	232.650	881	292	271	256	237	218	198	183	173	162	140	105.000	1275.635	2099	1879	1740	1586	1427	1265	1090	949	829	708	497	1	37	1134.877	1354.895	0	0	0	607	595.378	0	0	1073	1091.135	0	0	0	0	0	0	0	0	0	0	0	0	0	0	0	0	0
241	241	1242	448.691	1353.824	0.917	339	731	63	57	32	339	731	63	57	32	108.982	125.980	139	133	131	129	127	126	124	123	121	119	115	104.000	675.478	973	873	819	772	725	678	631	581	538	479	306	0	0	0.000	0.000	0	0	0	0	0.000	0	0	0	0.000	0	0	0	0	0	0	0	0	0	0	0	0	0	0	0	0	0
242	242	2225	1321.365	1374.770	0.875	17	613	1316	216	26	17	613	1316	216	26	113.170	1552.795	23389	4130	652	246	223	211	202	189	174	162	142	103.966	472.317	809	643	582	534	503	467	432	392	351	305	208	1	246	1330.424	1379.927	0	0	0	9833	10982.057	0	0	528	522.325	0	0	0	0	0	0	0	0	0	0	0	0	0	0	0	0	0
243	243	713	854.506	1375.306	0.916	45	347	203	84	20	45	347	203	84	20	111.000	160.780	178	173	170	166	163	160	158	155	153	150	141	104.000	587.248	789	733	702	663	622	585	540	509	484	460	362	0	0	0.000	0.000	0	0	0	0	0.000	0	0	0	0.000	0	0	0	0	0	0	0	0	0	0	0	0	0	0	0	0	0
244	244	899	1111.442	1380.602	0.901	134	305	301	111	30	134	305	301	111	30	111.000	204.980	258	240	237	232	223	214	201	185	170	155	137	105.000	932.616	1476	1327	1254	1185	1082	994	889	733	591	413	266	0	0	0.000	0.000	0	0	0	0	0.000	0	0	0	0.000	0	0	0	0	0	0	0	0	0	0	0	0	0	0	0	0	0
245	245	1776	298.274	1396.686	0.884	279	834	606	13	7	279	834	606	13	7	108.954	136.456	153	145	142	140	138	137	135	133	131	127	120	106.071	1384.789	2328	1883	1677	1548	1471	1428	1348	1226	1054	835	495	0	0	0.000	0.000	0	0	0	0	0.000	0	0	0	0.000	0	0	0	0	0	0	0	0	0	0	0	0	0	0	0	0	0
246	246	438	1037.849	1387.515	0.903	19	133	211	59	7	19	133	211	59	7	110.276	119.973	127	124	122	121	121	120	119	118	117	116	115	104.037	349.845	435	404	391	378	369	356	342	328	307	287	243	0	0	0.000	0.000	0	0	0	0	0.000	0	0	0	0.000	0	0	0	0	0	0	0	0	0	0	0	0	0	0	0	0	0
247	247	395	403.367	1390.277	0.931	16	31	153	169	19	16	31	153	169	19	109.000	127.676	140	136	134	132	129	127	125	124	122	120	116	105.030	1376.699	1979	1849	1775	1679	1550	1410	1267	1116	971	868	630	0	0	0.000	0.000	0	0	0	0	0.000	0	0	0	0.000	0	0	0	0	0	0	0	0	0	0	0	0	0	0	0	0	0
248	248	1521	243.202	1401.976	0.925	195	739	429	110	18	195	739	429	110	18	109.000	211.515	301	245	230	222	215	211	207	201	192	177	145	105.109	133.347	330	158	138	128	124	122	121	120	118	116	109	0	0	0.000	0.000	0	0	0	0	0.000	0	0	0	0.000	0	0	0	0	0	0	0	0	0	0	0	0	0	0	0	0	0
249	249	1575	1000.751	1410.641	0.877	19	344	809	351	18	19	344	809	351	18	111.000	122.857	133	129	126	124	123	122	122	121	120	118	113	103.808	462.564	649	590	546	509	486	465	442	411	379	339	266	0	0	0.000	0.000	0	0	0	0	0.000	0	0	0	0.000	0	0	0	0	0	0	0	0	0	0	0	0	0	0	0	0	0
250	250	1729	1359.900	1419.013	0.840	209	806	560	99	22	209	806	560	99	22	113.657	828.115	8962	1728	666	513	427	393	369	342	306	273	211	103.746	125.115	156	138	133	129	127	124	121	119	117	115	109	1	151	1363.870	1433.108	0	0	0	4034	4430.603	0	0	136	136.298	0	0	0	0	0	0	0	0	0	0	0	0	0	0	0	0	0
251	251	1838	849.551	1420.407	0.867	22	58	243	1295	189	22	58	243	1295	189	110.794	153.267	175	164	159	157	155	153	151	149	147	144	135	103.740	584.393	828	766	720	682	647	606	553	499	440	386	255	0	0	0.000	0.000	0	0	0	0	0.000	0	0	0	0.000	0	0	0	0	0	0	0	0	0	0	0	0	0	0	0	0	0
252	252	1734	376.651	1422.379	0.888	126	188	975	400	17	126	188	975	400	17	109.018	151.337	185	172	165	160	157	152	147	141	136	131	124	106.183	2361.130	4134	3523	3247	2902	2629	2369	2138	1842	1520	1102	701	0	0	0.000	0.000	0	0	0	0	0.000	0	0	0	0.000	0	0	0	0	0	0	0	0	0	0	0	0	0	0	0	0	0
253	253	1907	1060.759	1425.469	0.897	20	273	1140	420	20	20	273	1140	420	20	110.171	327.869	3919	650	142	130	127	125	124	122	121	119	115	104.157	527.780	796	714	668	627	580	525	474	429	388	343	244	1	201	1052.976	1437.188	0	0	0	1749	1896.980	0	0	712	692.030	0	0	0	0	0	0	0	0	0	0	0	0	0	0	0	0	0
254	254	443	1414.732	1410.391	0.919	51	88	161	121	12	51	88	161	121	12	111.973	127.205	134	131	130	129	128	127	126	125	124	123	120	103.242	278.088	379	357	333	313	293	277	259	240	223	210	184	0	0	0.000	0.000	0	0	0	0	0.000	0	0	0	0.000	0	0	0	0	0	0	0	0	0	0	0	0	0	0	0	0	0
255	255	1968	1299.460	1426.680	0.898	82	1178	614	42	8	82	1178	614	42	8	113.248	218.110	268	247	239	233	227	221	215	207	199	184	152	103.181	618.884	830	766	736	702	671	633	591	542	502	455	299	0	0	0.000	0.000	0	0	0	0	0.000	0	0	0	0.000	0	0	0	0	0	0	0	0	0	0	0	0	0	0	0	0	0
256	256	1521	202.747	1424.133	0.881	60	793	556	77	12	60	793	556	77	12	107.827	143.285	186	155	149	146	144	142	139	138	135	132	123	103.460	119.673	129	123	122	121	120	120	119	118	117	116	110	0	0	0.000	0.000	0	0	0	0	0.000	0	0	0	0.000	0	0	0	0	0	0	0	0	0	0	0	0	0	0	0	0	0
257	257	1967	1443.467	1441.090	0.892	13	59	878	961	20	13	59	878	961	20	111.102	394.300	3949	856	199	160	155	151	148	145	138	130	120	103.000	593.902	884	803	739	690	647	597	551	509	472	387	145	1	249	1451.386	1443.442	0	0	0	1828	1971.293	0	0	820	788.297	0	0	0	0	0	0	0	0	0	0	0	0	0	0	0	0	0
258	258	962	302.289	1438.378	0.874	72	406	364	92	12	72	406	364	92	12	109.769	138.691	151	146	144	142	140	139	138	136	134	131	125	106.605	1293.162	1855	1632	1541	1454	1373	1297	1233	1155	1056	922	721	0	0	0.000	0.000	0	0	0	0	0.000	0	0	0	0.000	0	0	0	0	0	0	0	0	0	0	0	0	0	0	0	0	0
259	259	1062	339.880	1452.015	0.898	101	76	586	251	38	101	76	586	251	38	109.474	153.790	172	163	160	159	157	156	155	152	147	139	127	106.586	2596.313	3737	3415	3216	3010	2825	2668	2478	2248	1992	1655	1106	0	0	0.000	0.000	0	0	0	0	0.000	0	0	0	0.000	0	0	0	0	0	0	0	0	0	0	0	0	0	0	0	0	0
260	260	2530	1500.824	1460.256	0.875	39	379	1432	597	32	39	379	1432	597	32	110.933	141.312	276	149	145	144	142	140	138	134	130	126	120	103.000	667.442	999	937	895	846	786	701	619	529	441	316	223	1	53	1508.642	1447.115	0	0	0	230	229.585	0	0	727	690.698	0	0	0	0	0	0	0	0	0	0	0	0	0	0	0	0	0
261	261	1737	1874.915	1463.007	0.909	155	908	548	87	10	155	908	548	87	10	110.282	171.051	256	204	192	182	174	167	159	154	150	146	133	102.746	123.306	136	130	128	126	125	123	122	120	119	117	111	0	0	0.000	0.000	0	0	0	0	0.000	0	0	0	0.000	0	0	0	0	0	0	0	0	0	0	0	0	0	0	0	0	0
262	262	1417	1921.089	1459.990	0.876	251	438	572	108	14	251	438	572	108	14	110.436	119.992	131	126	123	121	120	119	118	118	117	116	113	103.000	229.008	297	271	259	252	243	233	221	209	199	184	145	0	0	0.000	0.000	0	0	0	0	0.000	0	0	0	0.000	0	0	0	0	0	0	0	0	0	0	0	0	0	0	0	0	0
263	263	1059	273.518	1460.081	0.899	290	422	204	80	45	290	422	204	80	45	109.000	129.150	140	135	134	133	131	130	128	127	124	122	115	105.860	961.395	1394	1290	1231	1127	1024	931	872	812	737	648	420	0	0	0.000	0.000	0	0	0	0	0.000	0	0	0	0.000	0	0	0	0	0	0	0	0	0	0	0	0	0	0	0	0	0
264	264	2241	1970.400	1471.114	0.868	1783	330	51	33	14	1783	330	51	33	14	110.558	1107.453	23203	1567	323	261	249	240	228	214	199	179	143	102.719	117.188	181	122	119	117	116	115	114	113	112	110	105	1	160	1978.990	1483.187	0	0	0	9834	10656.044	0	0	144	145.338	0	0	1	79	1979.257	1482.902	0	0	0	15095	15009.962	0	0	158	158.089	0	0
265	265	816	1550.555	1465.054	0.913	25	57	329	364	26	25	57	329	364	26	111.700	128.700	137	135	133	132	130	129	128	126	124	122	117	103.000	562.575	831	759	704	665	624	576	519	469	423	354	257	0	0	0.000	0.000	0	0	0	0	0.000	0	0	0	0.000	0	0	0	0	0	0	0	0	0	0	0	0	0	0	0	0	0
266	266	2043	1344.020	1477.536	0.892	804	1011	148	30	13	804	1011	148	30	13	112.944	1504.732	8911	4099	2306	1502	1039	749	573	442	351	280	195	102.145	129.361	152	142	138	134	131	129	127	124	121	117	107	1	307	1345.356	1478.807	0	0	0	4736	5005.114	0	0	136	136.147	0	0	0	0	0	0	0	0	0	0	0	0	0	0	0	0	0
267	267	998	230.920	1471.227	0.841	45	149	526	235	25	45	149	526	235	25	107.638	129.781	144	139	137	134	132	129	127	125	124	122	115	104.190	121.121	130	125	124	123	122	121	120	119	118	117	109	0	0	0.000	0.000	0	0	0	0	0.000	0	0	0	0.000	0	0	0	0	0	0	0	0	0	0	0	0	0	0	0	0	0
268	268	1799	312.147	1484.125	0.839	345	704	520	126	61	345	704	520	126	61	109.015	134.535	150	143	141	139	137	135	133	131	128	126	116	105.735	1064.814	1626	1436	1326	1227	1143	1069	1001	943	844	658	360	0	0	0.000	0.000	0	0	0	0	0.000	0	0	0	0.000	0	0	0	0	0	0	0	0	0	0	0	0	0	0	0	0	0
269	269	255	362.639	1474.540	0.910	9	32	75	93	39	9	32	75	93	39	109.000	147.173	160	156	155	153	151	149	146	143	140	136	129	106.000	405.173	533	501	481	454	431	407	388	359	341	307	242	0	0	0.000	0.000	0	0	0	0	0.000	0	0	0	0.000	0	0	0	0	0	0	0	0	0	0	0	0	0	0	0	0	0
270	270	2181	1583.646	1502.573	0.904	20	80	1128	894	26	20	80	1128	894	26	112.000	154.145	175	167	164	162	159	157	154	149	143	136	126	102.868	132.228	148	140	138	137	135	134	132	130	127	123	106	0	0	0.000	0.000	0	0	0	0	0.000	0	0	0	0.000	0	0	0	0	0	0	0	0	0	0	0	0	0	0	0	0	0
271	271	1793	1900.110	1506.214	0.890	351	1172	207	24	7	351	1172	207	24	7	111.000	122.474	141	131	128	125	123	121	120	119	118	117	113	102.940	240.771	337	289	273	262	252	240	228	217	208	195	157	0	0	0.000	0.000	0	0	0	0	0.000	0	0	0	0.000	0	0	0	0	0	0	0	0	0	0	0	0	0	0	0	0	0
272	272	485	696.760	1512.255	0.857	50	154	186	68	13	50	154	186	68	13	109.000	118.534	126	122	121	120	119	118	118	117	116	115	114	102.000	113.901	126	119	117	116	115	114	113	112	110	109	105	0	0	0.000	0.000	0	0	0	0	0.000	0	0	0	0.000	0	0	0	0	0	0	0	0	0	0	0	0	0	0	0	0	0
273	273	1759	1957.119	1522.810	0.880	94	711	795	107	10	94	711	795	107	10	110.259	338.948	5391	362	250	233	223	215	207	200	191	178	147	102.520	116.970	134	123	121	119	118	117	116	115	113	112	106	1	78	1966.530	1513.657	0	0	0	2192	2384.115	0	0	121	120.846	0	0	0	0	0	0	0	0	0	0	0	0	0	0	0	0	0
274	274	1697	2024.389	1534.960	0.892	90	957	538	62	8	90	957	538	62	8	108.737	119.783	131	125	123	122	121	119	118	117	116	115	111	102.083	115.382	180	120	118	116	115	115	114	113	112	111	105	0	0	0.000	0.000	0	0	0	0	0.000	0	0	0	0.000	0	0	0	0	0	0	0	0	0	0	0	0	0	0	0	0	0
275	275	2628	1542.603	1549.016	0.856	61	286	1143	1003	87	61	286	1143	1003	87	111.980	499.008	5979	1156	205	158	154	152	149	144	138	131	124	102.721	131.478	170	143	138	135	133	131	129	126	122	119	108	1	310	1530.461	1542.103	0	0	0	2618	2900.126	0	0	150	150.039	0	0	0	0	0	0	0	0	0	0	0	0	0	0	0	0	0
276	276	2287	425.739	1546.927	0.875	34	346	1396	449	18	34	346	1396	449	18	108.567	337.482	5274	369	181	170	165	161	156	150	143	134	124	104.000	548.913	871	798	736	648	590	534	493	451	395	303	230	1	151	418.449	1539.776	0	0	0	2310	2525.272	0	0	798	785.603	0	0	0	0	0	0	0	0	0	0	0	0	0	0	0	0	0
277	277	1046	20.794	1538.980	0.823	146	425	349	81	23	146	425	349	81	23	103.760	139.167	183	162	155	149	143	138	133	128	123	118	111	100.000	121.061	157	136	130	126	123	120	117	114	111	108	102	0	0	0.000	0.000	0	0	0	0	0.000	0	0	0	0.000	0	0	0	0	0	0	0	0	0	0	0	0	0	0	0	0	0
278	278	1693	482.959	1546.005	0.907	157	476	664	296	62	157	476	664	296	62	109.000	160.106	226	201	183	169	162	157	152	145	136	127	115	104.000	3846.367	12929	7435	4756	3977	3555	3253	2891	2569	2117	1548	681	0	0	0.000	0.000	0	0	0	0	0.000	0	0	0	0.000	0	0	0	0	0	0	0	0	0	0	0	0	0	0	0	0	0
279	279	1719	1355.343	1580.994	0.894	140	741	737	51	16	140	741	737	51	16	112.000	541.734	3152	1163	609	457	401	366	334	297	254	212	156	102.376	126.536	153	138	135	132	129	126	124	122	118	114	106	1	169	1355.737	1582.081	0	0	0	1809	1887.112	0	0	138	138.544	0	0	0	0	0	0	0	0	0	0	0	0	0	0	0	0	0
280	280	959	67.560	1589.763	0.933	14	118	508	275	31	14	118	508	275	31	104.737	203.086	259	242	235	227	216	205	197	184	170	157	141	101.000	137.937	157	149	147	144	141	139	137	134	129	125	111	0	0	0.000	0.000	0	0	0	0	0.000	0	0	0	0.000	0	0	0	0	0	0	0	0	0	0	0	0	0	0	0	0	0
281	281	851	450.265	1590.824	0.917	29	186	389	206	23	29	186	389	206	23	108.195	161.053	178	173	170	167	165	163	161	157	152	146	135	103.984	518.194	708	657	622	588	559	538	518	477	417	331	233	0	0	0.000	0.000	0	0	0	0	0.000	0	0	0	0.000	0	0	0	0	0	0	0	0	0	0	0	0	0	0	0	0	0
282	282	1867	1563.407	1605.974	0.913	280	1105	395	30	39	280	1105	395	30	39	111.760	134.475	150	144	142	139	137	135	133	130	127	123	118	102.969	122.352	143	131	127	125	123	122	120	119	117	115	109	0	0	0.000	0.000	0	0	0	0	0.000	0	0	0	0.000	0	0	0	0	0	0	0	0	0	0	0	0	0	0	0	0	0
283	283	834	1654.331	1602.131	0.798	190	459	104	42	27	190	459	104	42	27	110.272	120.004	126	124	123	122	121	120	119	119	117	116	111	103.301	473.239	654	609	572	536	509	479	451	418	375	331	249	0	0	0.000	0.000	0	0	0	0	0.000	0	0	0	0.000	0	0	0	0	0	0	0	0	0	0	0	0	0	0	0	0	0
284	284	1207	920.716	1606.327	0.916	24	124	553	439	50	24	124	553	439	50	111.000	116.856	123	119	118	118	117	117	116	116	115	115	112	104.331	493.951	709	640	606	577	541	507	464	421	376	332	278	0	0	0.000	0.000	0	0	0	0	0.000	0	0	0	0.000	0	0	0	0	0	0	0	0	0	0	0	0	0	0	0	0	0
285	285	1507	92.538	1626.991	0.916	17	91	446	785	141	17	91	446	785	141	106.000	213.017	304	270	249	234	221	209	199	190	180	163	130	101.000	134.126	159	148	144	140	136	133	130	128	125	122	111	0	0	0.000	0.000	0	0	0	0	0.000	0	0	0	0.000	0	0	0	0	0	0	0	0	0	0	0	0	0	0	0	0	0
286	286	2051	875.275	1641.362	0.827	42	150	864	883	68	42	150	864	883	68	111.000	129.335	263	137	131	129	127	125	123	122	120	119	115	104.398	1568.337	3036	2452	2160	1923	1728	1539	1363	1133	926	720	515	1	102	861.009	1633.080	0	0	0	194	198.225	0	0	2365	2302.833	0	0	0	0	0	0	0	0	0	0	0	0	0	0	0	0	0
287	287	541	50.635	1632.404	0.840	56	136	243	82	14	56	136	243	82	14	105.177	140.863	161	153	149	145	143	140	138	137	134	130	123	100.932	115.632	126	120	119	118	117	116	115	114	113	111	104	0	0	0.000	0.000	0	0	0	0	0.000	0	0	0	0.000	0	0	0	0	0	0	0	0	0	0	0	0	0	0	0	0	0
288	288	1677	1677.590	1648.142	0.899	332	1183	111	21	11	332	1183	111	21	11	111.844	122.406	132	127	125	124	123	122	121	121	120	118	115	103.998	601.346	884	785	720	686	647	605	559	512	463	423	317	0	0	0.000	0.000	0	0	0	0	0.000	0	0	0	0.000	0	0	0	0	0	0	0	0	0	0	0	0	0	0	0	0	0
289	289	1445	948.541	1646.843	0.911	42	117	854	394	7	42	117	854	394	7	110.994	119.484	130	125	123	121	120	119	118	117	116	116	112	104.000	530.993	729	656	627	600	572	543	508	476	437	386	262	0	0	0.000	0.000	0	0	0	0	0.000	0	0	0	0.000	0	0	0	0	0	0	0	0	0	0	0	0	0	0	0	0	0
290	290	2039	1567.766	1667.146	0.863	291	1344	329	30	9	291	1344	329	30	9	112.000	148.242	170	164	161	157	153	149	145	140	136	131	126	103.000	128.576	146	137	135	134	132	130	127	124	122	118	105	0	0	0.000	0.000	0	0	0	0	0.000	0	0	0	0.000	0	0	0	0	0	0	0	0	0	0	0	0	0	0	0	0	0
291	291	1659	1632.299	1682.006	0.866	343	753	440	86	10	343	753	440	86	10	112.000	1258.881	9184	3035	1571	1207	887	673	535	425	332	261	171	102.961	124.568	185	147	134	128	124	121	118	114	112	109	104	1	193	1636.163	1682.381	0	0	0	4536	4835.347	0	0	156	155.715	0	0	1	102	1637.806	1682.585	0	0	0	5941	5818.392	0	0	165	165.196	0	0
292	292	1015	841.456	1680.703	0.898	283	440	178	75	18	283	440	178	75	18	110.159	126.552	138	132	130	129	128	126	125	124	122	121	115	103.911	2097.039	2866	2647	2509	2371	2241	2106	1969	1847	1716	1516	1190	0	0	0.000	0.000	0	0	0	0	0.000	0	0	0	0.000	0	0	0	0	0	0	0	0	0	0	0	0	0	0	0	0	0
293	293	2408	1765.814	1740.437	0.882	274	1551	498	27	9	274	1551	498	27	9	110.995	555.846	5905	1068	393	317	296	276	259	241	223	197	154	103.280	558.630	864	765	718	664	608	561	515	475	416	329	208	1	221	1772.344	1728.661	0	0	0	2679	2979.439	0	0	644	645.109	0	0	0	0	0	0	0	0	0	0	0	0	0	0	0	0	0
294	294	1535	756.847	1770.721	0.905	33	74	912	401	87	33	74	912	401	87	110.171	166.341	194	182	178	173	169	165	163	160	157	151	136	102.716	119.726	136	125	123	122	121	120	119	118	117	115	108	0	0	0.000	0.000	0	0	0	0	0.000	0	0	0	0.000	0	0	0	0	0	0	0	0	0	0	0	0	0	0	0	0	0
295	295	1887	54.213	1792.394	0.894	147	983	658	49	14	147	983	658	49	14	105.013	141.228	764	141	132	131	130	129	128	126	123	119	112	101.000	408.923	615	556	508	479	450	419	379	340	297	259	195	1	76	58.775	1801.153	0	0	0	382	407.118	0	0	540	515.066	0	0	0	0	0	0	0	0	0	0	0	0	0	0	0	0	0
296	296	1178	687.728	1790.057	0.914	50	423	526	141	10	50	423	526	141	10	110.188	125.673	145	137	132	129	127	125	122	120	118	117	113	102.000	116.683	132	122	120	118	117	116	116	115	113	111	105	0	0	0.000	0.000	0	0	0	0	0.000	0	0	0	0.000	0	0	0	0	0	0	0	0	0	0	0	0	0	0	0	0	0
297	297	2482	1769.195	1802.390	0.894	182	1381	778	91	9	182	1381	778	91	9	111.000	387.755	1972	862	474	319	256	239	229	216	198	179	147	103.019	188.464	250	221	214	207	199	192	182	173	162	148	132	1	344	1772.430	1803.898	0	0	0	1086	1136.395	0	0	158	164.038	0	0	0	0	0	0	0	0	0	0	0	0	0	0	0	0	0
298	298	2234	802.495	1799.127	0.890	14	121	597	1374	95	14	121	597	1374	95	110.216	160.097	193	183	178	173	169	163	156	147	139	134	122	102.933	119.602	136	125	124	123	121	120	119	117	115	113	106	0	0	0.000	0.000	0	0	0	0	0.000	0	0	0	0.000	0	0	0	0	0	0	0	0	0	0	0	0	0	0	0	0	0
299	299	1714	1007.688	1805.774	0.854	26	462	1021	155	6	26	462	1021	155	6	110.723	118.007	125	122	120	119	118	118	117	116	116	115	112	102.984	195.156	250	230	220	211	203	197	188	179	169	160	144	0	0	0.000	0.000	0	0	0	0	0.000	0	0	0	0.000	0	0	0	0	0	0	0	0	0	0	0	0	0	0	0	0	0
300	300	1736	1170.812	1813.687	0.903	67	299	617	615	109	67	299	617	615	109	110.822	122.395	135	130	125	123	122	121	121	120	119	118	115	103.000	910.594	1440	1279	1193	1103	1000	904	794	718	656	557	424	0	0	0.000	0.000	0	0	0	0	0.000	0	0	0	0.000	0	0	0	0	0	0	0	0	0	0	0	0	0	0	0	0	0
301	301	1854	743.947	1818.876	0.867	62	669	941	121	13	62	669	941	121	13	111.000	159.666	196	186	177	169	162	156	153	150	145	138	130	102.684	119.228	136	125	124	122	120	119	118	116	115	114	106	0	0	0.000	0.000	0	0	0	0	0.000	0	0	0	0.000	0	0	0	0	0	0	0	0	0	0	0	0	0	0	0	0	0
302	302	1320	669.765	1830.575	0.900	55	141	612	449	41	55	141	612	449	41	110.732	120.346	130	125	123	122	121	120	119	119	118	116	113	102.000	119.907	132	124	123	122	121	120	119	118	117	115	108	0	0	0.000	0.000	0	0	0	0	0.000	0	0	0	0.000	0	0	0	0	0	0	0	0	0	0	0	0	0	0	0	0	0
303	303	1752	946.868	1846.193	0.834	123	845	628	102	25	123	845	628	102	25	111.997	378.317	3708	707	292	225	215	206	199	191	182	165	136	102.787	121.659	141	128	126	125	123	122	121	119	117	114	105	1	158	943.901	1828.677	0	0	0	1656	1801.316	0	0	125	125.449	0	0	0	0	0	0	0	0	0	0	0	0	0	0	0	0	0
304	304	1588	890.119	1846.020	0.907	119	718	615	89	11	119	718	615	89	11	111.587	145.250	180	163	157	152	148	144	141	137	133	129	121	103.000	393.638	864	546	483	446	414	382	349	319	284	250	192	0	0	0.000	0.000	0	0	0	0	0.000	0	0	0	0.000	0	0	0	0	0	0	0	0	0	0	0	0	0	0	0	0	0
305	305	1553	1806.106	1844.486	0.884	45	318	854	255	49	45	318	854	255	49	111.000	231.218	281	261	252	245	239	233	226	220	213	199	168	102.977	206.619	250	233	224	218	213	208	203	197	190	178	149	0	0	0.000	0.000	0	0	0	0	0.000	0	0	0	0.000	0	0	0	0	0	0	0	0	0	0	0	0	0	0	0	0	0
306	306	1329	1212.435	1845.382	0.877	17	217	577	441	48	17	217	577	441	48	111.000	120.511	134	126	123	121	120	120	119	118	118	117	112	103.000	903.306	1461	1261	1147	1071	983	894	816	728	644	547	398	0	0	0.000	0.000	0	0	0	0	0.000	0	0	0	0.000	0	0	0	0	0	0	0	0	0	0	0	0	0	0	0	0	0
307	307	1400	1032.918	1855.441	0.893	13	204	748	396	15	13	204	748	396	15	109.896	116.519	125	119	118	117	117	116	116	115	115	114	112	103.068	220.518	287	260	246	234	229	224	218	209	196	175	140	0	0	0.000	0.000	0	0	0	0	0.000	0	0	0	0.000	0	0	0	0	0	0	0	0	0	0	0	0	0	0	0	0	0
308	308	1409	1741.031	1858.895	0.885	33	267	759	299	21	33	267	759	299	21	111.000	116.233	121	118	118	117	117	116	116	115	115	114	111	103.623	143.969	167	158	154	151	148	145	141	137	133	129	122	0	0	0.000	0.000	0	0	0	0	0.000	0	0	0	0.000	0	0	0	0	0	0	0	0	0	0	0	0	0	0	0	0	0
309	309	781	993.007	1862.531	0.912	20	61	364	309	12	20	61	364	309	12	110.704	117.237	123	120	119	118	118	117	117	116	116	115	111	103.302	247.731	318	298	284	269	258	249	239	228	216	195	150	0	0	0.000	0.000	0	0	0	0	0.000	0	0	0	0.000	0	0	0	0	0	0	0	0	0	0	0	0	0	0	0	0	0
310	310	1384	154.843	1867.880	0.893	18	76	582	618	59	18	76	582	618	59	106.142	151.439	179	170	166	162	159	154	149	144	136	126	117	102.000	441.026	685	603	551	507	472	437	401	368	331	297	207	0	0	0.000	0.000	0	0	0	0	0.000	0	0	0	0.000	0	0	0	0	0	0	0	0	0	0	0	0	0	0	0	0	0
311	311	1583	202.007	1879.190	0.884	13	177	1158	185	13	13	177	1158	185	13	106.977	159.773	186	175	171	167	164	161	158	154	149	142	127	101.750	487.878	701	627	593	564	534	501	464	419	377	332	243	0	0	0.000	0.000	0	0	0	0	0.000	0	0	0	0.000	0	0	0	0	0	0	0	0	0	0	0	0	0	0	0	0	0
312	312	2195	714.957	1878.650	0.863	62	466	1470	138	15	62	466	1470	138	15	110.825	875.028	6431	2588	1069	564	382	322	292	259	231	212	165	101.901	118.692	138	126	123	121	119	118	117	115	114	112	105	1	349	709.635	1876.839	0	0	0	3088	3361.304	0	0	127	127.264	0	0	0	0	0	0	0	0	0	0	0	0	0	0	0	0	0
313	313	857	670.092	1875.624	0.904	147	568	108	14	3	147	568	108	14	3	110.459	246.004	491	309	285	274	264	251	230	208	191	173	143	102.000	115.169	130	121	120	118	116	115	114	112	111	109	103	0	0	0.000	0.000	0	0	0	0	0.000	0	0	0	0.000	0	0	0	0	0	0	0	0	0	0	0	0	0	0	0	0	0
314	314	778	1776.164	1880.497	0.919	73	378	216	86	15	73	378	216	86	15	111.000	118.022	126	123	121	119	118	117	117	116	115	115	112	103.460	140.204	158	152	148	146	144	142	140	137	133	125	113	0	0	0.000	0.000	0	0	0	0	0.000	0	0	0	0.000	0	0	0	0	0	0	0	0	0	0	0	0	0	0	0	0	0
315	315	1008	920.050	1887.897	0.906	201	342	359	63	20	201	342	359	63	20	111.295	179.570	1065	184	173	167	160	156	153	147	140	134	126	104.000	125.551	144	132	130	129	128	126	125	123	121	118	110	1	49	933.598	1894.220	0	0	0	543	562.490	0	0	130	128.694	0	0	0	0	0	0	0	0	0	0	0	0	0	0	0	0	0
316	316	2163	1917.409	1905.029	0.895	77	217	1222	579	33	77	217	1222	579	33	109.393	115.720	126	119	117	116	116	115	115	114	114	113	111	102.550	350.524	481	443	422	401	381	362	341	314	280	234	178	0	0	0.000	0.000	0	0	0	0	0.000	0	0	0	0.000	0	0	0	0	0	0	0	0	0	0	0	0	0	0	0	0	0
317	317	2560	1707.930	1903.198	0.867	79	1085	1206	116	19	79	1085	1206	116	19	110.343	305.090	3976	286	221	214	208	200	192	181	167	151	136	102.998	658.107	982	897	828	790	752	706	641	560	462	343	231	1	141	1721.166	1898.349	0	0	0	1789	1973.482	0	0	839	837.993	0	0	0	0	0	0	0	0	0	0	0	0	0	0	0	0	0
318	318	1513	1004.916	1908.008	0.880	24	67	604	748	46	24	67	604	748	46	109.373	116.625	125	119	118	117	117	116	116	116	115	114	111	104.000	258.840	389	331	310	291	276	261	244	225	202	182	155	0	0	0.000	0.000	0	0	0	0	0.000	0	0	0	0.000	0	0	0	0	0	0	0	0	0	0	0	0	0	0	0	0	0
319	319	1285	1049.071	1922.224	0.890	26	159	692	352	26	26	159	692	352	26	110.000	117.871	129	123	120	119	118	117	116	116	115	115	111	103.166	315.266	441	390	366	351	334	315	300	280	262	243	180	0	0	0.000	0.000	0	0	0	0	0.000	0	0	0	0.000	0	0	0	0	0	0	0	0	0	0	0	0	0	0	0	0	0
320	320	2168	1772.400	1930.025	0.786	33	267	1284	510	36	33	267	1284	510	36	110.051	198.000	323	220	215	210	205	199	193	187	179	165	147	103.000	700.159	931	873	842	812	784	750	703	640	555	432	299	0	0	0.000	0.000	0	0	0	0	0.000	0	0	0	0.000	0	0	0	0	0	0	0	0	0	0	0	0	0	0	0	0	0
321	321	524	1158.328	1923.112	0.919	26	90	257	119	19	26	90	257	119	19	110.790	233.038	269	255	250	245	241	238	234	229	216	202	173	102.885	166.523	195	185	180	177	174	171	165	159	151	144	126	0	0	0.000	0.000	0	0	0	0	0.000	0	0	0	0.000	0	0	0	0	0	0	0	0	0	0	0	0	0	0	0	0	0
322	322	200	1965.379	1926.694	0.891	8	18	65	79	26	8	18	65	79	26	108.935	113.135	116	115	114	114	114	113	113	112	112	111	110	102.000	162.105	291	215	205	195	182	162	139	125	114	109	104	0	0	0.000	0.000	0	0	0	0	0.000	0	0	0	0.000	0	0	0	0	0	0	0	0	0	0	0	0	0	0	0	0	0
323	323	1928	1477.493	1951.667	0.901	165	842	705	149	31	165	842	705	149	31	115.295	245.188	293	272	265	260	254	247	241	232	223	215	197	102.532	138.023	160	151	147	144	141	139	137	135	132	121	106	0	0	0.000	0.000	0	0	0	0	0.000	0	0	0	0.000	0	0	0	0	0	0	0	0	0	0	0	0	0	0	0	0	0
324	324	1474	875.927	1949.052	0.886	769	601	34	21	17	769	601	34	21	17	109.986	196.936	246	226	215	207	203	198	191	185	178	170	143	103.664	428.946	677	603	549	495	445	400	371	341	322	305	254	0	0	0.000	0.000	0	0	0	0	0.000	0	0	0	0.000	0	0	0	0	0	0	0	0	0	0	0	0	0	0	0	0	0
325	325	2256	1955.370	1962.626	0.831	12	376	1343	457	16	12	376	1343	457	16	108.363	115.413	123	118	117	117	116	115	115	114	113	113	108	101.908	331.888	461	417	397	378	359	335	314	297	270	232	165	0	0	0.000	0.000	0	0	0	0	0.000	0	0	0	0.000	0	0	0	0	0	0	0	0	0	0	0	0	0	0	0	0	0
326	326	2174	1144.655	1960.497	0.863	48	337	1229	486	34	48	337	1229	486	34	110.522	274.903	1321	310	289	274	261	250	237	223	208	191	140	102.544	180.435	222	210	201	194	188	182	175	168	159	151	116	1	80	1130.229	1958.486	0	0	0	841	862.337	0	0	199	197.037	0	0	0	0	0	0	0	0	0	0	0	0	0	0	0	0	0
327	327	1228	272.172	1959.427	0.903	21	385	719	77	5	21	385	719	77	5	105.941	128.550	142	137	135	133	131	130	128	126	122	117	110	102.000	853.721	1099	1039	1003	967	931	896	837	766	706	609	443	0	0	0.000	0.000	0	0	0	0	0.000	0	0	0	0.000	0	0	0	0	0	0	0	0	0	0	0	0	0	0	0	0	0
328	328	1548	1015.412	1966.819	0.891	51	223	733	471	40	51	223	733	471	40	109.185	117.879	127	123	120	118	118	117	117	116	116	115	110	102.928	291.506	435	373	347	326	307	292	273	253	234	211	148	0	0	0.000	0.000	0	0	0	0	0.000	0	0	0	0.000	0	0	0	0	0	0	0	0	0	0	0	0	0	0	0	0	0
329	329	2081	1280.751	1974.269	0.908	48	500	1182	276	37	48	500	1182	276	37	110.898	122.393	131	127	125	124	123	122	121	121	120	119	115	102.953	382.255	564	507	467	426	392	371	350	332	310	280	228	0	0	0.000	0.000	0	0	0	0	0.000	0	0	0	0.000	0	0	0	0	0	0	0	0	0	0	0	0	0	0	0	0	0
330	330	3217	1216.875	1981.542	0.885	372	1848	741	169	31	372	1848	741	169	31	110.566	386.091	686	510	464	444	419	388	353	326	300	273	155	102.849	118.618	136	124	122	120	119	119	118	117	115	114	106	0	0	0.000	0.000	0	0	0	0	0.000	0	0	0	0.000	0	0	0	0	0	0	0	0	0	0	0	0	0	0	0	0	0
331	331	394	1323.156	1965.099	0.944	47	92	133	92	23	47	92	133	92	23	111.000	119.218	124	122	121	120	120	119	119	118	118	117	115	103.000	275.234	343	327	314	302	294	281	269	259	242	214	167	0	0	0.000	0.000	0	0	0	0	0.000	0	0	0	0.000	0	0	0	0	0	0	0	0	0	0	0	0	0	0	0	0	0
332	332	1931	831.812	1984.005	0.881	15	163	1109	590	26	15	163	1109	590	26	109.885	125.434	211	132	128	127	125	124	123	122	120	119	114	103.691	386.383	507	464	450	434	419	403	383	353	319	282	195	1	28	818.369	2001.038	0	0	0	175	171.429	0	0	361	359.679	0	0	0	0	0	0	0	0	0	0	0	0	0	0	0	0	0
333	333	2290	1088.386	1991.558	0.910	59	621	1344	198	16	59	621	1344	198	16	109.825	252.438	1107	291	278	268	259	247	235	223	207	185	153	102.063	185.699	233	212	206	201	195	189	182	174	165	153	136	1	41	1065.911	2001.986	0	0	0	747	755.732	0	0	193	191.415	0	0	0	0	0	0	0	0	0	0	0	0	0	0	0	0	0
334	334	1978	234.783	1993.034	0.860	142	893	827	68	6	142	893	827	68	6	104.909	126.649	143	136	133	132	130	128	126	122	119	116	111	101.220	759.522	1224	1109	1011	911	831	760	690	612	524	410	287	0	0	0.000	0.000	0	0	0	0	0.000	0	0	0	0.000	0	0	0	0	0	0	0	0	0	0	0	0	0	0	0	0	0
335	335	1564	888.461	1994.389	0.870	8	107	775	569	76	8	107	775	569	76	109.936	173.007	226	211	199	186	176	168	164	157	151	144	126	103.877	660.802	1171	1050	925	788	673	584	529	488	445	404	234	0	0	0.000	0.000	0	0	0	0	0.000	0	0	0	0.000	0	0	0	0	0	0	0	0	0	0	0	0	0	0	0	0	0
336	336	2047	300.798	2004.602	0.838	18	169	1016	725	77	18	169	1016	725	77	104.897	123.770	139	133	131	128	125	122	121	120	118	116	108	101.172	631.884	1185	1030	935	809	665	560	503	450	381	322	213	0	0	0.000	0.000	0	0	0	0	0.000	0	0	0	0.000	0	0	0	0	0	0	0	0	0	0	0	0	0	0	0	0	0
337	337	1863	1331.171	2004.356	0.905	388	1283	123	19	11	388	1283	123	19	11	110.422	121.716	134	128	126	124	122	121	120	119	118	116	113	103.411	397.419	558	513	475	453	431	414	384	346	309	266	221	0	0	0.000	0.000	0	0	0	0	0.000	0	0	0	0.000	0	0	0	0	0	0	0	0	0	0	0	0	0	0	0	0	0
338	338	1018	183.265	2009.063	0.869	30	36	439	447	47	30	36	439	447	47	103.672	125.856	137	131	130	129	128	128	126	124	121	117	111	100.694	731.933	984	927	882	842	800	759	707	648	587	505	301	0	0	0.000	0.000	0	0	0	0	0.000	0	0	0	0.000	0	0	0	0	0	0	0	0	0	0	0	0	0	0	0	0	0
339	339	505	1054.210	2014.253	0.905	18	72	103	229	76	18	72	103	229	76	108.669	241.390	290	281	274	266	260	250	236	225	209	190	161	101.851	173.923	211	201	195	189	184	177	170	162	151	142	126	0	0	0.000	0.000	0	0	0	0	0.000	0	0	0	0.000	0	0	0	0	0	0	0	0	0	0	0	0	0	0	0	0	0
340	340	1012	924.205	2021.454	0.906	23	97	372	432	66	23	97	372	432	66	108.744	185.346	226	216	210	203	195	189	181	171	161	148	130	102.990	851.645	1193	1139	1072	1009	943	877	812	744	649	516	281	0	0	0.000	0.000	0	0	0	0	0.000	0	0	0	0.000	0	0	0	0	0	0	0	0	0	0	0	0	0	0	0	0	0
341	341	1293	1881.413	2021.204	0.906	343	652	174	78	19	343	652	174	78	19	109.000	2811.896	28361	8587	3230	1638	1053	740	550	442	336	246	155	101.840	131.896	224	165	142	136	130	125	121	117	114	111	106	2	43	1872.186	2023.370	172	1889.344	2021.978	3142	3159.070	12861	13884.401	134	136.349	179	179.552	1	95	1889.544	2021.573	0	0	0	18123	18602.095	0	0	195	196.705	0	0
