 	cell	area	x	y	circ	BFI_lev_b1	BFI_lev_b2	BFI_lev_b3	BFI_lev_b4	BFI_lev_b5	BFO_lev_b1	BFO_lev_b2	BFO_lev_b3	BFO_lev_b4	BFO_lev_b5	RFP_int_bg	RFP_int_mean	RFP_int_b0	RFP_int_b1	RFP_int_b2	RFP_int_b3	RFP_int_b4	RFP_int_b5	RFP_int_b6	RFP_int_b7	RFP_int_b8	RFP_int_b9	RFP_int_b10	GFP_int_bg	GFP_int_mean	GFP_int_b0	GFP_int_b1	GFP_int_b2	GFP_int_b3	GFP_int_b4	GFP_int_b5	GFP_int_b6	GFP_int_b7	GFP_int_b8	GFP_int_b9	GFP_int_b10	inRFPnfoci	f1_inRFParea	f1_inRFPx	f1_inRFPy	f2_inRFParea	f2_inRFPx	f2_inRFPy	f1_inRFP_toRFPmed	f1_inRFP_toRFPmean	f2_inRFP_toRFPmed	f2_inRFP_toRFPmean	f1_inRFP_toGFPmed	f1_inRFP_toGFPmean	f2_inRFP_toGFPmed	f2_inRFP_toGFPmean	inGFPnfoci	f1_inGFParea	f1_inGFPx	f1_inGFPy	f2_inGFParea	f2_inGFPx	f2_inGFPy	f1_inGFP_toRFPmed	f1_inGFP_toRFPmean	f2_inGFP_toRFPmed	f2_inGFP_toRFPmean	f1_inGFP_toGFPmed	f1_inGFP_toGFPmean	f2_inGFP_toGFPmed	f2_inGFP_toGFPmean
1	1	1170	666.190	28.563	0.916	407	366	246	119	12	407	366	246	119	12	105.801	114.520	120	117	116	116	115	115	114	114	113	112	109	103.875	873.353	1217	1128	1080	1020	961	903	827	759	670	578	378	0	0	0.000	0.000	0	0	0	0	0.000	0	0	0	0.000	0	0	0	0	0	0	0	0	0	0	0	0	0	0	0	0	0
2	2	1430	625.324	30.302	0.894	519	762	73	23	9	519	762	73	23	9	105.421	115.503	124	119	118	117	116	115	115	114	113	112	109	103.261	730.529	1129	980	888	820	761	717	670	625	578	515	377	0	0	0.000	0.000	0	0	0	0	0.000	0	0	0	0.000	0	0	0	0	0	0	0	0	0	0	0	0	0	0	0	0	0
3	3	1848	1509.200	44.841	0.901	63	238	1247	254	20	63	238	1247	254	20	107.855	136.222	152	145	143	141	140	138	135	132	128	124	118	104.000	117.346	129	121	120	119	118	117	117	116	115	113	108	0	0	0.000	0.000	0	0	0	0	0.000	0	0	0	0.000	0	0	0	0	0	0	0	0	0	0	0	0	0	0	0	0	0
4	4	1167	1587.006	42.039	0.887	196	393	547	12	1	196	393	547	12	1	107.125	146.117	168	162	158	154	149	146	143	141	136	130	122	103.075	120.874	136	128	125	123	122	121	120	118	117	114	107	0	0	0.000	0.000	0	0	0	0	0.000	0	0	0	0.000	0	0	0	0	0	0	0	0	0	0	0	0	0	0	0	0	0
5	5	978	424.945	45.222	0.883	154	315	307	163	25	154	315	307	163	25	106.902	182.694	237	222	212	202	192	183	174	164	154	143	126	104.781	221.968	473	285	260	237	221	212	206	196	182	162	138	0	0	0.000	0.000	0	0	0	0	0.000	0	0	0	0.000	0	0	0	0	0	0	0	0	0	0	0	0	0	0	0	0	0
6	6	1457	1552.690	65.247	0.911	180	673	542	15	5	180	673	542	15	5	108.432	288.629	2417	710	210	144	138	134	131	128	125	124	118	104.000	120.142	161	129	122	120	119	118	117	116	115	113	107	1	199	1563.559	69.932	0	0	0	1058	1164.060	0	0	136	137.402	0	0	0	0	0	0	0	0	0	0	0	0	0	0	0	0	0
7	7	2936	401.811	91.209	0.795	206	1559	1031	81	7	206	1559	1031	81	7	107.783	152.609	209	168	163	158	155	153	151	148	144	135	120	103.967	704.417	1050	939	880	799	739	705	668	633	569	443	177	0	0	0.000	0.000	0	0	0	0	0.000	0	0	0	0.000	0	0	0	0	0	0	0	0	0	0	0	0	0	0	0	0	0
8	8	2630	1323.529	91.796	0.873	139	368	1715	330	32	139	368	1715	330	32	108.984	118.174	127	122	121	120	119	118	117	117	116	114	110	104.467	1045.484	1858	1620	1433	1271	1143	1007	887	775	664	562	318	0	0	0.000	0.000	0	0	0	0	0.000	0	0	0	0.000	0	0	0	0	0	0	0	0	0	0	0	0	0	0	0	0	0
9	9	1303	1030.089	86.070	0.902	87	488	560	108	29	87	488	560	108	29	108.824	249.773	505	359	326	292	257	227	209	192	175	157	133	102.719	146.469	224	167	160	154	149	145	142	138	131	122	108	1	17	1036.160	95.052	0	0	0	474	471.588	0	0	206	204.353	0	0	0	0	0	0	0	0	0	0	0	0	0	0	0	0	0
10	10	1825	899.314	93.703	0.877	125	1061	533	56	7	125	1061	533	56	7	108.000	144.186	207	163	152	148	145	142	139	136	132	127	117	102.995	620.895	1017	807	744	693	650	613	578	547	508	441	238	0	0	0.000	0.000	0	0	0	0	0.000	0	0	0	0.000	0	0	0	0	0	0	0	0	0	0	0	0	0	0	0	0	0
11	11	1750	1640.317	99.265	0.906	729	690	165	102	46	729	690	165	102	46	108.308	156.104	177	170	167	164	161	158	155	151	146	139	123	102.922	118.521	130	123	122	121	120	119	118	117	116	113	104	0	0	0.000	0.000	0	0	0	0	0.000	0	0	0	0.000	0	0	0	0	0	0	0	0	0	0	0	0	0	0	0	0	0
12	12	954	1271.926	94.753	0.919	75	162	357	290	47	75	162	357	290	47	109.000	192.353	381	338	284	228	182	152	134	126	120	117	113	104.012	140.563	157	151	148	146	145	143	140	138	133	126	115	0	0	0.000	0.000	0	0	0	0	0.000	0	0	0	0.000	0	0	0	0	0	0	0	0	0	0	0	0	0	0	0	0	0
13	13	2012	1587.155	102.346	0.893	986	941	14	6	5	986	941	14	6	5	108.857	224.214	703	304	231	220	214	206	197	187	175	155	131	103.534	118.766	133	124	122	121	120	119	118	117	115	112	105	1	104	1575.031	98.070	0	0	0	526	524.365	0	0	124	124.327	0	0	0	0	0	0	0	0	0	0	0	0	0	0	0	0	0
14	14	1697	845.110	111.214	0.909	20	107	911	584	44	20	107	911	584	44	108.000	138.434	155	151	148	144	142	139	137	133	130	125	116	103.000	655.091	947	861	813	760	709	666	614	558	502	434	314	0	0	0.000	0.000	0	0	0	0	0.000	0	0	0	0.000	0	0	0	0	0	0	0	0	0	0	0	0	0	0	0	0	0
15	15	2237	1536.752	127.642	0.914	109	786	1091	191	22	109	786	1091	191	22	109.000	207.531	273	256	236	223	216	210	203	192	176	158	136	103.132	120.462	136	126	124	122	121	120	120	119	117	115	106	0	0	0.000	0.000	0	0	0	0	0.000	0	0	0	0.000	0	0	0	0	0	0	0	0	0	0	0	0	0	0	0	0	0
16	16	2129	1996.341	139.845	0.818	47	1049	872	103	8	47	1049	872	103	8	106.372	154.764	489	162	155	153	151	148	145	142	138	132	123	101.217	703.726	965	881	841	806	766	728	681	629	561	480	368	1	72	2003.262	140.624	0	0	0	325	333.861	0	0	807	783.056	0	0	0	0	0	0	0	0	0	0	0	0	0	0	0	0	0
17	17	1593	1018.865	136.069	0.841	99	718	630	96	21	99	718	630	96	21	109.000	130.884	160	145	140	135	132	130	127	124	121	119	114	103.000	1247.611	1916	1704	1576	1445	1353	1272	1192	1059	921	763	367	0	0	0.000	0.000	0	0	0	0	0.000	0	0	0	0.000	0	0	0	0	0	0	0	0	0	0	0	0	0	0	0	0	0
18	18	1950	1342.226	146.139	0.863	142	1192	456	111	17	142	1192	456	111	17	109.303	118.226	127	122	120	119	119	118	117	116	116	115	112	103.401	1378.064	2868	2083	1848	1716	1567	1389	1178	995	812	665	358	0	0	0.000	0.000	0	0	0	0	0.000	0	0	0	0.000	0	0	0	0	0	0	0	0	0	0	0	0	0	0	0	0	0
19	19	925	174.082	142.011	0.828	224	419	200	39	15	224	419	200	39	15	107.000	178.608	423	197	186	180	176	173	169	165	158	148	129	102.956	135.348	153	143	141	139	137	136	134	133	131	127	114	0	0	0.000	0.000	0	0	0	0	0.000	0	0	0	0.000	0	0	0	0	0	0	0	0	0	0	0	0	0	0	0	0	0
20	20	743	1784.863	150.650	0.898	60	108	280	258	28	60	108	280	258	28	108.000	138.032	158	152	148	145	141	138	135	132	129	124	116	103.000	613.393	912	848	784	728	666	608	556	503	449	394	270	0	0	0.000	0.000	0	0	0	0	0.000	0	0	0	0.000	0	0	0	0	0	0	0	0	0	0	0	0	0	0	0	0	0
21	21	971	1462.768	156.846	0.903	59	171	445	243	36	59	171	445	243	36	109.000	131.709	157	146	141	137	134	131	129	126	122	118	113	102.000	117.336	131	124	122	120	119	117	116	114	113	111	107	0	0	0.000	0.000	0	0	0	0	0.000	0	0	0	0.000	0	0	0	0	0	0	0	0	0	0	0	0	0	0	0	0	0
22	22	2376	77.424	174.028	0.859	662	1536	103	29	10	662	1536	103	29	10	106.437	117.015	129	124	122	119	118	116	115	114	113	112	109	104.726	2277.423	4437	3416	3028	2712	2497	2274	2023	1772	1483	1136	732	0	0	0.000	0.000	0	0	0	0	0.000	0	0	0	0.000	0	0	0	0	0	0	0	0	0	0	0	0	0	0	0	0	0
23	23	1942	205.340	183.876	0.901	33	222	1037	580	28	33	222	1037	580	28	107.358	176.691	445	203	185	177	173	169	166	162	156	144	127	102.973	570.843	1292	754	702	653	610	565	525	482	430	371	199	1	51	214.235	177.960	0	0	0	352	351.451	0	0	1011	1011.333	0	0	0	0	0	0	0	0	0	0	0	0	0	0	0	0	0
24	24	1772	1747.011	181.617	0.879	46	703	934	48	8	46	703	934	48	8	108.404	171.182	212	195	186	181	177	171	167	162	156	146	129	103.208	889.320	1397	1198	1097	1019	942	871	803	743	688	619	392	0	0	0.000	0.000	0	0	0	0	0.000	0	0	0	0.000	0	0	0	0	0	0	0	0	0	0	0	0	0	0	0	0	0
25	25	1565	1298.936	182.333	0.915	74	340	780	301	30	74	340	780	301	30	110.000	118.242	129	122	121	120	119	118	117	116	116	115	113	103.046	1390.539	2549	2200	1950	1696	1473	1278	1154	1014	892	764	482	0	0	0.000	0.000	0	0	0	0	0.000	0	0	0	0.000	0	0	0	0	0	0	0	0	0	0	0	0	0	0	0	0	0
26	26	301	1027.472	172.055	0.925	30	57	126	70	12	30	57	126	70	12	109.000	116.568	122	120	118	117	117	116	116	115	115	114	113	103.000	693.193	1119	1021	942	868	781	701	623	536	443	352	243	0	0	0.000	0.000	0	0	0	0	0.000	0	0	0	0.000	0	0	0	0	0	0	0	0	0	0	0	0	0	0	0	0	0
27	27	798	416.405	182.770	0.891	44	324	324	77	13	44	324	324	77	13	109.000	485.356	1683	1117	735	516	391	319	274	245	223	201	161	103.000	160.046	240	198	175	165	158	153	150	147	142	136	122	1	137	418.285	190.183	0	0	0	1135	1160.307	0	0	193	193.394	0	0	0	0	0	0	0	0	0	0	0	0	0	0	0	0	0
28	28	470	164.758	181.865	0.902	13	61	214	141	33	13	61	214	141	33	107.960	162.319	181	177	174	171	168	164	160	157	152	145	131	104.000	443.843	686	574	534	503	480	451	426	389	345	294	227	0	0	0.000	0.000	0	0	0	0	0.000	0	0	0	0.000	0	0	0	0	0	0	0	0	0	0	0	0	0	0	0	0	0
29	29	1058	371.043	193.816	0.883	60	82	258	557	81	60	82	258	557	81	108.933	114.586	119	117	116	116	115	115	114	113	113	112	110	103.045	624.786	928	838	776	716	675	629	578	530	479	409	291	0	0	0.000	0.000	0	0	0	0	0.000	0	0	0	0.000	0	0	0	0	0	0	0	0	0	0	0	0	0	0	0	0	0
30	30	1633	1690.773	213.840	0.872	74	356	1034	127	6	74	356	1034	127	6	109.454	165.690	202	181	178	175	172	169	165	160	152	142	128	104.247	759.278	1164	953	885	845	797	755	716	675	633	559	378	0	0	0.000	0.000	0	0	0	0	0.000	0	0	0	0.000	0	0	0	0	0	0	0	0	0	0	0	0	0	0	0	0	0
31	31	2555	1608.264	226.474	0.844	40	180	1412	833	43	40	180	1412	833	43	109.718	183.241	245	216	206	198	191	184	174	165	159	152	126	105.517	1881.261	3097	2600	2403	2239	2068	1864	1703	1576	1403	1187	426	0	0	0.000	0.000	0	0	0	0	0.000	0	0	0	0.000	0	0	0	0	0	0	0	0	0	0	0	0	0	0	0	0	0
32	32	2255	140.109	222.191	0.834	45	101	777	1194	91	45	101	777	1194	91	107.363	175.156	534	206	190	183	177	170	162	153	144	136	124	104.000	565.924	896	754	701	662	624	586	538	488	410	336	267	1	53	135.420	221.371	0	0	0	385	387.623	0	0	558	577.113	0	0	0	0	0	0	0	0	0	0	0	0	0	0	0	0	0
33	33	806	305.859	217.062	0.922	75	195	324	152	43	75	195	324	152	43	108.000	115.648	122	119	118	117	116	115	115	114	114	113	110	103.251	594.055	1068	882	806	722	639	570	504	449	394	349	235	0	0	0.000	0.000	0	0	0	0	0.000	0	0	0	0.000	0	0	0	0	0	0	0	0	0	0	0	0	0	0	0	0	0
34	34	261	488.681	212.114	0.977	39	60	73	68	16	39	60	73	68	16	109.000	116.705	125	121	120	118	117	116	115	115	114	113	111	102.716	125.720	146	140	136	131	128	125	123	120	117	112	107	0	0	0.000	0.000	0	0	0	0	0.000	0	0	0	0.000	0	0	0	0	0	0	0	0	0	0	0	0	0	0	0	0	0
35	35	2050	362.459	244.219	0.869	122	921	821	152	7	122	921	821	152	7	108.992	114.332	120	116	116	115	115	114	114	113	113	112	109	104.006	685.355	1052	939	858	800	745	687	635	563	502	444	318	0	0	0.000	0.000	0	0	0	0	0.000	0	0	0	0.000	0	0	0	0	0	0	0	0	0	0	0	0	0	0	0	0	0
36	36	1769	500.919	247.664	0.887	98	1071	513	39	12	98	1071	513	39	12	109.000	124.929	227	135	125	122	121	120	119	118	117	116	112	103.000	173.083	543	187	180	176	172	166	161	155	149	143	121	1	111	502.543	258.636	0	0	0	176	178.081	0	0	283	297.550	0	0	1	49	503.035	259.964	0	0	0	198	196.918	0	0	377	385.980	0	0
37	37	917	173.187	258.160	0.848	133	389	225	122	32	133	389	225	122	32	107.000	132.394	162	152	143	137	133	130	127	125	122	119	114	103.944	125.667	157	140	135	132	128	124	121	118	116	114	110	0	0	0.000	0.000	0	0	0	0	0.000	0	0	0	0.000	0	0	0	0	0	0	0	0	0	0	0	0	0	0	0	0	0
38	38	561	1662.119	250.201	0.909	56	138	193	125	36	56	138	193	125	36	110.000	130.301	146	142	138	135	131	129	127	125	123	121	116	105.818	435.520	639	592	539	497	459	422	396	372	340	306	230	0	0	0.000	0.000	0	0	0	0	0.000	0	0	0	0.000	0	0	0	0	0	0	0	0	0	0	0	0	0	0	0	0	0
39	39	1738	313.297	261.000	0.894	56	256	956	403	22	56	256	956	403	22	108.483	114.716	122	118	116	115	115	114	114	114	113	112	110	104.000	878.380	1446	1235	1120	1033	961	880	800	706	628	537	349	0	0	0.000	0.000	0	0	0	0	0.000	0	0	0	0.000	0	0	0	0	0	0	0	0	0	0	0	0	0	0	0	0	0
40	40	1002	1449.630	260.789	0.906	14	74	449	416	35	14	74	449	416	35	109.105	140.479	164	153	151	148	145	141	137	133	130	126	120	104.000	820.423	1163	1071	1018	968	904	836	767	699	624	540	395	0	0	0.000	0.000	0	0	0	0	0.000	0	0	0	0.000	0	0	0	0	0	0	0	0	0	0	0	0	0	0	0	0	0
41	41	1615	549.105	267.944	0.919	177	747	607	41	4	177	747	607	41	4	109.001	151.887	342	186	153	149	145	142	139	137	133	128	119	102.984	182.801	388	214	201	193	184	176	168	161	154	146	129	1	96	561.237	274.019	0	0	0	262	265.021	0	0	291	292.833	0	0	1	24	561.921	273.822	0	0	0	312	309.458	0	0	346	345.625	0	0
42	42	1997	1560.648	272.506	0.881	243	819	835	41	15	243	819	835	41	15	110.000	162.527	193	182	178	174	169	165	160	154	148	137	121	105.669	1930.024	2949	2499	2318	2203	2100	2003	1887	1742	1566	1260	528	0	0	0.000	0.000	0	0	0	0	0.000	0	0	0	0.000	0	0	0	0	0	0	0	0	0	0	0	0	0	0	0	0	0
43	43	1847	1696.357	276.613	0.906	15	408	1131	250	11	15	408	1131	250	11	110.000	165.152	198	185	177	173	170	167	163	158	151	144	125	104.952	713.516	1110	982	895	831	775	727	669	609	523	430	251	0	0	0.000	0.000	0	0	0	0	0.000	0	0	0	0.000	0	0	0	0	0	0	0	0	0	0	0	0	0	0	0	0	0
44	44	2250	1631.473	286.127	0.886	48	202	527	1230	202	48	202	527	1230	202	110.000	226.092	278	262	253	245	238	230	222	213	202	185	136	106.000	2678.679	3875	3549	3288	3096	2939	2766	2572	2377	2078	1702	526	0	0	0.000	0.000	0	0	0	0	0.000	0	0	0	0.000	0	0	0	0	0	0	0	0	0	0	0	0	0	0	0	0	0
45	45	1230	1258.320	280.295	0.901	144	592	380	74	10	144	592	380	74	10	110.000	136.602	153	146	145	143	141	138	134	132	128	124	118	103.000	174.607	228	201	194	187	181	175	167	161	154	148	134	0	0	0.000	0.000	0	0	0	0	0.000	0	0	0	0.000	0	0	0	0	0	0	0	0	0	0	0	0	0	0	0	0	0
46	46	1936	259.021	287.601	0.899	63	1718	106	11	11	63	1718	106	11	11	108.000	213.927	2368	279	143	138	135	133	131	128	125	121	113	103.693	341.446	2587	355	326	310	296	281	263	242	221	191	152	1	136	246.024	289.368	0	0	0	1031	1114.037	0	0	1154	1241.301	0	0	1	106	245.988	289.899	0	0	0	1231	1281.160	0	0	1384	1437.302	0	0
47	47	1363	1410.444	283.573	0.899	26	175	774	345	21	26	175	774	345	21	109.703	140.909	166	157	150	146	144	140	136	133	131	128	120	103.290	772.522	1349	1153	973	866	779	709	660	612	570	538	401	0	0	0.000	0.000	0	0	0	0	0.000	0	0	0	0.000	0	0	0	0	0	0	0	0	0	0	0	0	0	0	0	0	0
48	48	1683	1210.427	293.404	0.844	47	256	853	479	18	47	256	853	479	18	109.731	131.660	149	142	139	137	135	132	129	126	124	121	116	103.053	169.248	223	204	193	183	174	167	161	154	146	139	124	0	0	0.000	0.000	0	0	0	0	0.000	0	0	0	0.000	0	0	0	0	0	0	0	0	0	0	0	0	0	0	0	0	0
49	49	977	1001.600	298.733	0.918	38	271	472	162	14	38	271	472	162	14	109.771	173.410	273	220	199	187	178	171	162	152	142	134	123	103.000	149.035	212	177	166	159	153	148	142	136	129	121	110	0	0	0.000	0.000	0	0	0	0	0.000	0	0	0	0.000	0	0	0	0	0	0	0	0	0	0	0	0	0	0	0	0	0
50	50	2205	85.084	321.614	0.883	139	723	978	279	42	139	723	978	279	42	106.012	115.152	127	121	118	117	115	114	113	113	112	111	108	103.705	881.898	1450	1243	1154	1081	989	891	795	705	604	499	309	0	0	0.000	0.000	0	0	0	0	0.000	0	0	0	0.000	0	0	0	0	0	0	0	0	0	0	0	0	0	0	0	0	0
51	51	1628	222.967	325.716	0.916	59	226	787	468	52	59	226	787	468	52	107.950	134.858	366	141	136	135	133	131	129	126	123	119	112	102.723	291.320	711	348	337	327	313	300	279	258	238	215	157	1	56	220.713	328.000	0	0	0	243	245.607	0	0	401	416.964	0	0	0	0	0	0	0	0	0	0	0	0	0	0	0	0	0
52	52	1598	384.198	321.233	0.862	226	939	356	37	11	226	939	356	37	11	108.882	184.504	254	223	206	197	190	184	176	167	159	151	132	103.635	120.556	154	131	125	122	120	119	117	116	114	112	106	0	0	0.000	0.000	0	0	0	0	0.000	0	0	0	0.000	0	0	0	0	0	0	0	0	0	0	0	0	0	0	0	0	0
53	53	976	1701.045	324.263	0.899	215	492	173	68	14	215	492	173	68	14	109.999	165.926	559	220	166	159	152	147	142	139	134	128	118	104.505	124.654	160	140	133	129	125	122	119	118	116	114	109	1	69	1710.728	330.347	0	0	0	340	356.145	0	0	136	134.435	0	0	0	0	0	0	0	0	0	0	0	0	0	0	0	0	0
54	54	1457	273.153	332.384	0.903	59	224	725	379	45	59	224	725	379	45	108.000	114.789	121	118	116	116	115	115	114	114	113	112	110	103.617	119.629	130	124	123	122	121	120	119	118	117	115	105	0	0	0.000	0.000	0	0	0	0	0.000	0	0	0	0.000	0	0	0	0	0	0	0	0	0	0	0	0	0	0	0	0	0
55	55	678	1517.960	325.800	0.896	309	213	96	34	15	309	213	96	34	15	109.593	134.063	161	150	147	143	139	133	128	124	121	119	114	105.000	195.919	337	234	220	209	201	193	183	177	168	158	146	0	0	0.000	0.000	0	0	0	0	0.000	0	0	0	0.000	0	0	0	0	0	0	0	0	0	0	0	0	0	0	0	0	0
56	56	1482	709.353	348.196	0.914	127	527	637	130	27	127	527	637	130	27	109.190	118.835	126	123	121	121	120	119	118	117	116	115	112	103.000	1338.915	2514	2016	1746	1533	1355	1233	1137	1054	974	854	480	0	0	0.000	0.000	0	0	0	0	0.000	0	0	0	0.000	0	0	0	0	0	0	0	0	0	0	0	0	0	0	0	0	0
57	57	1984	1143.476	352.272	0.899	90	703	1071	71	17	90	703	1071	71	17	109.501	146.863	168	160	158	155	151	147	143	140	137	133	120	103.008	704.383	1069	950	879	815	759	707	662	597	531	449	336	0	0	0.000	0.000	0	0	0	0	0.000	0	0	0	0.000	0	0	0	0	0	0	0	0	0	0	0	0	0	0	0	0	0
58	58	2872	1679.376	371.122	0.899	173	1223	1302	108	10	173	1223	1302	108	10	109.903	119.134	129	125	123	122	120	118	117	116	115	115	112	104.188	127.505	145	136	133	131	129	127	126	124	123	119	107	0	0	0.000	0.000	0	0	0	0	0.000	0	0	0	0.000	0	0	0	0	0	0	0	0	0	0	0	0	0	0	0	0	0
59	59	1303	119.939	363.198	0.910	14	228	891	148	5	14	228	891	148	5	106.666	112.675	118	115	114	113	113	113	112	112	111	111	108	102.779	817.871	1223	1069	1028	983	936	870	789	682	581	478	326	0	0	0.000	0.000	0	0	0	0	0.000	0	0	0	0.000	0	0	0	0	0	0	0	0	0	0	0	0	0	0	0	0	0
60	60	1245	38.548	365.553	0.916	22	87	366	650	91	22	87	366	650	91	105.006	110.766	115	113	112	112	111	111	110	110	110	109	107	101.862	747.839	1044	981	942	892	828	760	687	624	563	503	342	0	0	0.000	0.000	0	0	0	0	0.000	0	0	0	0.000	0	0	0	0	0	0	0	0	0	0	0	0	0	0	0	0	0
61	61	1685	79.140	380.442	0.861	39	270	786	513	48	39	270	786	513	48	106.364	113.519	124	117	115	114	114	113	112	112	111	111	109	102.359	682.036	1102	1007	920	842	763	675	582	507	446	389	216	0	0	0.000	0.000	0	0	0	0	0.000	0	0	0	0.000	0	0	0	0	0	0	0	0	0	0	0	0	0	0	0	0	0
62	62	1509	1179.459	398.624	0.879	41	106	616	678	33	41	106	616	678	33	110.000	146.302	172	159	155	152	149	146	144	141	138	132	122	103.010	746.950	1191	1001	920	860	794	730	674	628	594	511	341	0	0	0.000	0.000	0	0	0	0	0.000	0	0	0	0.000	0	0	0	0	0	0	0	0	0	0	0	0	0	0	0	0	0
63	63	1718	961.920	404.177	0.894	199	1209	250	24	5	199	1209	250	24	5	109.994	121.314	136	128	124	123	121	120	119	119	118	117	113	103.000	122.446	134	127	126	125	124	123	122	121	119	116	107	0	0	0.000	0.000	0	0	0	0	0.000	0	0	0	0.000	0	0	0	0	0	0	0	0	0	0	0	0	0	0	0	0	0
64	64	2418	339.763	411.612	0.898	553	1671	85	68	14	553	1671	85	68	14	109.000	170.658	208	196	190	185	179	173	168	160	150	138	124	103.891	705.863	1142	992	941	880	804	718	638	551	472	376	270	0	0	0.000	0.000	0	0	0	0	0.000	0	0	0	0.000	0	0	0	0	0	0	0	0	0	0	0	0	0	0	0	0	0
65	65	479	1137.183	393.017	0.925	22	63	196	176	12	22	63	196	176	12	110.000	123.424	132	129	128	127	125	124	122	120	119	117	114	104.000	351.430	523	454	432	407	383	357	324	298	271	235	193	0	0	0.000	0.000	0	0	0	0	0.000	0	0	0	0.000	0	0	0	0	0	0	0	0	0	0	0	0	0	0	0	0	0
66	66	1858	713.966	408.116	0.896	34	395	1131	224	41	34	395	1131	224	41	109.871	280.784	3226	404	161	154	152	150	145	142	138	132	125	103.000	132.484	274	139	133	131	129	128	126	124	122	120	108	1	156	705.599	396.849	0	0	0	1437	1549.468	0	0	188	192.109	0	0	1	74	705.650	395.683	0	0	0	2039	1992.027	0	0	221	221.649	0	0
67	67	1465	1829.148	409.802	0.901	875	481	53	21	13	875	481	53	21	13	109.080	122.188	132	125	124	123	123	122	121	121	120	119	116	103.000	120.266	153	134	128	124	120	117	115	114	113	112	108	0	0	0.000	0.000	0	0	0	0	0.000	0	0	0	0.000	0	0	0	0	0	0	0	0	0	0	0	0	0	0	0	0	0
68	68	1318	768.872	409.770	0.891	21	298	705	265	8	21	298	705	265	8	109.866	148.267	442	165	145	142	140	138	136	134	132	129	120	103.000	129.075	145	136	134	133	131	130	128	126	124	121	113	1	71	761.226	416.921	0	0	0	284	288.437	0	0	131	130.606	0	0	0	0	0	0	0	0	0	0	0	0	0	0	0	0	0
69	69	1528	118.601	426.466	0.910	118	588	646	130	18	118	588	646	130	18	107.000	114.141	123	117	116	115	114	114	113	113	112	112	109	102.746	738.991	1106	1017	942	870	801	733	681	622	549	460	362	0	0	0.000	0.000	0	0	0	0	0.000	0	0	0	0.000	0	0	0	0	0	0	0	0	0	0	0	0	0	0	0	0	0
70	70	338	66.082	434.946	0.930	52	115	109	47	12	52	115	109	47	12	106.015	128.391	149	141	137	133	130	128	125	123	121	117	111	101.207	117.985	140	133	127	124	121	118	114	110	107	105	103	0	0	0.000	0.000	0	0	0	0	0.000	0	0	0	0.000	0	0	0	0	0	0	0	0	0	0	0	0	0	0	0	0	0
71	71	1350	1536.203	457.183	0.886	104	242	579	346	60	104	242	579	346	60	110.000	127.667	166	145	133	129	127	125	123	121	120	118	112	103.000	126.835	179	148	133	129	126	124	122	118	116	113	108	0	0	0.000	0.000	0	0	0	0	0.000	0	0	0	0.000	0	0	0	0	0	0	0	0	0	0	0	0	0	0	0	0	0
72	72	930	97.267	461.988	0.838	201	450	192	50	18	201	450	192	50	18	107.012	128.201	149	141	136	132	130	128	126	123	120	116	111	102.000	119.744	138	129	126	124	121	120	118	116	113	109	104	0	0	0.000	0.000	0	0	0	0	0.000	0	0	0	0.000	0	0	0	0	0	0	0	0	0	0	0	0	0	0	0	0	0
73	73	1602	885.907	473.387	0.904	145	765	571	86	14	145	765	571	86	14	109.956	124.478	135	130	127	126	125	125	124	122	121	119	114	104.526	254.637	341	303	286	274	264	255	246	235	221	206	178	0	0	0.000	0.000	0	0	0	0	0.000	0	0	0	0.000	0	0	0	0	0	0	0	0	0	0	0	0	0	0	0	0	0
74	74	1383	834.845	486.948	0.900	198	511	401	213	39	198	511	401	213	39	109.412	120.730	128	124	123	122	121	121	120	119	119	117	114	104.488	222.372	308	272	255	242	231	221	210	200	189	177	155	0	0	0.000	0.000	0	0	0	0	0.000	0	0	0	0.000	0	0	0	0	0	0	0	0	0	0	0	0	0	0	0	0	0
75	75	383	883.467	517.027	0.897	14	106	164	81	15	14	106	164	81	15	109.674	118.394	123	121	120	119	119	118	118	118	117	116	114	105.000	191.068	224	208	201	196	193	190	188	185	181	176	164	0	0	0.000	0.000	0	0	0	0	0.000	0	0	0	0.000	0	0	0	0	0	0	0	0	0	0	0	0	0	0	0	0	0
76	76	1708	847.086	542.183	0.851	41	546	907	160	8	41	546	907	160	8	110.364	144.734	166	156	152	150	148	146	143	140	136	132	126	105.000	558.210	863	745	698	647	596	552	508	470	433	369	285	0	0	0.000	0.000	0	0	0	0	0.000	0	0	0	0.000	0	0	0	0	0	0	0	0	0	0	0	0	0	0	0	0	0
77	77	757	110.275	536.359	0.925	27	77	307	293	40	27	77	307	293	40	107.199	113.324	118	116	115	114	114	113	113	112	112	111	109	102.000	146.339	173	161	158	155	152	148	145	140	135	127	111	0	0	0.000	0.000	0	0	0	0	0.000	0	0	0	0.000	0	0	0	0	0	0	0	0	0	0	0	0	0	0	0	0	0
78	78	2544	245.336	550.813	0.883	378	1865	202	29	12	378	1865	202	29	12	108.005	117.571	125	121	120	119	118	117	117	116	115	114	111	102.468	134.131	155	143	141	139	137	136	134	132	128	122	105	0	0	0.000	0.000	0	0	0	0	0.000	0	0	0	0.000	0	0	0	0	0	0	0	0	0	0	0	0	0	0	0	0	0
79	79	1493	909.856	549.720	0.904	76	668	681	31	7	76	668	681	31	7	110.019	118.358	127	122	120	119	119	118	118	117	116	115	112	104.603	404.142	594	517	480	458	437	408	376	343	319	296	218	0	0	0.000	0.000	0	0	0	0	0.000	0	0	0	0.000	0	0	0	0	0	0	0	0	0	0	0	0	0	0	0	0	0
80	80	1925	772.617	554.925	0.885	226	992	596	58	12	226	992	596	58	12	110.957	428.437	2733	783	563	431	344	298	282	264	244	223	187	104.000	123.381	155	131	127	125	124	123	121	120	119	117	111	2	124	765.323	564.649	73	789.721	540.821	799	790.935	1438	1506.219	128	128.621	129	129.781	0	0	0	0	0	0	0	0	0	0	0	0	0	0	0
81	81	2314	700.590	563.253	0.865	1449	715	34	30	18	1449	715	34	30	18	111.000	181.580	235	218	203	196	189	182	175	167	156	146	131	104.570	1120.157	1840	1648	1476	1359	1240	1111	994	876	752	620	319	0	0	0.000	0.000	0	0	0	0	0.000	0	0	0	0.000	0	0	0	0	0	0	0	0	0	0	0	0	0	0	0	0	0
82	82	1548	1962.227	571.372	0.895	154	685	622	53	8	154	685	622	53	8	108.583	118.755	130	123	121	120	119	118	118	117	116	115	112	103.000	1736.895	3177	2471	2300	2135	1930	1750	1597	1387	1163	908	479	0	0	0.000	0.000	0	0	0	0	0.000	0	0	0	0.000	0	0	0	0	0	0	0	0	0	0	0	0	0	0	0	0	0
83	83	2521	296.702	587.074	0.890	82	1512	795	64	12	82	1512	795	64	12	108.919	119.331	140	127	124	121	119	118	117	116	115	114	111	102.247	128.365	173	138	135	133	131	129	126	123	121	118	110	0	0	0.000	0.000	0	0	0	0	0.000	0	0	0	0.000	0	0	0	0	0	0	0	0	0	0	0	0	0	0	0	0	0
84	84	1115	871.637	583.728	0.896	49	132	622	268	23	49	132	622	268	23	111.343	140.819	159	153	151	147	143	140	137	134	132	129	125	105.000	563.200	836	745	701	670	625	571	517	472	415	363	274	0	0	0.000	0.000	0	0	0	0	0.000	0	0	0	0.000	0	0	0	0	0	0	0	0	0	0	0	0	0	0	0	0	0
85	85	2524	1781.649	600.991	0.882	421	1629	345	50	18	421	1629	345	50	18	109.996	129.662	163	147	139	133	129	126	124	122	121	119	114	103.917	400.184	549	493	467	444	424	407	391	373	341	283	172	1	10	1793.902	614.702	0	0	0	161	160.200	0	0	359	358.300	0	0	0	0	0	0	0	0	0	0	0	0	0	0	0	0	0
86	86	1736	818.441	599.299	0.884	29	133	900	608	33	29	133	900	608	33	111.319	147.052	169	160	156	153	150	147	144	141	138	134	124	104.808	564.937	813	718	680	645	611	570	533	492	440	403	293	0	0	0.000	0.000	0	0	0	0	0.000	0	0	0	0.000	0	0	0	0	0	0	0	0	0	0	0	0	0	0	0	0	0
87	87	1844	659.470	601.381	0.898	14	122	753	865	46	14	122	753	865	46	111.000	220.330	1667	353	166	153	149	145	142	139	135	130	123	104.974	628.523	4569	939	581	521	474	443	411	378	335	266	216	1	169	666.535	593.865	0	0	0	783	857.852	0	0	2324	2390.888	0	0	1	136	667.325	593.775	0	0	0	909	947.691	0	0	2636	2746.846	0	0
88	88	1378	1025.631	612.137	0.854	87	211	505	491	50	87	211	505	491	50	111.000	119.546	128	124	122	121	120	119	119	118	117	116	114	103.000	653.835	1103	903	830	761	712	673	627	563	492	363	165	0	0	0.000	0.000	0	0	0	0	0.000	0	0	0	0.000	0	0	0	0	0	0	0	0	0	0	0	0	0	0	0	0	0
89	89	2000	707.895	631.429	0.888	27	135	612	1084	98	27	135	612	1084	98	110.814	178.680	218	203	195	191	186	180	173	167	161	155	134	105.000	1046.189	1530	1396	1310	1233	1166	1105	1005	886	763	615	429	0	0	0.000	0.000	0	0	0	0	0.000	0	0	0	0.000	0	0	0	0	0	0	0	0	0	0	0	0	0	0	0	0	0
90	90	1001	858.980	628.225	0.909	21	143	530	244	43	21	143	530	244	43	111.668	211.996	370	278	241	223	212	201	193	186	177	167	146	104.659	123.422	142	132	129	126	124	123	121	120	118	116	107	0	0	0.000	0.000	0	0	0	0	0.000	0	0	0	0.000	0	0	0	0	0	0	0	0	0	0	0	0	0	0	0	0	0
91	91	1051	1381.167	632.476	0.893	371	452	140	56	16	371	452	140	56	16	111.000	188.493	247	220	209	200	194	190	185	178	168	156	133	103.000	131.085	158	148	142	137	133	129	127	124	121	117	104	0	0	0.000	0.000	0	0	0	0	0.000	0	0	0	0.000	0	0	0	0	0	0	0	0	0	0	0	0	0	0	0	0	0
92	92	1705	914.645	642.622	0.874	27	311	923	374	53	27	311	923	374	53	111.000	135.599	202	152	143	138	133	131	129	128	126	124	119	104.837	1525.012	4799	2277	1908	1660	1472	1346	1236	1109	994	853	435	1	57	901.115	643.071	0	0	0	185	182.614	0	0	4034	3951.649	0	0	1	33	900.967	643.510	0	0	0	188	188.061	0	0	4269	4250.121	0	0
93	93	611	623.539	637.815	0.917	96	161	196	122	26	96	161	196	122	26	111.000	130.997	144	138	136	134	132	131	129	128	126	125	121	105.000	353.358	527	481	439	404	376	352	326	292	267	238	194	0	0	0.000	0.000	0	0	0	0	0.000	0	0	0	0.000	0	0	0	0	0	0	0	0	0	0	0	0	0	0	0	0	0
94	94	494	795.839	639.410	0.866	30	68	241	131	13	30	68	241	131	13	111.000	136.662	148	142	140	139	138	137	136	135	133	130	125	104.093	508.348	661	611	585	568	540	517	495	459	428	392	313	0	0	0.000	0.000	0	0	0	0	0.000	0	0	0	0.000	0	0	0	0	0	0	0	0	0	0	0	0	0	0	0	0	0
95	95	896	1753.350	642.213	0.903	25	61	396	359	34	25	61	396	359	34	110.778	121.812	155	129	125	123	121	120	119	119	117	116	113	104.917	286.749	458	391	355	325	299	281	266	243	220	195	145	2	12	1743.751	650.000	107	1752.248	636.164	125	124.500	133	135.103	281	278.083	321	324.178	0	0	0	0	0	0	0	0	0	0	0	0	0	0	0
96	96	976	1810.297	643.974	0.917	9	51	258	524	107	9	51	258	524	107	110.234	136.725	149	145	143	142	140	138	136	133	129	126	119	104.201	516.887	792	659	599	572	549	521	491	460	421	371	262	0	0	0.000	0.000	0	0	0	0	0.000	0	0	0	0.000	0	0	0	0	0	0	0	0	0	0	0	0	0	0	0	0	0
97	97	635	342.078	656.867	0.913	27	94	191	238	68	27	94	191	238	68	108.200	174.550	431	274	198	167	156	148	143	139	136	132	124	103.000	114.586	125	120	118	116	115	114	113	112	111	110	107	1	75	344.262	657.442	0	0	0	315	312.893	0	0	118	118.307	0	0	0	0	0	0	0	0	0	0	0	0	0	0	0	0	0
98	98	260	940.337	665.118	0.965	64	65	64	47	14	64	65	64	47	14	111.000	123.096	130	128	126	125	124	123	121	120	120	119	116	104.927	705.769	1185	1050	948	844	774	707	625	546	465	393	270	0	0	0.000	0.000	0	0	0	0	0.000	0	0	0	0.000	0	0	0	0	0	0	0	0	0	0	0	0	0	0	0	0	0
99	99	1714	1730.721	682.114	0.866	20	251	834	527	61	20	251	834	527	61	110.770	156.784	433	163	161	158	156	154	151	147	143	138	126	104.174	924.880	2524	1152	1100	1049	985	919	855	789	724	656	416	1	38	1717.705	693.944	0	0	0	311	309.237	0	0	1498	1540.079	0	0	0	0	0	0	0	0	0	0	0	0	0	0	0	0	0
100	100	367	712.103	671.808	0.915	9	74	175	86	16	9	74	175	86	16	110.000	171.251	206	198	191	185	179	173	166	158	151	144	129	105.000	908.281	1327	1256	1178	1104	1023	938	850	756	643	525	349	0	0	0.000	0.000	0	0	0	0	0.000	0	0	0	0.000	0	0	0	0	0	0	0	0	0	0	0	0	0	0	0	0	0
101	101	1597	1783.420	683.143	0.905	16	214	890	403	38	16	214	890	403	38	111.000	170.092	1028	201	147	144	141	137	134	132	130	126	118	104.440	639.786	4722	766	682	619	566	514	462	416	384	354	205	1	119	1770.568	686.188	0	0	0	486	529.807	0	0	1956	2076.605	0	0	1	77	1771.612	684.891	0	0	0	547	554.468	0	0	2623	2701.429	0	0
102	102	1988	896.839	691.456	0.857	89	726	889	221	21	89	726	889	221	21	111.000	2173.140	31399	6177	837	269	213	195	183	174	168	159	133	104.083	128.668	208	142	130	128	126	125	124	122	120	118	108	1	241	892.402	683.431	0	0	0	13715	14905.021	0	0	159	162.660	0	0	1	85	892.464	683.633	0	0	0	24234	24232.129	0	0	186	186.035	0	0
103	103	467	1688.412	679.691	0.940	33	97	237	89	8	33	97	237	89	8	110.000	125.484	136	132	129	128	126	125	124	123	121	120	117	103.880	410.630	609	548	504	469	433	405	372	344	315	291	241	0	0	0.000	0.000	0	0	0	0	0.000	0	0	0	0.000	0	0	0	0	0	0	0	0	0	0	0	0	0	0	0	0	0
104	104	804	1614.521	682.057	0.886	114	313	302	56	9	114	313	302	56	9	110.000	224.705	421	347	286	256	230	207	188	172	158	147	131	103.009	129.165	168	152	140	135	131	127	123	120	116	113	109	0	0	0.000	0.000	0	0	0	0	0.000	0	0	0	0.000	0	0	0	0	0	0	0	0	0	0	0	0	0	0	0	0	0
105	105	1495	1370.458	691.861	0.909	29	156	756	485	41	29	156	756	485	41	110.858	136.146	150	144	141	140	138	137	135	133	131	128	121	104.000	643.663	1003	881	802	738	678	621	567	525	494	452	344	0	0	0.000	0.000	0	0	0	0	0.000	0	0	0	0.000	0	0	0	0	0	0	0	0	0	0	0	0	0	0	0	0	0
106	106	1928	339.030	698.953	0.892	93	774	933	81	7	93	774	933	81	7	108.646	733.768	19526	785	189	150	145	143	141	139	135	129	118	103.000	120.303	165	130	125	122	119	118	117	116	115	113	108	1	120	347.510	691.720	0	0	0	7282	8187.583	0	0	139	141.158	0	0	1	24	348.188	691.385	0	0	0	15089	14599.125	0	0	157	155.083	0	0
107	107	1756	1318.067	698.299	0.900	6	123	977	561	52	6	123	977	561	52	111.000	134.608	153	146	140	138	136	134	133	131	128	125	118	103.975	631.431	988	899	803	741	680	628	573	517	453	394	262	0	0	0.000	0.000	0	0	0	0	0.000	0	0	0	0.000	0	0	0	0	0	0	0	0	0	0	0	0	0	0	0	0	0
108	108	1488	1396.840	731.784	0.859	24	37	528	781	88	24	37	528	781	88	110.211	134.140	152	143	140	137	136	133	132	130	128	126	117	103.930	536.288	770	667	623	595	568	538	504	476	439	401	324	0	0	0.000	0.000	0	0	0	0	0.000	0	0	0	0.000	0	0	0	0	0	0	0	0	0	0	0	0	0	0	0	0	0
109	109	707	1354.642	747.325	0.904	12	57	319	245	48	12	57	319	245	48	111.000	129.530	140	135	133	132	131	130	129	127	126	124	120	104.000	460.863	614	574	539	508	476	459	441	418	391	357	264	0	0	0.000	0.000	0	0	0	0	0.000	0	0	0	0.000	0	0	0	0	0	0	0	0	0	0	0	0	0	0	0	0	0
110	110	1049	554.558	803.395	0.896	79	506	399	35	7	79	506	399	35	7	110.000	163.999	215	177	174	172	170	167	163	159	152	143	129	103.919	123.162	134	129	128	127	125	124	123	121	119	114	107	0	0	0.000	0.000	0	0	0	0	0.000	0	0	0	0.000	0	0	0	0	0	0	0	0	0	0	0	0	0	0	0	0	0
111	111	469	147.083	806.400	0.898	43	122	177	102	21	43	122	177	102	21	108.000	113.011	117	115	114	114	113	113	113	112	112	111	108	103.000	439.876	727	604	557	518	484	451	404	361	316	267	212	0	0	0.000	0.000	0	0	0	0	0.000	0	0	0	0.000	0	0	0	0	0	0	0	0	0	0	0	0	0	0	0	0	0
112	112	2032	601.447	820.590	0.847	209	1539	223	28	6	209	1539	223	28	6	110.702	246.964	2080	371	236	188	171	166	163	159	152	144	125	103.534	125.508	150	132	130	128	126	125	124	123	122	120	110	2	128	591.606	825.613	42	601.553	809.084	975	1066.398	312	307.262	133	133.898	130	130.024	0	0	0	0	0	0	0	0	0	0	0	0	0	0	0
113	113	1270	501.514	820.786	0.900	36	268	733	196	10	36	268	733	196	10	110.000	118.606	127	122	121	120	119	118	118	117	116	116	111	103.843	700.623	1009	879	824	779	736	698	655	617	578	539	401	0	0	0.000	0.000	0	0	0	0	0.000	0	0	0	0.000	0	0	0	0	0	0	0	0	0	0	0	0	0	0	0	0	0
114	114	2112	699.412	834.167	0.919	52	560	1020	394	43	52	560	1020	394	43	111.000	117.918	128	122	120	119	118	117	117	116	116	115	113	102.622	136.857	153	146	144	142	140	139	137	135	131	125	108	0	0	0.000	0.000	0	0	0	0	0.000	0	0	0	0.000	0	0	0	0	0	0	0	0	0	0	0	0	0	0	0	0	0
115	115	1040	61.664	830.569	0.853	16	107	519	348	34	16	107	519	348	34	107.000	371.218	480	451	436	420	405	389	367	333	298	265	202	102.000	501.877	664	616	586	562	536	509	478	447	415	381	283	0	0	0.000	0.000	0	0	0	0	0.000	0	0	0	0.000	0	0	0	0	0	0	0	0	0	0	0	0	0	0	0	0	0
116	116	401	253.033	822.508	0.844	45	151	142	41	12	45	151	142	41	12	108.000	160.561	182	174	170	166	163	161	158	155	151	146	137	103.000	126.000	138	134	131	129	127	126	125	123	121	119	112	0	0	0.000	0.000	0	0	0	0	0.000	0	0	0	0.000	0	0	0	0	0	0	0	0	0	0	0	0	0	0	0	0	0
117	117	1325	152.415	836.437	0.883	98	571	429	157	49	98	571	429	157	49	108.000	114.670	122	117	116	116	115	115	114	114	113	112	110	103.000	525.764	819	705	660	621	581	537	493	447	398	318	202	0	0	0.000	0.000	0	0	0	0	0.000	0	0	0	0.000	0	0	0	0	0	0	0	0	0	0	0	0	0	0	0	0	0
118	118	1817	537.815	854.396	0.868	20	142	1033	558	33	20	142	1033	558	33	110.418	117.813	125	120	119	119	118	118	117	117	116	116	112	104.419	670.679	1073	954	884	824	769	713	638	539	432	338	203	0	0	0.000	0.000	0	0	0	0	0.000	0	0	0	0.000	0	0	0	0	0	0	0	0	0	0	0	0	0	0	0	0	0
119	119	789	1246.828	850.429	0.887	110	225	279	132	30	110	225	279	132	30	111.907	252.044	438	394	352	315	276	238	204	176	157	139	123	102.000	155.654	223	201	188	180	169	155	141	130	120	113	108	0	0	0.000	0.000	0	0	0	0	0.000	0	0	0	0.000	0	0	0	0	0	0	0	0	0	0	0	0	0	0	0	0	0
120	120	2085	446.822	871.635	0.892	118	1184	687	48	11	118	1184	687	48	11	110.000	119.664	131	125	123	121	120	119	118	117	116	115	111	103.032	120.674	134	127	125	123	121	120	119	118	117	116	109	0	0	0.000	0.000	0	0	0	0	0.000	0	0	0	0.000	0	0	0	0	0	0	0	0	0	0	0	0	0	0	0	0	0
121	121	1128	592.943	868.747	0.842	298	653	112	28	9	298	653	112	28	9	111.000	169.213	210	188	181	177	174	170	167	161	156	148	134	103.957	117.774	129	122	120	119	118	118	117	116	115	114	110	0	0	0.000	0.000	0	0	0	0	0.000	0	0	0	0.000	0	0	0	0	0	0	0	0	0	0	0	0	0	0	0	0	0
122	122	1591	988.270	875.597	0.898	36	636	627	200	36	36	636	627	200	36	111.769	278.362	374	350	330	314	301	287	271	248	221	193	160	104.163	1857.065	2682	2546	2419	2263	2133	1964	1774	1513	1251	1015	614	0	0	0.000	0.000	0	0	0	0	0.000	0	0	0	0.000	0	0	0	0	0	0	0	0	0	0	0	0	0	0	0	0	0
123	123	2130	676.930	886.355	0.835	14	141	1320	590	25	14	141	1320	590	25	110.212	118.385	131	124	121	119	118	117	117	116	116	115	113	102.882	135.228	165	149	145	142	140	137	133	128	123	121	105	0	0	0.000	0.000	0	0	0	0	0.000	0	0	0	0.000	0	0	0	0	0	0	0	0	0	0	0	0	0	0	0	0	0
124	124	2778	1046.626	882.610	0.796	171	1864	653	25	6	171	1864	653	25	6	111.711	511.757	816	692	642	600	551	513	472	427	379	335	168	104.244	1575.654	2814	2246	2082	1910	1751	1580	1402	1229	1055	870	389	0	0	0.000	0.000	0	0	0	0	0.000	0	0	0	0.000	0	0	0	0	0	0	0	0	0	0	0	0	0	0	0	0	0
125	125	1883	118.875	885.721	0.833	18	390	1207	203	25	18	390	1207	203	25	107.084	114.005	122	118	116	115	114	114	113	112	112	111	109	102.673	720.415	1045	935	870	817	778	735	689	633	569	505	274	0	0	0.000	0.000	0	0	0	0	0.000	0	0	0	0.000	0	0	0	0	0	0	0	0	0	0	0	0	0	0	0	0	0
126	126	2605	282.130	886.742	0.861	68	1678	767	43	6	68	1678	767	43	6	109.000	115.237	122	118	117	116	116	115	115	114	114	113	110	103.000	181.767	234	217	208	201	193	184	174	164	155	144	126	0	0	0.000	0.000	0	0	0	0	0.000	0	0	0	0.000	0	0	0	0	0	0	0	0	0	0	0	0	0	0	0	0	0
127	127	1757	223.194	889.202	0.870	71	120	767	704	55	71	120	767	704	55	108.713	115.441	128	120	118	116	115	115	114	114	113	112	109	103.000	159.516	191	177	174	171	168	164	158	150	143	136	120	0	0	0.000	0.000	0	0	0	0	0.000	0	0	0	0.000	0	0	0	0	0	0	0	0	0	0	0	0	0	0	0	0	0
128	128	786	333.742	883.882	0.879	20	106	305	277	64	20	106	305	277	64	109.000	116.608	123	120	119	118	117	116	116	115	114	113	112	102.902	165.870	203	186	179	175	172	168	164	158	152	143	122	0	0	0.000	0.000	0	0	0	0	0.000	0	0	0	0.000	0	0	0	0	0	0	0	0	0	0	0	0	0	0	0	0	0
129	129	756	761.236	881.984	0.837	248	317	115	34	27	248	317	115	34	27	110.602	128.840	145	140	135	132	130	128	126	124	122	120	115	102.000	121.278	143	134	129	125	123	121	119	116	114	111	103	0	0	0.000	0.000	0	0	0	0	0.000	0	0	0	0.000	0	0	0	0	0	0	0	0	0	0	0	0	0	0	0	0	0
130	130	1027	1722.099	886.780	0.893	48	153	639	145	21	48	153	639	145	21	111.000	153.722	173	168	164	159	156	153	150	148	145	142	132	103.000	1232.094	1750	1512	1435	1354	1277	1216	1161	1104	1060	957	682	0	0	0.000	0.000	0	0	0	0	0.000	0	0	0	0.000	0	0	0	0	0	0	0	0	0	0	0	0	0	0	0	0	0
131	131	1225	520.262	901.291	0.901	251	612	275	55	13	251	612	275	55	13	110.579	255.907	338	312	293	281	266	255	244	235	222	202	155	103.960	559.697	883	784	716	666	606	552	491	444	409	361	226	0	0	0.000	0.000	0	0	0	0	0.000	0	0	0	0.000	0	0	0	0	0	0	0	0	0	0	0	0	0	0	0	0	0
132	132	1560	572.350	905.177	0.888	36	370	912	203	15	36	370	912	203	15	111.000	119.394	127	123	121	120	120	119	119	118	117	116	112	104.000	673.622	1083	969	873	805	743	672	612	551	475	380	229	0	0	0.000	0.000	0	0	0	0	0.000	0	0	0	0.000	0	0	0	0	0	0	0	0	0	0	0	0	0	0	0	0	0
133	133	310	624.905	891.434	0.953	36	69	101	80	21	36	69	101	80	21	110.890	127.816	140	136	134	132	130	128	126	124	121	119	116	103.000	109.974	116	113	112	111	110	110	109	108	108	107	104	0	0	0.000	0.000	0	0	0	0	0.000	0	0	0	0.000	0	0	0	0	0	0	0	0	0	0	0	0	0	0	0	0	0
134	134	1847	1944.620	916.947	0.875	98	997	646	51	18	98	997	646	51	18	109.238	133.793	210	155	144	138	133	129	126	123	121	118	113	102.000	124.429	167	143	134	128	125	122	120	117	114	110	103	1	56	1947.354	926.558	0	0	0	186	185.839	0	0	147	147.250	0	0	0	0	0	0	0	0	0	0	0	0	0	0	0	0	0
135	135	660	420.606	904.221	0.921	54	146	199	204	51	54	146	199	204	51	109.794	116.864	132	120	119	118	118	117	116	115	114	113	111	104.000	126.258	246	140	130	126	124	122	121	119	117	114	109	0	0	0.000	0.000	0	0	0	0	0.000	0	0	0	0.000	0	0	0	0	0	0	0	0	0	0	0	0	0	0	0	0	0
136	136	2041	1002.597	930.738	0.901	150	1232	511	90	25	150	1232	511	90	25	110.981	237.955	360	309	289	269	253	237	221	204	184	163	147	104.785	1542.826	2730	2355	2089	1865	1669	1473	1283	1112	986	916	572	0	0	0.000	0.000	0	0	0	0	0.000	0	0	0	0.000	0	0	0	0	0	0	0	0	0	0	0	0	0	0	0	0	0
137	137	1523	1750.795	929.601	0.873	43	514	790	143	12	43	514	790	143	12	111.000	144.066	165	156	152	148	145	143	141	139	137	135	128	103.000	858.649	1498	1261	1152	1033	918	829	760	661	563	502	424	0	0	0.000	0.000	0	0	0	0	0.000	0	0	0	0.000	0	0	0	0	0	0	0	0	0	0	0	0	0	0	0	0	0
138	138	1573	328.589	930.575	0.865	12	150	875	440	58	12	150	875	440	58	109.853	115.185	120	118	117	116	116	115	115	114	114	113	110	102.916	164.311	201	184	176	171	167	163	160	156	152	147	129	0	0	0.000	0.000	0	0	0	0	0.000	0	0	0	0.000	0	0	0	0	0	0	0	0	0	0	0	0	0	0	0	0	0
139	139	1833	437.285	938.463	0.852	70	1226	381	115	16	70	1226	381	115	16	110.434	179.638	207	197	193	189	185	183	180	174	167	156	137	105.173	955.340	1328	1237	1169	1116	1059	1007	946	854	732	583	369	0	0	0.000	0.000	0	0	0	0	0.000	0	0	0	0.000	0	0	0	0	0	0	0	0	0	0	0	0	0	0	0	0	0
140	140	806	271.495	936.623	0.859	757	27	9	6	5	757	27	9	6	5	109.000	403.496	956	661	507	447	408	374	332	293	261	228	166	102.728	134.484	175	152	142	138	136	133	131	128	124	120	111	0	0	0.000	0.000	0	0	0	0	0.000	0	0	0	0.000	0	0	0	0	0	0	0	0	0	0	0	0	0	0	0	0	0
141	141	1526	535.573	949.517	0.920	47	487	792	147	9	47	487	792	147	9	110.111	242.450	334	296	279	269	258	246	231	218	206	182	144	104.320	1772.478	2755	2439	2162	2004	1870	1766	1670	1534	1374	1186	532	0	0	0.000	0.000	0	0	0	0	0.000	0	0	0	0.000	0	0	0	0	0	0	0	0	0	0	0	0	0	0	0	0	0
142	142	1510	1106.098	951.272	0.890	65	399	804	194	23	65	399	804	194	23	111.665	120.864	136	128	124	122	121	120	119	118	118	116	113	103.097	1261.012	1800	1672	1564	1433	1286	1218	1157	1084	990	913	780	0	0	0.000	0.000	0	0	0	0	0.000	0	0	0	0.000	0	0	0	0	0	0	0	0	0	0	0	0	0	0	0	0	0
143	143	975	1048.904	961.973	0.877	17	59	377	400	110	17	59	377	400	110	110.614	121.745	134	127	125	124	122	121	120	119	118	117	113	103.642	1216.847	1768	1583	1466	1375	1278	1195	1118	1049	978	906	640	0	0	0.000	0.000	0	0	0	0	0.000	0	0	0	0.000	0	0	0	0	0	0	0	0	0	0	0	0	0	0	0	0	0
144	144	1282	921.646	972.327	0.896	30	155	676	339	45	30	155	676	339	45	111.000	263.530	335	319	308	300	287	277	261	239	214	187	149	104.346	2055.200	2831	2688	2577	2469	2345	2201	2042	1840	1528	1134	555	0	0	0.000	0.000	0	0	0	0	0.000	0	0	0	0.000	0	0	0	0	0	0	0	0	0	0	0	0	0	0	0	0	0
145	145	2322	460.297	986.101	0.885	82	578	1257	328	32	82	578	1257	328	32	111.257	149.566	178	164	160	156	153	151	148	144	139	133	118	106.835	452.884	894	620	571	520	483	448	417	384	342	288	165	0	0	0.000	0.000	0	0	0	0	0.000	0	0	0	0.000	0	0	0	0	0	0	0	0	0	0	0	0	0	0	0	0	0
146	146	1967	136.282	981.166	0.897	29	553	1049	278	24	29	553	1049	278	24	107.177	128.671	144	137	135	134	132	129	127	124	122	119	114	101.957	806.474	1069	1000	978	956	923	888	843	750	610	434	309	0	0	0.000	0.000	0	0	0	0	0.000	0	0	0	0.000	0	0	0	0	0	0	0	0	0	0	0	0	0	0	0	0	0
147	147	2672	391.891	989.957	0.854	76	1147	1310	70	11	76	1147	1310	70	11	110.916	375.722	3720	785	235	195	187	182	173	158	143	132	124	105.603	1385.302	7795	2417	1507	1381	1243	1120	961	819	665	479	373	1	285	386.276	984.314	0	0	0	1751	1891.754	0	0	3984	4280.333	0	0	1	171	386.093	984.155	0	0	0	2433	2451.801	0	0	5165	5244.047	0	0
148	148	1520	1362.011	989.205	0.902	72	939	432	40	11	72	939	432	40	11	111.508	130.291	189	148	138	133	129	126	124	122	121	119	116	102.000	154.417	206	179	170	165	160	155	148	142	136	130	117	1	41	1354.860	976.392	0	0	0	169	170.927	0	0	188	188.220	0	0	0	0	0	0	0	0	0	0	0	0	0	0	0	0	0
149	149	1734	81.597	990.985	0.883	17	161	893	542	86	17	161	893	542	86	106.745	124.363	137	131	129	127	126	124	123	122	120	118	111	100.634	694.324	1090	948	876	816	763	708	640	569	508	429	257	0	0	0.000	0.000	0	0	0	0	0.000	0	0	0	0.000	0	0	0	0	0	0	0	0	0	0	0	0	0	0	0	0	0
150	150	2022	511.430	1004.387	0.832	314	1579	73	14	16	314	1579	73	14	16	111.272	220.422	287	266	255	245	234	226	216	204	184	164	127	106.148	1479.284	2269	1930	1798	1690	1578	1488	1392	1290	1179	1072	353	0	0	0.000	0.000	0	0	0	0	0.000	0	0	0	0.000	0	0	0	0	0	0	0	0	0	0	0	0	0	0	0	0	0
151	151	1683	1136.074	994.957	0.871	298	1102	204	33	11	298	1102	204	33	11	111.127	130.613	140	136	134	132	131	130	130	129	128	126	121	102.964	117.241	131	121	120	119	118	117	116	116	115	113	107	0	0	0.000	0.000	0	0	0	0	0.000	0	0	0	0.000	0	0	0	0	0	0	0	0	0	0	0	0	0	0	0	0	0
152	152	1513	998.830	1010.820	0.885	43	341	713	329	64	43	341	713	329	64	111.812	258.531	333	309	302	292	278	261	243	231	219	202	159	104.000	183.820	222	205	200	195	191	187	182	175	167	158	134	0	0	0.000	0.000	0	0	0	0	0.000	0	0	0	0.000	0	0	0	0	0	0	0	0	0	0	0	0	0	0	0	0	0
153	153	585	897.874	1027.417	0.923	14	44	106	336	66	14	44	106	336	66	110.966	149.585	165	160	157	155	152	150	147	145	143	139	131	104.000	434.549	615	524	492	474	455	435	413	394	371	348	260	0	0	0.000	0.000	0	0	0	0	0.000	0	0	0	0.000	0	0	0	0	0	0	0	0	0	0	0	0	0	0	0	0	0
154	154	1470	1046.245	1032.274	0.894	78	802	510	52	3	78	802	510	52	3	112.134	213.571	301	264	243	232	221	211	199	190	179	169	157	103.110	162.907	218	187	181	175	168	162	155	150	145	140	130	0	0	0.000	0.000	0	0	0	0	0.000	0	0	0	0.000	0	0	0	0	0	0	0	0	0	0	0	0	0	0	0	0	0
155	155	1268	651.645	1034.957	0.908	101	591	469	71	15	101	591	469	71	15	110.452	147.416	164	156	152	151	149	147	146	144	142	139	132	103.701	714.771	1066	943	853	805	764	726	681	637	575	456	342	0	0	0.000	0.000	0	0	0	0	0.000	0	0	0	0.000	0	0	0	0	0	0	0	0	0	0	0	0	0	0	0	0	0
156	156	636	694.121	1030.677	0.914	36	89	203	266	31	36	89	203	266	31	110.923	129.953	141	137	136	135	133	130	128	126	124	122	118	104.000	461.936	615	584	565	546	524	497	454	401	347	288	218	0	0	0.000	0.000	0	0	0	0	0.000	0	0	0	0.000	0	0	0	0	0	0	0	0	0	0	0	0	0	0	0	0	0
157	157	498	499.807	1042.173	0.898	11	96	308	61	6	11	96	308	61	6	112.000	182.560	229	203	196	193	189	185	180	173	166	158	145	106.283	1156.643	1655	1462	1386	1320	1235	1150	1087	1040	986	827	535	0	0	0.000	0.000	0	0	0	0	0.000	0	0	0	0.000	0	0	0	0	0	0	0	0	0	0	0	0	0	0	0	0	0
158	158	1821	875.846	1061.471	0.875	12	22	451	1150	151	12	22	451	1150	151	111.611	166.587	198	181	176	173	170	168	165	161	157	151	133	104.999	601.668	906	763	719	674	632	597	569	531	485	431	303	0	0	0.000	0.000	0	0	0	0	0.000	0	0	0	0.000	0	0	0	0	0	0	0	0	0	0	0	0	0	0	0	0	0
159	159	1945	532.317	1067.364	0.869	249	1441	200	21	9	249	1441	200	21	9	112.506	194.713	253	232	222	214	206	197	187	175	163	156	131	106.000	1176.421	1840	1576	1464	1363	1281	1186	1088	998	857	742	519	0	0	0.000	0.000	0	0	0	0	0.000	0	0	0	0.000	0	0	0	0	0	0	0	0	0	0	0	0	0	0	0	0	0
160	160	1728	692.571	1072.265	0.892	110	1313	219	49	11	110	1313	219	49	11	111.417	144.697	166	157	153	150	147	145	142	140	137	131	125	104.000	658.726	1145	981	883	790	721	650	568	490	433	374	261	0	0	0.000	0.000	0	0	0	0	0.000	0	0	0	0.000	0	0	0	0	0	0	0	0	0	0	0	0	0	0	0	0	0
161	161	1567	428.697	1068.181	0.889	406	761	260	82	24	406	761	260	82	24	111.000	125.211	147	132	129	127	126	124	123	122	120	119	115	106.156	2186.464	3151	2869	2680	2564	2410	2263	2073	1856	1664	1428	839	0	0	0.000	0.000	0	0	0	0	0.000	0	0	0	0.000	0	0	0	0	0	0	0	0	0	0	0	0	0	0	0	0	0
162	162	1601	971.056	1068.871	0.904	114	845	557	46	10	114	845	557	46	10	112.161	124.816	140	132	130	128	126	123	122	121	120	119	115	104.102	1457.663	2140	1877	1738	1663	1584	1494	1380	1248	1151	1014	692	0	0	0.000	0.000	0	0	0	0	0.000	0	0	0	0.000	0	0	0	0	0	0	0	0	0	0	0	0	0	0	0	0	0
163	163	1844	826.649	1075.465	0.909	701	916	114	65	16	701	916	114	65	16	111.953	135.226	149	144	142	140	138	136	133	131	129	125	119	105.451	902.824	1536	1298	1161	1062	971	893	814	727	658	541	278	0	0	0.000	0.000	0	0	0	0	0.000	0	0	0	0.000	0	0	0	0	0	0	0	0	0	0	0	0	0	0	0	0	0
164	164	1348	1038.017	1089.077	0.895	16	242	596	411	63	16	242	596	411	63	113.000	317.591	2986	429	254	232	224	215	207	199	190	181	161	103.004	167.605	296	189	181	174	169	165	159	155	151	146	130	1	96	1029.900	1092.109	0	0	0	1314	1411.198	0	0	213	213.521	0	0	0	0	0	0	0	0	0	0	0	0	0	0	0	0	0
165	165	1913	377.185	1091.348	0.888	41	868	844	119	9	41	868	844	119	9	110.018	124.693	151	131	128	126	125	124	123	121	120	119	115	104.884	2577.324	3662	3255	3096	2976	2832	2670	2492	2261	2003	1701	1020	0	0	0.000	0.000	0	0	0	0	0.000	0	0	0	0.000	0	0	0	0	0	0	0	0	0	0	0	0	0	0	0	0	0
166	166	784	1677.057	1087.912	0.864	229	294	194	37	11	229	294	194	37	11	111.000	140.288	166	154	149	146	143	140	137	133	130	127	122	102.000	116.376	132	123	120	119	117	116	115	114	112	110	103	0	0	0.000	0.000	0	0	0	0	0.000	0	0	0	0.000	0	0	0	0	0	0	0	0	0	0	0	0	0	0	0	0	0
167	167	1163	930.866	1100.895	0.910	89	602	389	52	12	89	602	389	52	12	112.000	121.248	128	125	124	123	122	121	120	120	119	118	114	105.000	1599.523	2436	2251	2117	1917	1744	1625	1508	1349	1115	858	633	0	0	0.000	0.000	0	0	0	0	0.000	0	0	0	0.000	0	0	0	0	0	0	0	0	0	0	0	0	0	0	0	0	0
168	168	2808	585.849	1117.264	0.834	57	745	1721	222	13	57	745	1721	222	13	112.593	249.547	417	312	298	287	278	267	248	214	182	166	145	105.392	1623.466	2569	2291	2114	1950	1814	1706	1580	1344	1041	845	467	0	0	0.000	0.000	0	0	0	0	0.000	0	0	0	0.000	0	0	0	0	0	0	0	0	0	0	0	0	0	0	0	0	0
169	169	1455	885.421	1120.574	0.847	25	252	797	328	25	25	252	797	328	25	112.223	169.067	195	184	179	176	172	169	166	163	159	154	139	104.742	596.018	841	740	700	669	636	605	572	543	498	427	300	0	0	0.000	0.000	0	0	0	0	0.000	0	0	0	0.000	0	0	0	0	0	0	0	0	0	0	0	0	0	0	0	0	0
170	170	1023	531.207	1115.324	0.779	19	256	529	181	17	19	256	529	181	17	112.993	243.478	324	304	293	284	274	257	232	206	185	166	147	106.000	1503.682	2441	2247	2093	1923	1779	1579	1353	1099	864	668	259	0	0	0.000	0.000	0	0	0	0	0.000	0	0	0	0.000	0	0	0	0	0	0	0	0	0	0	0	0	0	0	0	0	0
171	171	1247	1079.935	1115.582	0.925	16	256	605	314	32	16	256	605	314	32	112.003	120.026	129	123	122	121	120	120	119	119	118	117	114	102.848	130.455	145	136	134	133	132	131	129	128	127	125	116	0	0	0.000	0.000	0	0	0	0	0.000	0	0	0	0.000	0	0	0	0	0	0	0	0	0	0	0	0	0	0	0	0	0
172	172	1098	501.100	1120.636	0.750	58	389	497	113	22	58	389	497	113	22	112.148	266.428	311	290	284	280	276	270	262	255	249	238	211	105.526	1660.463	2364	2056	1994	1916	1820	1707	1567	1436	1299	1169	985	0	0	0.000	0.000	0	0	0	0	0.000	0	0	0	0.000	0	0	0	0	0	0	0	0	0	0	0	0	0	0	0	0	0
173	173	991	998.240	1128.525	0.909	48	190	431	260	43	48	190	431	260	43	112.160	123.693	133	128	126	125	124	124	123	122	121	120	116	104.000	1442.957	2309	2015	1881	1753	1648	1518	1356	1178	980	754	377	0	0	0.000	0.000	0	0	0	0	0.000	0	0	0	0.000	0	0	0	0	0	0	0	0	0	0	0	0	0	0	0	0	0
174	174	1624	321.774	1144.480	0.822	8	49	629	795	115	8	49	629	795	115	109.927	202.287	251	232	221	214	208	202	196	191	184	174	145	103.698	723.440	1046	944	863	804	756	714	676	631	586	528	338	0	0	0.000	0.000	0	0	0	0	0.000	0	0	0	0.000	0	0	0	0	0	0	0	0	0	0	0	0	0	0	0	0	0
175	175	2413	1308.057	1147.521	0.875	247	1776	270	59	27	247	1776	270	59	27	113.000	137.071	160	144	142	141	139	138	137	134	131	128	120	103.161	156.686	207	176	170	166	162	158	153	148	142	135	111	0	0	0.000	0.000	0	0	0	0	0.000	0	0	0	0.000	0	0	0	0	0	0	0	0	0	0	0	0	0	0	0	0	0
176	176	1466	842.332	1138.014	0.870	17	104	706	574	43	17	104	706	574	43	112.553	151.212	172	164	160	157	154	152	150	147	143	138	124	105.303	201.327	263	235	221	216	209	202	194	188	180	168	140	0	0	0.000	0.000	0	0	0	0	0.000	0	0	0	0.000	0	0	0	0	0	0	0	0	0	0	0	0	0	0	0	0	0
177	177	1163	1039.378	1137.443	0.882	34	79	535	458	35	34	79	535	458	35	112.132	220.762	282	266	251	239	231	223	214	202	188	173	153	103.340	168.626	204	191	184	177	172	168	165	160	154	148	128	0	0	0.000	0.000	0	0	0	0	0.000	0	0	0	0.000	0	0	0	0	0	0	0	0	0	0	0	0	0	0	0	0	0
178	178	1843	730.442	1148.343	0.889	207	1042	530	17	4	207	1042	530	17	4	111.122	147.266	172	163	157	153	150	147	143	140	137	134	125	103.960	1530.152	2645	2256	1987	1771	1660	1577	1462	1259	1006	750	499	0	0	0.000	0.000	0	0	0	0	0.000	0	0	0	0.000	0	0	0	0	0	0	0	0	0	0	0	0	0	0	0	0	0
179	179	1167	779.323	1151.186	0.893	68	455	499	114	7	68	455	499	114	7	112.000	164.440	182	175	172	169	168	166	163	160	157	153	141	104.825	2376.748	3028	2892	2776	2647	2519	2405	2302	2159	1999	1804	1396	0	0	0.000	0.000	0	0	0	0	0.000	0	0	0	0.000	0	0	0	0	0	0	0	0	0	0	0	0	0	0	0	0	0
180	180	1320	1618.857	1162.798	0.803	280	666	263	79	12	280	666	263	79	12	111.652	130.659	147	138	135	133	132	131	129	128	126	124	117	102.845	351.510	695	507	452	409	371	335	310	280	255	224	131	0	0	0.000	0.000	0	0	0	0	0.000	0	0	0	0.000	0	0	0	0	0	0	0	0	0	0	0	0	0	0	0	0	0
181	181	562	937.385	1163.736	0.845	56	269	177	43	10	56	269	177	43	10	111.979	168.940	240	209	191	178	171	165	156	152	146	139	129	104.000	132.062	163	150	142	138	134	130	126	124	121	119	113	0	0	0.000	0.000	0	0	0	0	0.000	0	0	0	0.000	0	0	0	0	0	0	0	0	0	0	0	0	0	0	0	0	0
182	182	989	492.765	1175.719	0.920	34	93	326	437	76	34	93	326	437	76	111.000	118.637	126	123	121	120	119	118	117	117	116	115	113	104.145	483.789	728	675	633	596	557	511	442	376	321	269	187	0	0	0.000	0.000	0	0	0	0	0.000	0	0	0	0.000	0	0	0	0	0	0	0	0	0	0	0	0	0	0	0	0	0
183	183	1468	1941.615	1181.222	0.872	79	100	596	623	38	79	100	596	623	38	110.986	144.788	168	158	155	152	149	146	143	139	134	129	123	102.000	174.572	224	204	196	189	182	174	167	160	154	147	127	0	0	0.000	0.000	0	0	0	0	0.000	0	0	0	0.000	0	0	0	0	0	0	0	0	0	0	0	0	0	0	0	0	0
184	184	966	829.001	1189.173	0.912	18	74	433	358	65	18	74	433	358	65	112.000	150.782	169	161	158	156	154	152	149	147	143	138	128	104.218	205.591	260	241	229	219	212	206	197	190	182	174	150	0	0	0.000	0.000	0	0	0	0	0.000	0	0	0	0.000	0	0	0	0	0	0	0	0	0	0	0	0	0	0	0	0	0
185	185	863	1080.059	1186.601	0.887	43	349	386	63	8	43	349	386	63	8	111.035	122.185	131	126	125	124	123	122	121	120	120	119	116	103.000	496.088	713	615	555	527	502	485	462	443	426	410	360	0	0	0.000	0.000	0	0	0	0	0.000	0	0	0	0.000	0	0	0	0	0	0	0	0	0	0	0	0	0	0	0	0	0
186	186	1326	1341.577	1195.530	0.922	40	114	642	427	76	40	114	642	427	76	113.000	132.837	144	138	137	136	135	134	132	130	129	126	121	103.857	148.857	172	164	161	157	154	151	148	143	137	131	115	0	0	0.000	0.000	0	0	0	0	0.000	0	0	0	0.000	0	0	0	0	0	0	0	0	0	0	0	0	0	0	0	0	0
187	187	1733	316.688	1203.514	0.869	99	863	708	21	4	99	863	708	21	4	109.134	177.293	239	212	199	189	182	175	169	161	153	146	139	103.991	577.381	952	810	730	670	618	579	531	471	411	369	261	0	0	0.000	0.000	0	0	0	0	0.000	0	0	0	0.000	0	0	0	0	0	0	0	0	0	0	0	0	0	0	0	0	0
188	188	914	1798.854	1201.486	0.910	166	516	178	36	11	166	516	178	36	11	111.108	172.060	202	188	183	180	177	173	169	164	160	154	150	103.000	156.057	203	186	176	167	160	153	146	141	137	132	124	0	0	0.000	0.000	0	0	0	0	0.000	0	0	0	0.000	0	0	0	0	0	0	0	0	0	0	0	0	0	0	0	0	0
189	189	1414	1293.726	1207.636	0.857	267	1105	20	9	5	267	1105	20	9	5	112.185	131.924	145	138	136	135	134	132	130	129	127	125	122	103.351	148.028	179	165	159	155	152	148	144	140	136	133	122	0	0	0.000	0.000	0	0	0	0	0.000	0	0	0	0.000	0	0	0	0	0	0	0	0	0	0	0	0	0	0	0	0	0
190	190	390	1629.078	1200.538	0.941	23	167	136	45	10	23	167	136	45	10	112.000	120.721	128	125	124	122	121	120	119	119	118	118	114	103.000	180.756	316	258	221	198	184	170	157	147	138	129	114	0	0	0.000	0.000	0	0	0	0	0.000	0	0	0	0.000	0	0	0	0	0	0	0	0	0	0	0	0	0	0	0	0	0
191	191	1276	213.739	1215.088	0.862	47	532	593	72	6	47	532	593	72	6	108.000	147.644	167	159	156	154	151	149	146	143	139	134	123	103.000	1561.172	2202	2016	1928	1837	1735	1626	1498	1354	1179	995	637	0	0	0.000	0.000	0	0	0	0	0.000	0	0	0	0.000	0	0	0	0	0	0	0	0	0	0	0	0	0	0	0	0	0
192	192	1831	1988.697	1216.944	0.847	10	58	484	1028	210	10	58	484	1028	210	110.000	147.022	167	158	155	152	149	146	144	142	140	137	126	101.984	180.340	229	211	203	196	189	181	173	165	156	149	135	0	0	0.000	0.000	0	0	0	0	0.000	0	0	0	0.000	0	0	0	0	0	0	0	0	0	0	0	0	0	0	0	0	0
193	193	255	2025.702	1203.118	0.928	24	47	66	78	38	24	47	66	78	38	109.871	128.227	145	141	138	135	132	128	124	121	118	116	113	101.000	135.243	168	158	154	149	145	138	129	121	116	110	106	0	0	0.000	0.000	0	0	0	0	0.000	0	0	0	0.000	0	0	0	0	0	0	0	0	0	0	0	0	0	0	0	0	0
194	194	408	771.611	1218.288	0.872	24	88	191	77	15	24	88	191	77	15	111.880	129.547	146	139	134	132	130	129	127	125	124	123	120	103.000	127.907	147	136	134	132	131	129	128	126	122	116	109	0	0	0.000	0.000	0	0	0	0	0.000	0	0	0	0.000	0	0	0	0	0	0	0	0	0	0	0	0	0	0	0	0	0
195	195	477	1342.810	1240.733	0.879	22	188	208	41	10	22	188	208	41	10	112.459	197.245	240	223	212	205	200	195	192	188	182	175	161	103.000	122.931	140	128	126	125	124	123	122	121	120	118	112	0	0	0.000	0.000	0	0	0	0	0.000	0	0	0	0.000	0	0	0	0	0	0	0	0	0	0	0	0	0	0	0	0	0
196	196	1497	196.782	1262.408	0.874	66	535	712	142	11	66	535	712	142	11	107.124	138.604	163	153	147	142	139	137	135	133	131	129	121	103.587	1072.356	2154	1719	1447	1272	1187	1119	986	778	576	427	322	0	0	0.000	0.000	0	0	0	0	0.000	0	0	0	0.000	0	0	0	0	0	0	0	0	0	0	0	0	0	0	0	0	0
197	197	1919	1891.193	1281.702	0.853	111	121	1045	564	48	111	121	1045	564	48	112.000	190.408	336	216	203	197	191	187	183	179	174	164	136	104.000	129.694	161	140	134	131	129	128	127	126	124	122	113	0	0	0.000	0.000	0	0	0	0	0.000	0	0	0	0.000	0	0	0	0	0	0	0	0	0	0	0	0	0	0	0	0	0
198	198	1016	1280.407	1311.635	0.876	197	106	542	109	41	197	106	542	109	41	112.000	133.418	147	142	139	137	135	134	132	130	128	125	121	104.217	764.926	1271	1100	987	888	829	757	673	599	534	480	316	0	0	0.000	0.000	0	0	0	0	0.000	0	0	0	0.000	0	0	0	0	0	0	0	0	0	0	0	0	0	0	0	0	0
199	199	1359	1918.570	1321.600	0.892	8	153	765	381	27	8	153	765	381	27	111.617	164.448	195	184	180	175	170	164	160	156	150	143	131	104.024	1270.656	2076	1719	1547	1440	1359	1279	1202	1086	957	809	680	0	0	0.000	0.000	0	0	0	0	0.000	0	0	0	0.000	0	0	0	0	0	0	0	0	0	0	0	0	0	0	0	0	0
200	200	1434	1315.217	1340.165	0.910	22	182	857	324	23	22	182	857	324	23	112.096	136.155	152	145	143	141	138	135	133	131	130	128	123	105.000	834.069	1525	1404	1277	1081	904	760	656	565	453	363	279	0	0	0.000	0.000	0	0	0	0	0.000	0	0	0	0.000	0	0	0	0	0	0	0	0	0	0	0	0	0	0	0	0	0
201	201	1352	1741.987	1342.579	0.909	6	50	496	674	94	6	50	496	674	94	111.256	158.074	177	171	168	164	161	158	156	153	150	145	132	103.479	400.127	513	473	455	438	423	407	389	369	343	316	263	0	0	0.000	0.000	0	0	0	0	0.000	0	0	0	0.000	0	0	0	0	0	0	0	0	0	0	0	0	0	0	0	0	0
202	202	1336	600.167	1346.381	0.898	192	663	372	77	12	192	663	372	77	12	111.000	120.111	130	124	122	121	120	120	119	119	118	117	112	104.962	141.043	162	152	149	147	145	143	140	137	135	126	110	0	0	0.000	0.000	0	0	0	0	0.000	0	0	0	0.000	0	0	0	0	0	0	0	0	0	0	0	0	0	0	0	0	0
203	203	2197	368.045	1354.313	0.896	38	434	1141	527	16	38	434	1141	527	16	109.877	155.681	184	175	171	168	164	159	152	145	138	131	123	104.755	728.588	1094	994	953	908	864	791	699	592	471	354	263	0	0	0.000	0.000	0	0	0	0	0.000	0	0	0	0.000	0	0	0	0	0	0	0	0	0	0	0	0	0	0	0	0	0
204	204	1771	1862.430	1358.566	0.869	63	304	1071	292	16	63	304	1071	292	16	112.000	221.885	1890	253	178	172	167	164	160	157	154	149	134	104.000	1358.111	7026	1657	1460	1364	1289	1208	1128	1036	934	805	609	1	103	1856.588	1364.702	0	0	0	943	977.107	0	0	3293	3526.117	0	0	1	60	1857.331	1366.052	0	0	0	1220	1163.550	0	0	4756	4851.267	0	0
205	205	1666	552.864	1359.482	0.876	47	112	988	481	16	47	112	988	481	16	110.917	159.728	180	173	170	168	164	161	157	153	149	145	136	105.000	814.569	1175	1080	1036	984	934	877	787	675	567	473	330	0	0	0.000	0.000	0	0	0	0	0.000	0	0	0	0.000	0	0	0	0	0	0	0	0	0	0	0	0	0	0	0	0	0
206	206	1615	313.467	1355.535	0.898	1040	365	103	46	29	1040	365	103	46	29	109.684	358.230	2742	934	292	179	167	163	159	153	147	139	123	105.723	1029.577	5375	2044	1039	840	792	737	685	635	575	492	253	1	234	318.856	1351.911	0	0	0	1274	1402.410	0	0	2641	2868.269	0	0	1	150	318.402	1351.710	0	0	0	1726	1735.253	0	0	3389	3460.060	0	0
207	207	1726	1789.749	1366.165	0.842	30	218	1085	340	18	30	218	1085	340	18	112.262	154.014	199	168	163	161	158	155	152	147	142	138	129	104.127	358.416	514	472	437	407	384	361	336	311	287	241	191	0	0	0.000	0.000	0	0	0	0	0.000	0	0	0	0.000	0	0	0	0	0	0	0	0	0	0	0	0	0	0	0	0	0
208	208	2213	445.272	1394.494	0.911	627	1269	201	63	11	627	1269	201	63	11	110.023	120.505	137	127	125	122	120	119	118	118	117	116	112	104.169	160.051	197	180	175	170	165	161	157	153	147	138	115	0	0	0.000	0.000	0	0	0	0	0.000	0	0	0	0.000	0	0	0	0	0	0	0	0	0	0	0	0	0	0	0	0	0
209	209	1330	521.989	1400.881	0.855	17	60	602	588	36	17	60	602	588	36	110.855	168.678	203	185	182	178	174	171	166	161	156	148	131	104.962	941.600	1330	1206	1156	1087	1006	949	895	831	750	652	428	0	0	0.000	0.000	0	0	0	0	0.000	0	0	0	0.000	0	0	0	0	0	0	0	0	0	0	0	0	0	0	0	0	0
210	210	1802	572.268	1420.318	0.866	38	73	958	671	25	38	73	958	671	25	111.000	180.701	725	226	183	172	163	158	153	147	144	136	125	104.939	745.462	1790	1269	1063	914	805	674	557	462	396	353	303	1	112	571.382	1408.247	0	0	0	432	447.911	0	0	1444	1382.759	0	0	0	0	0	0	0	0	0	0	0	0	0	0	0	0	0
211	211	835	1372.656	1410.920	0.920	12	166	490	137	14	12	166	490	137	14	113.063	145.956	164	158	155	152	149	146	143	140	137	134	128	104.792	831.200	1139	1067	1019	967	900	834	770	712	648	585	471	0	0	0.000	0.000	0	0	0	0	0.000	0	0	0	0.000	0	0	0	0	0	0	0	0	0	0	0	0	0	0	0	0	0
212	212	1196	1213.372	1430.747	0.888	79	249	660	167	21	79	249	660	167	21	113.000	132.808	150	141	139	137	135	133	131	129	126	124	120	103.227	115.532	125	120	119	117	116	116	115	114	113	111	107	0	0	0.000	0.000	0	0	0	0	0.000	0	0	0	0.000	0	0	0	0	0	0	0	0	0	0	0	0	0	0	0	0	0
213	213	1598	1775.991	1438.624	0.862	211	1220	118	14	4	211	1220	118	14	4	112.809	249.820	329	295	277	264	257	251	244	233	219	203	173	104.981	3040.763	4672	4040	3703	3425	3119	2912	2730	2589	2434	2230	1447	0	0	0.000	0.000	0	0	0	0	0.000	0	0	0	0.000	0	0	0	0	0	0	0	0	0	0	0	0	0	0	0	0	0
214	214	1460	1889.666	1440.100	0.880	48	190	793	374	40	48	190	793	374	40	111.511	147.449	174	162	158	154	151	147	143	140	137	134	126	104.021	374.805	525	485	457	425	399	373	349	324	296	265	219	0	0	0.000	0.000	0	0	0	0	0.000	0	0	0	0.000	0	0	0	0	0	0	0	0	0	0	0	0	0	0	0	0	0
215	215	1987	1641.388	1448.560	0.846	232	1093	531	75	21	232	1093	531	75	21	112.548	122.982	136	130	128	126	124	122	120	119	118	118	114	103.325	210.446	271	248	241	232	222	212	201	189	181	171	146	0	0	0.000	0.000	0	0	0	0	0.000	0	0	0	0.000	0	0	0	0	0	0	0	0	0	0	0	0	0	0	0	0	0
216	216	1706	1586.376	1449.572	0.887	41	920	638	55	11	41	920	638	55	11	112.981	123.344	154	136	127	123	122	120	119	119	118	117	114	104.000	252.113	308	285	277	270	262	255	248	239	230	214	169	1	266	1570.742	1450.120	0	0	0	139	138.992	0	0	242	240.767	0	0	0	0	0	0	0	0	0	0	0	0	0	0	0	0	0
217	217	1450	1377.399	1458.651	0.881	80	629	577	109	20	80	629	577	109	20	113.999	144.416	162	156	153	151	149	145	142	138	135	132	126	104.599	696.454	1107	947	890	839	795	736	662	556	467	391	339	0	0	0.000	0.000	0	0	0	0	0.000	0	0	0	0.000	0	0	0	0	0	0	0	0	0	0	0	0	0	0	0	0	0
218	218	556	36.648	1448.014	0.925	69	110	176	173	25	69	110	176	173	25	104.540	113.192	119	116	115	114	114	113	113	112	111	110	107	102.000	1367.525	2978	2060	1820	1661	1487	1324	1174	1064	894	669	365	0	0	0.000	0.000	0	0	0	0	0.000	0	0	0	0.000	0	0	0	0	0	0	0	0	0	0	0	0	0	0	0	0	0
219	219	1822	1489.732	1455.683	0.889	1250	440	37	25	26	1250	440	37	25	26	113.297	992.959	8055	4156	911	223	164	158	153	150	146	142	129	104.958	1692.729	10628	5866	1471	881	741	661	609	569	528	484	324	1	398	1492.242	1453.337	0	0	0	3584	3864.440	0	0	5114	5338.231	0	0	1	333	1492.308	1452.721	0	0	0	4365	4278.676	0	0	6179	6105.949	0	0
220	220	732	471.027	1463.690	0.837	59	282	265	87	20	59	282	265	87	20	111.000	290.152	502	396	380	361	337	304	267	230	187	157	130	104.000	141.079	190	165	157	153	148	142	136	129	122	115	109	0	0	0.000	0.000	0	0	0	0	0.000	0	0	0	0.000	0	0	0	0	0	0	0	0	0	0	0	0	0	0	0	0	0
221	221	2005	356.206	1478.655	0.900	1008	917	26	15	8	1008	917	26	15	8	109.922	247.555	325	308	291	273	256	241	229	219	211	199	168	105.208	592.360	959	856	770	689	630	577	529	473	420	368	282	0	0	0.000	0.000	0	0	0	0	0.000	0	0	0	0.000	0	0	0	0	0	0	0	0	0	0	0	0	0	0	0	0	0
222	222	1709	646.435	1469.855	0.882	44	202	1012	376	39	44	202	1012	376	39	110.464	180.475	216	204	198	195	190	185	178	169	160	152	137	104.073	1556.664	2246	1983	1880	1795	1715	1637	1527	1378	1184	986	762	0	0	0.000	0.000	0	0	0	0	0.000	0	0	0	0.000	0	0	0	0	0	0	0	0	0	0	0	0	0	0	0	0	0
223	223	1520	206.835	1475.984	0.849	68	596	750	72	6	68	596	750	72	6	108.461	146.230	168	163	156	152	148	146	143	139	136	133	123	103.287	1630.624	2521	2293	2095	1948	1818	1646	1474	1292	1128	977	685	0	0	0.000	0.000	0	0	0	0	0.000	0	0	0	0.000	0	0	0	0	0	0	0	0	0	0	0	0	0	0	0	0	0
224	224	1516	139.784	1480.595	0.889	72	496	704	170	33	72	496	704	170	33	108.000	179.275	218	200	193	189	184	180	175	170	163	158	142	102.587	577.276	822	743	690	655	617	575	529	491	460	425	332	0	0	0.000	0.000	0	0	0	0	0.000	0	0	0	0.000	0	0	0	0	0	0	0	0	0	0	0	0	0	0	0	0	0
225	225	1857	1183.137	1487.034	0.896	1555	156	95	24	17	1555	156	95	24	17	112.893	193.541	802	302	189	167	160	156	152	147	142	136	124	102.338	191.248	413	221	207	198	191	185	178	171	164	154	122	1	176	1184.269	1491.010	0	0	0	463	489.040	0	0	280	287.733	0	0	1	26	1184.975	1491.256	0	0	0	707	699.577	0	0	378	371.500	0	0
226	226	1021	1686.249	1479.552	0.905	43	357	463	130	14	43	357	463	130	14	113.000	151.702	359	208	159	143	138	134	132	130	128	126	123	103.504	126.444	136	131	129	128	127	127	126	125	124	122	111	1	120	1675.548	1483.744	0	0	0	245	254.475	0	0	128	128.092	0	0	0	0	0	0	0	0	0	0	0	0	0	0	0	0	0
227	227	1818	885.277	1492.503	0.874	20	304	1216	222	28	20	304	1216	222	28	112.494	183.238	238	207	201	197	193	187	181	174	164	150	129	104.054	1441.389	2028	1877	1802	1721	1630	1518	1372	1239	1101	886	388	0	0	0.000	0.000	0	0	0	0	0.000	0	0	0	0.000	0	0	0	0	0	0	0	0	0	0	0	0	0	0	0	0	0
228	228	1524	1800.466	1491.367	0.898	117	554	745	61	12	117	554	745	61	12	111.005	248.206	311	294	285	276	268	258	246	227	206	185	155	104.163	3088.891	4431	3941	3724	3548	3392	3218	3000	2766	2441	2056	1243	0	0	0.000	0.000	0	0	0	0	0.000	0	0	0	0.000	0	0	0	0	0	0	0	0	0	0	0	0	0	0	0	0	0
229	229	2733	416.180	1497.061	0.800	1400	947	253	64	16	1400	947	253	64	16	110.501	430.176	794	639	552	498	458	421	384	340	287	248	190	105.183	772.727	1494	1233	1067	947	830	751	668	567	444	358	246	0	0	0.000	0.000	0	0	0	0	0.000	0	0	0	0.000	0	0	0	0	0	0	0	0	0	0	0	0	0	0	0	0	0
230	230	1842	1901.788	1497.519	0.904	82	464	783	394	70	82	464	783	394	70	111.505	154.148	178	169	165	162	159	156	152	148	143	136	128	103.294	370.900	558	505	486	457	431	403	356	297	238	194	139	0	0	0.000	0.000	0	0	0	0	0.000	0	0	0	0.000	0	0	0	0	0	0	0	0	0	0	0	0	0	0	0	0	0
231	231	1588	1562.500	1499.776	0.884	50	151	885	437	28	50	151	885	437	28	113.511	195.811	706	210	201	194	189	184	180	175	168	162	137	104.972	793.937	1517	1016	947	885	839	794	743	690	632	552	343	1	49	1564.291	1488.137	0	0	0	455	471.592	0	0	1105	1130.980	0	0	0	0	0	0	0	0	0	0	0	0	0	0	0	0	0
232	232	2686	1445.450	1515.329	0.842	129	1530	900	71	6	129	1530	900	71	6	113.605	212.437	959	344	211	174	168	165	163	159	154	147	128	104.878	814.360	1713	1049	947	893	852	812	760	699	639	553	373	1	259	1434.985	1515.627	0	0	0	532	563.100	0	0	1203	1230.865	0	0	0	0	0	0	0	0	0	0	0	0	0	0	0	0	0
233	233	2098	691.760	1517.210	0.862	15	95	1053	870	25	15	95	1053	870	25	111.506	179.351	218	208	203	197	190	182	173	165	155	145	134	104.383	1447.708	2167	2008	1862	1708	1608	1502	1377	1212	1006	819	432	0	0	0.000	0.000	0	0	0	0	0.000	0	0	0	0.000	0	0	0	0	0	0	0	0	0	0	0	0	0	0	0	0	0
234	234	2558	1363.794	1525.740	0.902	615	1590	259	30	14	615	1590	259	30	14	113.177	639.994	8311	1580	384	248	201	178	168	155	149	144	126	103.658	116.029	153	122	118	117	116	115	114	113	112	111	104	2	206	1349.155	1522.126	95	1363.361	1504.022	3721	3999.495	2364	2536.158	129	131.398	121	122.084	1	41	1347.660	1520.533	0	0	0	6053	5929.902	0	0	145	144.439	0	0
235	235	1626	1602.912	1534.819	0.871	515	721	242	83	10	515	721	242	83	10	114.000	163.180	197	185	180	175	170	165	159	154	147	138	128	105.381	565.817	891	780	727	669	609	556	507	458	411	362	280	0	0	0.000	0.000	0	0	0	0	0.000	0	0	0	0.000	0	0	0	0	0	0	0	0	0	0	0	0	0	0	0	0	0
236	236	1674	920.934	1538.101	0.903	93	387	757	345	65	93	387	757	345	65	112.049	213.009	1263	223	215	210	199	189	180	170	162	156	137	104.106	1494.843	4406	1968	1852	1734	1622	1493	1347	1194	1027	867	571	1	71	911.103	1529.985	0	0	0	633	696.465	0	0	2868	2998.239	0	0	0	0	0	0	0	0	0	0	0	0	0	0	0	0	0
237	237	2032	1042.530	1543.879	0.867	256	1381	314	32	9	256	1381	314	32	9	111.708	125.039	136	130	129	127	126	125	124	123	121	120	115	103.034	132.147	148	139	137	136	134	133	131	130	128	124	112	0	0	0.000	0.000	0	0	0	0	0.000	0	0	0	0.000	0	0	0	0	0	0	0	0	0	0	0	0	0	0	0	0	0
238	238	1430	1673.207	1541.890	0.894	93	141	795	343	29	93	141	795	343	29	113.001	197.229	225	217	212	208	204	199	195	190	183	175	147	105.195	924.313	1209	1129	1076	1036	1001	961	904	828	770	684	439	0	0	0.000	0.000	0	0	0	0	0.000	0	0	0	0.000	0	0	0	0	0	0	0	0	0	0	0	0	0	0	0	0	0
239	239	1842	1845.610	1542.166	0.849	245	1132	351	72	12	245	1132	351	72	12	111.066	157.855	278	211	174	158	153	149	143	137	133	129	122	104.543	316.204	779	392	349	336	321	302	284	268	248	224	169	1	104	1843.835	1538.840	0	0	0	249	247.817	0	0	336	337.615	0	0	1	12	1846.985	1552.015	0	0	0	226	224	0	0	743	735.417	0	0
240	240	423	885.538	1530.799	0.924	17	126	159	99	11	17	126	159	99	11	112.085	131.475	146	140	137	135	133	132	129	128	126	123	118	104.000	452.645	703	642	595	548	500	449	409	368	320	264	185	0	0	0.000	0.000	0	0	0	0	0.000	0	0	0	0.000	0	0	0	0	0	0	0	0	0	0	0	0	0	0	0	0	0
241	241	704	1183.771	1539.877	0.714	37	308	305	34	5	37	308	305	34	5	112.668	160.649	800	226	140	133	131	129	128	128	127	125	122	102.457	192.213	582	218	204	196	188	183	177	170	161	150	131	1	67	1179.213	1548.132	0	0	0	380	395.925	0	0	244	280.299	0	0	1	23	1175.473	1545.702	0	0	0	181	212.870	0	0	389	394.783	0	0
242	242	2393	496.682	1550.155	0.887	44	161	1597	519	13	44	161	1597	519	13	111.078	277.682	373	339	322	309	299	288	274	253	227	200	167	104.855	668.098	979	862	819	774	737	694	645	578	492	429	300	0	0	0.000	0.000	0	0	0	0	0.000	0	0	0	0.000	0	0	0	0	0	0	0	0	0	0	0	0	0	0	0	0	0
243	243	1091	1984.093	1547.265	0.905	17	144	512	342	57	17	144	512	342	57	109.907	116.660	123	119	118	117	117	117	116	116	115	115	112	102.960	638.918	918	852	800	746	685	631	576	525	482	453	310	0	0	0.000	0.000	0	0	0	0	0.000	0	0	0	0.000	0	0	0	0	0	0	0	0	0	0	0	0	0	0	0	0	0
244	244	2321	1905.923	1564.589	0.887	45	231	1340	628	42	45	231	1340	628	42	111.554	181.087	1769	186	170	167	163	160	156	151	146	139	129	103.628	146.010	247	158	154	151	148	146	143	140	136	132	115	1	65	1924.015	1565.973	0	0	0	760	795.462	0	0	188	191.785	0	0	0	0	0	0	0	0	0	0	0	0	0	0	0	0	0
245	245	1685	99.147	1563.514	0.852	6	25	579	950	83	6	25	579	950	83	106.672	118.184	126	122	121	120	119	118	118	117	116	114	110	102.000	362.666	521	470	436	409	385	364	340	313	286	262	190	0	0	0.000	0.000	0	0	0	0	0.000	0	0	0	0.000	0	0	0	0	0	0	0	0	0	0	0	0	0	0	0	0	0
246	246	2627	1478.337	1572.215	0.849	123	1457	930	51	6	123	1457	930	51	6	112.586	279.668	2787	427	167	152	149	146	143	139	134	128	119	104.839	750.129	5204	1093	665	624	591	555	511	462	397	306	194	1	246	1465.553	1570.889	0	0	0	1404	1470.154	0	0	2819	2850.313	0	0	1	194	1465.935	1571.264	0	0	0	1672	1675.742	0	0	3249	3284.314	0	0
247	247	476	1431.231	1559.822	0.933	36	55	222	143	13	36	55	222	143	13	113.000	157.975	172	168	167	165	162	159	157	154	150	144	136	104.151	656.502	892	850	818	784	746	706	647	564	477	382	284	0	0	0.000	0.000	0	0	0	0	0.000	0	0	0	0.000	0	0	0	0	0	0	0	0	0	0	0	0	0	0	0	0	0
248	248	1675	593.857	1579.168	0.878	209	1134	264	31	11	209	1134	264	31	11	110.754	164.946	1116	168	153	148	143	140	136	133	129	126	118	104.000	747.825	4557	1000	923	838	748	657	579	518	439	354	276	1	85	600.631	1584.786	0	0	0	517	552.012	0	0	2200	2284.494	0	0	1	53	600.410	1585.279	0	0	0	679	668.396	0	0	2830	2775.566	0	0
249	249	1330	53.257	1588.720	0.888	45	274	759	205	16	45	274	759	205	16	105.349	115.789	126	120	119	117	116	116	115	114	113	111	108	101.665	337.629	505	449	413	380	352	328	306	289	272	241	171	0	0	0.000	0.000	0	0	0	0	0.000	0	0	0	0.000	0	0	0	0	0	0	0	0	0	0	0	0	0	0	0	0	0
250	250	1803	466.594	1594.374	0.864	31	373	1110	234	24	31	373	1110	234	24	110.456	585.153	3613	1545	653	380	314	292	277	263	249	223	162	104.267	788.765	2585	1320	866	768	711	657	623	580	539	478	289	1	281	461.801	1586.667	0	0	0	1874	1986.616	0	0	1509	1598.402	0	0	1	98	462.528	1586.751	0	0	0	2904	2863.867	0	0	2152	2137.459	0	0
251	251	1561	1777.531	1606.748	0.901	19	442	906	154	15	19	442	906	154	15	112.000	128.638	137	132	131	130	129	129	128	127	126	125	121	105.933	2226.443	3149	2880	2674	2537	2363	2197	2045	1918	1803	1661	1136	0	0	0.000	0.000	0	0	0	0	0.000	0	0	0	0.000	0	0	0	0	0	0	0	0	0	0	0	0	0	0	0	0	0
252	252	1417	322.691	1606.124	0.876	31	69	1062	222	11	31	69	1062	222	11	108.926	142.919	161	151	149	147	146	144	141	138	136	134	125	104.029	572.831	797	699	664	638	609	580	552	518	478	426	371	0	0	0.000	0.000	0	0	0	0	0.000	0	0	0	0.000	0	0	0	0	0	0	0	0	0	0	0	0	0	0	0	0	0
253	253	2117	1526.915	1618.497	0.875	57	541	1064	393	30	57	541	1064	393	30	112.109	155.680	882	154	147	143	140	138	135	133	131	129	123	105.113	580.569	2947	716	668	623	573	528	490	453	415	367	248	1	91	1538.881	1614.816	0	0	0	469	481.484	0	0	1604	1541.538	0	0	1	51	1539.985	1614.664	0	0	0	574	564.922	0	0	2015	2015.627	0	0
254	254	1000	538.054	1608.638	0.908	104	173	533	162	12	104	173	533	162	12	111.025	157.620	176	168	166	164	163	161	157	152	148	143	133	104.000	714.824	900	819	799	788	773	744	711	671	618	557	408	0	0	0.000	0.000	0	0	0	0	0.000	0	0	0	0.000	0	0	0	0	0	0	0	0	0	0	0	0	0	0	0	0	0
255	255	1476	376.453	1610.903	0.893	28	394	847	151	25	28	394	847	151	25	109.000	152.867	172	166	163	160	156	152	149	146	143	141	133	104.778	644.462	857	777	729	695	673	650	622	592	556	516	355	0	0	0.000	0.000	0	0	0	0	0.000	0	0	0	0.000	0	0	0	0	0	0	0	0	0	0	0	0	0	0	0	0	0
256	256	1032	1403.867	1613.168	0.728	33	264	506	193	18	33	264	506	193	18	112.000	118.078	124	120	120	119	118	118	118	117	117	116	114	104.000	158.629	193	185	180	172	165	159	152	145	139	132	121	0	0	0.000	0.000	0	0	0	0	0.000	0	0	0	0.000	0	0	0	0	0	0	0	0	0	0	0	0	0	0	0	0	0
257	257	2493	1909.482	1631.929	0.873	50	696	1369	288	54	50	696	1369	288	54	111.517	1022.741	15502	2389	309	193	183	178	174	169	163	154	133	103.873	183.731	875	240	155	150	147	144	142	139	136	133	113	1	257	1916.861	1642.007	0	0	0	7015	7561.121	0	0	504	513.156	0	0	1	252	1917.025	1642.021	0	0	0	7092	7626.004	0	0	509	520.643	0	0
258	258	1641	1836.437	1623.787	0.860	288	1223	91	4	6	288	1223	91	4	6	111.961	125.402	136	132	130	128	127	125	124	122	121	119	115	105.642	1788.037	3336	2967	2523	2205	1967	1698	1481	1252	1036	811	552	0	0	0.000	0.000	0	0	0	0	0.000	0	0	0	0.000	0	0	0	0	0	0	0	0	0	0	0	0	0	0	0	0	0
259	259	1298	581.973	1627.327	0.880	98	210	818	137	8	98	210	818	137	8	110.958	189.086	1432	211	168	162	156	150	145	139	134	127	116	104.000	655.477	3700	889	786	710	649	607	546	469	384	280	213	1	78	581.242	1634.697	0	0	0	669	711.949	0	0	1813	1934.359	0	0	1	42	581.027	1634.326	0	0	0	902	873.643	0	0	2344	2372.333	0	0
260	260	936	200.491	1639.794	0.864	105	353	316	99	45	105	353	316	99	45	108.000	140.620	167	156	152	147	142	140	137	134	130	126	121	103.000	126.159	200	135	131	129	126	124	122	120	117	113	106	0	0	0.000	0.000	0	0	0	0	0.000	0	0	0	0.000	0	0	1	24	206.738	1639.014	0	0	0	144	144.833	0	0	178	177.750	0	0
261	261	1896	1050.489	1647.773	0.859	404	1315	121	18	7	404	1315	121	18	7	112.988	2089.652	28343	6463	1085	454	315	275	240	219	197	178	153	103.768	122.415	173	141	129	123	121	119	116	115	113	112	107	1	232	1049.037	1658.149	0	0	0	12287	13238.440	0	0	149	148.897	0	0	1	122	1049.390	1657.336	0	0	0	17778	17644.902	0	0	159	158.025	0	0
262	262	536	345.744	1636.099	0.897	25	101	235	114	55	25	101	235	114	55	109.000	138.989	155	148	145	144	142	140	137	134	132	129	121	104.558	380.274	568	515	477	442	403	372	345	317	287	257	212	0	0	0.000	0.000	0	0	0	0	0.000	0	0	0	0.000	0	0	0	0	0	0	0	0	0	0	0	0	0	0	0	0	0
263	263	2032	1208.075	1645.456	0.850	249	1173	521	41	6	249	1173	521	41	6	112.260	198.554	1256	238	166	162	159	156	154	152	148	145	134	104.225	706.508	3218	838	753	708	663	624	579	542	497	460	370	1	140	1211.186	1640.206	0	0	0	635	688.293	0	0	1817	1814.864	0	0	1	73	1211.994	1638.769	0	0	0	784	785.945	0	0	2373	2392	0	0
264	264	1326	1429.473	1645.879	0.904	75	592	492	125	12	75	592	492	125	12	112.000	118.728	128	121	120	120	119	119	118	117	117	116	113	104.000	169.615	204	191	184	179	174	170	167	163	156	146	133	0	0	0.000	0.000	0	0	0	0	0.000	0	0	0	0.000	0	0	0	0	0	0	0	0	0	0	0	0	0	0	0	0	0
265	265	909	1639.659	1643.053	0.875	154	347	284	70	35	154	347	284	70	35	111.243	141.774	217	155	143	140	139	138	137	136	135	133	127	106.000	484.879	759	561	538	522	509	497	482	459	420	382	291	0	0	0.000	0.000	0	0	0	0	0.000	0	0	0	0.000	0	0	0	0	0	0	0	0	0	0	0	0	0	0	0	0	0
266	266	1216	2017.597	1647.060	0.877	196	803	166	20	9	196	803	166	20	9	109.000	118.220	125	122	121	120	119	118	117	116	116	115	111	103.241	407.911	621	495	472	455	441	426	408	379	335	281	213	0	0	0.000	0.000	0	0	0	0	0.000	0	0	0	0.000	0	0	0	0	0	0	0	0	0	0	0	0	0	0	0	0	0
267	267	1959	1697.821	1654.312	0.884	40	553	1089	221	24	40	553	1089	221	24	111.977	119.288	125	122	121	120	120	119	119	118	118	117	113	106.038	454.042	717	636	587	532	484	444	402	368	333	294	207	0	0	0.000	0.000	0	0	0	0	0.000	0	0	0	0.000	0	0	0	0	0	0	0	0	0	0	0	0	0	0	0	0	0
268	268	2172	1801.974	1664.993	0.783	29	327	1364	394	18	29	327	1364	394	18	112.992	163.494	216	193	178	170	164	160	155	152	148	141	129	106.835	600.848	1146	931	781	692	620	561	509	461	412	347	263	0	0	0.000	0.000	0	0	0	0	0.000	0	0	0	0.000	0	0	0	0	0	0	0	0	0	0	0	0	0	0	0	0	0
269	269	1358	629.133	1656.897	0.921	271	816	180	40	7	271	816	180	40	7	109.395	120.273	129	124	123	122	121	120	119	118	118	117	113	103.967	122.649	140	132	128	126	123	122	120	119	118	115	106	0	0	0.000	0.000	0	0	0	0	0.000	0	0	0	0.000	0	0	0	0	0	0	0	0	0	0	0	0	0	0	0	0	0
270	270	2425	1272.295	1662.953	0.887	57	230	1337	729	20	57	230	1337	729	20	112.651	157.670	187	175	169	165	162	160	157	151	144	139	125	104.746	706.224	1069	961	892	834	782	728	668	596	520	426	212	0	0	0.000	0.000	0	0	0	0	0.000	0	0	0	0.000	0	0	0	0	0	0	0	0	0	0	0	0	0	0	0	0	0
271	271	1281	1750.786	1672.577	0.841	51	591	581	24	7	51	591	581	24	7	112.730	118.390	124	121	120	119	119	118	118	117	117	116	114	107.000	499.459	703	643	614	584	559	520	470	422	370	334	230	0	0	0.000	0.000	0	0	0	0	0.000	0	0	0	0.000	0	0	0	0	0	0	0	0	0	0	0	0	0	0	0	0	0
272	272	1818	1973.268	1680.213	0.884	446	1186	122	21	8	446	1186	122	21	8	110.204	340.844	549	480	429	399	375	344	305	271	243	215	160	102.975	126.878	146	137	134	132	129	127	124	122	120	117	107	0	0	0.000	0.000	0	0	0	0	0.000	0	0	0	0.000	0	0	0	0	0	0	0	0	0	0	0	0	0	0	0	0	0
273	273	1244	374.596	1676.259	0.892	38	390	613	152	24	38	390	613	152	24	109.000	174.178	208	194	188	184	180	176	171	165	158	152	140	104.000	645.754	915	864	820	773	713	664	613	531	462	403	283	0	0	0.000	0.000	0	0	0	0	0.000	0	0	0	0.000	0	0	0	0	0	0	0	0	0	0	0	0	0	0	0	0	0
274	274	1023	1522.504	1670.677	0.903	90	538	326	38	8	90	538	326	38	8	111.482	138.571	157	151	149	145	142	139	135	132	129	126	121	104.370	2997.302	5872	4895	4353	3950	3506	3012	2500	2029	1598	1137	474	0	0	0.000	0.000	0	0	0	0	0.000	0	0	0	0.000	0	0	0	0	0	0	0	0	0	0	0	0	0	0	0	0	0
275	275	811	1654.212	1670.707	0.926	155	236	358	36	16	155	236	358	36	16	110.836	147.979	165	159	157	155	152	150	147	143	138	133	124	105.088	707.884	923	864	840	812	783	742	699	655	575	481	304	0	0	0.000	0.000	0	0	0	0	0.000	0	0	0	0.000	0	0	0	0	0	0	0	0	0	0	0	0	0	0	0	0	0
276	276	2544	472.106	1685.991	0.876	114	512	1570	265	42	114	512	1570	265	42	109.307	119.729	133	125	123	121	120	119	118	117	116	115	112	104.000	689.480	1043	898	848	804	749	698	644	596	551	462	219	0	0	0.000	0.000	0	0	0	0	0.000	0	0	0	0.000	0	0	0	0	0	0	0	0	0	0	0	0	0	0	0	0	0
277	277	2317	593.298	1699.405	0.886	300	1498	398	58	11	300	1498	398	58	11	109.946	119.529	129	125	123	121	120	119	118	117	117	116	112	103.916	119.234	138	126	124	122	120	119	117	116	115	113	108	0	0	0.000	0.000	0	0	0	0	0.000	0	0	0	0.000	0	0	0	0	0	0	0	0	0	0	0	0	0	0	0	0	0
278	278	1436	1555.628	1698.358	0.870	29	288	751	297	37	29	288	751	297	37	110.785	170.781	1301	164	161	159	157	154	152	148	143	137	125	104.581	131.392	172	138	136	134	133	132	131	129	126	123	111	1	56	1548.687	1714.561	0	0	0	627	649.482	0	0	138	137.911	0	0	0	0	0	0	0	0	0	0	0	0	0	0	0	0	0
279	279	2078	1703.070	1711.244	0.890	1302	643	33	20	8	1302	643	33	20	8	111.974	126.782	145	136	132	129	127	125	124	123	122	120	115	106.148	680.718	1071	909	831	759	697	650	610	574	539	507	354	0	0	0.000	0.000	0	0	0	0	0.000	0	0	0	0.000	0	0	0	0	0	0	0	0	0	0	0	0	0	0	0	0	0
280	280	1875	1840.361	1716.542	0.864	47	1192	476	111	29	47	1192	476	111	29	112.021	172.971	210	197	191	185	178	172	168	163	156	148	135	105.269	631.116	1074	928	848	761	684	624	550	484	417	359	274	0	0	0.000	0.000	0	0	0	0	0.000	0	0	0	0.000	0	0	0	0	0	0	0	0	0	0	0	0	0	0	0	0	0
281	281	1209	395.511	1716.203	0.894	89	586	400	91	25	89	586	400	91	25	108.925	186.074	1019	201	177	171	166	161	157	154	148	141	128	103.883	611.698	1872	829	754	693	630	572	522	475	442	413	302	1	60	402.992	1709.943	0	0	0	536	558.433	0	0	1186	1147.683	0	0	0	0	0	0	0	0	0	0	0	0	0	0	0	0	0
282	282	1537	639.844	1721.338	0.906	47	771	656	23	8	47	771	656	23	8	109.129	119.250	126	123	121	121	120	119	119	118	117	116	114	103.616	123.810	139	133	130	128	126	124	122	119	117	115	107	0	0	0.000	0.000	0	0	0	0	0.000	0	0	0	0.000	0	0	0	0	0	0	0	0	0	0	0	0	0	0	0	0	0
283	283	1630	1782.496	1719.400	0.896	65	408	908	193	21	65	408	908	193	21	112.881	158.425	174	168	165	163	162	160	158	156	154	146	127	106.608	1621.794	2281	2057	1936	1826	1716	1616	1546	1455	1355	1187	491	0	0	0.000	0.000	0	0	0	0	0.000	0	0	0	0.000	0	0	0	0	0	0	0	0	0	0	0	0	0	0	0	0	0
284	284	2259	1176.667	1741.982	0.894	20	1465	706	24	9	20	1465	706	24	9	113.000	233.551	749	304	269	250	232	214	200	184	168	156	145	105.044	472.594	849	721	656	591	514	463	400	339	296	250	193	1	86	1165.115	1741.108	0	0	0	557	559.628	0	0	518	542.860	0	0	0	0	0	0	0	0	0	0	0	0	0	0	0	0	0
285	285	842	1005.477	1731.663	0.890	104	349	222	95	45	104	349	222	95	45	112.018	146.020	194	169	162	154	149	145	141	136	129	124	118	106.048	124.367	147	133	130	127	126	124	122	121	119	116	111	0	0	0.000	0.000	0	0	0	0	0.000	0	0	0	0.000	0	0	0	0	0	0	0	0	0	0	0	0	0	0	0	0	0
286	286	1207	1532.427	1735.510	0.911	275	831	53	20	18	275	831	53	20	18	110.713	131.866	315	154	130	125	123	122	121	120	119	118	115	104.360	127.510	182	136	131	129	127	125	124	123	121	119	113	1	105	1530.306	1744.126	0	0	0	206	213.114	0	0	146	149.095	0	0	1	17	1532.471	1744.120	0	0	0	251	250.176	0	0	172	170.471	0	0
287	287	1103	1740.687	1748.020	0.907	19	98	462	452	56	19	98	462	452	56	112.085	145.618	165	157	154	150	148	145	142	140	139	136	126	106.123	1351.653	1934	1662	1560	1486	1424	1357	1314	1255	1179	988	545	0	0	0.000	0.000	0	0	0	0	0.000	0	0	0	0.000	0	0	0	0	0	0	0	0	0	0	0	0	0	0	0	0	0
288	288	1853	1599.269	1765.435	0.877	161	209	559	849	31	161	209	559	849	31	111.538	147.513	174	163	159	155	151	147	143	140	136	132	124	104.283	355.879	558	493	457	422	389	351	318	289	260	222	178	0	0	0.000	0.000	0	0	0	0	0.000	0	0	0	0.000	0	0	0	0	0	0	0	0	0	0	0	0	0	0	0	0	0
289	289	749	1098.162	1763.123	0.911	34	89	469	135	9	34	89	469	135	9	112.000	119.885	128	123	122	121	120	120	119	118	118	117	115	107.019	853.138	1198	1113	1054	980	912	868	818	763	686	555	388	0	0	0.000	0.000	0	0	0	0	0.000	0	0	0	0.000	0	0	0	0	0	0	0	0	0	0	0	0	0	0	0	0	0
290	290	1521	1048.789	1772.667	0.831	725	644	60	45	21	725	644	60	45	21	112.009	119.758	126	123	122	121	120	119	119	118	118	117	113	108.794	765.449	1325	1079	1012	941	844	768	674	586	504	440	363	0	0	0.000	0.000	0	0	0	0	0.000	0	0	0	0.000	0	0	0	0	0	0	0	0	0	0	0	0	0	0	0	0	0
291	291	1570	1466.409	1779.643	0.877	182	867	424	58	4	182	867	424	58	4	111.815	229.352	2143	348	158	147	143	140	137	134	131	127	121	103.178	139.601	379	152	136	133	131	130	128	126	124	122	110	1	138	1457.546	1792.932	0	0	0	971	1028.833	0	0	223	228.826	0	0	1	91	1459.327	1793.069	0	0	0	1176	1118.857	0	0	274	273.780	0	0
292	292	448	983.348	1769.474	0.819	80	171	143	32	9	80	171	143	32	9	112.000	160.795	186	177	171	167	164	161	160	156	151	144	130	108.467	137.627	155	148	145	142	139	137	135	132	131	128	121	0	0	0.000	0.000	0	0	0	0	0.000	0	0	0	0.000	0	0	0	0	0	0	0	0	0	0	0	0	0	0	0	0	0
293	293	323	1562.252	1768.202	0.920	35	118	90	46	28	35	118	90	46	28	112.000	140.644	160	149	148	146	145	143	139	136	133	128	122	104.814	274.920	440	356	341	326	311	288	262	230	204	179	151	0	0	0.000	0.000	0	0	0	0	0.000	0	0	0	0.000	0	0	0	0	0	0	0	0	0	0	0	0	0	0	0	0	0
294	294	1446	1205.881	1783.946	0.898	24	82	400	865	43	24	82	400	865	43	112.658	245.920	302	283	274	267	259	251	240	230	219	203	159	105.326	628.649	838	766	740	719	691	654	611	570	517	456	243	0	0	0.000	0.000	0	0	0	0	0.000	0	0	0	0.000	0	0	0	0	0	0	0	0	0	0	0	0	0	0	0	0	0
295	295	1550	1767.004	1790.058	0.917	601	878	30	9	4	601	878	30	9	4	112.000	236.372	1291	283	251	239	229	221	210	195	180	164	139	104.668	119.898	135	126	124	123	121	120	119	117	116	114	108	1	43	1782.306	1794.914	0	0	0	730	755.326	0	0	123	122.628	0	0	0	0	0	0	0	0	0	0	0	0	0	0	0	0	0
296	296	2491	1147.614	1795.112	0.846	966	1364	90	8	3	966	1364	90	8	3	112.303	237.539	341	301	287	271	253	237	223	206	187	175	151	106.309	589.360	929	855	798	726	645	587	528	459	384	333	241	0	0	0.000	0.000	0	0	0	0	0.000	0	0	0	0.000	0	0	0	0	0	0	0	0	0	0	0	0	0	0	0	0	0
297	297	1300	1250.773	1798.079	0.891	15	84	688	433	49	15	84	688	433	49	112.000	119.884	125	122	121	121	120	120	119	119	119	118	115	105.000	559.552	801	719	673	625	597	572	550	514	450	362	281	0	0	0.000	0.000	0	0	0	0	0.000	0	0	0	0.000	0	0	0	0	0	0	0	0	0	0	0	0	0	0	0	0	0
298	298	2581	643.508	1818.101	0.900	373	2030	106	22	7	373	2030	106	22	7	110.554	331.281	490	414	391	376	361	341	316	286	259	239	175	103.729	118.571	132	125	122	121	120	118	117	116	115	113	106	0	0	0.000	0.000	0	0	0	0	0.000	0	0	0	0.000	0	0	0	0	0	0	0	0	0	0	0	0	0	0	0	0	0
299	299	1056	1843.578	1805.639	0.911	32	255	625	125	9	32	255	625	125	9	111.000	126.668	133	132	131	130	129	128	127	125	123	119	113	103.039	153.202	183	171	168	165	161	158	152	148	140	124	108	0	0	0.000	0.000	0	0	0	0	0.000	0	0	0	0.000	0	0	0	0	0	0	0	0	0	0	0	0	0	0	0	0	0
300	300	1441	1886.835	1823.770	0.922	48	552	687	119	13	48	552	687	119	13	111.000	126.507	139	133	131	130	128	127	125	123	121	120	117	103.000	153.383	185	173	168	164	159	154	150	146	138	131	121	0	0	0.000	0.000	0	0	0	0	0.000	0	0	0	0.000	0	0	0	0	0	0	0	0	0	0	0	0	0	0	0	0	0
301	301	1775	247.519	1830.929	0.897	1281	429	25	7	3	1281	429	25	7	3	108.419	410.094	813	554	499	461	422	393	362	336	311	277	208	101.179	121.887	134	127	125	124	123	122	121	120	118	116	107	0	0	0.000	0.000	0	0	0	0	0.000	0	0	0	0.000	0	0	0	0	0	0	0	0	0	0	0	0	0	0	0	0	0
302	302	1574	832.973	1839.113	0.872	247	1078	209	18	4	247	1078	209	18	4	111.632	136.287	164	149	143	140	137	134	132	131	129	127	123	106.768	3506.014	4773	4263	4072	3932	3703	3490	3298	3123	3024	2862	1418	0	0	0.000	0.000	0	0	0	0	0.000	0	0	0	0.000	0	0	0	0	0	0	0	0	0	0	0	0	0	0	0	0	0
303	303	785	1094.413	1829.636	0.927	124	368	262	10	6	124	368	262	10	6	111.945	203.876	253	234	226	218	212	208	203	193	181	166	144	109.651	489.583	652	596	577	552	530	511	487	463	405	337	214	0	0	0.000	0.000	0	0	0	0	0.000	0	0	0	0.000	0	0	0	0	0	0	0	0	0	0	0	0	0	0	0	0	0
304	304	1705	782.926	1835.046	0.899	82	422	937	198	30	82	422	937	198	30	111.036	133.811	153	143	140	138	136	134	132	130	127	124	114	105.349	3933.944	5604	5256	4920	4526	4172	3981	3793	3503	3110	2523	942	0	0	0.000	0.000	0	0	0	0	0.000	0	0	0	0.000	0	0	0	0	0	0	0	0	0	0	0	0	0	0	0	0	0
305	305	1718	1043.339	1845.360	0.903	751	808	104	12	16	751	808	104	12	16	111.845	122.031	135	127	124	123	122	121	121	120	119	118	115	111.050	1494.072	2523	2283	2071	1816	1594	1474	1357	1189	958	709	528	0	0	0.000	0.000	0	0	0	0	0.000	0	0	0	0.000	0	0	0	0	0	0	0	0	0	0	0	0	0	0	0	0	0
306	306	2613	928.872	1848.477	0.875	23	1047	1411	61	6	23	1047	1411	61	6	112.000	129.534	159	140	134	131	129	128	127	125	124	122	116	108.887	3480.571	5019	4566	4340	4144	3978	3744	3451	3034	2506	1911	1086	0	0	0.000	0.000	0	0	0	0	0.000	0	0	0	0.000	0	0	0	0	0	0	0	0	0	0	0	0	0	0	0	0	0
307	307	818	29.198	1842.126	0.915	61	147	449	143	6	61	147	449	143	6	104.244	109.315	113	111	110	110	110	109	109	109	108	108	106	101.000	464.971	611	577	560	536	520	491	461	415	368	309	210	0	0	0.000	0.000	0	0	0	0	0.000	0	0	0	0.000	0	0	0	0	0	0	0	0	0	0	0	0	0	0	0	0	0
308	308	1272	1950.417	1855.462	0.916	77	256	592	258	67	77	256	592	258	67	109.992	125.312	138	131	129	128	126	125	124	123	122	120	114	102.039	160.947	201	187	180	173	166	160	154	148	142	137	122	0	0	0.000	0.000	0	0	0	0	0.000	0	0	0	0.000	0	0	0	0	0	0	0	0	0	0	0	0	0	0	0	0	0
309	309	2326	990.067	1870.808	0.879	1694	349	122	87	44	1694	349	122	87	44	112.000	126.070	141	132	130	128	127	126	124	123	122	120	115	110.871	2861.093	4087	3901	3755	3596	3386	3132	2760	2340	1878	1404	783	0	0	0.000	0.000	0	0	0	0	0.000	0	0	0	0.000	0	0	0	0	0	0	0	0	0	0	0	0	0	0	0	0	0
310	310	1630	1906.103	1870.833	0.910	11	103	718	676	86	11	103	718	676	86	110.193	149.792	552	189	144	136	133	131	128	126	124	121	116	103.000	167.269	314	191	184	178	171	165	160	153	146	136	108	1	124	1903.963	1880.528	0	0	0	322	332.968	0	0	205	218.613	0	0	0	0	0	0	0	0	0	0	0	0	0	0	0	0	0
311	311	1207	1215.141	1868.423	0.899	38	152	595	363	38	38	152	595	363	38	112.000	288.888	564	374	337	309	283	268	259	253	243	224	180	105.000	124.447	135	129	128	127	126	125	124	123	121	119	109	0	0	0.000	0.000	0	0	0	0	0.000	0	0	0	0.000	0	0	0	0	0	0	0	0	0	0	0	0	0	0	0	0	0
312	312	1914	655.706	1879.140	0.882	454	1181	211	20	5	454	1181	211	20	5	109.852	305.797	479	377	359	344	330	313	296	273	248	220	161	103.000	116.152	129	121	119	118	117	116	115	114	113	111	106	0	0	0.000	0.000	0	0	0	0	0.000	0	0	0	0.000	0	0	0	0	0	0	0	0	0	0	0	0	0	0	0	0	0
313	313	1326	249.458	1883.912	0.896	75	931	261	21	10	75	931	261	21	10	108.000	383.857	570	494	452	425	407	386	362	336	309	277	215	101.482	119.594	130	125	123	122	121	120	119	118	116	115	106	0	0	0.000	0.000	0	0	0	0	0.000	0	0	0	0.000	0	0	0	0	0	0	0	0	0	0	0	0	0	0	0	0	0
314	314	1257	1416.507	1882.637	0.852	61	522	557	82	16	61	522	557	82	16	113.285	153.307	176	165	160	158	155	153	151	149	147	142	129	104.000	934.797	1476	1280	1142	1062	995	942	883	795	688	589	516	0	0	0.000	0.000	0	0	0	0	0.000	0	0	0	0.000	0	0	0	0	0	0	0	0	0	0	0	0	0	0	0	0	0
315	315	1644	1262.826	1891.837	0.871	91	767	626	108	23	91	767	626	108	23	112.012	293.450	562	381	344	320	298	277	264	253	240	221	189	104.187	123.782	137	129	127	126	125	124	123	121	120	119	114	0	0	0.000	0.000	0	0	0	0	0.000	0	0	0	0.000	0	0	0	0	0	0	0	0	0	0	0	0	0	0	0	0	0
316	316	2770	1042.865	1903.907	0.803	1358	675	464	186	43	1358	675	464	186	43	111.590	129.029	163	140	135	131	129	128	126	124	122	120	114	111.000	1608.744	2832	2391	2218	2062	1879	1656	1385	1141	956	782	442	0	0	0.000	0.000	0	0	0	0	0.000	0	0	0	0.000	0	0	0	0	0	0	0	0	0	0	0	0	0	0	0	0	0
317	317	523	1454.653	1888.917	0.899	22	131	228	117	16	22	131	228	117	16	114.067	148.660	164	159	157	155	153	151	148	144	139	136	128	104.000	851.547	1233	1126	1054	1003	961	902	857	780	666	461	186	0	0	0.000	0.000	0	0	0	0	0.000	0	0	0	0.000	0	0	0	0	0	0	0	0	0	0	0	0	0	0	0	0	0
318	318	2169	1551.368	1945.233	0.913	856	1096	84	50	22	856	1096	84	50	22	117.291	255.667	289	279	275	272	267	257	248	241	237	230	210	104.867	124.485	149	131	129	128	127	125	124	123	120	115	107	0	0	0.000	0.000	0	0	0	0	0.000	0	0	0	0.000	0	0	0	0	0	0	0	0	0	0	0	0	0	0	0	0	0
319	319	2098	1278.791	1945.571	0.880	52	929	968	100	15	52	929	968	100	15	111.970	237.288	1258	374	225	198	190	182	175	165	156	147	129	104.694	331.781	875	444	393	365	338	316	295	268	239	210	161	1	181	1280.330	1942.217	0	0	0	709	738.403	0	0	564	566.238	0	0	0	0	0	0	0	0	0	0	0	0	0	0	0	0	0
320	320	723	800.778	1939.260	0.924	43	114	238	264	49	43	114	238	264	49	109.224	149.747	175	165	161	158	155	152	150	143	136	130	121	103.257	121.006	131	128	127	126	124	123	121	118	114	112	107	0	0	0.000	0.000	0	0	0	0	0.000	0	0	0	0.000	0	0	0	0	0	0	0	0	0	0	0	0	0	0	0	0	0
321	321	1872	911.091	1956.680	0.884	16	520	1091	174	34	16	520	1091	174	34	110.353	445.760	2109	618	507	449	397	363	336	319	302	281	190	106.803	3185.419	8323	4528	4083	3561	3146	2893	2639	2513	2271	1979	955	1	93	924.514	1959.093	0	0	0	1387	1413.194	0	0	6462	6472.806	0	0	0	0	0	0	0	0	0	0	0	0	0	0	0	0	0
322	322	1236	54.737	1953.887	0.898	14	16	167	792	230	14	16	167	792	230	103.081	109.019	116	112	111	110	109	109	108	108	107	107	104	101.238	415.391	584	528	500	474	446	418	388	357	327	300	224	0	0	0.000	0.000	0	0	0	0	0.000	0	0	0	0.000	0	0	0	0	0	0	0	0	0	0	0	0	0	0	0	0	0
323	323	2724	1086.020	1968.437	0.890	2180	422	37	16	16	2180	422	37	16	16	111.045	121.495	129	126	124	123	122	121	120	120	119	118	114	110.791	736.735	1192	1070	984	901	805	730	652	579	498	408	259	0	0	0.000	0.000	0	0	0	0	0.000	0	0	0	0.000	0	0	0	0	0	0	0	0	0	0	0	0	0	0	0	0	0
324	324	2126	1483.500	1979.146	0.881	144	584	973	344	31	144	584	973	344	31	120.903	304.031	334	322	316	312	308	305	300	295	291	286	270	106.912	879.338	1357	1244	1136	1046	994	930	827	718	622	468	298	0	0	0.000	0.000	0	0	0	0	0.000	0	0	0	0.000	0	0	0	0	0	0	0	0	0	0	0	0	0	0	0	0	0
325	325	1707	1596.275	1977.303	0.904	73	700	815	57	19	73	700	815	57	19	117.131	214.094	252	239	234	229	222	217	209	202	195	185	165	103.824	128.941	144	136	134	133	131	130	128	126	124	120	108	0	0	0.000	0.000	0	0	0	0	0.000	0	0	0	0.000	0	0	0	0	0	0	0	0	0	0	0	0	0	0	0	0	0
326	326	1051	1236.514	1974.376	0.886	31	234	565	183	23	31	234	565	183	23	110.865	181.350	205	197	193	190	187	184	181	177	170	160	140	105.000	338.072	430	392	375	362	350	341	330	320	307	281	210	0	0	0.000	0.000	0	0	0	0	0.000	0	0	0	0.000	0	0	0	0	0	0	0	0	0	0	0	0	0	0	0	0	0
327	327	2429	1406.284	1991.030	0.889	57	350	1530	419	37	57	350	1530	419	37	118.415	291.340	397	368	346	322	305	285	273	262	245	220	176	106.854	2293.916	3621	3133	2884	2635	2420	2262	2137	1986	1744	1452	760	0	0	0.000	0.000	0	0	0	0	0.000	0	0	0	0.000	0	0	0	0	0	0	0	0	0	0	0	0	0	0	0	0	0
328	328	1613	1148.062	1986.146	0.884	65	579	650	226	60	65	579	650	226	60	110.612	121.044	127	125	123	123	122	121	120	120	119	117	114	108.430	868.402	1414	1200	1080	1009	925	841	760	691	645	596	469	0	0	0.000	0.000	0	0	0	0	0.000	0	0	0	0.000	0	0	0	0	0	0	0	0	0	0	0	0	0	0	0	0	0
329	329	683	1190.752	1984.319	0.914	43	52	299	253	33	43	52	299	253	33	110.015	121.829	129	126	124	124	123	122	121	120	119	118	115	106.130	902.524	1238	1176	1126	1060	985	911	842	770	700	615	332	0	0	0.000	0.000	0	0	0	0	0.000	0	0	0	0.000	0	0	0	0	0	0	0	0	0	0	0	0	0	0	0	0	0
330	330	1593	1541.432	1996.196	0.903	713	799	31	7	14	713	799	31	7	14	121.456	295.149	323	312	305	300	296	293	290	288	286	283	273	105.514	124.478	142	133	130	128	126	124	122	121	119	117	111	0	0	0.000	0.000	0	0	0	0	0.000	0	0	0	0.000	0	0	0	0	0	0	0	0	0	0	0	0	0	0	0	0	0
331	331	1804	1272.912	2004.637	0.896	27	115	1056	541	19	27	115	1056	541	19	110.326	152.759	188	165	161	158	156	152	150	148	144	139	128	104.872	317.576	431	393	377	360	343	323	304	282	257	232	194	0	0	0.000	0.000	0	0	0	0	0.000	0	0	0	0.000	0	0	0	0	0	0	0	0	0	0	0	0	0	0	0	0	0
332	332	1464	920.566	2008.948	0.884	94	938	333	48	16	94	938	333	48	16	108.788	528.885	713	649	624	601	574	547	514	479	438	379	246	106.096	4107.970	5564	5212	4909	4607	4407	4229	3995	3695	3380	2878	1682	0	0	0.000	0.000	0	0	0	0	0.000	0	0	0	0.000	0	0	0	0	0	0	0	0	0	0	0	0	0	0	0	0	0
333	333	2434	351.599	2014.392	0.862	710	1560	68	40	19	710	1560	68	40	19	104.684	115.224	125	121	118	117	115	114	114	113	112	111	107	102.000	273.718	405	354	333	317	299	279	256	234	211	187	127	0	0	0.000	0.000	0	0	0	0	0.000	0	0	0	0.000	0	0	0	0	0	0	0	0	0	0	0	0	0	0	0	0	0
334	334	1402	1708.791	2010.075	0.894	55	411	838	60	11	55	411	838	60	11	109.852	162.557	181	176	172	170	168	165	161	157	153	147	131	102.934	2009.155	2505	2379	2291	2236	2166	2080	1993	1881	1750	1531	830	0	0	0.000	0.000	0	0	0	0	0.000	0	0	0	0.000	0	0	0	0	0	0	0	0	0	0	0	0	0	0	0	0	0
335	335	1154	1099.648	2018.240	0.895	331	357	320	86	44	331	357	320	86	44	109.132	120.037	126	123	122	121	120	120	119	119	118	117	114	109.271	1130.757	1480	1384	1339	1276	1205	1138	1064	1003	938	878	641	0	0	0.000	0.000	0	0	0	0	0.000	0	0	0	0.000	0	0	0	0	0	0	0	0	0	0	0	0	0	0	0	0	0
336	336	776	739.256	2018.003	0.927	80	89	196	362	41	80	89	196	362	41	107.720	115.527	121	118	118	117	116	116	115	114	113	113	111	103.856	551.370	882	774	708	666	623	560	505	460	385	306	204	0	0	0.000	0.000	0	0	0	0	0.000	0	0	0	0.000	0	0	0	0	0	0	0	0	0	0	0	0	0	0	0	0	0
