 	cell	area	x	y	circ	BFI_lev_b1	BFI_lev_b2	BFI_lev_b3	BFI_lev_b4	BFI_lev_b5	BFO_lev_b1	BFO_lev_b2	BFO_lev_b3	BFO_lev_b4	BFO_lev_b5	RFP_int_bg	RFP_int_mean	RFP_int_b0	RFP_int_b1	RFP_int_b2	RFP_int_b3	RFP_int_b4	RFP_int_b5	RFP_int_b6	RFP_int_b7	RFP_int_b8	RFP_int_b9	RFP_int_b10	GFP_int_bg	GFP_int_mean	GFP_int_b0	GFP_int_b1	GFP_int_b2	GFP_int_b3	GFP_int_b4	GFP_int_b5	GFP_int_b6	GFP_int_b7	GFP_int_b8	GFP_int_b9	GFP_int_b10	inRFPnfoci	f1_inRFParea	f1_inRFPx	f1_inRFPy	f2_inRFParea	f2_inRFPx	f2_inRFPy	f1_inRFP_toRFPmed	f1_inRFP_toRFPmean	f2_inRFP_toRFPmed	f2_inRFP_toRFPmean	f1_inRFP_toGFPmed	f1_inRFP_toGFPmean	f2_inRFP_toGFPmed	f2_inRFP_toGFPmean	inGFPnfoci	f1_inGFParea	f1_inGFPx	f1_inGFPy	f2_inGFParea	f2_inGFPx	f2_inGFPy	f1_inGFP_toRFPmed	f1_inGFP_toRFPmean	f2_inGFP_toRFPmed	f2_inGFP_toRFPmean	f1_inGFP_toGFPmed	f1_inGFP_toGFPmean	f2_inGFP_toGFPmed	f2_inGFP_toGFPmean
1	1	697	1856.570	27.671	0.864	41	75	211	306	41	41	75	211	306	41	105.704	110.323	115	112	112	111	111	110	110	109	109	108	106	103.174	418.473	603	564	524	484	445	412	381	350	321	285	226	0	0	0.000	0.000	0	0	0	0	0.000	0	0	0	0.000	0	0	0	0	0	0	0	0	0	0	0	0	0	0	0	0	0
2	2	932	1500.368	33.251	0.862	33	157	410	293	16	33	157	410	293	16	105.532	127.318	160	148	138	131	127	124	121	118	116	115	112	101.991	118.829	136	128	125	123	120	119	117	115	112	110	105	0	0	0.000	0.000	0	0	0	0	0.000	0	0	0	0.000	0	0	0	0	0	0	0	0	0	0	0	0	0	0	0	0	0
3	3	1921	1904.241	48.967	0.888	296	1226	286	44	31	296	1226	286	44	31	106.050	187.236	2148	213	124	120	119	118	116	115	115	113	108	104.000	430.667	686	560	530	503	476	443	410	369	322	269	221	1	130	1913.340	42.839	0	0	0	900	997.746	0	0	526	525.638	0	0	0	0	0	0	0	0	0	0	0	0	0	0	0	0	0
4	4	1925	1850.146	77.424	0.894	54	236	1069	477	49	54	236	1069	477	49	107.000	112.414	118	115	114	113	113	112	112	112	111	110	107	103.666	766.853	1273	1127	1024	944	879	790	661	550	468	419	312	0	0	0.000	0.000	0	0	0	0	0.000	0	0	0	0.000	0	0	0	0	0	0	0	0	0	0	0	0	0	0	0	0	0
5	5	1227	894.975	76.893	0.862	71	146	390	521	66	71	146	390	521	66	108.219	156.888	197	182	174	170	164	157	150	144	138	132	122	104.000	926.563	1665	1323	1190	1081	996	916	819	739	676	552	302	0	0	0.000	0.000	0	0	0	0	0.000	0	0	0	0.000	0	0	0	0	0	0	0	0	0	0	0	0	0	0	0	0	0
6	6	1238	1536.613	80.126	0.899	20	188	778	213	18	20	188	778	213	18	106.940	140.674	255	160	149	144	139	135	132	129	126	122	114	102.313	138.139	159	149	146	143	140	138	137	135	132	126	111	1	52	1524.238	70.181	0	0	0	218	216.769	0	0	139	137.904	0	0	0	0	0	0	0	0	0	0	0	0	0	0	0	0	0
7	7	1698	1970.747	87.762	0.899	86	393	1067	94	25	86	393	1067	94	25	105.430	112.306	122	116	114	113	112	112	111	111	110	109	107	102.767	122.654	139	131	129	127	126	124	123	120	117	110	104	0	0	0.000	0.000	0	0	0	0	0.000	0	0	0	0.000	0	0	0	0	0	0	0	0	0	0	0	0	0	0	0	0	0
8	8	1335	629.984	87.460	0.924	73	405	653	147	30	73	405	653	147	30	107.479	310.560	2177	694	375	244	191	171	162	152	143	134	117	102.877	121.303	148	134	129	125	122	119	117	116	114	112	107	0	0	0.000	0.000	0	0	0	0	0.000	0	0	0	0.000	0	0	0	0	0	0	0	0	0	0	0	0	0	0	0	0	0
9	9	1989	1428.382	101.512	0.920	140	1413	352	30	11	140	1413	352	30	11	107.945	245.777	332	287	277	268	261	254	245	234	216	187	142	103.000	294.486	424	373	347	328	310	291	273	257	241	223	172	0	0	0.000	0.000	0	0	0	0	0.000	0	0	0	0.000	0	0	0	0	0	0	0	0	0	0	0	0	0	0	0	0	0
10	10	1596	1641.361	100.245	0.863	160	942	420	32	9	160	942	420	32	9	107.889	157.032	269	241	219	184	148	128	120	117	115	114	109	102.160	128.974	200	172	163	145	123	112	109	108	107	106	103	0	0	0.000	0.000	0	0	0	0	0.000	0	0	0	0.000	0	0	0	0	0	0	0	0	0	0	0	0	0	0	0	0	0
11	11	1940	1891.306	100.012	0.901	211	1325	334	21	10	211	1325	334	21	10	107.000	122.637	314	123	122	121	120	119	119	118	117	115	110	104.000	550.102	798	691	650	620	597	562	529	493	443	380	262	1	63	1896.855	113.908	0	0	0	206	207.190	0	0	639	642.286	0	0	0	0	0	0	0	0	0	0	0	0	0	0	0	0	0
12	12	1812	1933.179	136.335	0.923	229	986	506	43	9	229	986	506	43	9	106.694	117.765	140	125	121	119	118	117	116	115	114	112	108	102.911	1177.632	2521	1514	1444	1372	1281	1209	1129	1023	869	728	332	0	0	0.000	0.000	0	0	0	0	0.000	0	0	0	0.000	0	0	0	0	0	0	0	0	0	0	0	0	0	0	0	0	0
13	13	1525	635.711	157.397	0.912	77	170	999	234	13	77	170	999	234	13	108.029	115.546	122	118	117	117	116	116	115	114	114	113	111	103.845	1092.300	1854	1605	1447	1308	1216	1097	974	828	710	594	403	0	0	0.000	0.000	0	0	0	0	0.000	0	0	0	0.000	0	0	0	0	0	0	0	0	0	0	0	0	0	0	0	0	0
14	14	2085	690.730	182.323	0.885	56	207	1388	370	7	56	207	1388	370	7	107.892	117.282	127	122	120	119	118	117	116	115	114	113	109	103.765	1105.153	1785	1519	1421	1332	1253	1168	1035	875	755	646	332	0	0	0.000	0.000	0	0	0	0	0.000	0	0	0	0.000	0	0	0	0	0	0	0	0	0	0	0	0	0	0	0	0	0
15	15	1404	78.367	203.688	0.925	16	60	265	914	129	16	60	265	914	129	105.998	146.587	254	160	155	152	149	146	142	137	133	128	115	102.548	596.419	971	830	758	696	638	583	523	475	436	396	267	0	0	0.000	0.000	0	0	0	0	0.000	0	0	0	0.000	0	0	0	0	0	0	0	0	0	0	0	0	0	0	0	0	0
16	16	1930	1175.965	212.378	0.905	41	99	795	902	52	41	99	795	902	52	109.005	131.917	147	139	137	136	135	133	131	129	126	122	115	104.000	1288.593	1824	1707	1661	1591	1476	1347	1229	1092	928	726	410	0	0	0.000	0.000	0	0	0	0	0.000	0	0	0	0.000	0	0	0	0	0	0	0	0	0	0	0	0	0	0	0	0	0
17	17	1230	144.737	223.036	0.913	134	220	761	86	8	134	220	761	86	8	107.000	151.510	177	171	166	162	158	153	148	142	136	130	121	104.308	396.592	534	487	471	454	437	419	390	357	321	270	194	0	0	0.000	0.000	0	0	0	0	0.000	0	0	0	0.000	0	0	0	0	0	0	0	0	0	0	0	0	0	0	0	0	0
18	18	926	1818.889	231.160	0.905	56	235	446	126	45	56	235	446	126	45	108.000	119.067	133	126	123	121	119	118	117	116	115	114	109	101.743	115.013	128	121	119	118	117	115	114	112	111	109	102	0	0	0.000	0.000	0	0	0	0	0.000	0	0	0	0.000	0	0	0	0	0	0	0	0	0	0	0	0	0	0	0	0	0
19	19	615	1411.791	231.628	0.923	113	218	190	73	7	113	218	190	73	7	109.000	143.000	172	160	151	148	146	142	139	136	132	129	124	102.000	208.956	278	246	232	223	214	206	199	193	187	174	151	0	0	0.000	0.000	0	0	0	0	0.000	0	0	0	0.000	0	0	0	0	0	0	0	0	0	0	0	0	0	0	0	0	0
20	20	1524	283.814	247.995	0.901	640	625	156	57	13	640	625	156	57	13	108.000	115.959	122	119	118	117	117	116	115	115	114	113	110	105.421	162.228	202	186	181	175	168	161	156	151	145	139	125	0	0	0.000	0.000	0	0	0	0	0.000	0	0	0	0.000	0	0	0	0	0	0	0	0	0	0	0	0	0	0	0	0	0
21	21	1998	66.659	249.791	0.878	225	1384	299	30	12	225	1384	299	30	12	105.969	146.610	232	166	152	148	146	144	142	140	136	129	115	103.000	602.802	888	765	722	687	650	614	574	532	484	416	286	1	10	52.302	250.107	0	0	0	225	224.800	0	0	667	662.600	0	0	0	0	0	0	0	0	0	0	0	0	0	0	0	0	0
22	22	1705	171.213	261.909	0.903	44	123	926	519	55	44	123	926	519	55	107.813	158.394	235	180	177	171	165	158	152	147	141	133	122	105.736	391.364	548	520	496	469	442	405	364	324	282	242	192	0	0	0.000	0.000	0	0	0	0	0.000	0	0	0	0.000	0	0	0	0	0	0	0	0	0	0	0	0	0	0	0	0	0
23	23	2221	1160.916	265.830	0.860	7	151	1342	628	39	7	151	1342	628	39	110.055	135.820	629	137	135	133	131	129	126	124	122	119	115	103.278	957.229	1633	1385	1261	1170	1085	991	894	775	625	462	299	1	67	1142.972	250.983	0	0	0	314	346.731	0	0	1117	1084.358	0	0	0	0	0	0	0	0	0	0	0	0	0	0	0	0	0
24	24	2467	967.500	273.040	0.879	209	1010	1032	149	4	209	1010	1032	149	4	110.000	133.757	557	131	129	128	127	126	125	124	122	120	115	102.687	142.828	166	153	150	148	146	144	142	139	136	131	116	1	89	975.912	262.547	0	0	0	300	317.382	0	0	148	147.393	0	0	0	0	0	0	0	0	0	0	0	0	0	0	0	0	0
25	25	2767	233.355	280.238	0.876	1539	885	254	40	17	1539	885	254	40	17	108.389	672.636	8606	1842	435	186	148	143	139	135	130	124	114	106.516	2361.080	3794	3219	2972	2787	2627	2452	2277	2070	1692	1315	416	1	334	238.513	274.083	0	0	0	3502	3936.198	0	0	1700	1721.254	0	0	0	0	0	0	0	0	0	0	0	0	0	0	0	0	0
26	26	915	1434.739	276.331	0.881	118	368	350	52	9	118	368	350	52	9	109.349	140.527	164	156	152	149	147	143	138	133	127	122	115	102.000	265.421	371	325	308	295	283	272	257	239	219	196	156	0	0	0.000	0.000	0	0	0	0	0.000	0	0	0	0.000	0	0	0	0	0	0	0	0	0	0	0	0	0	0	0	0	0
27	27	1774	378.683	282.787	0.919	50	258	1296	116	20	50	258	1296	116	20	107.855	116.244	124	120	119	117	117	116	115	115	114	113	110	104.000	1278.621	2095	1875	1774	1674	1508	1323	1128	932	758	582	407	0	0	0.000	0.000	0	0	0	0	0.000	0	0	0	0.000	0	0	0	0	0	0	0	0	0	0	0	0	0	0	0	0	0
28	28	954	1277.123	282.021	0.902	91	240	495	102	5	91	240	495	102	5	109.949	124.824	140	135	131	129	126	123	121	120	119	117	113	102.309	131.389	155	144	141	139	137	134	130	125	120	115	106	0	0	0.000	0.000	0	0	0	0	0.000	0	0	0	0.000	0	0	0	0	0	0	0	0	0	0	0	0	0	0	0	0	0
29	29	1981	31.151	295.584	0.838	12	84	877	911	64	12	84	877	911	64	105.331	138.924	633	142	137	134	131	129	127	124	121	118	108	104.207	998.615	1724	1496	1340	1232	1116	987	865	736	621	532	408	1	77	33.205	298.149	0	0	0	335	353.779	0	0	1072	1038.662	0	0	0	0	0	0	0	0	0	0	0	0	0	0	0	0	0
30	30	2071	1032.362	295.408	0.869	26	179	846	867	110	26	179	846	867	110	111.000	137.785	162	150	146	143	140	138	135	132	129	125	118	103.307	134.743	159	148	143	141	138	135	133	129	125	120	110	0	0	0.000	0.000	0	0	0	0	0.000	0	0	0	0.000	0	0	0	0	0	0	0	0	0	0	0	0	0	0	0	0	0
31	31	1861	1089.761	297.270	0.900	75	695	762	254	43	75	695	762	254	43	111.000	145.551	161	156	154	151	149	147	144	141	138	132	122	103.448	138.641	162	150	148	145	143	140	137	134	130	124	112	0	0	0.000	0.000	0	0	0	0	0.000	0	0	0	0.000	0	0	0	0	0	0	0	0	0	0	0	0	0	0	0	0	0
32	32	421	189.720	293.773	0.920	149	147	62	28	28	149	147	62	28	28	108.093	148.036	158	155	154	152	150	149	148	146	143	139	130	106.000	836.135	1104	1056	989	918	879	851	817	767	697	611	433	0	0	0.000	0.000	0	0	0	0	0.000	0	0	0	0.000	0	0	0	0	0	0	0	0	0	0	0	0	0	0	0	0	0
33	33	1874	422.974	314.035	0.901	60	229	1374	171	16	60	229	1374	171	16	108.001	117.220	134	121	119	118	117	117	116	116	115	114	111	103.241	1296.019	1971	1842	1721	1613	1484	1372	1217	1033	842	635	456	0	0	0.000	0.000	0	0	0	0	0.000	0	0	0	0.000	0	0	0	0	0	0	0	0	0	0	0	0	0	0	0	0	0
34	34	1753	927.350	315.642	0.864	131	651	821	106	18	131	651	821	106	18	110.000	121.831	137	130	127	124	122	120	119	118	117	116	112	103.000	118.503	129	124	123	121	120	119	118	116	114	112	104	0	0	0.000	0.000	0	0	0	0	0.000	0	0	0	0.000	0	0	0	0	0	0	0	0	0	0	0	0	0	0	0	0	0
35	35	273	460.291	302.932	0.929	33	55	109	61	11	33	55	109	61	11	108.000	113.055	117	115	114	114	113	113	113	112	112	111	109	103.000	594.601	866	822	778	735	678	625	569	495	423	320	191	0	0	0.000	0.000	0	0	0	0	0.000	0	0	0	0.000	0	0	0	0	0	0	0	0	0	0	0	0	0	0	0	0	0
36	36	1822	1151.495	328.885	0.872	23	561	904	274	26	23	561	904	274	26	110.307	127.963	138	133	132	131	130	128	127	126	124	122	114	103.783	707.042	1045	985	944	895	843	771	682	549	430	345	222	0	0	0.000	0.000	0	0	0	0	0.000	0	0	0	0.000	0	0	0	0	0	0	0	0	0	0	0	0	0	0	0	0	0
37	37	2395	989.666	337.347	0.875	203	1717	388	23	27	203	1717	388	23	27	110.678	500.883	5679	1351	244	134	130	128	127	126	124	122	115	103.731	135.204	165	147	143	141	139	137	133	130	125	121	111	1	304	1003.466	346.226	0	0	0	2550	2796.030	0	0	146	144.207	0	0	0	0	0	0	0	0	0	0	0	0	0	0	0	0	0
38	38	2130	749.921	338.991	0.899	39	147	660	1055	186	39	147	660	1055	186	109.420	117.106	128	121	119	118	117	117	116	115	115	114	111	103.396	964.356	1441	1303	1227	1143	1055	963	876	793	719	631	340	0	0	0.000	0.000	0	0	0	0	0.000	0	0	0	0.000	0	0	0	0	0	0	0	0	0	0	0	0	0	0	0	0	0
39	39	510	376.584	325.781	0.919	33	33	140	244	51	33	33	140	244	51	108.286	114.341	119	117	116	115	115	114	114	113	113	113	111	104.000	825.388	1132	1077	1013	961	908	848	782	714	645	549	363	0	0	0.000	0.000	0	0	0	0	0.000	0	0	0	0.000	0	0	0	0	0	0	0	0	0	0	0	0	0	0	0	0	0
40	40	1860	1804.724	344.234	0.910	69	228	1035	439	54	69	228	1035	439	54	108.837	116.480	134	122	119	117	116	115	115	114	114	113	109	103.000	621.525	930	834	791	749	708	662	583	507	436	358	238	0	0	0.000	0.000	0	0	0	0	0.000	0	0	0	0.000	0	0	0	0	0	0	0	0	0	0	0	0	0	0	0	0	0
41	41	2344	1043.762	352.234	0.855	44	477	1219	505	51	44	477	1219	505	51	111.692	1044.249	19293	2085	312	176	161	156	153	150	145	139	124	103.842	121.574	169	126	123	122	121	120	119	118	117	115	105	1	209	1039.091	364.944	0	0	0	7888	8842.861	0	0	141	142.861	0	0	0	0	0	0	0	0	0	0	0	0	0	0	0	0	0
42	42	2029	173.914	357.392	0.892	1516	322	91	49	19	1516	322	91	49	19	108.000	169.104	844	180	172	168	164	160	155	148	141	133	124	105.053	173.937	217	197	192	188	183	177	170	163	154	145	131	1	62	156.801	359.886	0	0	0	463	481.629	0	0	182	182.355	0	0	0	0	0	0	0	0	0	0	0	0	0	0	0	0	0
43	43	1818	804.354	355.972	0.896	137	1053	446	121	36	137	1053	446	121	36	109.336	115.864	122	118	117	117	116	116	115	115	114	113	111	104.000	420.512	632	582	537	500	462	432	403	359	293	239	182	0	0	0.000	0.000	0	0	0	0	0.000	0	0	0	0.000	0	0	0	0	0	0	0	0	0	0	0	0	0	0	0	0	0
44	44	1785	121.437	357.199	0.885	52	348	1069	253	31	52	348	1069	253	31	108.000	162.415	227	188	181	173	166	161	156	150	144	138	127	104.012	179.614	223	208	201	195	189	182	175	167	156	146	134	0	0	0.000	0.000	0	0	0	0	0.000	0	0	0	0.000	0	0	0	0	0	0	0	0	0	0	0	0	0	0	0	0	0
45	45	927	69.578	359.907	0.939	63	193	431	208	21	63	193	431	208	21	106.682	113.299	118	116	115	114	114	113	113	112	112	111	108	103.045	117.578	132	123	121	120	119	118	117	115	114	112	105	0	0	0.000	0.000	0	0	0	0	0.000	0	0	0	0.000	0	0	0	0	0	0	0	0	0	0	0	0	0	0	0	0	0
46	46	968	853.482	358.067	0.900	59	64	251	486	90	59	64	251	486	90	109.000	115.087	120	117	116	116	115	115	115	114	114	113	111	103.450	441.821	582	552	538	523	505	480	443	398	339	264	163	0	0	0.000	0.000	0	0	0	0	0.000	0	0	0	0.000	0	0	0	0	0	0	0	0	0	0	0	0	0	0	0	0	0
47	47	1548	227.230	368.654	0.902	887	489	72	42	31	887	489	72	42	31	108.258	154.822	175	168	165	161	158	155	152	149	146	141	131	105.267	992.699	1404	1268	1204	1145	1097	1037	968	880	782	634	380	0	0	0.000	0.000	0	0	0	0	0.000	0	0	0	0.000	0	0	0	0	0	0	0	0	0	0	0	0	0	0	0	0	0
48	48	1999	1092.942	375.128	0.900	22	110	1084	702	43	22	110	1084	702	43	110.802	298.702	513	393	342	326	310	295	280	262	241	215	160	103.992	201.367	257	233	223	217	210	204	196	188	176	166	136	0	0	0.000	0.000	0	0	0	0	0.000	0	0	0	0.000	0	0	0	0	0	0	0	0	0	0	0	0	0	0	0	0	0
49	49	1471	1144.894	379.879	0.877	10	148	814	417	49	10	148	814	417	49	109.433	129.194	141	137	135	134	132	130	128	126	123	121	114	103.625	661.266	983	872	812	763	709	664	621	571	506	443	255	0	0	0.000	0.000	0	0	0	0	0.000	0	0	0	0.000	0	0	0	0	0	0	0	0	0	0	0	0	0	0	0	0	0
50	50	1840	749.575	396.596	0.891	11	290	1143	315	37	11	290	1143	315	37	108.915	116.939	127	121	119	118	117	116	116	115	115	114	112	104.000	1009.041	1477	1352	1265	1185	1117	1039	948	860	762	619	418	0	0	0.000	0.000	0	0	0	0	0.000	0	0	0	0.000	0	0	0	0	0	0	0	0	0	0	0	0	0	0	0	0	0
51	51	1777	547.815	394.379	0.889	157	1093	463	22	6	157	1093	463	22	6	109.000	152.956	483	172	152	148	147	145	141	137	131	125	116	103.000	132.524	149	142	139	137	135	133	132	130	127	122	108	1	85	562.938	384.389	0	0	0	322	326.953	0	0	139	139.282	0	0	0	0	0	0	0	0	0	0	0	0	0	0	0	0	0
52	52	1753	1813.776	398.618	0.886	74	221	972	423	30	74	221	972	423	30	108.992	141.896	163	154	151	149	146	143	141	137	132	127	116	102.801	538.626	783	692	648	606	577	544	515	479	449	369	208	0	0	0.000	0.000	0	0	0	0	0.000	0	0	0	0.000	0	0	0	0	0	0	0	0	0	0	0	0	0	0	0	0	0
53	53	1581	89.160	400.900	0.907	71	751	657	58	10	71	751	657	58	10	107.425	116.790	129	122	121	119	118	116	115	114	113	112	109	103.306	120.124	138	125	124	123	122	121	119	118	116	113	106	0	0	0.000	0.000	0	0	0	0	0.000	0	0	0	0.000	0	0	0	0	0	0	0	0	0	0	0	0	0	0	0	0	0
54	54	1987	141.647	401.650	0.867	60	583	1030	244	32	60	583	1030	244	32	108.000	272.999	3502	305	231	207	193	181	173	167	159	142	122	104.009	132.043	164	141	138	136	135	133	131	129	126	121	109	1	100	123.695	394.194	0	0	0	1448	1619.800	0	0	143	142.010	0	0	0	0	0	0	0	0	0	0	0	0	0	0	0	0	0
55	55	331	1851.918	395.279	0.917	35	65	69	113	44	35	65	69	113	44	108.097	115.900	121	118	118	117	117	116	115	115	114	114	111	102.000	167.994	222	201	193	184	178	170	162	153	143	130	115	0	0	0.000	0.000	0	0	0	0	0.000	0	0	0	0.000	0	0	0	0	0	0	0	0	0	0	0	0	0	0	0	0	0
56	56	701	1543.750	403.412	0.911	51	96	292	218	28	51	96	292	218	28	110.000	128.491	140	136	135	133	131	128	126	125	123	121	115	103.006	472.456	637	599	572	547	522	495	455	408	363	322	256	0	0	0.000	0.000	0	0	0	0	0.000	0	0	0	0.000	0	0	0	0	0	0	0	0	0	0	0	0	0	0	0	0	0
57	57	1645	1055.520	416.388	0.915	72	188	1021	300	33	72	188	1021	300	33	111.000	275.956	397	350	326	313	302	282	259	239	217	192	163	103.798	204.226	269	242	231	223	215	209	201	189	174	157	138	0	0	0.000	0.000	0	0	0	0	0.000	0	0	0	0.000	0	0	0	0	0	0	0	0	0	0	0	0	0	0	0	0	0
58	58	1365	501.738	423.069	0.882	16	100	686	502	32	16	100	686	502	32	108.730	135.944	153	147	145	143	140	136	133	130	127	123	115	103.000	131.314	146	139	137	136	134	133	132	130	126	120	108	0	0	0.000	0.000	0	0	0	0	0.000	0	0	0	0.000	0	0	0	0	0	0	0	0	0	0	0	0	0	0	0	0	0
59	59	548	182.455	419.016	0.912	38	191	245	47	17	38	191	245	47	17	107.799	128.843	144	139	137	135	132	129	126	123	121	119	115	103.542	117.934	128	124	123	121	120	119	117	115	113	111	105	0	0	0.000	0.000	0	0	0	0	0.000	0	0	0	0.000	0	0	0	0	0	0	0	0	0	0	0	0	0	0	0	0	0
60	60	1716	1573.288	439.731	0.895	21	338	922	352	53	21	338	922	352	53	110.018	161.397	995	161	153	150	147	146	143	139	135	131	117	103.956	615.398	968	848	772	723	679	628	572	510	433	378	211	1	67	1566.072	439.849	0	0	0	463	514.104	0	0	593	597.134	0	0	0	0	0	0	0	0	0	0	0	0	0	0	0	0	0
61	61	1554	156.263	447.449	0.901	99	633	659	94	27	99	633	659	94	27	108.000	114.461	122	117	116	115	115	114	114	113	113	112	108	103.064	256.810	377	318	292	278	265	254	243	230	217	202	154	0	0	0.000	0.000	0	0	0	0	0.000	0	0	0	0.000	0	0	0	0	0	0	0	0	0	0	0	0	0	0	0	0	0
62	62	835	653.633	444.261	0.906	278	249	165	98	33	278	249	165	98	33	109.400	213.816	285	252	242	233	224	214	204	195	186	176	143	103.392	142.772	167	155	152	149	146	144	142	138	134	129	110	0	0	0.000	0.000	0	0	0	0	0.000	0	0	0	0.000	0	0	0	0	0	0	0	0	0	0	0	0	0	0	0	0	0
63	63	1657	317.526	458.935	0.904	130	398	946	133	18	130	398	946	133	18	108.674	115.695	125	119	118	117	116	115	115	114	114	113	110	103.000	608.140	883	776	733	702	669	641	608	551	469	379	216	0	0	0.000	0.000	0	0	0	0	0.000	0	0	0	0.000	0	0	0	0	0	0	0	0	0	0	0	0	0	0	0	0	0
64	64	1167	723.276	458.221	0.905	40	345	571	160	25	40	345	571	160	25	109.000	125.258	145	135	132	129	126	125	123	121	119	116	112	104.000	118.666	137	125	122	121	120	118	117	116	115	112	107	0	0	0.000	0.000	0	0	0	0	0.000	0	0	0	0.000	0	0	0	0	0	0	0	0	0	0	0	0	0	0	0	0	0
65	65	2204	930.000	472.280	0.888	18	280	1304	453	96	18	280	1304	453	96	110.000	121.455	136	127	124	123	122	121	120	119	118	117	113	105.633	1459.917	1945	1806	1727	1655	1579	1501	1396	1297	1183	1055	692	0	0	0.000	0.000	0	0	0	0	0.000	0	0	0	0.000	0	0	0	0	0	0	0	0	0	0	0	0	0	0	0	0	0
66	66	909	1543.345	468.712	0.907	20	81	570	209	15	20	81	570	209	15	110.833	140.417	157	149	147	146	144	142	140	136	132	129	122	104.000	525.565	703	670	650	631	604	563	509	450	381	326	239	0	0	0.000	0.000	0	0	0	0	0.000	0	0	0	0.000	0	0	0	0	0	0	0	0	0	0	0	0	0	0	0	0	0
67	67	1139	1458.195	474.531	0.915	51	112	563	354	27	51	112	563	354	27	110.000	127.619	153	138	131	129	128	126	125	124	122	120	114	103.581	414.665	705	569	511	474	441	414	381	346	306	259	210	0	0	0.000	0.000	0	0	0	0	0.000	0	0	0	0.000	0	0	0	0	0	0	0	0	0	0	0	0	0	0	0	0	0
68	68	1956	678.491	487.878	0.841	75	467	1167	190	26	75	467	1167	190	26	109.922	127.622	161	134	131	129	128	127	126	124	123	121	116	104.000	118.011	137	124	121	119	118	117	116	115	114	113	108	0	0	0.000	0.000	0	0	0	0	0.000	0	0	0	0.000	0	0	0	0	0	0	0	0	0	0	0	0	0	0	0	0	0
69	69	1207	82.927	478.912	0.904	100	370	630	72	7	100	370	630	72	7	107.159	185.713	415	270	202	187	179	171	164	153	144	135	122	102.074	122.684	140	133	130	128	125	123	121	118	115	112	107	1	71	94.465	476.457	0	0	0	353	351.479	0	0	129	127.423	0	0	0	0	0	0	0	0	0	0	0	0	0	0	0	0	0
70	70	2062	1574.993	495.479	0.878	36	328	1280	345	30	36	328	1280	345	30	110.937	148.134	188	164	159	155	152	149	146	142	136	130	116	104.000	555.449	928	826	738	651	597	543	492	445	387	309	165	0	0	0.000	0.000	0	0	0	0	0.000	0	0	0	0.000	0	0	0	0	0	0	0	0	0	0	0	0	0	0	0	0	0
71	71	2248	186.674	497.248	0.898	407	1439	290	40	38	407	1439	290	40	38	108.000	114.853	128	117	116	115	115	115	114	114	113	112	109	102.995	273.406	392	342	322	305	290	277	261	247	224	194	152	0	0	0.000	0.000	0	0	0	0	0.000	0	0	0	0.000	0	0	0	0	0	0	0	0	0	0	0	0	0	0	0	0	0
72	72	2650	986.245	500.660	0.897	13	472	1906	191	17	13	472	1906	191	17	110.477	120.488	130	125	123	122	121	120	120	119	118	117	113	105.745	1567.488	2230	2056	1917	1831	1774	1684	1561	1425	1216	868	446	0	0	0.000	0.000	0	0	0	0	0.000	0	0	0	0.000	0	0	0	0	0	0	0	0	0	0	0	0	0	0	0	0	0
73	73	1270	1689.203	493.394	0.887	45	261	643	283	10	45	261	643	283	10	109.188	115.085	120	118	117	116	116	115	115	114	113	112	109	103.026	115.960	130	123	120	118	117	116	115	113	112	110	106	0	0	0.000	0.000	0	0	0	0	0.000	0	0	0	0.000	0	0	0	0	0	0	0	0	0	0	0	0	0	0	0	0	0
74	74	1447	1520.863	504.990	0.920	73	113	897	321	16	73	113	897	321	16	110.414	131.764	198	143	137	134	131	129	127	125	123	120	114	103.732	400.868	664	555	508	478	439	402	370	334	283	224	178	1	44	1507.152	502.115	0	0	0	181	180.341	0	0	519	513.250	0	0	0	0	0	0	0	0	0	0	0	0	0	0	0	0	0
75	75	1822	1839.897	518.017	0.903	24	209	918	591	37	24	209	918	591	37	109.361	115.778	124	119	118	117	116	116	115	114	114	113	110	102.120	124.295	139	131	129	127	126	125	123	122	120	117	107	0	0	0.000	0.000	0	0	0	0	0.000	0	0	0	0.000	0	0	0	0	0	0	0	0	0	0	0	0	0	0	0	0	0
76	76	1708	1471.870	518.569	0.888	16	122	736	692	108	16	122	736	692	108	110.000	159.916	1493	163	130	127	124	122	121	120	118	117	113	103.282	312.105	553	443	401	368	337	302	274	240	214	192	151	1	89	1465.984	516.712	0	0	0	648	700.191	0	0	323	313.865	0	0	0	0	0	0	0	0	0	0	0	0	0	0	0	0	0
77	77	2144	634.281	521.706	0.897	44	197	1100	698	62	44	197	1100	698	62	110.000	245.639	2015	430	199	166	157	150	143	138	133	126	117	104.000	666.573	1043	953	892	838	777	695	601	505	426	356	206	1	209	634.786	515.976	0	0	0	925	1007.397	0	0	908	906.258	0	0	0	0	0	0	0	0	0	0	0	0	0	0	0	0	0
78	78	707	1212.512	515.098	0.914	36	83	255	246	69	36	83	255	246	69	110.000	117.454	125	122	120	118	118	117	116	116	115	114	112	103.000	126.293	149	139	135	131	128	125	122	120	118	115	110	0	0	0.000	0.000	0	0	0	0	0.000	0	0	0	0.000	0	0	0	0	0	0	0	0	0	0	0	0	0	0	0	0	0
79	79	1759	61.753	523.584	0.885	103	591	826	192	19	103	591	826	192	19	106.895	201.878	450	297	236	210	193	181	173	166	156	143	121	102.000	126.740	147	137	133	130	128	127	125	123	121	118	107	1	105	53.603	525.906	0	0	0	377	380.514	0	0	130	130.819	0	0	0	0	0	0	0	0	0	0	0	0	0	0	0	0	0
80	80	2243	566.211	534.486	0.883	33	101	591	1308	172	33	101	591	1308	172	110.000	151.298	243	164	157	155	153	151	148	144	139	133	122	104.000	899.147	1217	1121	1072	1021	971	924	885	825	733	608	367	0	0	0.000	0.000	0	0	0	0	0.000	0	0	0	0.000	0	0	0	0	0	0	0	0	0	0	0	0	0	0	0	0	0
81	81	1895	897.864	534.009	0.869	12	344	1147	339	25	12	344	1147	339	25	111.087	144.871	165	154	151	149	147	145	143	141	139	136	126	105.807	457.367	662	594	559	527	494	458	426	391	352	314	250	0	0	0.000	0.000	0	0	0	0	0.000	0	0	0	0.000	0	0	0	0	0	0	0	0	0	0	0	0	0	0	0	0	0
82	82	1532	1737.332	535.532	0.916	16	95	717	646	26	16	95	717	646	26	110.010	191.499	237	226	219	212	203	193	183	174	165	154	136	103.922	515.411	735	675	641	609	578	536	488	436	383	323	250	0	0	0.000	0.000	0	0	0	0	0.000	0	0	0	0.000	0	0	0	0	0	0	0	0	0	0	0	0	0	0	0	0	0
83	83	1102	1794.211	531.932	0.911	32	143	553	338	15	32	143	553	338	15	110.000	251.023	704	365	300	272	249	230	209	189	174	160	137	102.768	132.425	152	145	141	139	137	134	131	127	122	118	110	1	45	1795.194	525.656	0	0	0	562	563.267	0	0	146	145.933	0	0	0	0	0	0	0	0	0	0	0	0	0	0	0	0	0
84	84	731	1645.085	535.148	0.863	12	65	344	255	33	12	65	344	255	33	110.001	156.975	177	172	170	168	163	158	154	148	144	139	130	103.000	456.746	586	545	527	509	496	473	444	415	382	347	264	0	0	0.000	0.000	0	0	0	0	0.000	0	0	0	0.000	0	0	0	0	0	0	0	0	0	0	0	0	0	0	0	0	0
85	85	2161	1238.747	551.428	0.884	77	808	1108	127	7	77	808	1108	127	7	110.000	120.293	131	126	124	123	121	119	118	118	117	116	113	102.360	128.573	149	140	137	134	131	128	125	123	121	119	108	0	0	0.000	0.000	0	0	0	0	0.000	0	0	0	0.000	0	0	0	0	0	0	0	0	0	0	0	0	0	0	0	0	0
86	86	1390	1590.537	547.135	0.894	24	419	624	197	90	24	419	624	197	90	110.525	151.642	179	168	164	161	156	152	148	144	139	134	127	103.698	606.499	914	834	776	729	679	626	560	488	431	364	263	0	0	0.000	0.000	0	0	0	0	0.000	0	0	0	0.000	0	0	0	0	0	0	0	0	0	0	0	0	0	0	0	0	0
87	87	1421	1291.615	547.017	0.925	127	556	620	80	5	127	556	620	80	5	110.000	213.441	312	262	252	242	226	213	200	185	175	162	139	102.878	120.414	133	126	124	123	122	121	120	118	116	114	108	0	0	0.000	0.000	0	0	0	0	0.000	0	0	0	0.000	0	0	0	0	0	0	0	0	0	0	0	0	0	0	0	0	0
88	88	1686	1692.253	549.040	0.877	11	225	1070	333	22	11	225	1070	333	22	110.505	170.890	257	200	191	183	173	167	160	155	151	145	132	104.000	491.155	744	681	653	607	542	491	421	367	337	314	236	0	0	0.000	0.000	0	0	0	0	0.000	0	0	0	0.000	0	0	0	0	0	0	0	0	0	0	0	0	0	0	0	0	0
89	89	1329	522.426	561.180	0.865	153	876	169	87	28	153	876	169	87	28	109.993	151.160	185	167	161	159	155	151	147	142	139	136	130	103.129	842.686	1212	1120	1061	998	917	834	757	695	640	575	446	0	0	0.000	0.000	0	0	0	0	0.000	0	0	0	0.000	0	0	0	0	0	0	0	0	0	0	0	0	0	0	0	0	0
90	90	2218	950.865	561.543	0.902	33	541	1440	156	20	33	541	1440	156	20	110.922	145.544	161	155	152	151	149	148	146	144	139	131	117	105.541	503.235	693	634	594	568	539	514	487	452	417	369	214	0	0	0.000	0.000	0	0	0	0	0.000	0	0	0	0.000	0	0	0	0	0	0	0	0	0	0	0	0	0	0	0	0	0
91	91	903	858.932	558.030	0.905	20	143	477	207	45	20	143	477	207	45	111.000	203.815	370	252	225	214	207	200	192	181	170	159	141	104.444	122.526	134	129	127	126	125	123	121	120	118	116	108	0	0	0.000	0.000	0	0	0	0	0.000	0	0	0	0.000	0	0	0	0	0	0	0	0	0	0	0	0	0	0	0	0	0
92	92	2094	612.727	576.084	0.901	53	384	1500	105	13	53	384	1500	105	13	110.000	158.795	185	175	171	168	165	161	157	152	146	138	126	103.988	854.084	1112	1068	1032	985	940	895	861	786	675	554	342	0	0	0.000	0.000	0	0	0	0	0.000	0	0	0	0.000	0	0	0	0	0	0	0	0	0	0	0	0	0	0	0	0	0
93	93	1411	1834.065	577.525	0.872	32	139	480	613	118	32	139	480	613	118	110.000	115.658	125	120	118	116	116	115	114	114	114	113	110	102.003	120.941	134	127	125	124	123	122	121	119	117	113	106	0	0	0.000	0.000	0	0	0	0	0.000	0	0	0	0.000	0	0	0	0	0	0	0	0	0	0	0	0	0	0	0	0	0
94	94	1773	78.308	580.068	0.887	132	545	803	215	38	132	545	803	215	38	106.730	113.412	119	116	115	114	114	113	113	112	112	111	109	102.594	147.109	176	166	161	157	152	148	143	138	132	127	110	0	0	0.000	0.000	0	0	0	0	0.000	0	0	0	0.000	0	0	0	0	0	0	0	0	0	0	0	0	0	0	0	0	0
95	95	1927	1736.270	583.283	0.910	32	273	1330	245	13	32	273	1330	245	13	110.664	260.845	2234	337	223	207	198	191	184	174	163	152	130	103.496	438.625	703	600	549	506	467	438	404	368	324	279	194	1	125	1728.141	587.628	0	0	0	1030	1133.560	0	0	459	482.472	0	0	0	0	0	0	0	0	0	0	0	0	0	0	0	0	0
96	96	1325	1292.193	593.676	0.845	83	257	798	141	26	83	257	798	141	26	110.000	186.494	332	259	220	198	182	174	165	157	148	140	129	101.969	116.110	127	121	119	118	117	116	115	114	113	111	105	0	0	0.000	0.000	0	0	0	0	0.000	0	0	0	0.000	0	0	0	0	0	0	0	0	0	0	0	0	0	0	0	0	0
97	97	1579	886.192	598.472	0.879	22	152	755	558	65	22	152	755	558	65	111.001	157.602	184	177	173	168	163	158	154	150	143	135	124	104.379	515.559	770	693	655	609	559	511	466	426	387	338	233	0	0	0.000	0.000	0	0	0	0	0.000	0	0	0	0.000	0	0	0	0	0	0	0	0	0	0	0	0	0	0	0	0	0
98	98	649	924.835	596.160	0.901	57	85	156	290	54	57	85	156	290	54	111.000	127.656	139	133	132	131	129	128	126	125	123	122	116	104.696	320.982	475	435	403	370	341	315	288	265	245	221	180	0	0	0.000	0.000	0	0	0	0	0.000	0	0	0	0.000	0	0	0	0	0	0	0	0	0	0	0	0	0	0	0	0	0
99	99	1459	118.168	613.751	0.897	57	298	752	270	59	57	298	752	270	59	107.762	264.232	339	322	313	302	290	275	260	235	211	187	149	103.000	1194.764	1630	1513	1469	1418	1359	1284	1169	1056	920	719	414	0	0	0.000	0.000	0	0	0	0	0.000	0	0	0	0.000	0	0	0	0	0	0	0	0	0	0	0	0	0	0	0	0	0
100	100	1525	1687.329	616.110	0.902	351	947	145	31	21	351	947	145	31	21	111.000	201.850	256	231	221	216	212	208	201	191	178	165	142	102.538	114.781	132	120	118	116	115	114	114	112	111	110	105	0	0	0.000	0.000	0	0	0	0	0.000	0	0	0	0.000	0	0	0	0	0	0	0	0	0	0	0	0	0	0	0	0	0
101	101	1766	1801.087	618.568	0.919	77	441	967	212	36	77	441	967	212	36	110.000	142.113	223	185	158	144	137	132	129	127	124	121	115	102.239	129.439	160	144	137	133	131	129	127	124	121	117	105	1	194	1806.208	618.186	0	0	0	196	196.639	0	0	148	147.639	0	0	0	0	0	0	0	0	0	0	0	0	0	0	0	0	0
102	102	2081	280.259	628.135	0.876	126	647	991	219	57	126	647	991	219	57	108.870	119.062	133	126	123	120	119	118	117	116	116	115	111	102.678	1655.870	2453	2228	2032	1911	1792	1663	1540	1413	1275	1106	613	0	0	0.000	0.000	0	0	0	0	0.000	0	0	0	0.000	0	0	0	0	0	0	0	0	0	0	0	0	0	0	0	0	0
103	103	220	862.643	617.073	0.891	37	69	64	35	15	37	69	64	35	15	111.000	145.977	168	159	153	150	149	147	144	141	138	134	129	104.000	328.409	510	456	384	360	345	331	313	286	259	226	192	0	0	0.000	0.000	0	0	0	0	0.000	0	0	0	0.000	0	0	0	0	0	0	0	0	0	0	0	0	0	0	0	0	0
104	104	2207	67.241	644.036	0.877	43	240	893	894	101	43	240	893	894	101	106.109	335.924	2805	345	330	314	299	282	264	247	231	201	158	103.128	1366.561	1944	1775	1704	1620	1508	1397	1274	1158	1048	908	566	1	88	55.964	657.835	0	0	0	1498	1533.500	0	0	1240	1280.273	0	0	0	0	0	0	0	0	0	0	0	0	0	0	0	0	0
105	105	1384	844.685	644.331	0.880	77	83	750	441	15	77	83	750	441	15	110.064	149.280	180	167	162	157	152	148	144	140	137	134	126	103.884	459.608	705	638	584	542	505	463	423	376	327	281	225	0	0	0.000	0.000	0	0	0	0	0.000	0	0	0	0.000	0	0	0	0	0	0	0	0	0	0	0	0	0	0	0	0	0
106	106	765	801.939	643.272	0.914	38	136	293	250	32	38	136	293	250	32	109.990	130.979	168	155	144	134	129	126	124	122	120	117	113	102.855	115.842	133	124	121	119	117	115	114	112	110	109	105	0	0	0.000	0.000	0	0	0	0	0.000	0	0	0	0.000	0	0	0	0	0	0	0	0	0	0	0	0	0	0	0	0	0
107	107	1563	1415.708	652.859	0.877	297	1089	129	16	6	297	1089	129	16	6	109.940	121.377	131	126	125	123	122	121	120	119	118	117	113	102.386	525.642	984	795	695	630	571	503	441	382	336	307	215	0	0	0.000	0.000	0	0	0	0	0.000	0	0	0	0.000	0	0	0	0	0	0	0	0	0	0	0	0	0	0	0	0	0
108	108	2108	122.308	666.409	0.850	89	591	1128	237	23	89	591	1128	237	23	107.914	396.340	4086	485	283	251	231	220	209	198	188	177	138	103.932	843.262	1490	1332	1178	1019	890	788	696	612	536	471	358	1	196	102.020	660.541	0	0	0	2001	2121.781	0	0	1225	1128.041	0	0	0	0	0	0	0	0	0	0	0	0	0	0	0	0	0
109	109	1489	321.140	665.589	0.895	96	500	628	207	42	96	500	628	207	42	109.000	129.230	213	166	133	124	122	121	119	118	117	115	111	102.974	536.500	806	737	690	659	623	585	527	438	364	271	135	1	218	323.270	656.381	0	0	0	176	172.913	0	0	708	695.261	0	0	0	0	0	0	0	0	0	0	0	0	0	0	0	0	0
110	110	1894	1605.680	673.869	0.855	645	1019	139	30	13	645	1019	139	30	13	111.000	743.750	14319	1773	637	487	331	238	196	181	173	168	158	102.000	121.531	173	149	136	124	116	113	112	111	110	109	106	1	156	1617.576	657.454	0	0	0	2221	2386.756	0	0	147	145.859	0	0	0	0	0	0	0	0	0	0	0	0	0	0	0	0	0
111	111	1521	211.887	672.605	0.899	70	705	643	73	8	70	705	643	73	8	108.521	176.764	365	221	182	174	171	168	164	159	155	149	132	103.375	330.499	473	429	409	391	367	338	309	285	245	209	178	1	40	201.920	663.570	0	0	0	314	311.050	0	0	199	197.725	0	0	0	0	0	0	0	0	0	0	0	0	0	0	0	0	0
112	112	227	1514.860	667.515	0.968	20	48	72	69	15	20	48	72	69	15	110.132	115.877	119	118	117	117	116	116	115	115	114	114	112	102.590	128.176	153	138	135	131	129	127	126	124	122	119	115	0	0	0.000	0.000	0	0	0	0	0.000	0	0	0	0.000	0	0	0	0	0	0	0	0	0	0	0	0	0	0	0	0	0
113	113	1426	1492.875	693.965	0.899	20	146	683	499	58	20	146	683	499	58	110.877	123.119	133	128	126	124	123	123	122	121	120	119	116	103.000	213.130	282	252	239	226	218	211	206	197	188	180	145	0	0	0.000	0.000	0	0	0	0	0.000	0	0	0	0.000	0	0	0	0	0	0	0	0	0	0	0	0	0	0	0	0	0
114	114	547	1453.548	687.100	0.798	92	220	155	50	19	92	220	155	50	19	110.329	125.702	136	134	132	131	128	126	124	121	119	117	114	103.000	386.165	605	521	464	429	398	374	348	323	302	283	267	0	0	0.000	0.000	0	0	0	0	0.000	0	0	0	0.000	0	0	0	0	0	0	0	0	0	0	0	0	0	0	0	0	0
115	115	1723	247.630	710.092	0.896	6	29	327	1133	195	6	29	327	1133	195	109.000	320.609	3904	461	196	188	179	166	156	150	143	135	122	103.610	276.380	395	363	343	323	302	276	255	233	209	186	156	1	140	243.229	718.303	0	0	0	1657	1846.864	0	0	278	267.300	0	0	0	0	0	0	0	0	0	0	0	0	0	0	0	0	0
116	116	1014	336.427	709.947	0.921	37	143	285	442	90	37	143	285	442	90	109.000	114.826	121	117	116	116	115	115	114	114	113	113	110	102.935	277.190	465	388	360	343	321	293	261	228	177	124	106	0	0	0.000	0.000	0	0	0	0	0.000	0	0	0	0.000	0	0	0	0	0	0	0	0	0	0	0	0	0	0	0	0	0
117	117	1480	198.820	718.737	0.889	8	86	615	676	62	8	86	615	676	62	108.867	189.741	219	208	205	202	198	194	188	182	174	164	143	104.000	353.266	443	412	398	388	378	368	349	327	307	278	193	0	0	0.000	0.000	0	0	0	0	0.000	0	0	0	0.000	0	0	0	0	0	0	0	0	0	0	0	0	0	0	0	0	0
118	118	1606	76.983	720.659	0.907	48	693	775	54	6	48	693	775	54	6	105.983	189.911	573	215	201	195	191	184	177	168	160	148	128	102.874	748.210	1106	983	924	882	839	778	708	630	548	472	329	1	39	66.765	723.537	0	0	0	429	425.641	0	0	886	880.923	0	0	0	0	0	0	0	0	0	0	0	0	0	0	0	0	0
119	119	1022	873.608	714.247	0.901	74	148	537	202	39	74	148	537	202	39	110.308	130.880	160	150	142	137	131	127	124	122	121	119	114	103.875	2533.595	3909	3362	3205	3031	2808	2603	2343	2204	1929	1525	734	0	0	0.000	0.000	0	0	0	0	0.000	0	0	0	0.000	0	0	0	0	0	0	0	0	0	0	0	0	0	0	0	0	0
120	120	701	1867.671	715.078	0.857	172	390	104	17	5	172	390	104	17	5	110.036	364.382	745	563	443	383	365	347	319	293	259	225	174	103.000	133.073	166	151	144	140	136	132	128	124	121	118	109	0	0	0.000	0.000	0	0	0	0	0.000	0	0	0	0.000	0	0	0	0	0	0	0	0	0	0	0	0	0	0	0	0	0
121	121	1178	130.761	724.169	0.848	54	314	506	244	34	54	314	506	244	34	107.936	170.248	209	200	191	183	176	168	163	157	150	143	131	104.000	738.374	1028	941	909	860	795	732	677	637	595	535	367	0	0	0.000	0.000	0	0	0	0	0.000	0	0	0	0.000	0	0	0	0	0	0	0	0	0	0	0	0	0	0	0	0	0
122	122	1005	1445.427	725.550	0.922	24	228	525	178	28	24	228	525	178	28	111.000	123.303	145	131	126	125	123	122	121	120	119	118	115	103.170	201.365	256	237	230	222	215	206	196	183	170	159	143	0	0	0.000	0.000	0	0	0	0	0.000	0	0	0	0.000	0	0	0	0	0	0	0	0	0	0	0	0	0	0	0	0	0
123	123	1153	1915.413	731.358	0.906	84	89	559	389	11	84	89	559	389	11	109.977	144.243	168	160	157	153	149	145	140	136	132	128	122	103.000	169.173	202	192	188	183	177	172	166	158	149	141	127	0	0	0.000	0.000	0	0	0	0	0.000	0	0	0	0.000	0	0	0	0	0	0	0	0	0	0	0	0	0	0	0	0	0
124	124	1401	1484.453	740.939	0.898	37	233	720	361	23	37	233	720	361	23	111.000	122.380	132	127	126	124	124	123	121	120	119	118	114	103.196	196.929	244	228	220	214	209	203	197	186	171	155	130	0	0	0.000	0.000	0	0	0	0	0.000	0	0	0	0.000	0	0	0	0	0	0	0	0	0	0	0	0	0	0	0	0	0
125	125	1508	999.253	752.691	0.899	142	1107	220	16	8	142	1107	220	16	8	110.129	117.425	126	121	120	118	118	117	116	116	115	114	111	102.442	120.109	130	125	123	122	122	121	120	119	117	114	107	0	0	0.000	0.000	0	0	0	0	0.000	0	0	0	0.000	0	0	0	0	0	0	0	0	0	0	0	0	0	0	0	0	0
126	126	1559	1879.946	768.966	0.880	90	727	638	69	9	90	727	638	69	9	110.274	153.171	177	170	168	164	160	155	150	144	137	132	125	103.000	173.044	215	197	193	189	185	179	171	159	147	140	131	0	0	0.000	0.000	0	0	0	0	0.000	0	0	0	0.000	0	0	0	0	0	0	0	0	0	0	0	0	0	0	0	0	0
127	127	758	223.737	768.004	0.931	17	171	300	193	61	17	171	300	193	61	108.071	127.722	143	133	131	130	129	128	127	126	125	122	116	104.000	117.596	135	123	121	120	118	117	116	115	114	112	106	0	0	0.000	0.000	0	0	0	0	0.000	0	0	0	0.000	0	0	0	0	0	0	0	0	0	0	0	0	0	0	0	0	0
128	128	2145	2016.074	789.561	0.888	113	153	1071	682	87	113	153	1071	682	87	107.522	277.670	2959	508	166	157	153	151	148	144	137	128	120	102.889	1272.525	1931	1762	1646	1563	1468	1366	1238	1063	850	625	417	1	186	2023.741	773.755	0	0	0	1341	1435.946	0	0	1705	1610.801	0	0	0	0	0	0	0	0	0	0	0	0	0	0	0	0	0
129	129	1739	267.940	784.709	0.895	51	143	977	496	24	51	143	977	496	24	108.261	115.664	125	120	118	117	116	115	114	114	113	112	110	104.000	531.835	733	672	629	601	574	552	519	477	427	362	233	0	0	0.000	0.000	0	0	0	0	0.000	0	0	0	0.000	0	0	0	0	0	0	0	0	0	0	0	0	0	0	0	0	0
130	130	1951	193.961	799.480	0.807	47	248	1266	357	13	47	248	1266	357	13	107.973	125.533	153	136	131	129	127	125	123	121	118	116	111	103.544	116.585	128	123	120	119	118	117	115	114	113	110	104	0	0	0.000	0.000	0	0	0	0	0.000	0	0	0	0.000	0	0	0	0	0	0	0	0	0	0	0	0	0	0	0	0	0
131	131	1109	677.770	787.512	0.868	335	442	223	70	25	335	442	223	70	25	110.362	151.423	176	168	164	160	157	152	148	142	138	134	128	105.041	238.399	344	289	279	268	259	244	224	207	192	180	144	0	0	0.000	0.000	0	0	0	0	0.000	0	0	0	0.000	0	0	0	0	0	0	0	0	0	0	0	0	0	0	0	0	0
132	132	360	590.660	794.178	0.934	50	110	144	43	5	50	110	144	43	5	110.000	114.822	119	117	116	116	115	115	114	114	114	113	112	104.342	238.567	391	303	285	266	252	239	224	207	191	177	154	0	0	0.000	0.000	0	0	0	0	0.000	0	0	0	0.000	0	0	0	0	0	0	0	0	0	0	0	0	0	0	0	0	0
133	133	883	445.574	803.838	0.868	131	345	290	87	11	131	345	290	87	11	108.454	150.689	185	171	167	162	158	152	146	139	133	127	120	103.011	127.441	151	138	135	133	131	128	125	121	118	116	108	0	0	0.000	0.000	0	0	0	0	0.000	0	0	0	0.000	0	0	0	0	0	0	0	0	0	0	0	0	0	0	0	0	0
134	134	1997	1834.090	812.720	0.901	226	1070	557	92	11	226	1070	557	92	11	109.479	146.643	174	163	159	155	151	148	144	139	133	129	124	103.604	161.870	204	188	180	175	170	163	156	150	142	134	112	0	0	0.000	0.000	0	0	0	0	0.000	0	0	0	0.000	0	0	0	0	0	0	0	0	0	0	0	0	0	0	0	0	0
135	135	1489	805.508	823.181	0.864	40	255	902	232	34	40	255	902	232	34	110.967	201.972	275	235	226	218	211	204	197	189	178	163	136	105.537	140.939	163	152	149	146	144	142	140	137	134	128	114	0	0	0.000	0.000	0	0	0	0	0.000	0	0	0	0.000	0	0	0	0	0	0	0	0	0	0	0	0	0	0	0	0	0
136	136	1755	589.118	831.633	0.878	38	191	1043	427	27	38	191	1043	427	27	110.282	117.085	125	120	119	118	117	117	116	116	115	114	112	104.777	634.808	1003	879	788	736	687	638	583	525	464	404	317	0	0	0.000	0.000	0	0	0	0	0.000	0	0	0	0.000	0	0	0	0	0	0	0	0	0	0	0	0	0	0	0	0	0
137	137	500	233.416	821.720	0.901	45	92	161	156	34	45	92	161	156	34	108.000	112.842	117	115	114	114	113	113	112	112	111	111	109	103.728	230.284	320	295	279	259	242	229	217	201	186	170	144	0	0	0.000	0.000	0	0	0	0	0.000	0	0	0	0.000	0	0	0	0	0	0	0	0	0	0	0	0	0	0	0	0	0
138	138	1683	269.679	833.687	0.904	40	312	901	368	36	40	312	901	368	36	108.888	115.883	125	119	118	117	116	115	115	114	114	113	111	103.337	549.149	797	711	659	611	573	537	506	478	445	404	321	0	0	0.000	0.000	0	0	0	0	0.000	0	0	0	0.000	0	0	0	0	0	0	0	0	0	0	0	0	0	0	0	0	0
139	139	1970	528.924	835.450	0.872	34	401	1071	403	20	34	401	1071	403	20	109.596	116.607	126	120	118	117	117	116	116	115	115	114	111	104.000	657.343	943	858	807	758	708	666	616	563	508	459	268	0	0	0.000	0.000	0	0	0	0	0.000	0	0	0	0.000	0	0	0	0	0	0	0	0	0	0	0	0	0	0	0	0	0
140	140	990	1284.403	839.101	0.762	43	208	555	143	24	43	208	555	143	24	111.774	1159.957	11492	3773	1247	528	293	233	210	197	187	174	150	102.585	118.971	142	127	123	121	119	118	117	115	114	113	109	1	154	1278.509	847.594	0	0	0	4692	5298.214	0	0	127	127.084	0	0	0	0	0	0	0	0	0	0	0	0	0	0	0	0	0
141	141	1678	1986.058	854.085	0.870	39	359	875	336	24	39	359	875	336	24	109.016	115.148	122	118	116	116	115	115	114	114	114	113	111	102.318	573.166	815	741	711	679	644	599	548	487	423	357	253	0	0	0.000	0.000	0	0	0	0	0.000	0	0	0	0.000	0	0	0	0	0	0	0	0	0	0	0	0	0	0	0	0	0
142	142	1534	59.740	858.431	0.914	226	742	461	43	29	226	742	461	43	29	105.304	119.070	137	130	126	121	118	117	115	114	114	112	108	100.703	950.589	1752	1400	1197	1113	1029	943	860	759	642	537	407	0	0	0.000	0.000	0	0	0	0	0.000	0	0	0	0.000	0	0	0	0	0	0	0	0	0	0	0	0	0	0	0	0	0
143	143	1448	1825.356	860.679	0.887	12	59	516	790	42	12	59	516	790	42	109.521	144.597	162	154	152	150	148	146	143	140	138	133	124	103.133	161.036	191	176	172	169	166	162	159	154	150	144	125	0	0	0.000	0.000	0	0	0	0	0.000	0	0	0	0.000	0	0	0	0	0	0	0	0	0	0	0	0	0	0	0	0	0
144	144	2037	665.599	869.873	0.881	894	625	260	150	86	894	625	260	150	86	111.950	178.736	209	198	194	191	188	184	179	169	161	151	139	107.464	1662.910	2283	2147	2033	1935	1833	1721	1626	1492	1329	1043	629	0	0	0.000	0.000	0	0	0	0	0.000	0	0	0	0.000	0	0	0	0	0	0	0	0	0	0	0	0	0	0	0	0	0
145	145	2219	1526.540	871.546	0.858	50	592	1315	202	28	50	592	1315	202	28	111.000	118.897	131	123	121	120	119	118	118	117	116	115	111	103.000	148.076	173	160	156	154	151	148	146	143	140	136	116	0	0	0.000	0.000	0	0	0	0	0.000	0	0	0	0.000	0	0	0	0	0	0	0	0	0	0	0	0	0	0	0	0	0
146	146	1171	1757.457	860.666	0.888	91	384	500	149	23	91	384	500	149	23	109.789	125.939	150	135	131	129	127	125	123	121	120	119	114	103.000	1282.847	1805	1594	1544	1466	1386	1314	1246	1170	1060	882	548	0	0	0.000	0.000	0	0	0	0	0.000	0	0	0	0.000	0	0	0	0	0	0	0	0	0	0	0	0	0	0	0	0	0
147	147	2613	720.971	871.905	0.903	1549	820	87	60	23	1549	820	87	60	23	112.170	268.930	339	323	309	293	279	269	260	251	238	216	148	107.881	1580.341	2367	2190	2051	1889	1698	1564	1445	1314	1182	998	365	0	0	0.000	0.000	0	0	0	0	0.000	0	0	0	0.000	0	0	0	0	0	0	0	0	0	0	0	0	0	0	0	0	0
148	148	1633	504.950	881.060	0.908	85	350	1000	144	17	85	350	1000	144	17	109.555	119.310	135	128	123	120	119	118	117	116	115	115	111	103.360	127.000	140	134	132	130	129	128	126	125	123	118	108	0	0	0.000	0.000	0	0	0	0	0.000	0	0	0	0.000	0	0	0	0	0	0	0	0	0	0	0	0	0	0	0	0	0
149	149	1466	790.767	878.178	0.909	115	870	404	32	16	115	870	404	32	16	111.737	131.256	168	149	140	134	131	127	125	124	122	121	115	107.255	2586.323	4459	3877	3583	3190	2890	2581	2276	1921	1595	1310	649	1	32	802.074	871.230	0	0	0	162	161.750	0	0	4196	4189.750	0	0	0	0	0	0	0	0	0	0	0	0	0	0	0	0	0
150	150	1646	843.358	884.392	0.895	55	307	1028	193	32	55	307	1028	193	32	111.013	117.231	121	119	119	118	118	117	117	117	116	115	112	105.582	882.737	1444	1252	1156	1085	1016	928	826	701	568	441	322	0	0	0.000	0.000	0	0	0	0	0.000	0	0	0	0.000	0	0	0	0	0	0	0	0	0	0	0	0	0	0	0	0	0
151	151	1133	237.974	885.537	0.907	57	307	661	67	12	57	307	661	67	12	107.379	115.465	120	118	117	116	116	115	115	114	114	113	111	102.056	311.091	445	385	370	358	340	317	296	271	247	218	190	0	0	0.000	0.000	0	0	0	0	0.000	0	0	0	0.000	0	0	0	0	0	0	0	0	0	0	0	0	0	0	0	0	0
152	152	914	1957.038	890.380	0.908	19	58	474	322	16	19	58	474	322	16	110.000	116.228	122	119	118	117	117	116	115	115	115	114	111	102.697	558.702	769	686	647	613	586	560	531	506	472	435	324	0	0	0.000	0.000	0	0	0	0	0.000	0	0	0	0.000	0	0	0	0	0	0	0	0	0	0	0	0	0	0	0	0	0
153	153	1942	760.608	925.495	0.883	59	634	944	228	24	59	634	944	228	24	111.330	480.965	4166	1190	408	267	240	224	207	192	178	165	141	107.531	713.239	1105	935	890	854	822	768	683	588	501	415	263	1	231	755.693	922.100	0	0	0	2013	2138.848	0	0	882	894.870	0	0	0	0	0	0	0	0	0	0	0	0	0	0	0	0	0
154	154	522	1537.366	922.640	0.928	19	48	150	215	77	19	48	150	215	77	111.000	116.245	122	118	117	117	116	116	116	115	115	114	113	102.877	122.603	138	132	130	128	126	124	121	118	114	111	105	0	0	0.000	0.000	0	0	0	0	0.000	0	0	0	0.000	0	0	0	0	0	0	0	0	0	0	0	0	0	0	0	0	0
155	155	1067	404.212	934.520	0.890	96	317	456	159	27	96	317	456	159	27	109.248	144.968	248	180	159	149	143	138	134	129	124	119	115	103.685	132.547	207	153	141	137	135	132	128	123	117	113	105	0	0	0.000	0.000	0	0	0	0	0.000	0	0	0	0.000	0	0	0	0	0	0	0	0	0	0	0	0	0	0	0	0	0
156	156	1833	837.740	942.867	0.869	56	113	806	758	59	56	113	806	758	59	111.000	117.782	123	120	119	119	118	118	117	117	116	116	113	105.684	988.310	1608	1396	1295	1194	1117	1044	953	828	661	472	304	0	0	0.000	0.000	0	0	0	0	0.000	0	0	0	0.000	0	0	0	0	0	0	0	0	0	0	0	0	0	0	0	0	0
157	157	1921	1233.614	947.435	0.892	59	532	1011	265	12	59	532	1011	265	12	111.000	118.204	135	123	119	118	118	117	117	116	116	115	112	102.117	148.280	171	160	158	156	154	152	149	145	138	128	113	1	213	1225.567	951.528	0	0	0	128	127.174	0	0	158	158.019	0	0	0	0	0	0	0	0	0	0	0	0	0	0	0	0	0
158	158	1912	1841.970	949.284	0.919	699	957	189	16	5	699	957	189	16	5	109.605	130.330	160	149	142	135	131	127	123	121	120	119	115	102.467	208.258	266	241	230	223	217	212	205	198	188	171	128	0	0	0.000	0.000	0	0	0	0	0.000	0	0	0	0.000	0	0	0	0	0	0	0	0	0	0	0	0	0	0	0	0	0
159	159	1807	335.360	949.708	0.891	80	637	840	178	34	80	637	840	178	34	108.880	119.015	149	126	122	120	118	117	116	116	115	114	111	103.479	1022.240	1408	1309	1243	1180	1131	1082	1018	921	802	623	432	2	23	351.378	943.986	155	336.559	947.658	123	122.913	131	132.129	1155	1156.087	1200	1193.329	0	0	0	0	0	0	0	0	0	0	0	0	0	0	0
160	160	452	535.989	947.427	0.918	32	38	123	215	35	32	38	123	215	35	111.000	118.498	124	121	120	120	119	118	118	117	117	116	112	103.993	145.743	170	160	155	152	148	145	142	140	137	132	122	0	0	0.000	0.000	0	0	0	0	0.000	0	0	0	0.000	0	0	0	0	0	0	0	0	0	0	0	0	0	0	0	0	0
161	161	1892	667.563	959.578	0.852	37	78	834	846	61	37	78	834	846	61	111.013	140.218	732	146	127	125	124	123	122	121	119	118	113	106.031	590.450	972	861	798	717	643	581	522	465	410	331	208	1	102	656.495	952.187	0	0	0	359	393.127	0	0	801	731.627	0	0	0	0	0	0	0	0	0	0	0	0	0	0	0	0	0
162	162	1834	1181.002	973.404	0.911	53	880	795	58	10	53	880	795	58	10	111.000	118.286	129	123	120	119	118	118	117	116	116	115	112	102.033	146.626	168	160	158	155	152	149	145	141	137	130	110	0	0	0.000	0.000	0	0	0	0	0.000	0	0	0	0.000	0	0	0	0	0	0	0	0	0	0	0	0	0	0	0	0	0
163	163	1659	453.285	976.795	0.864	17	137	769	622	76	17	137	769	622	76	110.045	127.348	138	133	131	130	129	128	126	125	124	121	115	104.000	209.987	265	243	232	224	219	211	205	197	190	179	131	0	0	0.000	0.000	0	0	0	0	0.000	0	0	0	0.000	0	0	0	0	0	0	0	0	0	0	0	0	0	0	0	0	0
164	164	1844	509.110	979.088	0.899	17	111	1205	470	12	17	111	1205	470	12	111.000	128.820	137	133	132	131	130	129	128	127	126	125	120	103.946	201.470	260	240	230	220	210	201	193	183	174	164	140	0	0	0.000	0.000	0	0	0	0	0.000	0	0	0	0.000	0	0	0	0	0	0	0	0	0	0	0	0	0	0	0	0	0
165	165	1963	784.332	982.982	0.883	95	461	1280	76	6	95	461	1280	76	6	111.658	231.892	289	274	268	260	251	240	227	214	195	170	153	106.069	864.073	1199	1097	1059	1035	1004	952	879	776	647	438	314	0	0	0.000	0.000	0	0	0	0	0.000	0	0	0	0.000	0	0	0	0	0	0	0	0	0	0	0	0	0	0	0	0	0
166	166	373	419.713	963.197	0.930	29	94	144	76	25	29	94	144	76	25	109.936	124.035	130	128	127	126	125	124	123	122	121	120	116	104.000	177.903	204	195	192	190	187	184	179	171	163	153	129	0	0	0.000	0.000	0	0	0	0	0.000	0	0	0	0.000	0	0	0	0	0	0	0	0	0	0	0	0	0	0	0	0	0
167	167	1329	613.391	974.156	0.890	31	63	717	437	54	31	63	717	437	54	110.979	120.882	129	125	123	123	122	121	120	119	118	117	113	104.281	608.671	924	822	743	684	647	610	567	528	476	412	273	0	0	0.000	0.000	0	0	0	0	0.000	0	0	0	0.000	0	0	0	0	0	0	0	0	0	0	0	0	0	0	0	0	0
168	168	2122	377.266	989.913	0.920	118	888	910	149	16	118	888	910	149	16	109.112	119.382	132	126	123	122	120	119	117	116	115	115	111	104.691	1246.132	2278	1755	1627	1541	1456	1357	1176	983	778	603	317	0	0	0.000	0.000	0	0	0	0	0.000	0	0	0	0.000	0	0	0	0	0	0	0	0	0	0	0	0	0	0	0	0	0
169	169	442	86.636	980.811	0.951	30	96	92	172	45	30	96	92	172	45	107.000	123.412	133	131	130	128	126	124	122	119	117	115	111	101.000	107.910	118	113	112	110	109	108	106	105	104	103	101	0	0	0.000	0.000	0	0	0	0	0.000	0	0	0	0.000	0	0	0	0	0	0	0	0	0	0	0	0	0	0	0	0	0
170	170	2089	42.810	999.223	0.840	119	640	1134	126	19	119	640	1134	126	19	105.800	205.166	577	303	234	209	192	181	171	163	155	148	124	101.000	122.621	142	134	130	127	125	122	120	118	115	113	104	2	17	25.880	998.537	100	56.871	982.406	353	353.706	436	435.170	131	130.824	130	129.840	0	0	0	0	0	0	0	0	0	0	0	0	0	0	0
171	171	2097	845.039	1014.591	0.815	18	86	902	987	60	18	86	902	987	60	111.450	197.389	259	230	219	210	203	196	191	185	178	166	135	104.273	135.495	159	147	143	140	137	135	133	131	129	126	108	0	0	0.000	0.000	0	0	0	0	0.000	0	0	0	0.000	0	0	0	0	0	0	0	0	0	0	0	0	0	0	0	0	0
172	172	1769	587.837	1015.895	0.877	123	279	1052	258	24	123	279	1052	258	24	110.963	118.643	128	123	121	120	119	118	117	117	116	115	113	103.997	125.638	139	132	130	129	128	126	125	124	122	118	107	0	0	0.000	0.000	0	0	0	0	0.000	0	0	0	0.000	0	0	0	0	0	0	0	0	0	0	0	0	0	0	0	0	0
173	173	1548	1237.352	1026.055	0.908	63	378	789	268	27	63	378	789	268	27	112.000	383.643	6202	568	173	158	152	148	143	138	133	129	124	102.397	141.713	172	158	154	152	148	143	139	132	127	123	111	1	123	1245.975	1028.732	0	0	0	2421	2695.659	0	0	158	156.618	0	0	0	0	0	0	0	0	0	0	0	0	0	0	0	0	0
174	174	1157	1499.950	1030.266	0.906	55	557	481	34	9	55	557	481	34	9	112.000	135.413	172	155	146	139	135	132	130	127	125	123	118	103.054	2379.732	4652	3333	3008	2726	2574	2424	2300	2080	1723	1199	561	0	0	0.000	0.000	0	0	0	0	0.000	0	0	0	0.000	0	0	0	0	0	0	0	0	0	0	0	0	0	0	0	0	0
175	175	2263	481.767	1042.936	0.896	436	1576	178	18	5	436	1576	178	18	5	110.823	226.176	320	281	264	246	235	223	212	201	189	178	142	104.499	528.042	893	772	704	635	566	511	454	405	360	311	206	0	0	0.000	0.000	0	0	0	0	0.000	0	0	0	0.000	0	0	0	0	0	0	0	0	0	0	0	0	0	0	0	0	0
176	176	2361	543.797	1044.068	0.894	52	108	707	1293	157	52	108	707	1293	157	110.985	272.806	390	358	339	314	291	268	247	229	215	192	152	103.761	539.444	936	812	743	665	593	514	456	404	360	301	205	0	0	0.000	0.000	0	0	0	0	0.000	0	0	0	0.000	0	0	0	0	0	0	0	0	0	0	0	0	0	0	0	0	0
177	177	1286	426.157	1038.057	0.898	185	622	318	107	36	185	622	318	107	36	109.889	232.398	313	282	266	253	241	232	223	214	200	182	160	105.000	519.428	830	698	622	575	539	507	482	456	413	352	280	0	0	0.000	0.000	0	0	0	0	0.000	0	0	0	0.000	0	0	0	0	0	0	0	0	0	0	0	0	0	0	0	0	0
178	178	1290	1205.714	1061.001	0.879	46	84	553	503	82	46	84	553	503	82	111.312	154.716	171	166	163	161	159	157	153	150	146	140	129	102.466	147.135	175	161	158	156	153	151	148	144	139	123	108	0	0	0.000	0.000	0	0	0	0	0.000	0	0	0	0.000	0	0	0	0	0	0	0	0	0	0	0	0	0	0	0	0	0
179	179	393	769.653	1051.845	0.886	60	112	72	93	48	60	112	72	93	48	111.000	131.025	139	137	136	134	133	131	129	128	127	125	123	105.000	477.669	707	648	612	563	519	471	429	387	357	317	255	0	0	0.000	0.000	0	0	0	0	0.000	0	0	0	0.000	0	0	0	0	0	0	0	0	0	0	0	0	0	0	0	0	0
180	180	975	72.212	1066.150	0.878	66	461	364	49	12	66	461	364	49	12	106.000	119.927	131	125	124	122	121	120	119	118	116	114	110	100.967	112.523	123	117	115	114	113	112	112	111	110	108	104	0	0	0.000	0.000	0	0	0	0	0.000	0	0	0	0.000	0	0	0	0	0	0	0	0	0	0	0	0	0	0	0	0	0
181	181	2340	398.676	1084.107	0.900	42	487	1088	626	59	42	487	1088	626	59	109.976	122.420	137	130	127	125	123	121	120	119	118	117	113	104.718	759.329	1411	1190	1067	941	830	736	628	542	463	380	285	0	0	0.000	0.000	0	0	0	0	0.000	0	0	0	0.000	0	0	0	0	0	0	0	0	0	0	0	0	0	0	0	0	0
182	182	2010	787.748	1088.555	0.878	36	320	1322	269	22	36	320	1322	269	22	111.710	168.870	785	197	159	155	153	149	145	142	138	133	120	104.081	672.708	1063	971	869	789	736	687	626	554	465	376	201	1	113	794.611	1096.430	0	0	0	436	451.142	0	0	945	933.000	0	0	0	0	0	0	0	0	0	0	0	0	0	0	0	0	0
183	183	537	1582.842	1078.374	0.923	16	50	122	293	50	16	50	122	293	50	113.000	130.358	143	137	134	133	132	130	129	128	126	125	121	104.000	229.937	297	265	255	248	241	234	228	218	206	185	149	0	0	0.000	0.000	0	0	0	0	0.000	0	0	0	0.000	0	0	0	0	0	0	0	0	0	0	0	0	0	0	0	0	0
184	184	1979	1536.452	1091.140	0.836	8	82	948	854	45	8	82	948	854	45	112.964	150.804	171	163	160	157	154	152	149	146	142	138	127	104.505	359.731	524	454	419	394	373	355	335	318	304	283	197	0	0	0.000	0.000	0	0	0	0	0.000	0	0	0	0.000	0	0	0	0	0	0	0	0	0	0	0	0	0	0	0	0	0
185	185	2483	1626.297	1106.112	0.881	40	366	1755	263	24	40	366	1755	263	24	112.858	265.176	6673	175	166	164	162	159	154	149	142	136	122	104.163	1446.848	2273	1991	1848	1717	1610	1506	1379	1213	1025	828	404	1	89	1603.024	1103.755	0	0	0	2446	2750.258	0	0	1696	1610.809	0	0	0	0	0	0	0	0	0	0	0	0	0	0	0	0	0
186	186	2037	450.229	1108.236	0.887	66	668	1097	146	24	66	668	1097	146	24	110.015	119.563	128	123	121	121	120	119	119	118	118	117	113	104.578	777.028	1241	1110	1032	950	875	804	726	636	517	393	240	0	0	0.000	0.000	0	0	0	0	0.000	0	0	0	0.000	0	0	0	0	0	0	0	0	0	0	0	0	0	0	0	0	0
187	187	203	1377.893	1095.999	0.954	2	26	81	51	41	2	26	81	51	41	112.236	154.862	180	176	173	169	163	157	151	143	137	130	123	103.744	148.709	189	170	167	163	158	151	146	137	130	122	112	0	0	0.000	0.000	0	0	0	0	0.000	0	0	0	0.000	0	0	0	0	0	0	0	0	0	0	0	0	0	0	0	0	0
188	188	2130	1389.402	1133.435	0.858	26	844	1153	44	9	26	844	1153	44	9	113.000	269.405	426	320	307	296	286	275	262	247	229	204	155	104.245	229.462	304	278	263	253	244	234	223	210	194	173	133	0	0	0.000	0.000	0	0	0	0	0.000	0	0	0	0.000	0	0	0	0	0	0	0	0	0	0	0	0	0	0	0	0	0
189	189	1850	1526.786	1144.653	0.860	92	514	943	241	14	92	514	943	241	14	113.000	148.599	369	163	157	152	148	145	141	138	135	131	125	104.759	296.543	461	421	390	358	331	309	278	231	192	160	138	1	35	1517.800	1126.078	0	0	0	263	264.343	0	0	364	357.543	0	0	0	0	0	0	0	0	0	0	0	0	0	0	0	0	0
190	190	1658	409.806	1138.781	0.902	133	534	674	250	33	133	534	674	250	33	109.328	118.517	127	123	122	120	119	118	117	116	116	114	112	103.992	335.821	544	455	422	390	361	326	302	272	246	222	188	0	0	0.000	0.000	0	0	0	0	0.000	0	0	0	0.000	0	0	0	0	0	0	0	0	0	0	0	0	0	0	0	0	0
191	191	1905	798.012	1145.593	0.860	93	639	994	127	11	93	639	994	127	11	111.496	206.320	2043	289	143	131	129	128	127	125	123	121	114	104.000	663.487	1011	887	836	793	744	698	639	573	477	374	267	1	146	799.741	1155.448	0	0	0	919	989.966	0	0	682	673.575	0	0	0	0	0	0	0	0	0	0	0	0	0	0	0	0	0
192	192	2194	1443.881	1157.514	0.854	129	1209	747	54	4	129	1209	747	54	4	113.000	281.991	2055	321	296	282	263	250	235	218	198	177	156	104.310	217.410	294	270	256	243	231	222	210	194	174	160	139	1	76	1424.659	1160.290	0	0	0	1069	1106.342	0	0	269	263.053	0	0	0	0	0	0	0	0	0	0	0	0	0	0	0	0	0
193	193	2652	1615.621	1167.944	0.884	112	1797	655	29	11	112	1797	655	29	11	112.688	150.390	172	163	159	157	155	153	150	146	140	134	121	104.589	1299.681	2052	1893	1720	1533	1406	1296	1189	1062	930	741	358	0	0	0.000	0.000	0	0	0	0	0.000	0	0	0	0.000	0	0	0	0	0	0	0	0	0	0	0	0	0	0	0	0	0
194	194	1984	710.855	1169.472	0.875	39	431	960	457	52	39	431	960	457	52	110.314	121.029	136	126	124	122	121	120	120	119	118	117	114	104.000	599.097	854	801	755	709	681	654	596	525	427	306	233	0	0	0.000	0.000	0	0	0	0	0.000	0	0	0	0.000	0	0	0	0	0	0	0	0	0	0	0	0	0	0	0	0	0
195	195	570	843.698	1177.917	0.918	16	89	330	113	11	16	89	330	113	11	110.744	118.261	125	122	121	120	119	118	117	117	116	115	113	104.000	115.623	126	119	118	117	117	116	115	114	112	111	109	0	0	0.000	0.000	0	0	0	0	0.000	0	0	0	0.000	0	0	0	0	0	0	0	0	0	0	0	0	0	0	0	0	0
196	196	1731	660.383	1190.653	0.881	42	438	949	247	21	42	438	949	247	21	110.000	121.441	139	128	125	123	121	120	119	119	118	117	114	104.000	564.655	775	705	673	650	629	594	552	499	455	383	227	0	0	0.000	0.000	0	0	0	0	0.000	0	0	0	0.000	0	0	0	0	0	0	0	0	0	0	0	0	0	0	0	0	0
197	197	1276	1512.664	1189.331	0.899	59	695	389	88	27	59	695	389	88	27	112.667	150.824	171	161	157	155	153	152	150	148	144	138	129	104.000	318.750	438	397	376	362	344	328	308	289	259	221	170	0	0	0.000	0.000	0	0	0	0	0.000	0	0	0	0.000	0	0	0	0	0	0	0	0	0	0	0	0	0	0	0	0	0
198	198	2081	796.290	1199.499	0.846	8	240	1097	645	62	8	240	1097	645	62	111.369	129.160	155	136	134	132	130	129	127	126	124	122	117	104.000	756.174	1111	990	948	912	875	812	730	638	534	425	271	0	0	0.000	0.000	0	0	0	0	0.000	0	0	0	0.000	0	0	0	0	0	0	0	0	0	0	0	0	0	0	0	0	0
199	199	2176	1300.542	1213.936	0.900	202	1583	331	13	6	202	1583	331	13	6	112.000	236.256	2037	374	153	145	140	135	130	126	124	122	117	105.191	1364.281	2140	1996	1899	1796	1632	1440	1253	1027	785	556	339	1	214	1287.473	1228.034	0	0	0	994	1079.827	0	0	1597	1521.458	0	0	0	0	0	0	0	0	0	0	0	0	0	0	0	0	0
200	200	1041	1147.436	1224.399	0.889	56	260	562	129	9	56	260	562	129	9	111.998	120.578	127	123	122	122	121	121	120	119	119	118	115	103.798	124.419	135	131	129	128	127	125	124	122	120	117	106	0	0	0.000	0.000	0	0	0	0	0.000	0	0	0	0.000	0	0	0	0	0	0	0	0	0	0	0	0	0	0	0	0	0
201	201	2417	1284.309	1270.101	0.904	45	366	1187	671	100	45	366	1187	671	100	112.000	134.016	336	141	132	130	129	127	126	125	124	122	117	105.315	1385.422	2119	1897	1827	1746	1630	1475	1283	1102	890	702	465	1	125	1274.736	1267.698	0	0	0	226	234.328	0	0	1793	1755.936	0	0	0	0	0	0	0	0	0	0	0	0	0	0	0	0	0
202	202	1108	1404.276	1265.029	0.882	44	699	226	105	19	44	699	226	105	19	113.000	195.868	239	231	225	217	208	197	187	179	168	157	140	106.000	1322.327	1997	1890	1793	1650	1487	1335	1174	1024	897	724	493	0	0	0.000	0.000	0	0	0	0	0.000	0	0	0	0.000	0	0	0	0	0	0	0	0	0	0	0	0	0	0	0	0	0
203	203	1404	1504.450	1270.010	0.917	148	575	541	96	21	148	575	541	96	21	112.000	123.618	136	128	126	125	124	123	122	122	121	119	115	105.819	137.647	158	149	146	142	140	138	136	134	131	126	112	0	0	0.000	0.000	0	0	0	0	0.000	0	0	0	0.000	0	0	0	0	0	0	0	0	0	0	0	0	0	0	0	0	0
204	204	2019	1448.949	1284.391	0.862	115	1060	720	62	11	115	1060	720	62	11	112.454	201.553	272	247	233	221	210	200	191	182	171	157	134	106.012	1541.331	2755	2315	2107	1904	1731	1544	1337	1170	969	759	478	0	0	0.000	0.000	0	0	0	0	0.000	0	0	0	0.000	0	0	0	0	0	0	0	0	0	0	0	0	0	0	0	0	0
205	205	913	1137.513	1282.040	0.934	33	291	410	138	17	33	291	410	138	17	111.919	125.007	149	138	130	127	125	122	121	120	119	118	113	104.022	139.148	156	151	148	145	142	139	136	133	131	128	122	0	0	0.000	0.000	0	0	0	0	0.000	0	0	0	0.000	0	0	0	0	0	0	0	0	0	0	0	0	0	0	0	0	0
206	206	1231	150.709	1294.002	0.909	32	298	784	89	11	32	298	784	89	11	106.807	112.685	118	115	114	114	113	113	112	112	111	110	107	103.000	122.396	139	129	127	126	124	123	122	120	118	114	106	0	0	0.000	0.000	0	0	0	0	0.000	0	0	0	0.000	0	0	0	0	0	0	0	0	0	0	0	0	0	0	0	0	0
207	207	715	198.216	1291.355	0.735	162	270	160	73	36	162	270	160	73	36	108.000	154.085	202	184	176	170	162	154	146	138	132	127	114	103.000	121.828	154	136	130	126	123	120	117	115	113	112	107	0	0	0.000	0.000	0	0	0	0	0.000	0	0	0	0.000	0	0	0	0	0	0	0	0	0	0	0	0	0	0	0	0	0
208	208	1264	282.093	1298.791	0.905	69	348	521	249	43	69	348	521	249	43	108.000	115.147	123	118	117	116	115	115	114	114	114	113	111	103.996	381.211	542	492	449	421	399	380	361	340	312	275	237	0	0	0.000	0.000	0	0	0	0	0.000	0	0	0	0.000	0	0	0	0	0	0	0	0	0	0	0	0	0	0	0	0	0
209	209	1726	23.514	1308.957	0.862	170	1142	306	56	16	170	1142	306	56	16	106.013	234.765	367	284	269	259	246	232	220	210	198	181	137	101.772	120.142	133	126	124	122	121	120	119	118	116	115	106	0	0	0.000	0.000	0	0	0	0	0.000	0	0	0	0.000	0	0	0	0	0	0	0	0	0	0	0	0	0	0	0	0	0
210	210	1671	1173.906	1308.698	0.909	42	423	825	291	49	42	423	825	291	49	112.403	125.698	137	130	129	128	127	126	125	124	122	120	115	104.959	137.562	159	148	144	142	140	138	135	133	131	127	118	0	0	0.000	0.000	0	0	0	0	0.000	0	0	0	0.000	0	0	0	0	0	0	0	0	0	0	0	0	0	0	0	0	0
211	211	1888	1978.655	1308.561	0.874	109	474	959	263	41	109	474	959	263	41	110.043	498.662	776	671	611	575	546	520	488	433	370	298	189	103.114	265.796	457	337	309	288	274	262	248	231	216	197	142	0	0	0.000	0.000	0	0	0	0	0.000	0	0	0	0.000	0	0	0	0	0	0	0	0	0	0	0	0	0	0	0	0	0
212	212	1002	1288.130	1318.840	0.928	47	202	547	165	17	47	202	547	165	17	112.000	129.132	140	135	133	131	130	129	128	127	125	123	117	105.000	1407.626	1819	1739	1675	1634	1558	1492	1407	1266	1106	935	643	0	0	0.000	0.000	0	0	0	0	0.000	0	0	0	0.000	0	0	0	0	0	0	0	0	0	0	0	0	0	0	0	0	0
213	213	2008	1597.671	1327.729	0.891	100	867	823	150	29	100	867	823	150	29	111.591	123.621	139	132	129	125	123	122	121	120	120	118	116	104.199	130.552	151	138	136	134	133	131	130	128	125	122	112	0	0	0.000	0.000	0	0	0	0	0.000	0	0	0	0.000	0	0	0	0	0	0	0	0	0	0	0	0	0	0	0	0	0
214	214	1995	1425.821	1332.481	0.898	69	808	977	61	16	69	808	977	61	16	112.586	244.405	360	316	285	266	252	235	224	211	201	193	151	105.855	1293.509	2477	2031	1703	1533	1379	1221	1078	936	813	740	476	0	0	0.000	0.000	0	0	0	0	0.000	0	0	0	0.000	0	0	0	0	0	0	0	0	0	0	0	0	0	0	0	0	0
215	215	812	312.351	1331.770	0.904	29	144	350	230	39	29	144	350	230	39	107.133	114.617	119	116	116	116	115	115	114	114	113	113	110	103.906	349.523	492	459	429	404	379	355	335	305	272	228	154	0	0	0.000	0.000	0	0	0	0	0.000	0	0	0	0.000	0	0	0	0	0	0	0	0	0	0	0	0	0	0	0	0	0
216	216	709	1549.799	1341.918	0.881	71	43	90	342	153	71	43	90	342	153	111.496	131.130	143	139	135	133	132	130	129	128	127	125	121	105.000	657.055	1002	934	849	781	713	647	587	532	471	415	299	0	0	0.000	0.000	0	0	0	0	0.000	0	0	0	0.000	0	0	0	0	0	0	0	0	0	0	0	0	0	0	0	0	0
217	217	1790	171.378	1355.568	0.891	1102	576	44	18	8	1102	576	44	18	8	107.726	187.226	1168	200	166	161	158	155	151	148	144	139	127	103.000	581.092	804	728	686	651	617	590	561	520	480	422	297	1	105	168.341	1360.219	0	0	0	598	639.000	0	0	602	587.952	0	0	0	0	0	0	0	0	0	0	0	0	0	0	0	0	0
218	218	2748	1191.227	1365.420	0.916	395	1644	524	111	14	395	1644	524	111	14	113.000	1030.659	12613	3956	389	174	154	150	148	145	141	135	125	103.892	150.447	190	170	162	157	153	150	147	143	139	133	114	1	518	1193.427	1349.360	0	0	0	4317	4683.517	0	0	169	166.255	0	0	0	0	0	0	0	0	0	0	0	0	0	0	0	0	0
219	219	2216	1250.557	1362.931	0.877	116	1289	696	65	13	116	1289	696	65	13	112.783	185.038	1939	183	148	142	139	138	136	133	130	126	119	104.336	149.515	172	163	159	156	154	151	148	143	139	134	127	1	118	1234.491	1349.911	0	0	0	823	898.356	0	0	157	156.110	0	0	0	0	0	0	0	0	0	0	0	0	0	0	0	0	0
220	220	1596	477.297	1366.216	0.884	93	286	809	319	61	93	286	809	319	61	110.009	120.492	129	125	123	122	121	120	119	119	118	117	112	103.380	1800.767	3150	2575	2325	2169	2020	1870	1674	1447	1258	977	346	0	0	0.000	0.000	0	0	0	0	0.000	0	0	0	0.000	0	0	0	0	0	0	0	0	0	0	0	0	0	0	0	0	0
221	221	2381	1808.921	1385.545	0.871	116	1084	937	175	12	116	1084	937	175	12	112.000	137.682	224	151	142	139	137	135	132	130	128	125	117	103.971	1432.298	2069	1900	1822	1751	1648	1536	1411	1237	1012	745	490	1	61	1803.230	1387.763	0	0	0	199	199.016	0	0	1209	1171.672	0	0	0	0	0	0	0	0	0	0	0	0	0	0	0	0	0
222	222	1689	1510.469	1380.001	0.872	29	510	914	176	30	29	510	914	176	30	112.052	146.320	185	155	153	151	148	147	144	142	139	135	127	105.286	893.523	1408	1197	1115	1054	984	920	858	801	645	489	381	0	0	0.000	0.000	0	0	0	0	0.000	0	0	0	0.000	0	0	0	0	0	0	0	0	0	0	0	0	0	0	0	0	0
223	223	1889	1562.339	1386.623	0.880	130	927	645	127	25	130	927	645	127	25	112.000	174.006	820	192	163	159	156	152	149	146	143	139	127	104.758	1206.367	1845	1700	1585	1476	1353	1230	1092	937	796	696	533	1	103	1547.547	1378.085	0	0	0	463	485.184	0	0	1500	1470.243	0	0	0	0	0	0	0	0	0	0	0	0	0	0	0	0	0
224	224	1457	664.877	1384.211	0.883	355	841	196	39	8	355	841	196	39	8	111.000	280.608	553	503	458	390	322	242	179	142	126	120	114	103.343	161.673	250	236	223	199	178	148	127	114	109	107	103	0	0	0.000	0.000	0	0	0	0	0.000	0	0	0	0.000	0	0	0	0	0	0	0	0	0	0	0	0	0	0	0	0	0
225	225	821	1054.001	1387.150	0.787	60	259	346	125	24	60	259	346	125	24	113.000	887.112	1527	1162	1071	973	907	868	819	769	716	635	460	103.890	147.499	201	169	160	154	149	145	141	138	135	131	123	0	0	0.000	0.000	0	0	0	0	0.000	0	0	0	0.000	0	0	0	0	0	0	0	0	0	0	0	0	0	0	0	0	0
226	226	2253	1862.191	1399.138	0.886	53	147	790	1043	173	53	147	790	1043	173	111.266	393.389	3523	1121	191	143	137	133	130	128	127	124	117	103.986	1293.934	2071	1759	1655	1587	1489	1350	1204	1101	929	651	358	1	389	1861.947	1386.756	0	0	0	1492	1609.784	0	0	1624	1567.959	0	0	0	0	0	0	0	0	0	0	0	0	0	0	0	0	0
227	227	1954	131.181	1396.938	0.871	263	1330	232	62	35	263	1330	232	62	35	106.566	186.746	929	278	168	157	152	149	145	139	133	129	121	102.619	521.474	846	721	653	608	576	534	489	432	367	302	230	1	169	116.181	1390.917	0	0	0	513	534.077	0	0	649	644.905	0	0	0	0	0	0	0	0	0	0	0	0	0	0	0	0	0
228	228	741	1468.963	1401.362	0.871	17	85	273	305	56	17	85	273	305	56	113.000	141.124	154	151	148	146	144	142	140	137	134	130	123	104.737	892.242	1240	1144	1084	1025	970	917	864	803	723	592	309	0	0	0.000	0.000	0	0	0	0	0.000	0	0	0	0.000	0	0	0	0	0	0	0	0	0	0	0	0	0	0	0	0	0
229	229	253	167.777	1400.677	0.752	40	82	57	49	21	40	82	57	49	21	107.364	122.273	138	130	128	125	123	121	120	118	117	116	114	103.000	309.866	460	421	398	367	344	317	291	257	224	193	146	0	0	0.000	0.000	0	0	0	0	0.000	0	0	0	0.000	0	0	0	0	0	0	0	0	0	0	0	0	0	0	0	0	0
230	230	311	1608.308	1416.618	0.932	22	70	78	104	31	22	70	78	104	31	113.000	119.029	123	121	120	120	119	119	119	118	118	117	115	103.820	111.781	119	115	114	113	112	112	111	111	110	109	107	0	0	0.000	0.000	0	0	0	0	0.000	0	0	0	0.000	0	0	0	0	0	0	0	0	0	0	0	0	0	0	0	0	0
231	231	1609	181.768	1439.072	0.876	63	531	880	88	9	63	531	880	88	9	107.355	121.105	128	125	124	123	122	121	120	119	118	116	111	102.968	635.872	1088	967	871	792	713	642	557	466	405	316	133	0	0	0.000	0.000	0	0	0	0	0.000	0	0	0	0.000	0	0	0	0	0	0	0	0	0	0	0	0	0	0	0	0	0
232	232	1584	1577.576	1437.425	0.908	84	874	541	45	9	84	874	541	45	9	112.871	129.342	142	135	133	132	131	129	128	127	126	124	118	103.791	127.009	142	135	132	130	129	127	125	124	122	119	113	0	0	0.000	0.000	0	0	0	0	0.000	0	0	0	0.000	0	0	0	0	0	0	0	0	0	0	0	0	0	0	0	0	0
233	233	1332	409.934	1440.029	0.919	34	117	292	675	181	34	117	292	675	181	108.559	171.067	198	187	182	178	175	173	171	167	162	152	130	102.870	820.822	1194	1041	979	931	878	830	778	727	664	591	362	0	0	0.000	0.000	0	0	0	0	0.000	0	0	0	0.000	0	0	0	0	0	0	0	0	0	0	0	0	0	0	0	0	0
234	234	2063	1516.726	1442.278	0.889	600	1290	116	11	5	600	1290	116	11	5	112.222	137.272	156	148	145	142	139	137	135	133	130	127	120	103.397	133.593	150	141	139	137	136	135	133	131	129	124	111	0	0	0.000	0.000	0	0	0	0	0.000	0	0	0	0.000	0	0	0	0	0	0	0	0	0	0	0	0	0	0	0	0	0
235	235	1398	461.231	1443.077	0.918	126	210	936	75	20	126	210	936	75	20	109.913	188.040	226	209	204	200	197	193	187	179	169	159	137	103.000	577.999	746	687	655	634	616	597	576	545	502	438	287	0	0	0.000	0.000	0	0	0	0	0.000	0	0	0	0.000	0	0	0	0	0	0	0	0	0	0	0	0	0	0	0	0	0
236	236	267	1010.290	1438.947	0.747	56	132	54	14	7	56	132	54	14	7	113.000	241.446	278	272	267	263	255	243	237	225	217	203	179	103.000	150.135	172	166	163	158	155	150	145	142	139	135	125	0	0	0.000	0.000	0	0	0	0	0.000	0	0	0	0.000	0	0	0	0	0	0	0	0	0	0	0	0	0	0	0	0	0
237	237	1632	934.723	1464.625	0.897	81	518	957	26	10	81	518	957	26	10	112.000	186.155	227	214	208	202	196	189	183	174	164	152	140	104.000	858.485	1334	1188	1098	1038	979	908	830	739	598	407	263	0	0	0.000	0.000	0	0	0	0	0.000	0	0	0	0.000	0	0	0	0	0	0	0	0	0	0	0	0	0	0	0	0	0
238	238	1097	527.424	1464.965	0.919	98	373	465	119	22	98	373	465	119	22	111.000	143.245	211	193	172	150	136	130	126	124	122	120	115	103.000	857.815	1534	1236	1072	969	887	822	764	710	645	585	336	0	0	0.000	0.000	0	0	0	0	0.000	0	0	0	0.000	0	0	0	0	0	0	0	0	0	0	0	0	0	0	0	0	0
239	239	1217	219.157	1465.672	0.911	20	191	777	194	13	20	191	777	194	13	108.000	122.302	130	127	126	125	124	123	122	120	119	116	111	102.412	772.933	1166	1081	1035	969	899	822	743	660	547	324	128	0	0	0.000	0.000	0	0	0	0	0.000	0	0	0	0.000	0	0	0	0	0	0	0	0	0	0	0	0	0	0	0	0	0
240	240	2251	571.075	1482.647	0.909	471	1138	489	77	30	471	1138	489	77	30	110.355	134.079	188	154	146	139	133	128	126	125	123	121	114	103.000	812.972	1363	1124	1015	937	884	839	761	685	596	494	222	1	61	563.826	1478.239	0	0	0	174	174.164	0	0	876	876.066	0	0	0	0	0	0	0	0	0	0	0	0	0	0	0	0	0
241	241	1928	1432.954	1481.640	0.886	58	982	753	77	30	58	982	753	77	30	112.000	194.925	334	233	218	209	200	190	184	175	167	157	132	102.770	124.166	137	130	129	127	126	125	123	122	120	117	109	0	0	0.000	0.000	0	0	0	0	0.000	0	0	0	0.000	0	0	0	0	0	0	0	0	0	0	0	0	0	0	0	0	0
242	242	1668	185.781	1492.649	0.856	131	688	664	144	12	131	688	664	144	12	107.781	123.596	134	130	128	126	125	124	122	121	119	118	112	102.004	657.673	1039	942	858	789	725	662	596	532	450	361	281	0	0	0.000	0.000	0	0	0	0	0.000	0	0	0	0.000	0	0	0	0	0	0	0	0	0	0	0	0	0	0	0	0	0
243	243	1328	1480.820	1506.981	0.908	16	198	721	331	39	16	198	721	331	39	112.000	190.994	242	223	212	204	198	193	185	176	168	159	143	103.000	124.352	139	132	130	128	126	125	123	122	120	115	108	0	0	0.000	0.000	0	0	0	0	0.000	0	0	0	0.000	0	0	0	0	0	0	0	0	0	0	0	0	0	0	0	0	0
244	244	1210	1881.126	1542.501	0.882	168	564	409	32	15	168	564	409	32	15	111.347	124.791	144	133	129	127	125	124	122	121	120	118	115	103.000	122.649	136	129	127	126	124	123	121	120	118	116	108	0	0	0.000	0.000	0	0	0	0	0.000	0	0	0	0.000	0	0	0	0	0	0	0	0	0	0	0	0	0	0	0	0	0
245	245	374	186.384	1536.043	0.917	23	61	132	137	21	23	61	132	137	21	107.040	114.612	120	117	116	116	115	115	114	114	113	112	109	102.000	433.291	614	579	544	508	472	431	391	366	326	298	232	0	0	0.000	0.000	0	0	0	0	0.000	0	0	0	0.000	0	0	0	0	0	0	0	0	0	0	0	0	0	0	0	0	0
246	246	1352	1109.382	1552.147	0.906	16	195	940	178	6	16	195	940	178	6	112.000	121.050	129	125	123	122	122	121	120	120	119	118	114	104.453	1330.578	1883	1734	1634	1554	1473	1392	1290	1169	1012	815	517	0	0	0.000	0.000	0	0	0	0	0.000	0	0	0	0.000	0	0	0	0	0	0	0	0	0	0	0	0	0	0	0	0	0
247	247	2005	1154.700	1582.812	0.882	38	306	1034	529	45	38	306	1034	529	45	111.963	119.899	129	122	122	121	120	120	119	119	118	117	114	104.418	1016.944	1613	1461	1362	1255	1153	1062	978	854	658	446	261	0	0	0.000	0.000	0	0	0	0	0.000	0	0	0	0.000	0	0	0	0	0	0	0	0	0	0	0	0	0	0	0	0	0
248	248	1637	1831.544	1597.258	0.907	76	441	920	160	11	76	441	920	160	11	111.109	120.361	127	123	122	121	121	120	120	119	119	118	115	104.000	1808.941	2855	2489	2308	2166	2025	1898	1721	1500	1240	986	623	0	0	0.000	0.000	0	0	0	0	0.000	0	0	0	0.000	0	0	0	0	0	0	0	0	0	0	0	0	0	0	0	0	0
249	249	2925	1840.706	1654.217	0.896	112	1251	1290	157	42	112	1251	1290	157	42	111.000	122.105	134	128	126	124	123	122	121	120	119	117	112	103.948	1539.928	3584	2393	2192	1986	1763	1521	1279	1089	915	663	187	0	0	0.000	0.000	0	0	0	0	0.000	0	0	0	0.000	0	0	0	0	0	0	0	0	0	0	0	0	0	0	0	0	0
250	250	1093	1621.178	1644.303	0.898	204	411	241	136	72	204	411	241	136	72	110.241	116.217	123	120	118	117	117	116	115	115	114	113	111	102.871	140.707	166	155	150	146	143	140	137	134	131	128	122	0	0	0.000	0.000	0	0	0	0	0.000	0	0	0	0.000	0	0	0	0	0	0	0	0	0	0	0	0	0	0	0	0	0
251	251	643	2034.204	1656.657	0.822	62	107	251	172	38	62	107	251	172	38	108.044	119.465	136	129	124	121	119	118	117	116	115	114	112	102.000	114.944	132	125	123	120	116	114	112	110	108	105	101	0	0	0.000	0.000	0	0	0	0	0.000	0	0	0	0.000	0	0	0	0	0	0	0	0	0	0	0	0	0	0	0	0	0
252	252	2142	1410.554	1663.927	0.872	1538	520	19	9	6	1538	520	19	9	6	114.000	6392.704	12967	9233	8299	7587	7228	6921	6222	5369	4130	2355	546	103.000	159.606	228	198	183	171	163	158	154	146	136	122	108	0	0	0.000	0.000	0	0	0	0	0.000	0	0	0	0.000	0	0	0	0	0	0	0	0	0	0	0	0	0	0	0	0	0
253	253	1679	754.505	1679.525	0.863	42	349	987	248	23	42	349	987	248	23	110.000	150.909	348	167	153	150	147	145	142	139	136	132	124	102.715	781.035	1203	1099	1016	939	885	822	747	661	530	393	277	1	60	759.127	1685.638	0	0	0	269	265.283	0	0	358	361.383	0	0	0	0	0	0	0	0	0	0	0	0	0	0	0	0	0
254	254	1332	1748.625	1691.402	0.897	61	391	706	133	15	61	391	706	133	15	111.045	121.598	135	128	125	123	122	121	120	119	118	117	115	104.000	1528.348	2488	2128	1961	1802	1657	1538	1404	1300	1143	877	452	0	0	0.000	0.000	0	0	0	0	0.000	0	0	0	0.000	0	0	0	0	0	0	0	0	0	0	0	0	0	0	0	0	0
255	255	1641	830.701	1722.007	0.836	83	752	687	63	11	83	752	687	63	11	110.502	180.327	1110	183	159	156	153	152	149	147	144	140	128	102.327	970.696	1404	1241	1158	1103	1035	968	907	849	776	684	500	2	58	806.131	1722.038	57	851.823	1714.966	547	561.017	512	542.175	879	868.276	835	826.649	0	0	0	0	0	0	0	0	0	0	0	0	0	0	0
256	256	2248	1709.520	1728.957	0.888	151	1007	876	141	18	151	1007	876	141	18	111.003	123.692	138	131	128	126	124	123	122	121	120	119	115	103.429	1459.313	2540	2138	1972	1783	1617	1473	1319	1118	949	789	492	0	0	0.000	0.000	0	0	0	0	0.000	0	0	0	0.000	0	0	0	0	0	0	0	0	0	0	0	0	0	0	0	0	0
257	257	394	1290.600	1722.080	0.706	104	137	111	30	7	104	137	111	30	7	113.000	323.622	400	382	366	350	337	326	311	300	284	267	230	103.000	161.135	180	173	170	167	165	162	159	157	153	148	137	0	0	0.000	0.000	0	0	0	0	0.000	0	0	0	0.000	0	0	0	0	0	0	0	0	0	0	0	0	0	0	0	0	0
258	258	974	1373.771	1732.151	0.860	109	536	268	32	15	109	536	268	32	15	113.095	191.462	291	237	220	209	200	193	184	171	157	143	126	102.562	133.846	180	152	147	143	138	134	130	126	119	111	103	0	0	0.000	0.000	0	0	0	0	0.000	0	0	0	0.000	0	0	0	0	0	0	0	0	0	0	0	0	0	0	0	0	0
259	259	308	870.317	1721.815	0.947	35	49	71	123	27	35	49	71	123	27	111.000	131.948	141	139	138	137	135	134	132	130	126	121	116	103.000	582.825	913	854	801	736	665	619	556	482	376	258	131	0	0	0.000	0.000	0	0	0	0	0.000	0	0	0	0.000	0	0	0	0	0	0	0	0	0	0	0	0	0	0	0	0	0
260	260	1624	431.356	1746.828	0.880	915	525	110	26	12	915	525	110	26	12	108.677	119.740	128	123	122	121	120	120	119	118	118	117	113	102.000	112.948	122	117	116	115	114	113	112	111	110	109	105	0	0	0.000	0.000	0	0	0	0	0.000	0	0	0	0.000	0	0	0	0	0	0	0	0	0	0	0	0	0	0	0	0	0
261	261	1343	1243.328	1766.317	0.903	73	313	573	267	96	73	313	573	267	96	112.657	164.584	360	255	184	157	146	141	137	134	132	128	122	102.775	157.308	204	179	172	166	162	157	152	147	142	135	120	1	209	1249.976	1763.928	0	0	0	274	275.273	0	0	182	180.488	0	0	0	0	0	0	0	0	0	0	0	0	0	0	0	0	0
262	262	1400	947.216	1787.980	0.875	131	619	560	50	8	131	619	560	50	8	110.730	139.108	218	181	160	145	135	126	123	122	120	118	114	102.000	122.099	142	132	129	126	123	121	120	118	116	114	107	0	0	0.000	0.000	0	0	0	0	0.000	0	0	0	0.000	0	0	0	0	0	0	0	0	0	0	0	0	0	0	0	0	0
263	263	1692	1964.144	1788.219	0.899	78	1165	338	64	20	78	1165	338	64	20	109.976	116.937	125	121	119	118	117	116	116	115	115	114	111	103.000	809.119	1361	1157	1045	943	882	824	758	674	572	436	296	0	0	0.000	0.000	0	0	0	0	0.000	0	0	0	0.000	0	0	0	0	0	0	0	0	0	0	0	0	0	0	0	0	0
264	264	1414	1663.635	1793.576	0.920	103	849	417	20	4	103	849	417	20	4	111.394	125.641	135	130	128	128	127	126	125	124	123	121	117	102.714	134.864	155	147	144	141	139	136	134	130	127	121	106	0	0	0.000	0.000	0	0	0	0	0.000	0	0	0	0.000	0	0	0	0	0	0	0	0	0	0	0	0	0	0	0	0	0
265	265	1661	2021.354	1796.676	0.867	7	324	1085	214	5	7	324	1085	214	5	107.999	116.363	124	119	118	117	117	116	116	115	115	114	110	101.859	745.364	1105	983	918	847	782	728	685	641	593	534	353	0	0	0.000	0.000	0	0	0	0	0.000	0	0	0	0.000	0	0	0	0	0	0	0	0	0	0	0	0	0	0	0	0	0
266	266	792	1742.131	1799.982	0.906	31	126	410	188	21	31	126	410	188	21	111.006	122.506	129	127	125	124	123	122	122	121	120	118	114	101.997	135.558	150	144	142	141	139	137	135	133	129	123	112	0	0	0.000	0.000	0	0	0	0	0.000	0	0	0	0.000	0	0	0	0	0	0	0	0	0	0	0	0	0	0	0	0	0
267	267	1151	1987.634	1825.592	0.913	24	54	258	736	67	24	54	258	736	67	108.986	116.468	122	119	118	118	117	116	116	115	115	114	112	102.470	1043.505	1400	1315	1259	1209	1163	1110	1059	968	848	642	286	0	0	0.000	0.000	0	0	0	0	0.000	0	0	0	0.000	0	0	0	0	0	0	0	0	0	0	0	0	0	0	0	0	0
268	268	1985	1706.039	1829.302	0.846	258	1329	319	31	8	258	1329	319	31	8	111.859	127.405	138	132	131	130	129	128	127	126	124	122	117	102.000	137.402	157	148	144	142	140	138	136	133	130	127	112	0	0	0.000	0.000	0	0	0	0	0.000	0	0	0	0.000	0	0	0	0	0	0	0	0	0	0	0	0	0	0	0	0	0
269	269	1423	382.719	1855.272	0.915	229	915	214	31	8	229	915	214	31	8	108.013	392.661	9242	423	195	179	167	157	148	142	136	130	120	101.973	121.141	142	130	127	125	123	121	119	117	115	113	105	1	80	389.385	1847.662	0	0	0	3263	3597.275	0	0	128	128.300	0	0	0	0	0	0	0	0	0	0	0	0	0	0	0	0	0
270	270	1302	1318.994	1857.174	0.917	31	245	728	251	18	31	245	728	251	18	112.000	120.111	130	125	123	121	120	119	119	118	117	117	114	103.953	139.283	170	154	148	145	143	141	139	134	129	123	109	0	0	0.000	0.000	0	0	0	0	0.000	0	0	0	0.000	0	0	0	0	0	0	0	0	0	0	0	0	0	0	0	0	0
271	271	1395	760.153	1862.210	0.893	103	654	533	60	16	103	654	533	60	16	109.955	147.007	182	163	159	155	151	147	143	139	135	130	121	102.000	126.176	141	133	131	130	128	127	126	124	121	117	108	0	0	0.000	0.000	0	0	0	0	0.000	0	0	0	0.000	0	0	0	0	0	0	0	0	0	0	0	0	0	0	0	0	0
272	272	2107	708.959	1880.368	0.859	66	825	967	175	36	66	825	967	175	36	109.964	553.650	13484	965	244	181	170	165	159	155	151	146	135	101.955	135.724	171	145	142	140	138	136	134	132	129	125	114	1	122	701.271	1862.761	0	0	0	4548	5306.090	0	0	149	147.451	0	0	0	0	0	0	0	0	0	0	0	0	0	0	0	0	0
273	273	827	242.881	1883.892	0.874	102	279	312	96	22	102	279	312	96	22	107.206	177.664	248	213	206	198	190	181	170	159	147	136	114	102.000	141.937	182	160	155	152	148	145	140	135	128	117	107	0	0	0.000	0.000	0	0	0	0	0.000	0	0	0	0.000	0	0	0	0	0	0	0	0	0	0	0	0	0	0	0	0	0
274	274	1708	1284.402	1888.063	0.886	31	487	915	203	44	31	487	915	203	44	112.428	118.924	128	122	121	120	119	119	118	118	117	116	113	104.347	146.499	170	161	158	155	152	149	145	140	134	129	110	0	0	0.000	0.000	0	0	0	0	0.000	0	0	0	0.000	0	0	0	0	0	0	0	0	0	0	0	0	0	0	0	0	0
275	275	1582	1338.814	1899.912	0.874	34	421	975	127	3	34	421	975	127	3	111.929	118.672	132	122	120	119	119	118	118	117	117	116	113	105.022	144.474	173	158	154	150	147	145	143	139	135	130	120	1	93	1355.329	1906.573	0	0	0	126	126.344	0	0	145	143.151	0	0	0	0	0	0	0	0	0	0	0	0	0	0	0	0	0
276	276	775	1722.684	1894.322	0.877	102	273	229	126	26	102	273	229	126	26	111.557	205.201	273	247	237	227	219	208	197	186	174	159	132	102.045	139.245	162	154	150	146	143	140	137	133	129	123	109	0	0	0.000	0.000	0	0	0	0	0.000	0	0	0	0.000	0	0	0	0	0	0	0	0	0	0	0	0	0	0	0	0	0
277	277	1486	1764.378	1911.190	0.876	41	108	832	450	23	41	108	832	450	23	110.871	126.365	215	130	128	127	126	125	124	123	121	119	113	102.861	155.114	178	170	167	164	162	158	154	148	142	134	124	1	51	1747.383	1908.138	0	0	0	178	177.510	0	0	162	159.961	0	0	0	0	0	0	0	0	0	0	0	0	0	0	0	0	0
278	278	1418	1192.518	1921.727	0.897	50	1016	285	24	11	50	1016	285	24	11	111.000	118.671	124	122	121	120	119	119	118	117	117	116	113	103.000	117.007	128	122	121	120	118	117	116	115	113	111	107	0	0	0.000	0.000	0	0	0	0	0.000	0	0	0	0.000	0	0	0	0	0	0	0	0	0	0	0	0	0	0	0	0	0
279	279	628	1374.347	1915.238	0.876	104	201	144	109	58	104	201	144	109	58	111.366	118.559	124	122	120	120	119	118	118	117	117	116	111	105.524	132.952	152	145	142	138	136	133	130	127	125	121	115	0	0	0.000	0.000	0	0	0	0	0.000	0	0	0	0.000	0	0	0	0	0	0	0	0	0	0	0	0	0	0	0	0	0
280	280	1394	1454.967	1927.251	0.921	23	560	618	140	21	23	560	618	140	21	117.362	212.194	263	242	236	229	223	216	206	198	188	176	159	105.826	616.643	941	809	757	708	665	623	584	546	481	390	295	0	0	0.000	0.000	0	0	0	0	0.000	0	0	0	0.000	0	0	0	0	0	0	0	0	0	0	0	0	0	0	0	0	0
281	281	448	1686.044	1920.740	0.915	21	60	176	154	28	21	60	176	154	28	111.000	122.607	130	128	126	124	123	122	121	121	120	118	115	102.000	133.145	153	146	144	142	140	136	131	126	122	116	107	0	0	0.000	0.000	0	0	0	0	0.000	0	0	0	0.000	0	0	0	0	0	0	0	0	0	0	0	0	0	0	0	0	0
282	282	1759	1973.301	1939.469	0.861	456	1156	97	13	7	456	1156	97	13	7	108.952	147.243	216	181	163	154	146	141	136	132	129	126	116	102.673	2973.023	5306	4132	3657	3382	3208	3006	2779	2538	2229	1758	962	0	0	0.000	0.000	0	0	0	0	0.000	0	0	0	0.000	0	0	0	0	0	0	0	0	0	0	0	0	0	0	0	0	0
283	283	287	1068.044	1929.726	0.739	27	109	109	31	6	27	109	109	31	6	110.899	177.829	215	200	192	187	184	180	174	167	160	155	146	102.216	121.233	133	126	124	123	122	121	120	119	118	116	111	0	0	0.000	0.000	0	0	0	0	0.000	0	0	0	0.000	0	0	0	0	0	0	0	0	0	0	0	0	0	0	0	0	0
284	284	1427	1309.704	1938.203	0.864	11	110	378	812	83	11	110	378	812	83	112.000	314.322	382	360	348	340	334	323	312	299	278	253	199	105.737	3902.975	5201	4748	4556	4393	4253	4066	3824	3533	3207	2822	1896	0	0	0.000	0.000	0	0	0	0	0.000	0	0	0	0.000	0	0	0	0	0	0	0	0	0	0	0	0	0	0	0	0	0
285	285	1549	1716.373	1940.704	0.853	54	641	667	148	13	54	641	667	148	13	110.602	218.927	2164	293	148	135	128	127	125	124	122	119	116	102.684	151.276	183	173	169	165	160	154	148	140	133	126	105	1	140	1726.143	1952.896	0	0	0	941	1046.950	0	0	161	154.629	0	0	0	0	0	0	0	0	0	0	0	0	0	0	0	0	0
286	286	3387	1356.642	1979.185	0.788	9	240	2566	498	13	9	240	2566	498	13	112.875	612.937	3556	1591	595	389	357	333	311	285	260	228	137	106.902	3353.058	5493	4698	4295	4031	3771	3487	3136	2746	2276	1835	523	0	0	0.000	0.000	0	0	0	0	0.000	0	0	0	0.000	0	0	0	0	0	0	0	0	0	0	0	0	0	0	0	0	0
287	287	411	1532.220	1955.227	0.932	38	102	129	115	20	38	102	129	115	20	119.898	273.669	295	286	280	277	275	273	271	269	267	264	254	104.603	244.562	344	309	290	272	258	245	232	219	202	177	141	0	0	0.000	0.000	0	0	0	0	0.000	0	0	0	0.000	0	0	0	0	0	0	0	0	0	0	0	0	0	0	0	0	0
288	288	2228	1457.749	1980.072	0.907	122	819	1101	136	10	122	819	1101	136	10	122.577	336.940	836	504	374	325	308	297	285	272	259	252	221	107.799	567.758	893	785	730	677	619	563	518	467	412	354	220	0	0	0.000	0.000	0	0	0	0	0.000	0	0	0	0.000	0	0	0	0	0	0	0	0	0	0	0	0	0	0	0	0	0
289	289	1290	1507.064	1975.984	0.893	119	471	509	138	19	119	471	509	138	19	122.741	315.517	358	331	326	322	318	315	311	307	305	301	292	106.230	463.302	739	612	567	530	497	472	439	393	343	295	230	0	0	0.000	0.000	0	0	0	0	0.000	0	0	0	0.000	0	0	0	0	0	0	0	0	0	0	0	0	0	0	0	0	0
290	290	1791	330.534	1991.709	0.858	94	739	759	139	30	94	739	759	139	30	105.954	171.041	955	183	160	155	152	148	145	142	138	133	122	101.088	199.109	261	241	229	219	209	198	189	179	167	159	142	1	92	319.024	1996.010	0	0	0	479	517.663	0	0	241	236.065	0	0	0	0	0	0	0	0	0	0	0	0	0	0	0	0	0
291	291	1750	384.800	2020.984	0.847	60	451	1097	100	17	60	451	1097	100	17	105.939	153.130	181	169	165	162	159	156	152	145	139	133	122	101.235	212.582	279	255	246	236	227	218	210	196	175	156	139	0	0	0.000	0.000	0	0	0	0	0.000	0	0	0	0.000	0	0	0	0	0	0	0	0	0	0	0	0	0	0	0	0	0
292	292	1529	766.054	2023.447	0.904	84	950	400	65	7	84	950	400	65	7	107.681	115.534	125	121	118	117	115	115	114	114	113	112	108	101.153	581.945	974	802	717	659	606	552	509	476	443	404	297	0	0	0.000	0.000	0	0	0	0	0.000	0	0	0	0.000	0	0	0	0	0	0	0	0	0	0	0	0	0	0	0	0	0
